versja nr 3;wspolczynnik mutacji 3.000000;wielkosc populacji 75
163	100156	487	325	200613	487	485	300100	487	500	309386	487	647	400499	487	808	500593	487	969	600292	487	1000	619407	487	1131	700465	487	1288	800324	487	1449	900488	487	1500	932132	487	1610	1000321	487	1771	1100294	487	1931	1200278	487	2000	1243462	487	2092	1300437	487	2253	1400446	487	2414	1500162	487	2500	1553537	487	2575	1600092	487	2736	1700106	487	2897	1800054	487	3000	1864073	487	3058	1900487	487	3219	2000136	487	3380	2100072	487	3500	2174219	487	3542	2200100	487	3703	2300059	487	3864	2400044	487	4000	2484311	487	4026	2500405	487	
162	100216	515	324	200530	515	486	300529	515	500	309215	515	648	400550	515	810	500586	515	970	600153	515	1000	618694	515	1132	700193	515	1294	800120	515	1456	900497	515	1500	927607	515	1618	1000357	515	1780	1100345	515	1942	1200437	515	2000	1236270	515	2104	1300449	515	2266	1400257	515	2426	1500304	515	2500	1546250	515	2587	1600097	515	2750	1700418	515	2911	1800418	515	3000	1855504	515	3073	1900501	515	3234	2000354	515	3396	2100434	515	3500	2164532	515	3558	2200244	515	3720	2300414	515	3882	2400606	515	4000	2473442	515	4044	2500601	515	
165	100157	614	329	200607	614	492	300332	614	500	305226	614	655	400150	614	819	500406	614	982	600032	614	1000	611037	614	1145	700082	614	1309	800376	614	1472	900110	614	1500	917155	614	1636	1000331	614	1799	1100477	614	1961	1200201	614	2000	1223942	614	2125	1300586	614	2288	1400074	614	2452	1500355	614	2500	1529808	614	2615	1600060	614	2779	1700366	614	2941	1800319	614	3000	1836422	614	3105	1900448	614	3267	2000456	614	3429	2100505	614	3500	2144439	614	3588	2200315	614	3750	2300070	614	3914	2400379	614	4000	2452873	614	4078	2500519	614	
164	100248	589	326	200337	589	487	300089	589	500	308141	589	649	400206	589	811	500211	589	973	600541	589	1000	617167	589	1135	700208	589	1297	800108	589	1459	900244	589	1500	925563	589	1621	1000332	589	1783	1100466	589	1945	1200527	589	2000	1234934	589	2105	1300573	589	2263	1400339	589	2425	1500205	589	2500	1546499	589	2586	1600052	589	2748	1700078	589	2910	1800409	589	3000	1856221	589	3072	1900522	589	3234	2000453	589	3396	2100156	589	3500	2164347	589	3558	2200317	589	3719	2300106	589	3881	2400214	589	4000	2473739	589	4043	2500239	589	
163	100438	635	324	200342	635	484	300284	635	500	310267	635	645	400370	635	806	500449	635	962	600431	635	1000	624571	635	1121	700582	635	1281	800087	635	1442	900048	635	1500	936262	635	1603	1000198	635	1764	1100065	635	1926	1200628	635	2000	1246633	635	2086	1300072	635	2246	1400494	635	2402	1500057	635	2500	1561867	635	2561	1600462	635	2721	1700523	635	2882	1800258	635	3000	1873532	635	3043	1900171	635	3203	2000291	635	3364	2100316	635	3500	2185021	635	3524	2200165	635	3685	2300396	635	3844	2400038	635	4000	2497092	635	4005	2500231	635	
162	100372	710	323	200360	710	484	300575	710	500	310535	710	644	400182	710	804	500412	710	964	600281	710	1000	622667	710	1125	700455	710	1285	800037	710	1446	900583	710	1500	934417	710	1606	1000528	710	1766	1100040	710	1927	1200575	710	2000	1246429	710	2086	1300095	710	2247	1400394	710	2408	1500639	710	2500	1557890	710	2567	1600248	710	2727	1700325	710	2887	1800386	710	3000	1870894	710	3047	1900184	710	3208	2000415	710	3368	2100119	710	3500	2182025	710	3529	2200043	710	3690	2300386	710	3851	2400550	710	4000	2493357	710	4011	2500180	710	
165	100324	557	328	200090	557	491	300072	557	500	305588	557	655	400518	557	818	500423	557	981	600593	557	1000	612219	557	1144	700461	557	1308	800587	557	1471	900625	557	1500	918312	557	1634	1000245	557	1797	1100227	557	1961	1200601	557	2000	1224480	557	2124	1300481	557	2287	1400292	557	2451	1500548	557	2500	1530629	557	2614	1600280	557	2778	1700492	557	2940	1800441	557	3000	1837203	557	3101	1900073	557	3262	2000393	557	3425	2100336	557	3500	2146218	557	3588	2200114	557	3751	2300179	557	3915	2400506	557	4000	2452417	557	4078	2500078	557	
161	100487	417	318	200095	417	477	300647	417	500	315150	417	635	400549	417	793	500291	417	951	600116	417	1000	631038	417	1110	700418	417	1268	800180	417	1425	900295	417	1500	947766	417	1583	1000205	417	1730	1100273	417	1886	1200408	417	2000	1272430	417	2044	1300183	417	2203	1400354	417	2361	1500115	417	2500	1587930	417	2520	1600587	417	2679	1700590	417	2837	1800579	417	2995	1900406	417	3000	1903595	417	3153	2000162	417	3312	2100546	417	3470	2200336	417	3500	2219344	417	3628	2300062	417	3787	2400427	417	3946	2500509	417	
167	100127	631	334	200122	631	497	300096	631	500	301963	631	664	400651	631	830	500194	631	996	600086	631	1000	602548	631	1164	700566	631	1331	800509	631	1498	900478	631	1500	901695	631	1665	1000640	631	1831	1100038	631	1998	1200313	631	2000	1201521	631	2165	1300474	631	2332	1400302	631	2499	1500146	631	2500	1500768	631	2666	1600205	631	2833	1700143	631	2999	1800243	631	3000	1800861	631	3166	1900371	631	3333	2000297	631	3499	2100076	631	3500	2100695	631	3667	2200447	631	3833	2300093	631	4000	2400529	631	4000	2400559	631	4167	2500380	631	
161	100194	704	321	200505	704	480	300240	704	500	312768	704	640	400233	704	800	500257	704	960	600675	704	1000	625991	704	1119	700405	704	1279	800378	704	1439	900432	704	1500	938492	704	1599	1000452	704	1759	1100552	704	1919	1200552	704	2000	1251822	704	2077	1300070	704	2236	1400356	704	2395	1500484	704	2500	1566509	704	2553	1600041	704	2713	1700289	704	2873	1800415	704	3000	1879639	704	3033	1900343	704	3193	2000267	704	3353	2100213	704	3500	2191946	704	3513	2200054	704	3673	2300115	704	3833	2400490	704	3988	2500388	704	
173	100164	150	343	200147	150	500	293729	150	511	300277	150	680	400253	150	850	500585	150	1000	588872	150	1020	600580	150	1188	700203	150	1358	800029	150	1500	883237	150	1529	900247	150	1700	1000399	150	1870	1100048	150	2000	1176445	150	2040	1200168	150	2210	1300260	150	2380	1400096	150	2500	1470214	150	2551	1500038	150	2722	1600358	150	2887	1700092	150	3000	1766628	150	3058	1800546	150	3229	1900506	150	3399	2000138	150	3500	2059636	150	3570	2100550	150	3740	2200450	150	3910	2300172	150	4000	2352812	150	4081	2400329	150	4252	2500479	150	
164	100113	158	326	200162	158	488	300272	158	500	307668	158	650	400261	158	813	500570	158	975	600192	158	1000	615594	158	1137	700153	158	1299	800458	158	1456	900368	158	1500	927882	158	1618	1000513	158	1779	1100066	158	1941	1200063	158	2000	1236344	158	2103	1300260	158	2265	1400094	158	2428	1500408	158	2500	1544856	158	2590	1600422	158	2752	1700128	158	2914	1800306	158	3000	1853470	158	3076	1900281	158	3238	2000322	158	3400	2100291	158	3500	2161983	158	3562	2200237	158	3724	2300254	158	3886	2400460	158	4000	2470889	158	4048	2500513	158	
160	100125	167	321	200312	167	483	300535	167	500	311049	167	644	400572	167	805	500503	167	965	600166	167	1000	621810	167	1126	700264	167	1287	800173	167	1449	900492	167	1500	932083	167	1610	1000171	167	1772	1100624	167	1932	1200034	167	2000	1242200	167	2094	1300491	167	2255	1400384	167	2417	1500631	167	2500	1552050	167	2578	1600331	167	2739	1700038	167	2901	1800325	167	3000	1862036	167	3061	1900249	167	3220	2000139	167	3380	2100069	167	3500	2174455	167	3542	2200585	167	3703	2300602	167	3864	2400356	167	4000	2484554	167	4025	2500072	167	
168	100333	185	336	200548	185	500	298311	185	503	300116	185	672	400504	185	839	500553	185	1000	597231	185	1005	600263	185	1172	700105	185	1340	800379	185	1500	895710	185	1508	900512	185	1675	1000209	185	1843	1100448	185	2000	1194062	185	2010	1200041	185	2174	1300111	185	2342	1400439	185	2500	1494706	185	2509	1500153	185	2676	1600386	185	2841	1700031	185	3000	1794638	185	3009	1800062	185	3177	1900296	185	3344	2000159	185	3500	2093149	185	3512	2100281	185	3677	2200253	185	3843	2300318	185	4000	2393642	185	4011	2400191	185	4179	2500216	185	
164	100129	243	326	200171	243	488	300128	243	500	307517	243	650	400339	243	812	500360	243	974	600453	243	1000	616579	243	1135	700191	243	1297	800065	243	1459	900189	243	1500	925471	243	1621	1000079	243	1783	1100459	243	1945	1200546	243	2000	1234460	243	2106	1300508	243	2263	1400413	243	2424	1500604	243	2500	1547897	243	2585	1600389	243	2747	1700372	243	2909	1800284	243	3000	1856770	243	3070	1900139	243	3232	2000339	243	3394	2100274	243	3500	2165908	243	3556	2200559	243	3717	2300359	243	3879	2400186	243	4000	2474720	243	4041	2500196	243	
169	100320	204	336	200456	204	500	299654	204	501	300291	204	667	400161	204	833	500337	204	996	600521	204	1000	602926	204	1161	700305	204	1327	800600	204	1493	900548	204	1500	904782	204	1659	1000231	204	1826	1100321	204	1992	1200091	204	2000	1204863	204	2159	1300088	204	2326	1400396	204	2492	1500141	204	2500	1504966	204	2658	1600468	204	2824	1700281	204	2990	1800321	204	3000	1806308	204	3157	1900588	204	3323	2000396	204	3489	2100127	204	3500	2106788	204	3655	2200213	204	3820	2300029	204	3987	2400623	204	4000	2408510	204	4152	2500101	204	
168	100459	435	335	200614	435	500	299734	435	501	300367	435	668	400385	435	834	500434	435	1000	599974	435	1001	600598	435	1168	700556	435	1335	800613	435	1500	899387	435	1502	900622	435	1668	1000588	435	1834	1100042	435	2000	1199756	435	2001	1200385	435	2168	1300476	435	2334	1400340	435	2500	1499844	435	2501	1500467	435	2667	1600059	435	2834	1700508	435	3000	1800042	435	3000	1800072	435	3168	1900484	435	3335	2000532	435	3500	2099768	435	3501	2100395	435	3668	2200229	435	3834	2300039	435	4000	2400137	435	4000	2400168	435	4167	2500352	435	
162	100156	221	324	200035	221	486	300295	221	500	308897	221	648	400586	221	810	500606	221	971	600257	221	1000	618278	221	1132	700228	221	1293	800215	221	1454	900186	221	1500	928715	221	1615	1000216	221	1777	1100345	221	1938	1200041	221	2000	1238341	221	2100	1300097	221	2262	1400319	221	2423	1500041	221	2500	1547607	221	2585	1600460	221	2746	1700246	221	2906	1800106	221	3000	1858238	221	3068	1900369	221	3225	2000548	221	3386	2100286	221	3500	2170701	221	3548	2200395	221	3710	2300515	221	3871	2400112	221	4000	2479740	221	4033	2500397	221	
169	100559	191	335	200561	191	500	300418	191	500	300451	191	665	400328	191	831	500544	191	997	600315	191	1000	602139	191	1163	700232	191	1329	800478	191	1495	900534	191	1500	903573	191	1661	1000468	191	1827	1100284	191	1989	1200487	191	2000	1207157	191	2155	1300617	191	2321	1400359	191	2487	1500091	191	2500	1507915	191	2652	1600265	191	2818	1700386	191	2984	1800487	191	3000	1810116	191	3150	1900293	191	3316	2000441	191	3482	2100483	191	3500	2111350	191	3648	2200490	191	3814	2300653	191	3980	2400647	191	4000	2413040	191	4145	2500313	191	
164	100399	199	326	200550	199	488	300530	199	500	308291	199	645	400433	199	807	500353	199	968	600026	199	1000	619799	199	1130	700129	199	1292	800402	199	1454	900584	199	1500	929038	199	1616	1000622	199	1777	1100161	199	1939	1200239	199	2000	1237915	199	2101	1300382	199	2263	1400522	199	2425	1500482	199	2500	1546848	199	2586	1600116	199	2748	1700503	199	2909	1800064	199	3000	1856258	199	3071	1900422	199	3233	2000446	199	3395	2100317	199	3500	2164883	199	3558	2200628	199	3719	2300152	199	3880	2400395	199	4000	2474555	199	4042	2500614	199	
54	100758	4180	107	200826	4180	160	300832	4180	213	401432	4180	265	500159	4180	318	600406	4180	371	700537	4180	424	800666	4180	477	901360	4180	500	944828	4180	530	1001559	4180	583	1101638	4180	636	1201166	4180	689	1300936	4180	742	1400898	4180	795	1501033	4180	848	1601039	4180	901	1701678	4180	954	1801524	4180	1000	1888305	4180	1007	1901612	4180	1060	2001804	4180	1112	2100274	4180	1165	2200386	4180	1218	2300771	4180	1271	2400716	4180	1323	2501556	4180	
54	100938	4061	107	201701	4061	159	300716	4061	212	401315	4061	264	500245	4061	317	601065	4061	369	700114	4061	422	800758	4061	475	901261	4061	500	948954	4061	527	1000584	4061	580	1101167	4061	632	1200142	4061	685	1301407	4061	737	1400552	4061	790	1501483	4061	842	1601665	4061	893	1700677	4061	946	1801780	4061	998	1900804	4061	1000	1904706	4061	1051	2001709	4061	1103	2100689	4061	1156	2201096	4061	1209	2301876	4061	1261	2401864	4061	1313	2500798	4061	
54	101695	4481	106	200480	4481	159	301154	4481	212	401467	4481	265	501747	4481	317	600148	4481	370	700450	4481	422	801037	4481	475	901645	4481	500	948928	4481	528	1001905	4481	581	1101737	4481	634	1201736	4481	687	1301974	4481	739	1400307	4481	792	1500786	4481	845	1601496	4481	898	1701785	4481	951	1801866	4481	1000	1894611	4481	1003	1900474	4481	1056	2000853	4481	1109	2101388	4481	1162	2201798	4481	1214	2300336	4481	1267	2400884	4481	1320	2501721	4481	
54	101291	3558	106	200459	3558	159	301751	3558	211	401043	3558	263	500322	3558	314	600921	3558	366	700243	3558	419	801439	3558	471	900647	3558	500	956059	3558	524	1001980	3558	576	1100990	3558	629	1201758	3558	681	1301253	3558	733	1400128	3558	786	1500770	3558	839	1601867	3558	891	1701381	3558	943	1800647	3558	996	1901863	3558	1000	1909648	3558	1048	2001570	3558	1100	2101129	3558	1152	2200130	3558	1205	2301101	3558	1257	2400156	3558	1310	2501023	3558	
53	100579	3516	105	200750	3516	157	300905	3516	209	400758	3516	261	500710	3516	313	600390	3516	365	701640	3516	417	801958	3516	469	902020	3516	500	961980	3516	520	1000652	3516	572	1100976	3516	624	1200962	3516	676	1300729	3516	728	1400516	3516	779	1500288	3516	831	1601144	3516	883	1701015	3516	935	1800662	3516	987	1900177	3516	1000	1925201	3516	1039	2000189	3516	1090	2101179	3516	1142	2200962	3516	1194	2301362	3516	1246	2401310	3516	1298	2501388	3516	
53	100616	4301	105	200917	4301	158	301872	4301	210	401707	4301	262	501418	4301	314	600772	4301	366	700613	4301	418	801589	4301	470	900868	4301	500	958561	4301	522	1000720	4301	574	1100573	4301	625	1200484	4301	678	1301963	4301	730	1401228	4301	782	1500814	4301	834	1600486	4301	887	1701988	4301	939	1801613	4301	991	1900981	4301	1000	1918414	4301	1043	2000853	4301	1095	2100543	4301	1147	2200326	4301	1200	2301808	4301	1252	2401381	4301	1304	2500841	4301	
53	100494	3882	105	200284	3882	158	302066	3882	208	400486	3882	260	500271	3882	313	601777	3882	365	701685	3882	417	801308	3882	469	901345	3882	500	960768	3882	521	1001238	3882	573	1101386	3882	625	1201328	3882	677	1300787	3882	729	1400440	3882	782	1501726	3882	834	1601920	3882	886	1701475	3882	938	1801409	3882	990	1901219	3882	1000	1920372	3882	1042	2001606	3882	1094	2101448	3882	1146	2200989	3882	1198	2301309	3882	1250	2401130	3882	1302	2500205	3882	
54	101525	3581	106	201536	3581	158	301880	3581	210	401932	3581	261	500263	3581	313	600274	3581	365	700872	3581	417	801489	3581	469	901636	3581	500	961534	3581	520	1000146	3581	572	1100205	3581	624	1200491	3581	676	1300990	3581	728	1401378	3581	779	1500159	3581	831	1600580	3581	883	1701535	3581	935	1801693	3581	987	1902003	3581	1000	1926994	3581	1038	2000457	3581	1090	2100910	3581	1142	2201407	3581	1193	2300426	3581	1245	2400584	3581	1296	2500872	3581	
54	100221	3789	107	200531	3789	160	300824	3789	213	400739	3789	266	500419	3789	319	600431	3789	372	700404	3789	425	800482	3789	478	900755	3789	500	942282	3789	531	1000717	3789	584	1100886	3789	637	1200943	3789	690	1301077	3789	743	1400642	3789	796	1500819	3789	849	1601336	3789	901	1701297	3789	954	1801069	3789	1000	1887857	3789	1007	1901090	3789	1060	2000885	3789	1113	2100788	3789	1166	2200365	3789	1219	2300811	3789	1272	2401000	3789	1325	2501116	3789	
53	100659	4267	105	200532	4267	157	300534	4267	209	400509	4267	261	500506	4267	313	600598	4267	365	700403	4267	416	801432	4267	467	900463	4267	500	964074	4267	519	1000653	4267	571	1100676	4267	623	1200954	4267	675	1300884	4267	727	1400988	4267	779	1501024	4267	831	1601296	4267	883	1701418	4267	935	1801662	4267	987	1901408	4267	1000	1926620	4267	1039	2001584	4267	1091	2101172	4267	1143	2200932	4267	1195	2301359	4267	1247	2401663	4267	1298	2500213	4267	
53	100428	4983	108	201307	1915	161	301257	1612	213	400157	1612	266	500457	1612	319	601519	1612	372	701652	1612	424	800311	1612	477	900657	1612	500	944120	1612	530	1001283	1612	582	1100433	1612	635	1200791	1612	688	1301529	1612	740	1400470	1612	793	1500497	1612	846	1600783	1612	899	1701785	1612	951	1800812	1612	1000	1893818	1612	1004	1901466	1612	1057	2001546	1612	1110	2101516	1612	1163	2201429	1612	1216	2301457	1612	1269	2401792	1612	1321	2500762	1612	
56	100132	1784	110	201500	1784	163	300667	1784	216	400383	1784	270	501367	1784	323	600577	1784	377	701754	1784	430	800644	1784	484	901572	1784	500	931538	1784	537	1001146	1784	590	1100335	1784	644	1200890	1784	697	1300433	1784	751	1401660	1784	804	1500538	1784	858	1601229	1784	911	1700154	1784	965	1800963	1784	1000	1866631	1784	1018	1900145	1784	1072	2001119	1784	1124	2100730	1784	1178	2201916	1784	1231	2300737	1784	1285	2401744	1784	1338	2501103	1784	
53	100561	4968	108	201846	2055	160	300399	1786	213	401480	1786	265	500774	1786	318	601336	1786	370	700415	1786	423	801146	1786	475	900334	1786	500	948168	1786	528	1001422	1786	581	1101919	1786	633	1202015	1786	685	1301980	1786	737	1400754	1786	790	1501850	1786	842	1600670	1786	895	1701276	1786	947	1800419	1786	1000	1901260	1786	1000	1901387	1786	1053	2001766	1786	1105	2100152	1786	1158	2200676	1786	1211	2301474	1786	1263	2400680	1786	1316	2501725	1786	
55	101604	4847	109	200716	3726	164	300493	1549	216	400915	1549	270	501751	1549	323	601084	1549	376	700120	1549	430	800680	1549	484	901324	1549	500	931305	1549	537	1000422	1549	591	1101837	1549	644	1200474	1549	698	1301865	1549	751	1400435	1549	805	1501253	1549	858	1600311	1549	912	1700763	1549	966	1801329	1549	1000	1864655	1549	1020	1901948	1549	1073	2001074	1549	1126	2100347	1549	1180	2201094	1549	1234	2301848	1549	1287	2400366	1549	1341	2501268	1549	
57	101559	1803	111	201198	1803	165	301332	1803	219	400822	1803	273	500232	1803	328	601441	1803	382	700947	1803	436	800781	1803	490	900162	1803	500	918582	1803	545	1001528	1803	599	1101316	1803	653	1200862	1803	708	1301846	1803	762	1401419	1803	816	1500787	1803	870	1600804	1803	925	1701838	1803	979	1801304	1803	1000	1840083	1803	1033	1900918	1803	1087	2000194	1803	1142	2101138	1803	1196	2200590	1803	1251	2301814	1803	1305	2400717	1803	1359	2501855	1803	
55	100380	1799	108	200798	1799	161	301505	1799	214	401985	1799	266	500715	1799	319	601529	1799	371	700477	1799	424	801071	1799	477	901947	1799	500	945519	1799	529	1000911	1799	582	1101781	1799	634	1200475	1799	687	1301384	1799	740	1401723	1799	792	1500419	1799	845	1601065	1799	896	1700452	1799	949	1801228	1799	1000	1898356	1799	1001	1900390	1799	1054	2001023	1799	1107	2101643	1799	1159	2200849	1799	1212	2301681	1799	1265	2401913	1799	1317	2501105	1799	
57	101903	4996	112	200948	4996	167	301014	4996	223	401395	4996	278	500305	4714	335	601020	3230	391	700857	2159	446	801832	2159	500	899678	2159	501	901599	2159	556	1000900	2159	612	1101686	2159	667	1200541	2159	723	1300976	2159	779	1401602	2159	834	1500840	2159	890	1601807	2159	945	1701151	2159	1000	1800094	2159	1000	1800202	2159	1056	1901109	2159	1111	2000347	2159	1167	2101216	2159	1222	2200428	2159	1278	2301487	2159	1332	2400628	2159	1388	2501770	2159	
53	100605	4420	107	201489	3269	160	301891	2702	212	400680	1550	265	501711	1550	317	600915	1550	369	700271	1550	422	801405	1550	474	900626	1550	500	950273	1550	527	1001828	1550	579	1100855	1550	632	1201378	1550	684	1300342	1550	736	1401418	1550	788	1500521	1550	841	1601233	1550	894	1702011	1550	946	1801283	1550	998	1900128	1550	1000	1904012	1550	1051	2001172	1550	1103	2100760	1550	1156	2201857	1550	1208	2301354	1550	1260	2400193	1550	1312	2501932	1550	
55	101000	1542	107	200264	1542	160	301709	1542	212	401628	1542	264	501094	1542	317	601972	1542	369	701498	1542	421	800923	1542	474	902028	1542	500	951603	1542	526	1001084	1542	578	1100857	1542	631	1201800	1542	683	1300999	1542	735	1400634	1542	788	1501904	1542	840	1601113	1542	892	1700419	1542	945	1801495	1542	997	1900841	1542	1000	1906651	1542	1050	2001628	1542	1101	2101507	1542	1153	2200830	1542	1205	2300364	1542	1258	2401402	1542	1310	2500784	1542	
57	101088	1830	111	200255	1830	166	301365	1830	220	400887	1830	274	501540	1830	328	601689	1830	382	701738	1830	436	801576	1830	490	901412	1830	500	919904	1830	544	1000919	1830	599	1101743	1830	652	1200431	1830	706	1301141	1830	760	1400623	1830	814	1500510	1830	869	1601899	1830	923	1701337	1830	977	1801354	1830	1000	1843583	1830	1031	1900731	1830	1085	2000269	1830	1140	2101742	1830	1194	2201297	1830	1248	2300903	1830	1302	2400672	1830	1356	2500141	1830	
12	105979	25314	23	205542	25314	34	302794	25314	46	408504	25314	57	505532	25314	68	602426	25314	80	708411	25314	91	805343	25314	102	902562	25314	114	1008329	25314	125	1105291	25314	136	1201926	25314	148	1307547	25314	159	1404134	25314	170	1500969	25314	182	1606651	25314	193	1703350	25314	205	1808943	25314	216	1905862	25314	227	2003610	25314	239	2109298	25314	250	2206101	25314	261	2302880	23943	273	2407603	23943	284	2504713	23943	
12	105695	25248	23	202245	25248	35	307718	25248	46	404392	25248	57	501140	25248	69	606708	25248	80	703403	25248	92	808779	25248	103	905625	25248	114	1002177	25248	126	1107264	25248	137	1204056	25248	148	1300855	25248	160	1406361	25248	171	1502011	23841	183	1607629	23841	194	1704426	23841	205	1801260	23841	217	1906690	23841	228	2003426	23841	239	2103031	23841	251	2208798	23841	262	2305612	23841	273	2402187	23841	285	2507915	23841	
12	105729	24614	23	202289	24614	35	307886	24614	46	405148	24614	57	502268	24614	69	607691	24614	80	704441	24614	91	801022	24614	103	906346	24614	114	1006155	24614	125	1104241	24614	136	1200889	24614	148	1306411	24614	159	1403193	24614	171	1508871	24614	182	1605784	24614	193	1702514	24614	205	1807546	24614	216	1904245	24614	227	2000825	24614	239	2106156	24614	250	2202711	24614	262	2308265	24614	273	2405052	24614	284	2502330	24614	
12	105127	25212	23	201268	25212	35	306187	25212	46	402332	25212	58	507098	25212	69	602944	25212	81	707648	25212	92	803775	25212	104	908542	25212	115	1004548	25212	126	1101001	25212	138	1205870	25212	149	1302541	25212	161	1407678	25212	172	1504307	25212	184	1609225	25212	195	1705213	25212	206	1801496	25212	218	1906221	25212	229	2002401	25212	241	2107148	25212	252	2203261	25212	264	2308321	25212	275	2404469	25212	286	2500788	25212	
12	106214	25681	23	203218	25681	35	308614	24287	46	405481	24287	57	502742	24287	69	608747	24287	80	705738	24287	91	803044	24287	103	909078	24287	114	1006254	24287	125	1103044	24287	137	1208839	24287	148	1306183	24287	159	1403314	24287	171	1508998	24287	182	1606197	24287	193	1703346	24287	205	1808988	24287	216	1908361	24287	227	2005749	24287	238	2102717	24287	250	2208596	24287	261	2305562	24287	272	2402709	24287	284	2508635	24287	
12	105789	25250	23	202393	25250	35	307899	25250	46	404710	25250	57	501557	25250	69	606410	23845	80	703290	23845	91	801828	22466	103	906998	22466	114	1003376	22466	126	1108039	22466	137	1204476	22466	148	1300685	22466	160	1405603	22466	171	1501743	22466	183	1606538	22466	194	1703065	22466	206	1807744	22466	217	1904045	22466	229	2008837	22466	240	2104788	22466	251	2201242	22466	263	2306153	22466	274	2402890	22466	286	2508007	22466	
12	104860	25643	23	200822	25643	35	305968	25643	46	402150	25643	58	506699	25643	69	602658	25643	81	707179	25643	92	803194	25643	104	907895	25643	115	1003749	25643	127	1108458	25643	138	1204515	25643	150	1309268	25643	161	1405769	25643	172	1501470	25643	184	1606342	25643	195	1702601	25643	207	1807244	25643	218	1903218	25643	230	2007923	25643	241	2104443	25643	253	2209094	25643	264	2305300	25643	275	2401325	25643	287	2505647	25643	
12	104873	25425	23	201221	25425	35	305547	25425	46	401275	25425	58	505618	25425	69	601262	25425	81	705625	25425	92	801414	25425	104	905789	25425	115	1001465	25425	127	1105961	25425	138	1201607	25425	150	1306135	25425	161	1401963	25425	173	1506459	25425	184	1602287	25425	196	1709185	25425	207	1805014	25425	218	1900872	25425	230	2005543	25425	241	2101334	25425	253	2205670	25425	264	2301249	25425	276	2406124	25425	287	2502004	25425	
12	105695	25531	23	202635	25531	35	308344	25531	46	405525	25531	57	502511	25531	68	601464	25531	80	708545	25531	91	806019	25531	102	903590	25531	114	1009286	25531	125	1106510	25531	136	1203156	24097	148	1308337	24097	159	1405751	24097	170	1503438	24097	181	1600643	24097	193	1706556	24097	204	1803657	24097	215	1900806	24097	227	2006663	24097	238	2103941	24097	249	2201857	24097	261	2308107	24097	272	2405437	24097	283	2502387	24097	
12	105923	26332	23	202586	26332	35	308299	26332	46	405157	26332	57	501787	26332	69	607335	26332	80	704202	26332	91	801147	26332	103	906750	26332	114	1003317	26332	126	1109104	26332	137	1205948	26332	148	1302696	26332	160	1408351	26332	171	1505612	26332	182	1602671	26332	194	1708062	26332	205	1804884	26332	216	1901399	26332	228	2006664	26332	239	2103318	26332	251	2208888	26332	262	2305720	26332	273	2402908	26332	285	2509905	26332	
12	103783	25565	24	207399	25565	35	302387	25565	47	405872	25565	59	509131	25565	70	603981	25565	82	707607	25565	93	802536	25565	105	906103	25565	116	1000877	25565	128	1104511	25565	140	1207706	25565	151	1302845	25565	163	1406431	25565	174	1503894	25565	186	1607319	25565	197	1702347	25565	209	1806199	25565	220	1902194	25565	232	2005842	25565	243	2100773	25565	255	2204836	25565	267	2308396	25565	278	2403204	25565	290	2506723	25565	
12	101310	25100	24	202739	25100	36	304069	25100	48	407651	25100	59	501545	25100	71	602737	25100	83	703818	25100	95	805052	25100	107	906198	25100	119	1007761	25100	131	1108734	25100	142	1201351	25100	154	1302337	25100	166	1403364	25100	178	1504621	25100	190	1605540	25100	202	1706680	25100	214	1807895	25100	225	1900709	25100	237	2001932	25100	249	2103098	25100	261	2204374	25100	273	2305402	25100	285	2406398	25100	297	2507756	25100	
12	104181	25298	24	208207	25298	35	303894	25298	47	407973	25298	58	503422	25298	70	607766	25298	81	703746	25298	93	807749	25298	104	903438	25298	116	1007681	25298	127	1103461	25298	139	1207346	25298	150	1302807	25298	162	1407234	25298	173	1502686	25298	185	1606749	25298	196	1702522	25298	208	1806832	25298	219	1902274	25298	231	2006134	25298	242	2101374	25298	254	2205330	25298	265	2303006	25298	277	2408027	25298	288	2503585	25298	
12	103619	25129	24	206947	25129	35	301929	25129	47	405867	25129	59	509107	25129	70	604216	25129	82	707259	25129	93	801894	25129	105	905261	25129	117	1008103	25129	128	1102652	25129	140	1205994	25129	151	1303114	25129	163	1406486	25129	174	1501114	25129	186	1604431	25129	198	1707789	25129	209	1802685	25129	221	1906063	25129	232	2001061	25129	244	2104367	25129	256	2207570	25129	267	2302075	25129	279	2405313	25129	291	2508670	25129	
12	102632	25094	24	207897	25094	35	302639	25094	47	405247	25094	59	508553	25094	70	602468	25094	82	704765	25094	94	807280	25094	105	901634	25094	117	1004017	25094	129	1106862	25094	141	1209003	25094	152	1302972	25094	164	1405434	25094	176	1507960	25094	187	1601875	25094	199	1704171	25094	211	1806826	25094	222	1900662	25094	234	2003132	25094	246	2105478	25094	258	2207763	25094	269	2301787	25094	281	2404014	25094	293	2506770	25094	
12	102633	25616	24	205196	25616	36	307598	25616	47	401355	25616	59	503784	25616	71	606103	25616	83	708429	25616	94	803053	25616	106	905437	25616	118	1007839	25616	129	1101968	25616	141	1204786	25616	153	1307259	25616	164	1401030	25616	176	1503610	25616	188	1606042	25616	200	1708440	25616	211	1802409	25616	223	1905511	25616	235	2008060	25616	246	2109266	25616	257	2203851	25616	269	2306376	25616	281	2408657	25616	292	2502743	25616	
12	104602	25347	24	208650	25347	35	304486	25347	47	408610	25347	58	503808	25347	70	608312	25347	81	704238	25347	93	808429	25347	104	904134	25347	115	1001536	25347	127	1106573	25347	138	1202118	25347	150	1306097	25347	161	1401733	25347	173	1505792	25347	184	1601300	25347	196	1705581	25347	207	1801003	25347	219	1904986	25347	231	2009138	25347	242	2104499	25347	254	2208752	25347	265	2304097	25347	277	2408049	25347	288	2503443	25347	
12	103427	25118	24	206472	25118	35	301200	25118	47	404353	25118	59	507473	25118	70	602019	25118	82	705112	25118	94	808915	25118	105	903664	25118	117	1007048	25118	128	1101654	25118	140	1204695	25118	152	1307872	25118	163	1402199	25118	175	1505352	25118	187	1609054	25118	198	1703640	25118	210	1806796	25118	221	1901193	25118	233	2004228	25118	245	2107170	25118	256	2201861	25118	268	2305531	25118	280	2408771	25118	291	2503164	25118	
12	102296	25350	24	204486	25350	36	306474	25350	48	408056	25350	59	501451	25350	71	603172	25350	83	705086	25350	95	807092	25350	106	900735	25350	118	1002608	25350	130	1104601	25350	142	1206515	25350	154	1308340	25350	165	1401435	25350	177	1503557	25350	189	1605337	25350	201	1707462	25350	212	1800647	25350	224	1904666	25350	236	2008067	25350	247	2101597	25350	259	2203447	25350	271	2305144	25350	283	2406811	25350	295	2509012	25350	
12	102800	25265	24	205409	25265	36	308010	25265	47	401852	25265	59	504591	25265	71	606865	25265	82	700979	25265	93	800973	25265	105	906314	25265	117	1008829	25265	128	1103124	25265	140	1205891	25265	152	1308185	25265	163	1402140	25265	175	1504856	25265	187	1607451	25265	198	1701433	25265	210	1803951	25265	222	1906716	25265	233	2001075	25265	245	2103652	25265	257	2206158	25265	269	2308715	25265	280	2402937	25265	292	2505652	25265	
177	100373	78	354	200539	78	500	283177	78	530	300146	78	707	400260	78	884	500508	78	1000	566642	78	1059	600164	78	1236	700291	78	1412	800136	78	1500	850110	78	1589	900511	78	1765	1000205	78	1942	1100183	78	2000	1132954	78	2119	1200434	78	2296	1300445	78	2472	1400116	78	2500	1415908	78	2649	1500466	78	2825	1600064	78	3000	1699296	78	3002	1700476	78	3179	1800317	78	3354	1900066	78	3500	1982635	78	3531	2000131	78	3708	2100087	78	3886	2200530	78	4000	2264952	78	4062	2300204	78	4239	2400251	78	4414	2500441	78	
173	100223	93	345	200136	93	500	290250	93	517	300242	93	689	400230	93	860	500313	62	1000	582272	62	1031	600505	62	1202	700161	62	1375	800327	62	1500	873779	62	1545	900244	62	1716	1000423	62	1888	1100339	62	2000	1165563	62	2059	1200049	62	2232	1300320	62	2405	1400228	62	2500	1455144	62	2578	1500139	62	2751	1600073	62	2923	1700224	62	3000	1744938	62	3096	1800490	62	3269	1900307	62	3442	2000287	62	3500	2033888	62	3615	2100387	62	3784	2200559	62	3955	2300363	62	4000	2326567	62	4127	2400256	62	4300	2500430	62	
176	100140	86	353	200382	86	500	284215	86	528	300090	86	705	400144	86	882	500116	86	1000	566937	86	1058	600119	86	1235	700249	86	1412	800299	86	1500	850167	86	1588	900089	86	1765	1000394	86	1942	1100487	86	2000	1133385	86	2118	1200201	86	2295	1300457	86	2465	1400042	86	2500	1420095	86	2641	1500244	86	2818	1600523	86	2995	1700450	86	3000	1703313	86	3171	1800472	86	3348	1900540	86	3500	1986451	86	3524	2000034	86	3701	2100411	86	3878	2200373	86	4000	2269095	86	4055	2300537	86	4232	2400492	86	4408	2500344	86	
177	100443	88	354	200037	88	500	282548	88	531	300192	88	708	400215	88	886	500574	88	1000	566730	88	1059	600466	88	1236	700583	88	1412	800338	88	1500	849822	88	1590	900589	88	1767	1000300	88	1944	1100107	88	2000	1131534	88	2122	1200369	88	2299	1300114	88	2477	1400520	88	2500	1413542	88	2654	1500386	88	2831	1600057	88	3000	1695801	88	3008	1700349	88	3185	1800441	88	3362	1900210	88	3500	1977873	88	3540	2000380	88	3717	2100514	88	3894	2200042	88	4000	2259817	88	4072	2300572	88	4249	2400501	88	4426	2500301	88	
167	100296	87	333	200078	87	499	300067	87	500	300682	87	665	400225	87	830	500065	87	995	600032	87	1000	603070	87	1161	700117	87	1328	800334	87	1494	900162	87	1500	903800	87	1661	1000493	87	1828	1100553	87	1993	1200363	87	2000	1204565	87	2159	1300054	87	2326	1400485	87	2492	1500333	87	2500	1505159	87	2658	1600086	87	2824	1700058	87	2990	1800349	87	3000	1806329	87	3156	1900089	87	3323	2000433	87	3489	2100313	87	3500	2106990	87	3655	2200206	87	3822	2300482	87	3988	2400465	87	4000	2407719	87	4154	2500231	87	
187	100044	88	375	200459	88	500	266494	88	564	300276	88	754	400520	88	943	500031	88	1000	530003	88	1133	600216	88	1322	700204	88	1500	795474	88	1509	800346	88	1696	900342	88	1884	1000033	88	2000	1061036	88	2074	1100027	88	2264	1200202	88	2454	1300458	88	2500	1324692	88	2644	1400408	88	2833	1500185	88	3000	1587994	88	3023	1600536	88	3212	1700263	88	3402	1800431	88	3500	1852003	88	3591	1900251	88	3776	2000306	88	3966	2100397	88	4000	2118453	88	4155	2200056	88	4345	2300395	88	4500	2382583	88	4534	2400519	88	4724	2500547	88	
167	100367	86	334	200080	86	500	299140	86	502	300367	86	669	400579	86	835	500114	86	1000	598569	86	1003	600402	86	1170	700282	86	1336	800422	86	1500	899325	86	1502	900548	86	1669	1000156	86	1833	1100274	86	1998	1200347	86	2000	1201558	86	2165	1300274	86	2333	1400536	86	2500	1500002	86	2500	1500034	86	2668	1600310	86	2835	1700455	86	3000	1799324	86	3002	1800547	86	3169	1900320	86	3336	2000186	86	3500	2098503	86	3503	2100311	86	3671	2200469	86	3837	2300180	86	4000	2397425	86	4005	2400439	86	4172	2500287	86	
184	100527	57	366	200158	57	500	273406	57	545	300155	57	727	400473	57	910	500397	57	1000	549342	57	1093	600192	57	1275	700241	57	1458	800205	57	1500	823082	57	1642	900504	57	1825	1000417	57	2000	1095821	57	2008	1100232	57	2190	1200250	57	2373	1300106	57	2500	1369656	57	2556	1400321	57	2739	1500250	57	2922	1600400	57	3000	1643244	57	3104	1700070	57	3287	1800036	57	3470	1900133	57	3500	1916567	57	3653	2000296	57	3836	2100192	57	4000	2189725	57	4019	2200158	57	4202	2300521	57	4384	2400477	57	4500	2463814	57	4567	2500297	57	
172	100575	88	342	200085	88	500	292565	88	513	300186	88	684	400473	88	855	500502	88	1000	585158	88	1026	600376	88	1197	700165	88	1369	800507	88	1500	876969	88	1540	900412	88	1711	1000441	88	1882	1100522	88	2000	1169592	88	2052	1200029	88	2223	1300103	88	2395	1400422	88	2500	1461508	88	2567	1500557	88	2737	1600541	88	2907	1700047	88	3000	1754568	88	3078	1800111	88	3248	1900048	88	3420	2000582	88	3500	2047316	88	3590	2100046	88	3761	2200062	88	3932	2300213	88	4000	2340090	88	4103	2400234	88	4271	2500538	88	
172	100541	94	343	200087	94	500	291641	94	515	300389	94	686	400306	94	857	500170	94	1000	583653	94	1029	600518	94	1200	700266	94	1372	800245	94	1500	874660	94	1544	900493	94	1715	1000268	94	1887	1100344	94	2000	1166132	94	2059	1200603	94	2230	1300467	94	2401	1400562	94	2500	1458929	94	2570	1500302	94	2741	1600551	94	2908	1700454	94	3000	1754368	94	3079	1800345	94	3251	1900491	94	3422	2000084	94	3500	2045572	94	3594	2100367	94	3766	2200594	94	3937	2300365	94	4000	2337210	94	4108	2400076	94	4279	2500027	94	
205	100475	84	408	200131	84	500	245096	84	612	300338	84	815	400067	84	1000	491045	84	1019	500402	84	1223	600464	84	1427	700481	84	1500	736167	84	1631	800181	84	1830	900187	84	2000	983979	84	2033	1000068	84	2238	1100361	84	2442	1200235	84	2500	1228556	84	2646	1300093	84	2850	1400331	84	3000	1473870	84	3054	1500239	84	3258	1600169	84	3459	1700168	84	3500	1720232	84	3663	1800133	84	3868	1900276	84	4000	1964941	84	4072	2000221	84	4274	2100348	84	4478	2200247	84	4500	2211030	84	4683	2300376	84	4887	2400114	84	5000	2455575	84	5091	2500291	84	
176	100141	82	357	200274	82	500	278882	82	539	300307	82	721	400370	82	902	500115	82	1000	554239	82	1084	600567	82	1265	700405	82	1447	800563	82	1500	829609	82	1628	900159	82	1808	1000305	82	1989	1100418	82	2000	1106494	82	2170	1200157	82	2351	1300097	82	2500	1382413	82	2532	1400219	82	2713	1500039	82	2894	1600043	82	3000	1658304	82	3076	1700342	82	3256	1800440	82	3437	1900054	82	3500	1934604	82	3619	2000350	82	3800	2100267	82	3982	2200338	82	4000	2210206	82	4164	2300061	82	4346	2400170	82	4500	2484699	82	4528	2500143	82	
192	100114	55	384	200345	55	500	260678	55	576	300412	55	766	400350	55	956	500293	55	1000	523543	55	1147	600089	55	1340	700355	55	1500	783455	55	1532	800160	55	1724	900439	55	1912	1000032	55	2000	1046320	55	2102	1100250	55	2294	1200490	55	2484	1300085	55	2500	1308517	55	2677	1400512	55	2869	1500468	55	3000	1568536	55	3061	1600374	55	3253	1700447	55	3445	1800410	55	3500	1828963	55	3637	1900128	55	3829	2000346	55	4000	2089470	55	4021	2100417	55	4211	2200059	55	4398	2300369	55	4500	2353879	55	4588	2400229	55	4780	2500414	55	
200	100253	51	401	200513	51	500	249837	51	602	300438	51	802	400333	51	1000	498840	51	1003	500372	51	1203	600051	51	1404	700109	51	1500	747972	51	1605	800425	51	1806	900449	51	2000	997370	51	2006	1000403	51	2207	1100212	51	2408	1200124	51	2500	1245992	51	2609	1300061	51	2810	1400027	51	3000	1498927	51	3003	1500461	51	3203	1600136	51	3404	1700294	51	3500	1748094	51	3605	1800197	51	3804	1900087	51	4000	1998447	51	4004	2000450	51	4205	2100379	51	4406	2200217	51	4500	2247064	51	4607	2300102	51	4809	2400401	51	5000	2495589	51	5009	2500132	51	
178	100483	107	355	200218	107	500	281916	107	533	300564	107	709	400123	64	885	500051	64	1000	564948	64	1063	600557	64	1235	700288	64	1411	800188	64	1500	850356	64	1588	900401	64	1765	1000280	64	1942	1100113	64	2000	1132757	64	2120	1200365	64	2297	1300326	64	2474	1400092	64	2500	1414697	64	2652	1500384	64	2828	1600489	64	3000	1698584	64	3003	1700328	64	3178	1800315	64	3355	1900421	64	3500	1982250	64	3532	2000373	64	3709	2100486	64	3887	2200597	64	4000	2264409	64	4064	2300370	64	4240	2400049	64	4418	2500346	64	
197	100438	66	395	200466	66	500	253272	66	593	300099	66	792	400417	66	989	500082	66	1000	505649	66	1187	600226	66	1386	700478	66	1500	758117	66	1583	800284	66	1781	900243	66	1979	1000145	66	2000	1010734	66	2177	1100249	66	2375	1200315	66	2500	1263587	66	2573	1300331	66	2771	1400040	66	2970	1500401	66	3000	1515600	66	3168	1600283	66	3367	1700435	66	3500	1767374	66	3565	1800386	66	3763	1900187	66	3962	2000422	66	4000	2019553	66	4159	2100230	66	4357	2200395	66	4500	2272400	66	4555	2300031	66	4753	2400134	66	4951	2500108	66	
193	100506	64	385	200484	64	500	260609	64	576	300115	64	768	400067	64	959	500107	64	1000	521405	64	1151	600053	64	1344	700469	64	1500	781532	64	1536	800261	64	1728	900220	64	1920	1000184	64	2000	1041748	64	2112	1100169	64	2305	1200513	64	2497	1300408	64	2500	1302010	64	2689	1400488	64	2881	1500504	64	3000	1562698	64	3072	1600168	64	3265	1700542	64	3456	1800021	64	3500	1822809	64	3649	1900315	64	3838	2000042	64	4000	2085541	64	4028	2100174	64	4220	2200056	64	4412	2300096	64	4500	2345717	64	4605	2400429	64	4797	2500466	64	
182	100480	93	365	200233	55	500	273898	55	548	300030	55	731	400291	55	914	500053	55	1000	547253	55	1097	600318	55	1280	700251	55	1464	800564	55	1500	820257	55	1646	900217	55	1828	1000100	55	2000	1094174	55	2011	1100211	55	2191	1200069	55	2373	1300471	55	2500	1369678	55	2555	1400032	55	2739	1500356	55	2922	1600238	55	3000	1642783	55	3106	1700466	55	3288	1800357	55	3471	1900535	55	3500	1916427	55	3654	2000354	55	3837	2100555	55	4000	2189596	55	4019	2200023	55	4202	2300082	55	4385	2400135	55	4500	2463348	55	4567	2500206	55	
197	100199	90	394	200481	90	500	254591	90	590	300509	57	783	400401	57	979	500339	57	1000	510922	57	1177	600526	57	1375	700388	57	1500	763516	57	1573	800452	57	1770	900417	57	1968	1000432	57	2000	1016575	57	2166	1100149	57	2365	1200513	57	2500	1268551	57	2563	1300282	57	2761	1400361	57	2959	1500525	57	3000	1521350	57	3156	1600253	57	3353	1700230	57	3500	1774584	57	3551	1800310	57	3749	1900153	57	3947	2000038	57	4000	2026696	57	4146	2100260	57	4344	2200132	57	4500	2278625	57	4543	2300276	57	4741	2400386	57	4939	2500459	57	
177	100055	87	354	200132	87	500	282493	87	531	300070	87	708	400480	87	884	500155	87	1000	565785	87	1061	600180	87	1238	700264	87	1414	800064	87	1500	848633	87	1591	900258	87	1767	1000183	87	1943	1100030	87	2000	1132195	87	2120	1200212	87	2297	1300392	87	2473	1400341	87	2500	1415624	87	2650	1500342	87	2827	1600295	87	3000	1698164	87	3004	1700442	87	3181	1800169	87	3358	1900113	87	3500	1980095	87	3536	2000592	87	3711	2100312	87	3888	2200185	87	4000	2263482	87	4065	2300132	87	4241	2400108	87	4418	2500294	87	
65	101065	337	129	200149	337	194	300542	337	259	401136	337	323	500162	337	388	601228	337	452	700555	337	500	775138	337	517	801399	337	581	900450	337	646	1001096	337	711	1101386	337	775	1200533	337	840	1301367	337	904	1400630	337	969	1501576	337	1000	1549591	337	1033	1600872	337	1097	1700767	337	1160	1801078	337	1224	1900392	337	1289	2000959	337	1354	2101560	337	1418	2200388	337	1483	2301425	337	1500	2327984	337	1547	2400846	337	1611	2500434	337	
57	101762	351	112	200199	351	168	300237	351	224	400423	351	280	500786	351	336	600631	351	392	700492	351	448	800770	351	500	896033	351	503	901517	351	559	1001879	351	615	1101648	351	671	1201559	351	726	1300153	351	782	1400201	351	839	1501815	351	894	1600229	351	950	1700613	351	1000	1790003	351	1006	1800921	351	1062	1901104	351	1118	2001473	351	1173	2100357	351	1229	2200812	351	1285	2300965	351	1341	2401265	351	1397	2501010	351	
58	101480	339	116	201747	339	173	300390	339	231	400838	339	289	500856	339	347	601024	339	405	701294	339	463	801333	339	500	865268	339	521	901591	339	578	1000329	339	636	1100634	339	694	1201268	339	752	1301281	339	810	1401629	339	867	1500264	339	925	1600442	339	983	1700338	339	1000	1729808	339	1041	1800531	339	1099	1900718	339	1157	2001253	339	1214	2100242	339	1272	2200514	339	1330	2300922	339	1388	2401394	339	1445	2500353	339	
63	100301	325	126	201092	325	188	300804	325	250	400503	325	313	501097	325	376	601579	325	438	700993	325	500	800116	325	500	800208	325	563	901235	325	625	1000125	325	688	1100679	325	750	1200808	325	812	1300340	325	875	1400955	325	937	1500166	325	1000	1601094	325	1000	1601187	325	1062	1700166	325	1125	1800774	325	1188	1901299	325	1250	2000226	325	1313	2100683	325	1374	2200504	325	1436	2300369	325	1499	2401110	325	1500	2402813	325	1562	2501599	325	
61	100471	355	122	200901	355	183	301678	355	243	400825	355	304	500933	355	365	600930	355	426	701142	355	487	801464	355	500	822948	355	547	900249	355	608	1000814	355	669	1101280	355	730	1201060	355	791	1301318	355	852	1401630	355	912	1500387	355	972	1601586	355	1000	1647540	355	1032	1700182	355	1093	1800684	355	1154	1900889	355	1215	2001188	355	1275	2100307	355	1336	2200846	355	1396	2300166	355	1457	2400114	355	1500	2471132	355	1518	2500925	355	
58	101134	339	115	200681	339	172	300139	339	230	400812	339	287	500504	339	345	601450	339	400	700261	339	457	800590	339	500	875449	339	515	901608	339	572	1001103	339	629	1100547	339	686	1200157	339	744	1301743	339	801	1401439	339	858	1500526	339	916	1601479	339	973	1700418	339	1000	1747727	339	1030	1800201	339	1088	1901659	339	1145	2001209	339	1202	2100594	339	1260	2201404	339	1317	2300798	339	1374	2400279	339	1432	2500940	339	
63	100850	385	125	200116	385	188	300870	385	250	400251	385	313	501461	385	375	600785	385	438	701611	385	500	800449	385	500	800551	385	563	901235	385	626	1001633	385	688	1100813	385	751	1201373	385	813	1300454	385	876	1400808	385	938	1500218	385	1000	1599419	385	1001	1601130	385	1063	1700158	385	1126	1801260	385	1188	1900865	385	1251	2001551	385	1313	2100663	385	1375	2200416	385	1438	2301057	385	1500	2400259	385	1500	2400354	385	1563	2501339	385	
66	101079	345	131	200441	345	197	301179	345	262	400449	345	327	500696	345	393	601423	345	458	700937	345	500	765516	345	523	801317	345	588	901186	345	653	1000735	345	718	1100165	345	783	1200235	345	849	1301503	345	914	1400949	345	979	1500144	345	1000	1532098	345	1045	1600715	345	1111	1701450	345	1176	1800989	345	1241	1900281	345	1306	2000991	345	1371	2101506	345	1436	2200951	345	1500	2298514	345	1501	2300126	345	1567	2400833	345	1632	2500108	345	
62	101297	369	123	200666	369	185	301504	369	246	400632	369	308	501139	369	370	601610	369	431	701075	369	492	800215	369	500	813240	369	554	900996	369	616	1001574	369	677	1100455	369	737	1200547	369	799	1301624	369	860	1400865	369	921	1500180	369	983	1601321	369	1000	1629625	369	1044	1701286	369	1105	1800448	369	1167	1901412	369	1228	2000449	369	1289	2100136	369	1351	2201134	369	1412	2301397	369	1473	2401226	369	1500	2445270	369	1534	2500542	369	
61	101109	358	121	200533	358	181	301081	358	240	400451	358	301	501516	358	361	600834	358	421	700184	358	482	801238	358	500	831154	358	542	900668	358	603	1001420	358	663	1101169	358	723	1200660	358	784	1301653	358	844	1400810	358	904	1500347	358	965	1601247	358	1000	1659144	358	1025	1700563	358	1085	1800235	358	1146	1900952	358	1206	2000981	358	1266	2100421	358	1327	2201246	358	1387	2300995	358	1447	2400638	358	1500	2488271	358	1508	2501500	358	
63	101600	376	124	201359	376	186	301481	376	248	400977	376	310	500860	376	372	600931	376	434	701224	376	496	801279	376	500	807792	376	557	900122	376	619	1000666	376	681	1100960	376	743	1200817	376	805	1300772	376	867	1400751	376	929	1500702	376	991	1600269	376	1000	1614771	376	1054	1701450	376	1116	1801624	376	1178	1901561	376	1240	2001313	376	1302	2101241	376	1364	2201063	376	1426	2301190	376	1488	2401580	376	1500	2421178	376	1548	2500542	376	
60	101458	333	119	200996	333	178	300175	333	238	401042	333	297	500401	333	357	601251	333	416	700919	333	475	801307	333	500	843951	333	534	901467	333	593	1001041	333	652	1100397	333	712	1201489	333	771	1301024	333	830	1400487	333	889	1500339	333	948	1601424	333	1000	1689645	333	1007	1701526	333	1066	1800819	333	1125	1900272	333	1185	2000871	333	1244	2101145	333	1304	2201684	333	1363	2300876	333	1423	2401606	333	1482	2501270	333	
62	100823	357	124	201405	357	185	300173	357	247	400108	357	310	501273	357	372	600912	357	434	700753	357	492	801029	357	500	813998	357	554	901606	357	616	1001577	357	678	1101496	357	740	1201625	357	802	1301624	357	863	1400137	357	925	1500243	357	987	1600758	357	1000	1621842	357	1049	1700678	357	1111	1800433	357	1173	1900695	357	1236	2001552	357	1297	2100140	357	1359	2200363	357	1421	2300302	357	1483	2400574	357	1500	2428012	357	1545	2501080	357	
63	100110	337	127	201410	337	190	301417	337	253	400951	337	316	500718	337	379	600817	337	442	700916	337	500	792825	337	505	800876	337	568	900436	337	632	1001526	337	694	1100571	337	757	1200636	337	820	1300472	337	884	1401473	337	947	1500911	337	1000	1584539	337	1010	1600500	337	1073	1700220	337	1137	1801152	337	1199	1900228	337	1263	2001545	337	1326	2100997	337	1389	2200461	337	1452	2300264	337	1500	2376093	337	1516	2401525	337	1579	2500946	337	
65	101276	349	129	200970	349	193	300489	349	257	400251	349	321	500091	349	386	601346	349	450	701095	349	500	779059	349	514	800883	349	578	900963	349	642	1000806	349	706	1100705	349	770	1200762	349	834	1300157	349	898	1400109	349	963	1501302	349	1000	1559412	349	1026	1600176	349	1091	1701453	349	1155	1801580	349	1219	1901216	349	1283	2000959	349	1345	2100254	349	1409	2200738	349	1473	2300295	349	1500	2342260	349	1538	2401414	349	1602	2501548	349	
60	101301	355	119	200746	355	178	300318	355	238	401557	355	297	500886	355	356	600277	355	416	701375	355	475	800755	355	500	843237	355	534	901007	355	593	1000256	355	653	1101207	355	712	1201270	355	770	1301181	355	829	1401018	355	888	1500235	355	948	1601593	355	1000	1690092	355	1006	1700228	355	1066	1801332	355	1125	1900801	355	1184	2000132	355	1244	2101230	355	1303	2200721	355	1363	2301644	355	1422	2401126	355	1481	2500802	355	
63	100977	349	126	201346	349	188	300312	349	249	400244	349	312	501215	349	374	600377	349	437	701567	349	499	800687	349	500	802370	349	561	900099	349	624	1001179	349	686	1100586	349	749	1201518	349	811	1300885	349	873	1400162	349	936	1501422	349	998	1600842	349	1000	1604103	349	1060	1700454	349	1122	1800316	349	1185	1901632	349	1247	2001178	349	1309	2100405	349	1372	2201277	349	1434	2300611	349	1497	2401052	349	1500	2405959	349	1559	2500686	349	
63	100532	375	126	201283	375	189	301689	375	251	401259	375	313	500211	375	376	600708	375	439	701294	375	500	798939	375	501	800605	375	564	901248	375	627	1001552	375	689	1100843	375	752	1201374	375	814	1301081	375	876	1400717	375	939	1501288	375	1000	1598544	375	1001	1600211	375	1064	1700476	375	1126	1800581	375	1189	1900834	375	1252	2000948	375	1314	2100172	375	1377	2201078	375	1440	2301308	375	1500	2397400	375	1502	2400709	375	1565	2501262	375	
65	101537	332	129	201326	332	192	300181	332	256	401473	332	320	501574	332	384	601520	332	448	701540	332	500	783278	332	511	800483	332	575	900462	332	639	1000768	332	703	1100669	332	767	1200644	332	831	1301200	332	895	1401410	332	958	1500235	332	1000	1565986	332	1022	1600536	332	1085	1701592	332	1148	1800410	332	1212	1900751	332	1276	2001394	332	1340	2101343	332	1404	2201344	332	1467	2300152	332	1500	2351945	332	1531	2400574	332	1595	2500772	332	
67	100209	340	134	201050	340	201	301288	340	268	401381	340	335	501449	340	402	601273	340	468	700086	340	500	748228	340	535	800744	340	601	901282	340	668	1001428	340	735	1101470	340	801	1200696	340	868	1300782	340	935	1400712	340	1000	1498067	340	1002	1501094	340	1069	1601235	340	1136	1701568	340	1202	1800204	340	1269	1900638	340	1336	2000833	340	1403	2101497	340	1469	2200348	340	1500	2246834	340	1536	2300706	340	1603	2400845	340	1670	2501185	340	
14	107958	1669	27	207954	1669	40	307782	1669	53	407768	1669	66	507675	1669	79	608061	1669	92	708209	1669	104	800642	1669	117	900652	1669	130	1000706	1669	143	1101015	1669	156	1201162	1669	169	1301077	1669	182	1400905	1669	195	1501486	1669	208	1601580	1669	221	1701721	1669	234	1801736	1669	247	1901742	1669	260	2001849	1669	273	2101806	1669	286	2202099	1669	299	2301893	1669	312	2401846	1669	325	2501608	1669	
14	106575	1769	27	205524	1769	40	304164	1769	53	403045	1769	66	502169	1769	79	600951	1769	93	707241	1769	106	806234	1769	119	905390	1769	132	1004199	1769	145	1103154	1769	158	1201966	1769	171	1301136	1769	185	1407751	1769	198	1506964	1769	211	1605677	1769	224	1704447	1769	237	1804826	1769	250	1905272	1769	263	2004480	1769	276	2104003	1769	289	2203359	1769	302	2306449	1769	315	2405457	1769	328	2504263	1769	
14	105786	1800	27	203833	1800	40	301755	1800	54	407407	1800	67	505319	1800	80	603814	1800	93	702126	1800	106	802627	1800	119	900948	1800	133	1006413	1800	146	1105843	1800	159	1204020	1800	172	1301888	1800	186	1407330	1800	199	1505475	1800	212	1603253	1800	225	1701446	1800	239	1807323	1800	252	1905094	1800	265	2003535	1800	278	2101851	1800	292	2207289	1800	305	2305344	1800	318	2403682	1800	331	2501541	1800	
14	105374	1759	27	203359	1759	40	301324	1759	54	406680	1759	67	504434	1759	80	602088	1759	94	707400	1759	107	805322	1759	120	903079	1759	133	1001226	1759	147	1106570	1759	160	1204624	1759	173	1302372	1759	187	1407849	1759	200	1505914	1759	213	1604244	1759	226	1702190	1759	240	1807234	1759	253	1904938	1759	266	2002899	1759	279	2100781	1759	293	2206067	1759	306	2303674	1759	319	2401387	1759	333	2506296	1759	
14	107676	1726	27	206918	1726	40	306127	1726	53	404982	1726	66	504410	1726	79	604204	1726	92	704033	1726	105	803346	1726	118	902315	1726	131	1001577	1726	144	1100838	1726	158	1207449	1726	171	1306477	1726	184	1405551	1726	197	1504643	1726	210	1603367	1726	223	1703858	1726	236	1804028	1726	249	1903488	1726	262	2002830	1726	275	2102089	1726	288	2201550	1726	302	2307957	1726	315	2407065	1726	328	2505800	1726	
14	105873	1758	27	204264	1758	40	302592	1758	53	401365	1758	67	507192	1758	80	605299	1758	93	706360	1758	106	804756	1758	119	903130	1758	132	1001693	1758	146	1107290	1758	159	1205650	1758	172	1303711	1758	185	1402262	1758	199	1507836	1758	212	1605900	1758	225	1704089	1758	238	1802082	1758	251	1900932	1758	265	2006901	1758	278	2105227	1758	291	2203306	1758	304	2301742	1758	318	2407929	1758	331	2506125	1758	
14	106095	1712	27	204075	1712	40	301835	1712	54	407019	1712	67	504948	1712	80	602584	1712	94	707857	1712	107	805783	1712	120	903798	1712	133	1001917	1712	147	1107278	1712	160	1204876	1712	173	1302693	1712	186	1401244	1712	200	1506651	1712	213	1604325	1712	226	1702194	1712	240	1807130	1712	253	1905052	1712	266	2003205	1712	279	2101484	1712	293	2206963	1712	306	2304758	1712	319	2402427	1712	333	2507897	1712	
14	106279	1712	27	204571	1712	40	302837	1712	53	401161	1712	67	506511	1712	80	604523	1712	93	702862	1712	106	801332	1712	120	906980	1712	133	1005321	1712	146	1103728	1712	159	1202041	1712	173	1307837	1712	186	1405849	1712	199	1504090	1712	212	1604305	1712	225	1702711	1712	238	1800647	1712	252	1906515	1712	265	2004872	1712	278	2103056	1712	291	2200797	1712	305	2306431	1712	318	2404593	1712	331	2502773	1712	
14	107521	1743	27	207171	1743	40	307137	1743	53	406581	1743	66	505857	1743	79	607176	1743	92	707932	1743	105	807370	1743	118	907043	1743	131	1006532	1743	144	1105980	1743	157	1206332	1743	170	1305633	1743	183	1405344	1743	196	1504800	1743	209	1604816	1743	222	1704628	1743	235	1804223	1743	248	1903880	1743	261	2003377	1743	274	2103110	1743	287	2202833	1743	300	2302477	1743	313	2402103	1743	326	2501806	1743	
14	107154	1684	27	206724	1684	40	306128	1684	53	406262	1684	66	505977	1684	79	605530	1684	92	705121	1684	105	804443	1684	118	904039	1684	131	1003477	1684	144	1102986	1684	157	1202511	1684	170	1302189	1684	183	1401711	1684	196	1501177	1684	209	1600884	1684	223	1707840	1684	236	1807340	1684	249	1906643	1684	262	2006111	1684	275	2106002	1684	288	2205903	1684	301	2305530	1684	314	2404996	1684	327	2504981	1684	
14	104455	1705	27	201483	1705	41	305720	1705	54	402269	1705	68	506688	1705	81	603343	1705	95	707769	1705	108	804609	1705	121	901409	1705	135	1005916	1705	148	1102704	1705	162	1207307	1705	175	1304464	1705	188	1400893	1705	202	1504822	1705	215	1604253	1705	228	1701980	1705	242	1805942	1705	255	1902334	1705	269	2007124	1705	282	2103726	1705	295	2200700	1705	309	2305240	1705	322	2402059	1705	336	2506295	1705	
15	107219	1778	29	207031	1778	43	307177	1778	57	407288	1778	71	507647	1778	84	602762	1778	98	702848	1778	112	802718	1778	126	903036	1778	140	1003853	1778	154	1103839	1778	168	1203856	1778	182	1303860	1778	196	1403521	1778	210	1503636	1778	224	1604292	1778	238	1704066	1778	252	1803866	1778	266	1903880	1778	280	2004530	1778	294	2104636	1778	308	2204829	1778	322	2304971	1778	336	2405059	1778	350	2504988	1778	
14	105753	1776	27	204003	1776	40	302544	1776	53	400691	1776	67	506523	1776	80	605301	1776	93	703736	1776	106	802394	1776	119	900875	1776	133	1006665	1776	146	1104387	1776	159	1202442	1776	172	1300867	1776	186	1407027	1776	199	1505317	1776	212	1603863	1776	225	1702124	1776	239	1807761	1776	252	1906163	1776	265	2004601	1776	278	2102740	1776	291	2200831	1776	305	2306742	1776	318	2405111	1776	331	2505400	1776	
14	103712	1737	28	207523	1737	41	303804	1737	54	400869	1737	68	504445	1737	81	601355	1737	95	705324	1737	108	801372	1737	122	904928	1737	135	1001393	1737	149	1106081	1737	162	1202362	1737	176	1305516	1737	189	1401828	1737	202	1505882	1737	215	1602101	1737	229	1705947	1737	242	1802194	1737	256	1905648	1737	269	2001960	1737	283	2105581	1737	296	2201768	1737	310	2305256	1737	323	2401510	1737	337	2504948	1737	
14	102019	1742	28	203717	1742	42	305541	1742	55	401596	1742	69	503800	1742	83	605205	1742	97	707166	1742	110	801258	1742	124	902698	1742	138	1004465	1742	152	1105896	1742	166	1207433	1742	179	1301625	1742	193	1403512	1742	207	1505727	1742	221	1607236	1742	234	1701368	1742	248	1803186	1742	262	1904600	1742	276	2006397	1742	289	2100658	1742	303	2202162	1742	317	2303422	1742	331	2404940	1742	345	2506231	1742	
14	101636	1764	28	202987	1764	42	304272	1764	56	405367	1764	70	506690	1764	83	600659	1764	97	701872	1764	111	803074	1764	125	904750	1764	139	1006611	1764	152	1101064	1764	166	1202484	1764	180	1303685	1764	194	1405298	1764	208	1506856	1764	221	1601079	1764	235	1702432	1764	249	1803792	1764	263	1905013	1764	277	2006553	1764	291	2107591	1764	304	2201815	1764	318	2303547	1764	332	2406844	1764	345	2501161	1764	
15	106150	1725	29	205217	1725	43	304061	1725	57	402894	1725	71	501546	1725	85	600775	1725	100	707094	1725	114	806465	1725	128	905557	1725	142	1004907	1725	156	1104116	1725	170	1203572	1725	184	1302786	1725	198	1404537	1725	212	1503736	1725	226	1603219	1725	240	1702402	1725	254	1802193	1725	268	1901291	1725	282	2000621	1725	297	2106953	1725	311	2206082	1725	325	2305227	1725	339	2404688	1725	353	2503759	1725	
14	102614	1716	28	205302	1716	41	300764	1716	55	405596	1716	68	500938	1716	82	603258	1716	96	705746	1716	109	800652	1716	123	904338	1716	137	1006496	1716	150	1101212	1716	164	1203902	1716	178	1306397	1716	191	1401374	1716	205	1503485	1716	219	1605505	1716	232	1700539	1716	246	1803353	1716	260	1905483	1716	273	2000689	1716	287	2103587	1716	301	2205665	1716	314	2301041	1716	328	2403425	1716	342	2505751	1716	
15	107237	1725	29	207155	1725	43	307406	1725	56	400470	1725	71	507388	1725	85	606938	1725	99	706891	1725	113	806719	1725	127	906677	1725	141	1006968	1725	155	1106753	1725	169	1206727	1725	183	1306747	1725	197	1406440	1725	211	1506150	1725	225	1605649	1725	239	1705688	1725	253	1805781	1725	267	1905891	1725	281	2005813	1725	295	2105674	1725	309	2205744	1725	323	2306060	1725	336	2401645	1725	350	2501494	1725	
15	106666	1715	29	206434	1715	43	306131	1715	57	405458	1715	71	505173	1715	85	604393	1715	99	703750	1715	113	803501	1715	127	902765	1715	141	1002154	1715	155	1101708	1715	169	1200990	1715	184	1307304	1715	197	1402095	1715	211	1501720	1715	225	1600734	1715	240	1707291	1715	254	1806383	1715	268	1905336	1715	282	2004947	1715	296	2104340	1715	310	2203804	1715	324	2303521	1715	338	2402721	1715	352	2501921	1715	
169	100339	417	334	200389	417	498	300152	417	500	301375	417	663	400195	417	827	500363	417	987	600342	417	1000	608220	417	1151	700062	417	1316	800128	417	1480	900175	417	1500	912293	417	1645	1000084	417	1811	1100442	417	1974	1200170	417	2000	1216022	417	2139	1300375	417	2303	1400124	417	2468	1500389	417	2500	1519883	417	2632	1600265	417	2797	1700365	417	2962	1800470	417	3000	1823675	417	3126	1900183	417	3292	2000562	417	3457	2100532	417	3500	2126791	417	3621	2200171	417	3786	2300527	417	3951	2400591	417	4000	2430470	417	4114	2500034	417	
175	100110	133	346	200032	133	500	290283	133	517	300198	133	688	400252	133	859	500441	133	1000	582844	133	1030	600329	133	1201	700536	133	1371	800026	133	1500	875187	133	1543	900347	133	1713	1000123	133	1884	1100320	133	2000	1168303	133	2055	1200480	133	2225	1300104	133	2396	1400193	133	2500	1461261	133	2566	1500054	133	2734	1600149	133	2905	1700300	133	3000	1756001	133	3076	1800435	133	3247	1900279	133	3418	2000306	133	3500	2048488	133	3588	2100305	133	3758	2200044	133	3930	2300545	133	4000	2341782	133	4100	2400286	133	4271	2500457	133	
170	100240	212	335	200149	212	500	300013	212	500	300047	212	666	400585	212	830	500046	212	996	600478	212	1000	602901	212	1161	700366	212	1326	800172	212	1492	900561	212	1500	905407	212	1657	1000268	212	1823	1100553	212	1988	1200283	212	2000	1207593	212	2153	1300328	212	2319	1400607	212	2484	1500187	212	2500	1509878	212	2649	1600243	212	2814	1700111	212	2979	1800063	212	3000	1812777	212	3142	1900305	212	3307	2000162	212	3472	2100058	212	3500	2117042	212	3638	2200348	212	3803	2300319	212	3968	2400048	212	4000	2419378	212	4134	2500405	212	
168	100288	336	333	200634	336	497	300405	336	500	302266	336	662	400577	336	827	500557	336	991	600366	336	1000	605955	336	1155	700174	336	1320	800235	336	1485	900352	336	1500	909466	336	1650	1000395	336	1811	1100031	336	1975	1200097	336	2000	1215218	336	2139	1300317	336	2303	1400040	336	2468	1500248	336	2500	1519684	336	2632	1600090	336	2797	1700374	336	2961	1800253	336	3000	1823996	336	3126	1900532	336	3291	2000568	336	3455	2100492	336	3500	2128088	336	3619	2200477	336	3783	2300262	336	3948	2400525	336	4000	2432404	336	4112	2500529	336	
169	100456	278	333	200204	278	493	300473	278	500	304720	278	657	400129	278	822	500428	278	986	600528	278	1000	609088	278	1150	700400	278	1314	800465	278	1477	900041	278	1500	913972	278	1642	1000221	278	1805	1100534	278	1968	1200038	278	2000	1219502	278	2132	1300256	278	2297	1400299	278	2462	1500378	278	2500	1523401	278	2627	1600531	278	2791	1700344	278	2956	1800361	278	3000	1827061	278	3121	1900576	278	3285	2000546	278	3449	2100212	278	3500	2131172	278	3613	2200103	278	3778	2300548	278	3942	2400062	278	4000	2435541	278	4107	2500483	278	
166	100464	192	327	200338	192	488	300114	192	500	307532	192	650	400205	192	812	500180	192	974	600478	192	1000	616556	192	1134	700213	192	1296	800537	192	1458	900499	192	1500	926763	192	1618	1000493	192	1779	1100206	192	1941	1200637	192	2000	1237233	192	2102	1300269	192	2264	1400340	192	2424	1500447	192	2500	1547969	192	2584	1600309	192	2746	1700274	192	2907	1800122	192	3000	1857674	192	3069	1900327	192	3230	2000427	192	3390	2100194	192	3500	2168139	192	3552	2200236	192	3713	2300244	192	3875	2400529	192	4000	2480252	192	4032	2500235	192	
166	100595	282	328	200428	282	488	300137	282	500	307593	282	651	400365	282	814	500566	282	976	600495	282	1000	615297	282	1138	700127	282	1301	800191	282	1464	900341	282	1500	922495	282	1627	1000540	282	1790	1100561	282	1952	1200188	282	2000	1229704	282	2115	1300276	282	2278	1400414	282	2440	1500067	282	2500	1537032	282	2603	1600533	282	2762	1700587	282	2924	1800369	282	3000	1847139	282	3086	1900056	282	3249	2000590	282	3411	2100141	282	3500	2155133	282	3573	2200074	282	3736	2300468	282	3898	2400144	282	4000	2462872	282	4061	2500587	282	
166	100356	350	328	200418	350	490	300585	350	500	306800	350	651	400409	350	813	500646	350	973	600086	350	1000	616877	350	1135	700325	350	1297	800574	350	1454	900042	350	1500	928559	350	1616	1000590	350	1777	1100105	350	1939	1200312	350	2000	1238192	350	2100	1300485	350	2261	1400251	350	2424	1500637	350	2500	1548588	350	2584	1600388	350	2745	1700205	350	2906	1800317	350	3000	1858200	350	3068	1900515	350	3228	2000431	350	3389	2100217	350	3500	2168643	350	3551	2200068	350	3713	2300462	350	3875	2400265	350	4000	2477223	350	4037	2500167	350	
168	100100	401	334	200168	401	500	300224	401	500	300256	401	666	400384	401	832	500479	401	998	600427	401	1000	601649	401	1163	700039	401	1327	800067	401	1492	900393	401	1500	905254	401	1656	1000411	401	1822	1100543	401	1987	1200331	401	2000	1208190	401	2153	1300589	401	2319	1400509	401	2484	1500372	401	2500	1510057	401	2650	1600434	401	2815	1700097	401	2980	1800129	401	3000	1812265	401	3146	1900079	401	3312	2000190	401	3478	2100348	401	3500	2113690	401	3643	2200065	401	3809	2300627	401	3975	2400562	401	4000	2415560	401	4140	2500366	401	
166	100553	382	327	200387	382	489	300568	382	500	307372	382	650	400301	382	811	500201	382	972	600079	382	1000	617448	382	1133	700229	382	1294	800227	382	1456	900549	382	1500	927916	382	1617	1000459	382	1777	1100028	382	1939	1200418	382	2000	1238089	382	2101	1300518	382	2262	1400496	382	2422	1500136	382	2500	1548352	382	2584	1600324	382	2745	1700189	382	2907	1800520	382	3000	1858037	382	3068	1900160	382	3227	2000337	382	3388	2100118	382	3500	2169287	382	3547	2200300	382	3707	2300217	382	3868	2400349	382	4000	2482189	382	4029	2500111	382	
56	100764	2176	108	200509	2176	160	300618	2176	212	400666	2176	264	500244	2176	317	601698	2176	369	701250	2176	421	801044	2176	473	900711	2176	500	952341	2176	525	1000223	2176	578	1101844	2176	630	1201325	2176	682	1300990	2176	731	1401284	2176	783	1500931	2176	835	1600846	2176	887	1700451	2176	940	1801713	2176	992	1901347	2176	1000	1916718	2176	1044	2000923	2176	1096	2100414	2176	1148	2200196	2176	1201	2301818	2176	1253	2401447	2176	1305	2501317	2176	
57	100125	4078	112	201886	2434	165	301204	2434	218	400237	2434	271	501540	2434	324	601658	2434	377	701735	2434	430	801419	2434	483	900828	2434	500	932813	2434	536	1000449	2434	590	1101607	2434	643	1201521	2434	696	1301203	2434	749	1401182	2434	802	1500620	2434	856	1601851	2434	909	1701091	2434	962	1801416	2434	1000	1873225	2434	1015	1901663	2434	1068	2001163	2434	1121	2100592	2434	1174	2200184	2434	1228	2301654	2434	1281	2401758	2434	1334	2501549	2434	
58	101298	2761	112	201551	2761	165	300336	2761	219	401868	2761	272	500244	2761	326	601029	2761	379	700582	2761	433	801735	2761	486	900534	2761	500	926839	2761	540	1001079	2761	594	1101618	2761	647	1200275	2761	701	1300864	2761	755	1401340	2761	809	1501773	2761	862	1600533	2761	916	1701256	2761	969	1800169	2761	1000	1857854	2761	1023	1900804	2761	1077	2001661	2761	1130	2100707	2761	1184	2201122	2761	1237	2300567	2761	1291	2401062	2761	1345	2501618	2761	
56	100637	2482	108	200963	2482	160	301354	2482	212	401286	2482	264	501473	2482	316	601658	2482	368	701733	2482	419	800482	2482	471	901026	2482	500	957464	2482	523	1002009	2482	575	1101905	2482	626	1200353	2482	678	1300551	2482	730	1400807	2482	782	1501923	2482	833	1600307	2482	885	1700633	2482	936	1801559	2482	987	1900297	2482	1000	1925436	2482	1039	2000744	2482	1091	2100760	2482	1143	2200902	2482	1195	2300976	2482	1247	2400992	2482	1299	2501271	2482	
57	100337	2325	110	201977	2325	162	301598	2325	214	401359	2325	266	501502	2325	318	601620	2325	370	701496	2325	422	801326	2325	473	901064	2325	500	953790	2325	525	1001886	2325	577	1101607	2325	629	1201320	2325	681	1301038	2325	733	1400638	2325	785	1500391	2325	837	1600458	2325	890	1701801	2325	941	1800118	2325	994	1901860	2325	1000	1913421	2325	1045	2000273	2325	1098	2101975	2325	1150	2201332	2325	1202	2301021	2325	1254	2401057	2325	1306	2500854	2325	
56	101653	2718	108	200325	2718	161	301528	2718	213	400177	2718	266	500787	2718	319	601258	2718	372	701791	2718	424	800322	2718	477	900897	2718	500	944962	2718	529	1000367	2718	582	1101172	2718	634	1200165	2718	687	1300692	2718	740	1401056	2718	793	1501475	2718	846	1601823	2718	898	1700737	2718	951	1801533	2718	1000	1894588	2718	1003	1900462	2718	1056	2001048	2718	1109	2101763	2718	1161	2200839	2718	1214	2301666	2718	1266	2400741	2718	1319	2501407	2718	
57	101133	1929	109	200833	1929	161	300363	1929	214	401829	1929	266	501160	1929	318	600955	1929	370	700331	1929	422	800264	1929	475	901247	1929	500	948978	1929	527	1000432	1929	580	1101441	1929	632	1201234	1929	684	1300520	1929	737	1401550	1929	789	1500615	1929	842	1601940	1929	894	1701303	1929	946	1800955	1929	998	1900709	1929	1000	1904712	1929	1050	2000182	1929	1103	2101773	1929	1154	2201058	1929	1206	2300795	1929	1258	2400287	1929	1311	2501379	1929	
55	101841	8235	111	200771	2165	164	300857	2165	217	401245	2165	270	501800	2165	322	600227	2165	375	700478	2165	428	801233	2165	481	901880	2165	500	938008	2165	533	1000501	2165	586	1101143	2165	639	1201074	2165	692	1301503	2165	743	1400401	2165	796	1500798	2165	849	1601727	2165	902	1701997	2165	954	1800366	2165	1000	1886876	2165	1007	1900210	2165	1060	2000983	2165	1113	2101389	2165	1166	2201775	2165	1218	2300298	2165	1271	2400453	2165	1324	2501022	2165	
57	100631	1784	110	201729	1784	162	301346	1784	214	400583	1784	266	501879	1784	318	601535	1784	370	700729	1784	422	800469	1784	474	900215	1784	500	949843	1784	527	1001333	1784	579	1101256	1784	632	1201967	1784	684	1301036	1784	736	1400509	1784	788	1500766	1784	840	1600668	1784	893	1701901	1784	945	1801044	1784	998	1901992	1784	1000	1905899	1784	1050	2001264	1784	1102	2100596	1784	1155	2201798	1784	1207	2301198	1784	1259	2400678	1784	1312	2501803	1784	
57	100649	2063	110	201520	2063	162	300654	2063	215	401966	2063	267	500657	2063	320	601003	2063	373	701728	2063	425	800807	2063	478	901626	2063	500	943503	2063	530	1000763	2063	583	1101405	2063	635	1200273	2063	688	1301137	2063	740	1400131	2063	793	1500925	2063	846	1601339	2063	899	1701755	2063	951	1800686	2063	1000	1893827	2063	1004	1901481	2063	1056	2000556	2063	1109	2101311	2063	1162	2201396	2063	1215	2301854	2063	1267	2400795	2063	1319	2500154	2063	
12	104386	50387	23	200671	50387	35	304822	50387	47	408906	50387	58	504118	50387	70	608241	50387	81	703404	50387	93	807527	50387	104	902929	50387	116	1007011	50387	127	1102392	50387	139	1206157	50387	150	1301393	50387	162	1405416	50387	173	1501055	50387	185	1606561	50387	196	1702992	50387	208	1806898	50387	219	1903711	50387	231	2007844	50387	242	2103403	50387	254	2207272	50387	265	2302604	50387	277	2406322	50387	288	2501550	50387	
12	104383	49956	24	208596	49956	35	304585	49956	46	400760	49956	58	505134	49956	69	603122	49956	81	708143	49956	92	803818	49956	104	909012	49956	115	1005004	49956	126	1101108	49956	138	1205394	49956	149	1301157	49956	161	1405638	49956	172	1501088	49956	184	1605780	49956	195	1701452	49956	207	1806149	49956	218	1901851	49956	230	2006147	49956	241	2101768	49956	253	2206473	49956	264	2301956	49956	276	2406183	49956	287	2501942	49956	
12	103473	50094	24	206691	50094	35	301598	50094	47	404805	50094	59	508093	50094	70	602992	50094	82	706078	50094	93	800837	50094	105	904304	50094	117	1007661	50094	128	1102349	50094	140	1205804	50094	151	1300625	50094	163	1404194	50094	175	1507573	50094	186	1602666	50094	198	1705885	50094	209	1800707	50094	221	1904076	50094	233	2007689	50094	244	2102821	50094	256	2206269	50094	267	2301216	50094	279	2404639	50094	290	2501398	50094	
12	104763	50271	24	208915	50271	35	304636	50271	46	400591	50271	58	504875	50271	70	609038	50271	81	704471	50271	93	808808	50271	104	904465	50271	116	1008960	50271	127	1104430	50271	139	1208457	50271	150	1304163	50271	162	1408929	50271	173	1506141	50271	184	1601650	50271	196	1705843	50271	207	1801240	50271	219	1905488	50271	230	2000765	50271	242	2105089	50271	253	2200650	50271	265	2305153	50271	276	2401165	50271	288	2505196	50271	
12	103747	49591	24	207618	49591	35	302892	49591	47	408942	49591	58	503884	49591	70	607750	49591	81	703049	49591	93	806772	49591	104	901816	49591	116	1005427	49591	128	1109029	49591	139	1204340	49591	151	1308145	49591	162	1403601	49591	174	1507414	49591	185	1602456	49591	197	1706436	49591	208	1801495	49591	220	1905468	49591	231	2000622	49591	243	2104622	49591	255	2208392	49591	266	2303450	49591	278	2406910	49591	289	2501997	49591	
12	105087	50128	23	201130	50128	35	306105	50128	46	401871	50128	58	506524	50128	69	602433	50128	81	707449	50128	92	803474	50128	104	907959	50128	115	1004077	50128	127	1108714	50128	138	1204878	50128	149	1300607	50128	161	1405520	50128	172	1501730	50128	184	1606334	50128	195	1702414	50128	207	1807002	50128	218	1902839	50128	230	2007555	50128	241	2103519	50128	253	2208212	50128	264	2304266	50128	275	2402074	50128	287	2506904	50128	
12	103774	50437	24	207778	50437	35	303037	50437	47	406818	50437	58	501814	50437	70	606300	50437	81	701622	50437	93	805408	50437	104	900793	50437	116	1004506	50437	128	1108346	50437	139	1203654	50437	150	1301676	50437	162	1406339	50437	173	1501625	50437	185	1605846	50437	196	1701337	50437	208	1805084	50437	220	1908891	50437	231	2004086	50437	243	2107939	50437	254	2203345	50437	266	2306945	50437	277	2402141	50437	289	2506100	50437	
12	104904	50327	23	202775	50327	35	307524	50327	46	403177	50327	58	507564	50327	69	603421	50327	81	707871	50327	92	803860	50327	104	908638	50327	115	1004589	50327	127	1108765	50327	138	1204721	50327	149	1301527	50327	161	1406437	50327	172	1502158	50327	184	1606736	50327	195	1702693	50327	207	1807093	50327	218	1902905	50327	230	2007249	50327	241	2103498	50327	253	2207838	50327	264	2303855	50327	276	2407969	50327	287	2503599	50327	
12	104644	50194	24	208987	50194	35	304330	50194	47	408294	50194	58	503424	50194	70	607671	50194	81	703417	50194	93	807619	50194	104	903142	50194	116	1007858	50194	127	1103274	50194	139	1207413	50194	150	1302721	50194	162	1406705	50194	173	1502191	50194	185	1606038	50194	196	1701596	50194	208	1805522	50194	219	1900809	50194	231	2005328	50194	242	2100875	50194	254	2207295	50194	265	2302716	50194	277	2406588	50194	288	2501989	50194	
12	103716	50329	24	207310	50329	35	302502	50329	47	406324	50329	58	501265	50329	70	605092	50329	82	708870	50329	93	804100	50329	105	907895	50329	116	1002852	50329	128	1108244	50329	139	1203390	50329	151	1306926	50329	162	1402204	50329	174	1505860	50329	185	1601066	50329	197	1704633	50329	209	1808412	50329	220	1903453	50329	232	2007089	50329	243	2102293	50329	255	2206114	50329	266	2301264	50329	278	2404888	50329	290	2508335	50329	
