wersja nr 3;wspolczynnik mutacji 0.100000;wielkosc populacji 30
457	100103	1420	915	200225	1420	1369	300068	1420	1823	400044	1420	2277	500200	1419	2734	600017	1419	3191	700227	1419	3647	800101	1419	4102	900188	1419	4556	1000026	1419	5012	1100128	1419	5469	1200211	1419	5922	1300060	1419	6377	1400192	1419	6832	1500108	1419	7288	1600022	1419	7741	1700021	1419	8197	1800051	1418	8650	1900073	1418	9106	2000089	1418	9560	2100071	1418	10015	2200180	1417	10470	2300174	1417	10923	2400178	1417	11377	2500102	1417	11833	2600145	1417	12289	2700092	1417	12742	2800086	1417	13195	2900119	1417	13649	3000074	1417	14103	3100083	1417	14559	3200170	1417	15013	3300176	1417	15468	3400168	1417	15924	3500189	1415	
457	100082	1420	913	200205	1420	1368	300209	1419	1823	400216	1419	2277	500110	1419	2731	600030	1418	3187	700111	1418	3644	800206	1418	4101	900103	1418	4556	1000044	1418	5012	1100015	1417	5468	1200053	1417	5924	1300224	1417	6380	1400216	1417	6834	1500169	1417	7290	1600139	1417	7747	1700112	1417	8204	1800167	1417	8660	1900083	1417	9114	2000180	1417	9570	2100037	1417	10028	2200054	1417	10485	2300107	1417	10940	2400015	1417	11397	2500040	1417	11852	2600025	1417	12307	2700214	1417	12764	2800187	1417	13217	2900015	1417	13671	3000168	1417	14125	3100081	1416	14581	3200144	1416	15035	3300194	1416	15487	3400073	1416	15941	3500126	1415	
453	100106	1420	907	200042	1419	1361	300035	1419	1818	400080	1418	2276	500175	1418	2730	600154	1418	3184	700058	1418	3640	800146	1418	4094	900134	1418	4550	1000139	1418	5006	1100197	1418	5462	1200055	1418	5917	1300023	1418	6375	1400207	1418	6829	1500118	1418	7280	1600148	1417	7735	1700220	1417	8186	1800104	1417	8640	1900083	1417	9095	2000166	1417	9547	2100199	1417	9999	2200013	1417	10456	2300063	1417	10912	2400079	1417	11366	2500153	1417	11822	2600129	1417	12279	2700011	1417	12735	2800224	1417	13192	2900106	1416	13647	3000191	1416	14104	3100196	1416	14560	3200140	1416	15015	3300204	1415	15472	3400165	1415	15928	3500080	1415	
454	100155	1420	909	200215	1420	1362	300083	1420	1814	400029	1420	2269	500074	1419	2723	600014	1419	3178	700152	1419	3635	800100	1419	4093	900209	1419	4549	1000080	1419	5003	1100228	1419	5455	1200136	1417	5911	1300072	1417	6365	1400014	1417	6822	1500124	1417	7276	1600167	1417	7731	1700151	1416	8188	1800209	1416	8641	1900120	1416	9092	2000015	1416	9547	2100170	1416	10002	2200201	1416	10458	2300085	1416	10914	2400165	1415	11365	2500146	1415	11821	2600171	1415	12276	2700226	1415	12731	2800130	1415	13182	2900048	1415	13633	3000101	1415	14087	3100049	1415	14541	3200113	1415	14991	3300031	1414	15445	3400106	1413	15895	3500121	1413	
456	100140	1419	911	200027	1419	1367	300072	1419	1821	400154	1419	2276	500150	1419	2733	600204	1419	3188	700138	1419	3643	800126	1419	4094	900096	1419	4548	1000177	1418	5001	1100226	1418	5455	1200067	1418	5907	1300149	1418	6361	1400086	1417	6817	1500029	1416	7273	1600077	1416	7726	1700094	1416	8180	1800184	1416	8635	1900230	1414	9090	2000083	1414	9543	2100041	1414	10000	2200114	1414	10455	2300140	1414	10910	2400167	1414	11366	2500174	1414	11822	2600171	1414	12277	2700199	1414	12732	2800087	1414	13186	2900154	1414	13641	3000125	1414	14095	3100160	1413	14551	3200183	1413	15006	3300055	1413	15463	3400147	1413	15915	3500165	1413	
474	100072	1354	945	200093	1354	1418	300202	1354	1895	400065	1354	2375	500012	1353	2852	600018	1353	3329	700113	1353	3806	800166	1353	4283	900065	1353	4760	1000213	1353	5237	1100114	1353	5716	1200086	1353	6196	1300024	1353	6673	1400067	1353	7150	1500073	1353	7627	1600018	1353	8107	1700158	1353	8587	1800079	1353	9064	1900158	1352	9542	2000068	1352	10017	2100127	1352	10493	2200174	1352	10969	2300048	1351	11444	2400194	1351	11921	2500204	1351	12398	2600133	1351	12878	2700059	1351	13358	2800173	1351	13835	2900217	1351	14314	3000146	1351	14793	3100134	1351	15270	3200180	1351	15747	3300185	1351	16222	3400103	1351	16699	3500095	1351	
478	100147	1354	955	200098	1354	1432	300185	1353	1911	400186	1353	2390	500197	1353	2868	600076	1352	3348	700170	1352	3828	800101	1352	4307	900039	1352	4787	1000152	1352	5267	1100019	1351	5746	1200131	1351	6223	1300045	1351	6698	1400071	1351	7175	1500151	1351	7654	1600080	1351	8129	1700063	1351	8606	1800032	1351	9081	1900050	1351	9555	2000092	1351	10028	2100036	1351	10503	2200112	1351	10982	2300015	1351	11462	2400186	1351	11939	2500044	1351	12414	2600050	1351	12891	2700204	1351	13366	2800032	1351	13843	2900148	1351	14320	3000072	1351	14799	3100142	1351	15275	3200036	1350	15753	3300102	1350	16228	3400012	1350	16706	3500050	1350	
479	100020	1354	956	200125	1353	1434	300078	1353	1912	400026	1352	2389	500157	1352	2865	600074	1352	3344	700144	1352	3818	800096	1352	4296	900224	1352	4770	1000174	1352	5249	1100144	1352	5724	1200083	1352	6203	1300064	1352	6679	1400208	1352	7156	1500075	1352	7634	1600089	1352	8112	1700028	1351	8592	1800199	1351	9070	1900149	1351	9546	2000104	1351	10025	2100192	1351	10502	2200184	1351	10974	2300063	1351	11449	2400059	1351	11925	2500049	1351	12403	2600180	1351	12878	2700191	1351	13353	2800049	1351	13827	2900092	1351	14303	3000096	1350	14781	3100065	1350	15259	3200091	1350	15734	3300031	1350	16211	3400031	1349	16689	3500207	1349	
480	100023	1354	958	200105	1354	1438	300155	1354	1914	400167	1354	2390	500086	1353	2865	600035	1353	3339	700191	1353	3804	800026	1353	4276	900145	1353	4754	1000136	1353	5231	1100166	1353	5707	1200113	1352	6184	1300192	1352	6662	1400208	1352	7140	1500160	1352	7618	1600026	1352	8098	1700114	1351	8577	1800174	1351	9055	1900016	1351	9531	2000016	1351	10005	2100073	1351	10484	2200159	1351	10962	2300115	1351	11437	2400026	1351	11911	2500204	1350	12388	2600204	1350	12864	2700013	1350	13341	2800117	1350	13814	2900043	1350	14295	3000133	1350	14775	3100178	1350	15255	3200180	1350	15732	3300098	1350	16212	3400057	1349	16690	3500166	1347	
475	100090	1353	952	200119	1353	1430	300041	1353	1908	400193	1353	2385	500096	1353	2864	600197	1353	3338	700202	1353	3815	800047	1353	4292	900136	1353	4771	1000086	1353	5250	1100065	1353	5730	1200102	1353	6208	1300099	1353	6685	1400166	1352	7160	1500091	1352	7635	1600186	1351	8112	1700115	1351	8587	1800011	1351	9067	1900201	1351	9547	2000216	1349	10021	2100014	1349	10499	2200079	1349	10976	2300107	1349	11455	2400176	1349	11934	2500016	1349	12414	2600167	1349	12891	2700157	1349	13365	2800136	1349	13842	2900055	1349	14317	3000196	1349	14792	3100102	1349	15269	3200070	1349	15743	3300016	1349	16219	3400049	1349	16697	3500193	1349	
140	100261	5189	280	200209	5189	420	300733	5189	559	400431	5188	699	500661	5188	839	600281	5188	979	700162	5188	1119	800139	5188	1260	900206	5188	1399	1000297	5188	1539	1100228	5188	1680	1200546	5188	1820	1300496	5188	1960	1400336	5188	2100	1500659	5187	2240	1600605	5187	2380	1700163	5187	2520	1800480	5186	2660	1900458	5186	2799	2000054	5186	2940	2100229	5186	3080	2200304	5186	3220	2300075	5186	3361	2400650	5186	3501	2500629	5186	3641	2600300	5186	3781	2700290	5186	3920	2800373	5185	4060	2900089	5184	4201	3000578	5184	4342	3100736	5184	4482	3200412	5183	4622	3300694	5183	4761	3400577	5183	4900	3500481	5183	
141	100381	5189	281	200555	5189	421	300489	5188	561	400667	5188	701	500314	5187	841	600432	5187	981	700095	5187	1121	800313	5187	1261	900265	5186	1401	1000510	5186	1541	1100185	5186	1682	1200412	5186	1822	1300566	5186	1962	1400099	5186	2103	1500405	5186	2242	1600430	5186	2382	1700238	5186	2522	1800085	5186	2663	1900311	5186	2803	2000083	5186	2944	2100455	5186	3084	2200067	5186	3225	2300404	5186	3365	2400578	5186	3505	2500736	5185	3644	2600453	5185	3783	2700054	5185	3924	2800480	5184	4064	2900132	5184	4205	3000638	5184	4345	3100727	5184	4484	3200090	5184	4623	3300491	5182	4763	3400373	5182	4903	3500528	5182	
141	100330	5189	281	200608	5188	419	300355	5187	559	400264	5187	700	500359	5187	840	600153	5187	981	700620	5187	1121	800667	5187	1261	900549	5187	1401	1000271	5187	1541	1100425	5187	1681	1200341	5187	1821	1300222	5186	1961	1400264	5186	2101	1500072	5186	2242	1600395	5186	2382	1700195	5186	2522	1800570	5186	2662	1900136	5186	2803	2000404	5186	2943	2100128	5186	3084	2200108	5186	3225	2300481	5185	3365	2400240	5185	3504	2500117	5185	3645	2600199	5185	3785	2700099	5184	3925	2800578	5184	4065	2900516	5183	4204	3000441	5183	4344	3100300	5183	4484	3200306	5183	4624	3300392	5183	4764	3400475	5183	4903	3500164	5183	
140	100160	5189	281	200152	5189	419	300107	5189	560	400443	5188	699	500167	5188	840	600497	5188	979	700139	5188	1119	800446	5188	1259	900513	5188	1399	1000397	5186	1540	1100606	5186	1680	1200364	5186	1820	1300548	5186	1960	1400543	5185	2100	1500595	5185	2240	1600669	5185	2379	1700369	5185	2519	1800333	5185	2660	1900666	5185	2800	2000621	5184	2940	2100554	5184	3078	2200236	5184	3218	2300502	5184	3357	2400129	5184	3498	2500490	5184	3638	2600560	5184	3778	2700747	5182	3918	2800353	5182	4058	2900406	5182	4198	3000429	5181	4339	3100554	5181	4479	3200164	5181	4620	3300721	5179	4759	3400271	5178	4899	3500151	5178	
141	100654	5188	280	200254	5188	421	300608	5188	561	400512	5188	701	500573	5188	840	600644	5188	980	700445	5188	1119	800255	5187	1260	900704	5187	1399	1000096	5187	1539	1100365	5186	1680	1200404	5186	1821	1300660	5185	1961	1400733	5185	2099	1500065	5185	2237	1600149	5183	2377	1700215	5183	2518	1800637	5183	2658	1900349	5183	2797	2000292	5183	2937	2100554	5183	3077	2200384	5183	3217	2300458	5183	3358	2400638	5183	3498	2500194	5182	3639	2600496	5182	3778	2700448	5182	3917	2800187	5182	4057	2900166	5182	4198	3000513	5182	4338	3100571	5182	4478	3200458	5182	4618	3300286	5182	4759	3400658	5182	4900	3500787	5181	
142	100411	5037	283	200101	5037	426	300406	5037	568	400190	5036	709	500266	5036	851	600686	5036	992	700679	5036	1134	800132	5036	1277	900694	5036	1418	1000562	5036	1559	1100473	5036	1700	1200313	5036	1839	1300527	5036	1981	1400329	5036	2123	1500200	5035	2265	1600728	5035	2406	1700315	5035	2549	1800589	5034	2691	1900500	5034	2832	2000447	5034	2975	2100652	5034	3117	2200430	5034	3259	2300357	5034	3401	2400561	5034	3543	2500443	5034	3686	2600402	5034	3827	2700283	5034	3970	2800563	5033	4113	2900733	5032	4255	3000090	5032	4397	3100290	5032	4540	3200628	5031	4680	3300068	5031	4823	3400549	5031	4965	3500118	5030	
143	100233	5037	285	200078	5037	428	300292	5036	571	400739	5036	713	500643	5035	854	600470	5035	995	700398	5035	1137	800255	5035	1279	900472	5034	1421	1000210	5034	1564	1100562	5034	1705	1200436	5034	1848	1300745	5034	1990	1400465	5034	2132	1500262	5034	2274	1600094	5034	2417	1700674	5034	2558	1800662	5034	2697	1900297	5034	2838	2000299	5034	2981	2100192	5034	3124	2200671	5034	3265	2300194	5034	3408	2400392	5034	3551	2500622	5034	3692	2600046	5033	3834	2700287	5033	3977	2800232	5032	4119	2900071	5032	4261	3000400	5032	4403	3100445	5032	4545	3200294	5032	4687	3300183	5030	4830	3400287	5030	4972	3500184	5030	
143	100046	5037	285	200305	5036	428	300242	5035	571	400223	5035	713	500240	5035	856	600474	5035	998	700397	5035	1140	800294	5035	1283	900552	5035	1424	1000196	5035	1567	1100421	5035	1709	1200339	5035	1852	1300693	5034	1994	1400274	5034	2135	1500077	5034	2278	1600379	5034	2420	1700287	5034	2562	1800178	5034	2704	1900493	5034	2847	2000611	5034	2989	2100477	5034	3132	2200626	5034	3273	2300159	5033	3416	2400545	5033	3558	2500236	5033	3701	2600421	5033	3843	2700194	5032	3986	2800554	5032	4128	2900426	5030	4270	3000342	5030	4413	3100724	5030	4555	3200467	5030	4696	3300483	5030	4838	3400631	5030	4981	3500426	5030	
143	100259	5037	285	200184	5037	428	300617	5037	570	400462	5036	712	500050	5036	855	600198	5036	997	700423	5036	1138	800268	5036	1280	900376	5036	1423	1000689	5034	1565	1100651	5034	1707	1200122	5034	1850	1300575	5034	1992	1400156	5033	2135	1500671	5033	2277	1600203	5033	2419	1700408	5033	2562	1800457	5033	2704	1900117	5033	2842	2000277	5032	2982	2100722	5032	3124	2200663	5032	3264	2300337	5032	3407	2400347	5032	3550	2500455	5032	3692	2600437	5032	3834	2700730	5031	3976	2800522	5031	4118	2900216	5031	4261	3000463	5030	4403	3100390	5030	4545	3200432	5030	4687	3300161	5028	4830	3400650	5027	4972	3500057	5027	
142	100418	5036	285	200527	5036	428	300547	5036	570	400446	5036	712	500289	5036	851	600336	5036	992	700065	5036	1135	800683	5035	1277	900468	5035	1419	1000075	5035	1562	1100288	5034	1703	1200378	5034	1845	1300114	5033	1987	1400050	5033	2129	1500229	5033	2272	1600249	5031	2414	1700607	5031	2555	1800448	5031	2697	1900589	5031	2839	2000690	5031	2981	2100628	5031	3122	2200575	5031	3264	2300089	5031	3406	2400424	5031	3547	2500344	5030	3689	2600133	5030	3832	2700421	5030	3974	2800283	5030	4116	2900322	5030	4258	3000058	5030	4401	3100574	5030	4543	3200493	5030	4685	3300717	5030	4827	3400248	5030	4968	3500636	5029	
30	101738	25272	60	202951	25272	89	300390	25272	119	401417	25271	149	502422	25271	178	600669	25271	208	702116	25271	237	800455	25271	267	901936	25271	297	1003585	25271	326	1102345	25271	355	1200584	25271	385	1300881	25271	415	1401413	25270	445	1503037	25270	474	1601480	25270	504	1702542	25269	534	1803556	25269	563	1901076	25269	593	2002394	25269	623	2103323	25269	652	2201242	25269	682	2303147	25269	711	2401225	25269	741	2503106	25269	770	2601284	25269	800	2702254	25267	830	2802764	25267	859	2900613	25267	889	3001011	25266	919	3101965	25266	949	3202976	25266	978	3301255	25265	1008	3402686	25265	1037	3500857	25265	
30	101363	25272	60	202787	25271	89	300371	25271	119	401184	25270	149	502564	25270	179	603273	25270	208	700786	25270	238	801557	25270	268	902355	25270	298	1002926	25270	327	1100690	25270	357	1201946	25270	387	1303123	25270	416	1400662	25270	446	1501648	25270	476	1602830	25270	505	1700402	25270	535	1801758	25270	565	1902561	25270	594	2001438	25270	624	2102444	25270	653	2200877	25270	683	2302765	25270	713	2403391	25269	742	2501287	25269	771	2600400	25269	801	2701062	25269	831	2801885	25269	861	2902350	25269	891	3002942	25269	920	3100742	25267	950	3201487	25267	980	3302124	25267	1010	3403516	25267	1039	3501039	25267	
30	100846	25272	60	201073	25271	90	302941	25270	119	400723	25270	149	501482	25270	179	603024	25270	208	701020	25270	238	802256	25270	268	903195	25270	297	1000594	25270	327	1101825	25270	357	1202832	25269	386	1300443	25269	416	1402317	25269	445	1500522	25269	475	1601875	25269	505	1702956	25269	534	1800686	25269	564	1901392	25269	594	2002463	25269	623	2100277	25269	653	2201303	25268	682	2301928	25268	712	2402313	25268	741	2500273	25267	771	2601540	25267	801	2702384	25267	830	2800494	25266	860	2901438	25266	890	3002382	25266	919	3100875	25266	949	3201989	25266	979	3303282	25266	1008	3401175	25266	1038	3503514	25266	
30	101928	25272	59	200362	25272	89	301552	25272	119	402723	25271	148	501715	25271	178	602219	25271	208	702693	25271	237	802563	25271	267	903377	25269	296	1001149	25269	326	1102037	25269	356	1203082	25269	385	1300932	25268	415	1401636	25268	445	1502993	25268	474	1601344	25268	504	1703203	25268	533	1800660	25268	563	1901661	25267	593	2003533	25267	622	2101087	25267	652	2202785	25267	681	2300383	25267	711	2401584	25267	741	2502508	25266	771	2603023	25265	800	2700236	25265	830	2801271	25264	860	2903064	25264	889	3001309	25264	919	3102668	25263	948	3200418	25261	978	3301364	25261	1008	3401916	25261	1038	3502336	25260	
30	101602	25271	60	203538	25271	89	301492	25271	119	402515	25271	149	503569	25271	178	601679	25271	208	701995	25271	238	803139	25270	267	900675	25270	297	1002237	25270	327	1103562	25269	356	1202793	25268	385	1300405	25268	415	1401476	25268	445	1502322	25267	474	1600339	25267	504	1701372	25267	534	1802615	25267	564	1903360	25267	593	2001015	25267	623	2102994	25267	652	2200743	25267	682	2301931	25267	711	2400410	25266	741	2501513	25266	770	2600264	25266	800	2701256	25266	830	2801767	25266	860	2903046	25266	889	3000514	25266	919	3101627	25266	949	3202697	25266	978	3300731	25265	1008	3401502	25265	1038	3502370	25265	
31	103089	25176	61	202890	25176	91	301916	25176	121	402144	25175	151	502326	25175	181	602406	25175	211	703229	25175	241	803022	25175	271	902953	25175	301	1002343	25175	331	1102504	25175	361	1202308	25175	391	1302087	25175	421	1401891	25174	451	1501553	25174	481	1601098	25174	511	1700949	25173	541	1801582	25173	571	1901834	25173	601	2002191	25173	631	2101878	25173	661	2201243	25173	691	2301947	25173	721	2402144	25173	751	2501442	25173	781	2600772	25173	811	2700537	25171	841	2800941	25171	871	2900859	25171	901	3000607	25170	931	3100845	25170	961	3200668	25170	991	3300690	25169	1021	3400389	25168	1051	3500399	25168	
30	100611	25176	61	203391	25175	91	302897	25175	121	402258	25174	151	501624	25174	181	600806	25174	211	700252	25174	241	800628	25174	271	900348	25174	301	1000452	25174	332	1102696	25174	362	1202854	25174	392	1302413	25174	422	1402557	25174	452	1503355	25174	482	1602834	25174	512	1702740	25174	542	1802828	25174	572	1902423	25174	602	2002321	25174	632	2101342	25174	662	2201550	25174	692	2301117	25174	722	2402821	25173	752	2502884	25173	782	2602240	25173	812	2702169	25172	842	2801869	25172	872	2900975	25172	902	3000260	25172	933	3102984	25171	963	3202450	25171	993	3301794	25171	1023	3401599	25171	1053	3501066	25171	
31	102829	25176	61	202393	25175	91	301740	25175	121	401177	25175	151	500588	25175	182	602907	25175	212	702623	25175	242	802742	25175	272	902757	25175	302	1002155	25175	332	1101746	25175	362	1200945	25174	392	1300990	25174	422	1400357	25174	453	1503088	25174	483	1602371	25174	513	1702230	25174	543	1801787	25174	573	1901210	25174	603	2000516	25174	633	2100815	25174	663	2200458	25173	693	2301844	25173	723	2401218	25173	753	2500940	25172	783	2601351	25172	813	2701152	25172	843	2800512	25171	873	2900320	25171	903	3000631	25171	933	3100452	25171	963	3200536	25171	993	3300692	25171	1024	3403388	25171	1054	3503229	25171	
31	102886	25176	61	202193	25176	91	302855	25176	121	402133	25175	151	503063	25175	180	600436	25175	210	700297	25175	240	800616	25175	270	900756	25173	300	1001229	25173	330	1101315	25173	360	1200738	25173	391	1303014	25172	421	1402724	25172	451	1502631	25172	481	1602943	25172	511	1702682	25172	541	1801759	25172	571	1901457	25172	601	2001545	25172	631	2100794	25172	661	2200406	25172	692	2303130	25172	722	2402567	25172	752	2502131	25171	782	2602631	25170	812	2702978	25170	842	2801730	25169	872	2901014	25169	902	3000961	25169	933	3102967	25166	963	3203220	25165	993	3302419	25165	1023	3402215	25165	1053	3502450	25164	
30	100256	25175	61	203567	25175	90	300973	25175	121	403428	25175	151	502222	25175	181	601502	25175	211	701209	25175	241	800502	25174	272	903127	25174	302	1002438	25174	332	1101746	25173	362	1201633	25173	392	1300972	25173	422	1400556	25173	452	1500306	25171	483	1603249	25171	513	1703111	25171	543	1802556	25171	573	1901820	25171	603	2002137	25171	633	2101644	25171	663	2201457	25171	693	2301701	25171	723	2400715	25170	753	2500483	25170	783	2601906	25170	813	2701807	25170	843	2801063	25170	873	2900388	25170	904	3003504	25170	934	3103390	25170	963	3200298	25170	994	3303322	25169	1024	3403085	25169	1054	3503185	25169	
550	100008	87	1100	200110	87	1654	300151	87	2203	400162	87	2756	500166	87	3306	600167	85	3858	700155	85	4411	800181	85	4956	900027	85	5502	1000164	85	6050	1100072	85	6599	1200109	85	7152	1300034	85	7705	1400178	85	8255	1500051	85	8805	1600058	85	9357	1700029	85	9909	1800117	85	10460	1900028	85	11011	2000027	85	11560	2100083	85	12109	2200151	85	12662	2300075	85	13215	2400187	85	13769	2500028	85	14322	2600135	85	14874	2700194	85	15423	2800039	85	15976	2900091	85	16530	3000111	85	17082	3100030	85	17633	3200181	85	18186	3300165	85	18731	3400049	85	19283	3500051	85	
553	100108	87	1105	200115	87	1654	300117	85	2206	400112	85	2759	500159	85	3308	600058	85	3860	700094	85	4410	800022	85	4963	900111	85	5514	1000089	85	6065	1100146	85	6617	1200096	84	7165	1300101	84	7712	1400148	84	8257	1500142	84	8803	1600033	84	9349	1700127	84	9900	1800092	84	10454	1900144	84	11001	2000086	84	11549	2100012	84	12099	2200010	84	12652	2300126	84	13205	2400029	84	13759	2500119	84	14311	2600062	84	14859	2700052	84	15412	2800053	84	15965	2900175	84	16519	3000055	84	17074	3100141	84	17628	3200131	84	18181	3300175	84	18734	3400074	83	19290	3500178	83	
553	100069	87	1107	200065	87	1658	300091	87	2211	400159	86	2761	500053	86	3311	600094	86	3861	700038	86	4413	800032	86	4967	900132	86	5521	1000076	86	6072	1100134	86	6622	1200082	86	7174	1300077	86	7727	1400063	86	8280	1500054	86	8832	1600064	86	9382	1700091	85	9932	1800133	85	10482	1900080	85	11029	2000175	85	11573	2100133	85	12123	2200053	85	12676	2300131	85	13227	2400134	85	13780	2500174	85	14329	2600113	85	14878	2700144	85	15428	2800119	85	15979	2900020	85	16528	3000040	85	17079	3100132	85	17626	3200025	85	18175	3300029	85	18726	3400130	85	19275	3500143	83	
551	100102	87	1104	200120	87	1654	300145	87	2208	400162	87	2759	500169	86	3312	600019	86	3866	700030	86	4420	800169	86	4970	900175	86	5519	1000046	86	6071	1100055	86	6621	1200073	86	7171	1300039	85	7723	1400079	85	8276	1500109	85	8824	1600102	85	9375	1700100	85	9927	1800155	85	10478	1900027	85	11028	2000104	85	11581	2100020	85	12134	2200171	85	12685	2300125	85	13236	2400180	85	13785	2500069	85	14334	2600128	84	14883	2700051	84	15438	2800165	84	15990	2900023	84	16545	3000151	84	17093	3100166	84	17644	3200108	84	18198	3300172	84	18749	3400108	84	19300	3500099	84	
553	100185	87	1106	200115	87	1652	300072	87	2201	400061	87	2753	500045	87	3307	600116	87	3860	700066	87	4412	800051	87	4963	900066	87	5516	1000057	87	6070	1100054	87	6619	1200050	87	7169	1300130	87	7722	1400072	87	8272	1500048	86	8824	1600115	86	9374	1700156	85	9928	1800137	85	10481	1900089	85	11033	2000065	85	11582	2100033	82	12130	2200123	82	12679	2300031	82	13230	2400170	82	13778	2500066	82	14324	2600024	82	14871	2700120	82	15421	2800074	82	15969	2900038	82	16514	3000099	82	17061	3100177	82	17609	3200026	82	18160	3300058	82	18710	3400145	82	19260	3500119	82	
622	100163	92	1244	200139	92	1865	300142	92	2484	400054	92	3105	500047	92	3724	600079	92	4344	700103	92	4964	800017	92	5585	900137	92	6201	1000008	92	6822	1100049	92	7444	1200081	92	8064	1300064	92	8686	1400141	92	9307	1500152	92	9924	1600019	92	10542	1700075	92	11166	1800132	92	11786	1900071	92	12410	2000080	92	13032	2100019	91	13654	2200109	91	14274	2300104	91	14892	2400099	91	15512	2500031	90	16133	2600125	90	16755	2700038	90	17378	2800152	90	17999	2900017	90	18617	3000062	90	19238	3100038	90	19861	3200072	90	20482	3300090	90	21100	3400066	90	21724	3500038	90	
622	100120	92	1240	200053	92	1859	300032	91	2479	400126	91	3101	500139	91	3721	600080	87	4336	700137	87	4956	800102	87	5575	900139	87	6195	1000126	87	6814	1100108	87	7436	1200035	87	8057	1300085	86	8678	1400150	86	9300	1500056	86	9922	1600060	86	10544	1700114	86	11164	1800149	86	11783	1900095	86	12404	2000170	86	13020	2100151	86	13638	2200115	86	14259	2300008	86	14880	2400112	86	15500	2500035	86	16119	2600058	86	16736	2700108	86	17355	2800080	86	17972	2900057	86	18592	3000145	86	19210	3100045	86	19829	3200101	86	20451	3300144	86	21070	3400018	86	21681	3500029	86	
618	100121	92	1232	200007	92	1854	300074	91	2472	400150	91	3090	500107	91	3710	600117	91	4331	700127	91	4951	800015	91	5571	900026	91	6191	1000133	91	6807	1100052	91	7422	1200097	91	8043	1300109	91	8666	1400130	91	9287	1500059	91	9907	1600106	91	10528	1700030	91	11150	1800045	90	11771	1900078	90	12390	2000041	90	13010	2100038	90	13628	2200102	90	14246	2300092	90	14864	2400109	90	15483	2500117	90	16100	2600055	90	16717	2700098	90	17337	2800011	90	17957	2900018	90	18579	3000129	90	19198	3100113	90	19814	3200019	90	20431	3300166	88	21046	3400039	88	21661	3500046	88	
619	100152	92	1237	200052	92	1856	300084	92	2477	400024	92	3097	500027	92	3716	600028	92	4332	700019	92	4953	800067	92	5573	900121	92	6195	1000091	92	6814	1100065	92	7431	1200079	92	8051	1300079	88	8674	1400129	88	9296	1500098	88	9918	1600135	88	10539	1700035	88	11160	1800082	88	11776	1900073	86	12390	2000081	86	13009	2100016	86	13627	2200119	86	14247	2300169	86	14865	2400045	86	15482	2500155	86	16100	2600108	86	16717	2700024	86	17332	2800157	83	17952	2900168	83	18567	3000093	83	19185	3100135	83	19803	3200153	83	20421	3300014	83	21040	3400008	83	21660	3500082	83	
620	100074	92	1241	200066	89	1861	300060	89	2481	400118	89	3102	500140	89	3722	600030	89	4345	700123	89	4967	800143	89	5585	900141	89	6205	1000076	89	6827	1100069	89	7449	1200111	89	8067	1300022	89	8689	1400040	89	9308	1500131	89	9923	1600115	89	10544	1700160	89	11164	1800157	88	11783	1900108	88	12406	2000009	88	13024	2100026	88	13646	2200103	87	14265	2300055	87	14882	2400080	87	15503	2500071	87	16118	2600060	87	16735	2700078	87	17353	2800159	87	17974	2900159	87	18591	3000090	87	19212	3100125	87	19831	3200112	87	20450	3300029	87	21068	3400071	87	21685	3500026	86	
152	100297	355	304	200366	355	456	300187	355	608	400151	354	761	500684	354	913	600398	354	1065	700282	354	1217	800287	354	1369	900126	354	1521	1000484	354	1673	1100281	354	1824	1200130	354	1976	1300249	354	2128	1400403	354	2280	1500097	354	2432	1600126	354	2585	1700675	354	2736	1800404	353	2888	1900393	353	3039	2000059	353	3191	2100304	353	3343	2200346	353	3495	2300618	353	3646	2400508	353	3797	2500230	353	3949	2600310	353	4102	2700572	353	4254	2800655	352	4405	2900380	352	4558	3000689	352	4710	3100533	352	4862	3200303	352	5014	3300285	352	5166	3400076	352	5318	3500202	352	
153	100180	355	305	200190	355	456	300435	355	607	400232	355	760	500606	355	912	600476	355	1064	700093	355	1216	800150	355	1369	900227	354	1520	1000293	354	1672	1100442	354	1824	1200143	354	1977	1300682	354	2129	1400540	354	2281	1500176	354	2433	1600210	354	2585	1700366	354	2737	1800330	354	2890	1900694	354	3042	2000488	354	3194	2100566	354	3346	2200114	354	3498	2300223	354	3650	2400103	354	3800	2500626	354	3952	2600665	353	4101	2700422	353	4253	2800671	353	4405	2900323	352	4558	3000245	352	4710	3100046	352	4859	3200572	352	5011	3300411	351	5163	3400654	351	5315	3500673	351	
152	100088	355	305	200515	355	456	300513	354	607	400610	354	759	500204	354	911	600110	354	1063	700144	354	1215	800154	354	1367	900269	354	1520	1000442	354	1673	1100566	354	1824	1200384	354	1975	1300099	353	2126	1400545	353	2278	1500674	353	2430	1600602	353	2582	1700453	353	2734	1800142	353	2886	1900428	353	3037	2000331	353	3189	2100502	353	3341	2200053	353	3493	2300166	353	3643	2400464	352	3794	2500100	352	3947	2600573	352	4099	2700357	351	4251	2800368	351	4402	2900187	351	4554	3000391	351	4706	3100377	351	4858	3200355	351	5007	3300201	351	5159	3400131	351	5310	3500066	351	
152	100413	355	305	200574	355	457	300509	355	609	400417	355	759	500155	355	912	600410	355	1065	700587	355	1217	800699	355	1367	900047	355	1518	1000096	353	1670	1100216	353	1822	1200258	353	1975	1300490	353	2127	1400434	352	2278	1500103	352	2430	1600193	352	2582	1700274	352	2735	1800345	352	2888	1900471	352	3039	2000421	352	3191	2100401	352	3343	2200515	352	3495	2300189	352	3648	2400295	352	3800	2500572	352	3952	2600482	352	4104	2700265	352	4256	2800063	352	4408	2900136	352	4560	3000408	351	4712	3100604	351	4864	3200338	351	5013	3300055	348	5165	3400679	347	5317	3500530	347	
152	100149	354	305	200236	354	458	300724	354	609	400076	354	762	500293	354	914	600466	354	1066	700330	354	1219	800707	351	1369	900274	351	1521	1000441	351	1672	1100506	351	1823	1200093	351	1975	1300529	350	2128	1400584	350	2280	1500131	350	2432	1600395	348	2583	1700082	348	2736	1800269	348	2888	1900359	348	3040	2000268	348	3192	2100365	348	3345	2200573	348	3496	2300640	348	3647	2400292	348	3799	2500406	348	3951	2600091	348	4103	2700545	348	4253	2800043	348	4404	2900195	348	4555	3000210	348	4706	3100051	348	4859	3200478	348	5012	3300434	348	5164	3400554	348	5316	3500487	348	
166	100449	365	330	200203	365	496	300599	365	661	400312	364	827	500321	364	993	600572	364	1159	700398	364	1325	800129	364	1490	900385	364	1654	1000114	364	1819	1100271	364	1984	1200097	364	2149	1300400	364	2314	1400462	364	2479	1500320	363	2644	1600092	363	2810	1700516	363	2975	1800586	362	3140	1900107	362	3306	2000290	362	3471	2100527	362	3637	2200521	362	3802	2300280	362	3967	2400252	362	4133	2500523	362	4299	2600541	362	4465	2700343	362	4631	2800423	362	4796	2900319	361	4961	3000511	361	5126	3100325	361	5291	3200607	361	5457	3300666	361	5620	3400047	361	5786	3500136	360	
166	100328	365	332	200170	365	498	300077	365	664	400250	365	830	500447	364	995	600277	364	1162	700583	364	1329	800578	364	1495	900174	363	1661	1000497	363	1827	1100549	363	1992	1200110	363	2158	1300118	363	2324	1400327	363	2488	1500106	363	2654	1600347	363	2819	1700492	363	2984	1800059	363	3149	1900206	363	3315	2000255	363	3480	2100432	363	3645	2200264	363	3811	2300073	363	3978	2400415	363	4143	2500209	363	4309	2600451	362	4474	2700160	362	4640	2800173	362	4806	2900068	360	4971	3000062	360	5132	3100298	360	5298	3200246	360	5464	3300113	358	5630	3400461	358	5794	3500296	358	
166	100533	365	331	200516	364	496	300616	363	660	400045	363	827	500440	363	994	600607	363	1159	700246	363	1324	800391	363	1487	900224	363	1649	1000115	363	1815	1100365	363	1981	1200524	363	2146	1300178	361	2312	1400457	361	2475	1500313	361	2639	1600243	361	2804	1700189	361	2969	1800060	361	3136	1900454	361	3301	2000143	361	3466	2100547	361	3630	2200208	361	3795	2300316	361	3960	2400570	360	4125	2500266	360	4290	2600214	360	4456	2700474	359	4622	2800607	359	4788	2900491	359	4953	3000264	359	5118	3100530	359	5282	3200506	359	5447	3300629	359	5611	3400280	359	5777	3500546	359	
166	100366	365	333	200583	365	499	300418	365	664	400111	365	830	500595	365	995	600348	365	1160	700042	365	1327	800420	365	1493	900471	365	1658	1000126	363	1825	1100621	363	1990	1200236	363	2155	1300548	363	2319	1400504	363	2485	1500447	363	2651	1600212	363	2817	1700215	363	2983	1800346	363	3148	1900049	363	3315	2000445	363	3481	2100426	363	3647	2200266	363	3813	2300138	363	3980	2400487	363	4145	2500103	363	4310	2600559	363	4474	2700136	363	4640	2800521	363	4802	2900235	363	4969	3000655	361	5134	3100559	361	5300	3200635	361	5465	3300519	361	5630	3400463	359	5796	3500551	359	
165	100172	365	330	200331	365	496	300174	365	662	400498	365	828	500502	365	993	600086	365	1159	700040	365	1326	800561	364	1490	900191	364	1656	1000334	364	1821	1100224	364	1987	1200155	362	2153	1300385	361	2319	1400600	361	2484	1500208	361	2650	1600265	359	2815	1700127	359	2979	1800441	359	3144	1900279	359	3310	2000411	359	3476	2100474	359	3641	2200358	359	3807	2300608	359	3972	2400244	359	4137	2500218	357	4302	2600242	357	4466	2700038	357	4631	2800613	357	4794	2900530	357	4960	3000394	357	5126	3100502	357	5292	3200652	357	5456	3300352	357	5617	3400277	357	5783	3500442	357	
35	101178	1803	70	201390	1803	105	301634	1803	140	401731	1802	175	501446	1802	210	601611	1802	245	702601	1802	279	800601	1802	314	901072	1802	349	1001613	1802	384	1101868	1802	419	1202264	1802	453	1300350	1802	488	1401389	1802	523	1501864	1802	558	1602346	1802	593	1702585	1801	627	1800419	1801	662	1900368	1801	697	2000459	1801	732	2100365	1801	767	2201076	1801	802	2301255	1801	837	2402278	1801	872	2502718	1801	907	2603121	1801	941	2701384	1800	975	2800618	1800	1010	2901230	1800	1045	3000963	1800	1080	3100883	1800	1115	3201474	1800	1150	3302270	1800	1185	3402658	1800	1219	3500333	1800	
35	101806	1803	70	202627	1802	105	303032	1802	139	400324	1802	174	502104	1801	208	600364	1801	244	702957	1801	279	803013	1801	314	902845	1800	349	1002698	1800	384	1102867	1800	418	1200947	1800	453	1301767	1800	488	1402294	1800	522	1500512	1800	557	1601147	1800	592	1701785	1800	627	1802516	1800	662	1902665	1800	697	2002942	1800	731	2100960	1800	766	2201833	1800	801	2302052	1800	836	2401987	1800	871	2501433	1799	906	2601726	1799	941	2701758	1797	976	2801658	1797	1010	2900765	1797	1045	3000773	1797	1080	3101807	1795	1115	3201517	1795	1150	3301250	1795	1185	3401158	1795	1220	3501560	1795	
35	100595	1803	70	201066	1803	105	301390	1802	140	402967	1802	174	502169	1802	209	602661	1802	244	702356	1802	279	802795	1802	314	903028	1802	348	1000971	1802	383	1101983	1802	417	1200671	1802	452	1301208	1801	487	1401167	1801	522	1501556	1801	557	1601478	1801	592	1701298	1801	627	1801485	1801	662	1901583	1801	697	2001689	1801	732	2103076	1801	766	2201581	1801	801	2302518	1801	836	2402693	1801	870	2501408	1801	905	2601865	1801	940	2702052	1801	975	2801648	1800	1010	2902347	1800	1045	3002128	1800	1080	3102525	1800	1114	3200226	1800	1149	3300917	1800	1184	3401162	1800	1219	3501292	1800	
35	100442	1803	70	201931	1803	105	302462	1803	140	403121	1803	174	501073	1803	209	602437	1803	243	701553	1803	277	800494	1803	312	900809	1802	347	1001047	1800	382	1101361	1800	417	1202546	1800	451	1301154	1800	486	1401721	1800	521	1502368	1800	555	1600487	1800	590	1700913	1800	625	1801624	1800	660	1901438	1799	695	2002553	1799	730	2102984	1799	764	2200394	1799	799	2301092	1799	834	2401426	1799	869	2501374	1799	904	2602996	1799	938	2701255	1799	973	2802424	1798	1008	2902882	1798	1043	3002841	1798	1077	3100480	1798	1112	3200376	1795	1147	3300552	1794	1182	3400918	1794	1217	3503072	1794	
35	101483	1802	70	201088	1802	105	301370	1802	140	401579	1802	175	501798	1802	210	601805	1802	245	702946	1802	279	800500	1802	314	901631	1802	349	1001939	1802	384	1101918	1802	418	1201828	1799	453	1302157	1799	487	1400781	1799	522	1501797	1797	557	1602198	1797	592	1702875	1797	627	1802774	1797	662	1902885	1797	696	2000921	1797	731	2100986	1797	766	2201128	1797	801	2301052	1797	836	2401290	1797	871	2500994	1797	906	2600463	1797	941	2700576	1797	976	2800559	1797	1011	2900857	1797	1046	3001425	1797	1081	3101630	1797	1116	3202814	1797	1150	3300412	1797	1185	3400691	1797	1220	3500912	1797	
39	102650	1754	77	202276	1754	115	301846	1754	153	400789	1754	191	500624	1754	229	600502	1754	268	702722	1754	305	800661	1754	343	900655	1754	381	1000765	1754	420	1102443	1754	458	1202197	1754	496	1302274	1754	534	1401747	1754	572	1501290	1754	610	1601006	1754	648	1701029	1753	686	1801572	1753	724	1901264	1753	762	2000955	1753	800	2101319	1753	838	2200780	1753	876	2301136	1753	914	2401349	1753	952	2501420	1753	990	2600666	1753	1029	2702410	1753	1067	2802025	1753	1105	2901261	1753	1143	3001123	1753	1181	3100602	1753	1219	3200298	1753	1258	3302262	1753	1296	3401550	1753	1334	3501575	1753	
39	102639	1754	77	201729	1754	115	301411	1754	153	401875	1754	191	501221	1754	229	600894	1754	267	700725	1754	305	800869	1754	343	900610	1754	381	1000492	1754	419	1100702	1754	457	1200393	1754	495	1300866	1754	533	1401174	1754	571	1501375	1754	609	1600544	1754	647	1700777	1754	685	1801426	1754	723	1901951	1754	761	2001724	1754	799	2100990	1754	838	2202773	1754	875	2300424	1754	914	2402450	1754	949	2501827	1754	987	2602242	1754	1025	2701866	1753	1063	2801237	1753	1101	2901905	1753	1139	3002110	1753	1177	3102379	1753	1215	3201461	1753	1253	3300915	1753	1292	3402722	1753	1330	3502059	1753	
39	102435	1754	77	201579	1753	114	300187	1753	153	402344	1753	191	502117	1753	229	602042	1753	267	702065	1753	305	802787	1753	343	901937	1753	381	1002148	1753	419	1101677	1753	457	1201343	1753	495	1300980	1753	534	1402748	1753	571	1500370	1753	609	1600392	1753	647	1700806	1753	685	1800481	1753	724	1902759	1753	762	2002772	1753	799	2100183	1753	837	2200471	1753	875	2300481	1753	913	2400741	1753	951	2500267	1752	990	2602192	1752	1028	2701398	1752	1066	2801018	1752	1104	2901542	1752	1142	3001109	1752	1180	3100984	1752	1218	3201246	1752	1256	3301712	1752	1294	3400923	1752	1332	3501343	1752	
39	102670	1754	77	202694	1754	115	302738	1754	152	400853	1753	190	500504	1753	229	602638	1753	267	702424	1753	305	801541	1753	343	901009	1753	381	1001342	1753	419	1101271	1753	457	1200782	1753	495	1300668	1753	534	1402611	1753	572	1502803	1753	610	1602631	1753	647	1700576	1753	685	1801021	1753	723	1901059	1752	761	2001192	1752	799	2101001	1752	837	2200826	1752	875	2300926	1752	913	2400809	1752	951	2500837	1751	989	2601180	1751	1027	2701227	1751	1065	2801023	1751	1103	2901455	1751	1141	3001356	1751	1179	3102198	1750	1217	3201662	1749	1255	3301091	1749	1293	3401605	1749	1331	3501245	1748	
39	101967	1753	77	202298	1753	115	302022	1753	153	401678	1753	191	501389	1753	229	600985	1753	267	701229	1753	305	801212	1753	343	901668	1753	381	1002335	1753	419	1102504	1752	456	1200601	1751	494	1300451	1751	532	1400254	1751	570	1500622	1750	608	1600854	1750	646	1701035	1750	684	1801318	1750	722	1901464	1750	760	2001094	1750	798	2101425	1750	836	2201686	1750	874	2301532	1750	912	2401431	1749	950	2501092	1749	988	2600561	1749	1026	2700818	1749	1064	2800860	1749	1102	2900953	1749	1140	3001533	1749	1178	3102258	1749	1216	3202659	1749	1254	3302674	1749	1292	3402389	1749	1329	3500308	1749	
484	100088	2611	965	200105	2611	1450	300024	2611	1937	400145	2611	2422	500192	2610	2907	600112	2610	3393	700073	2610	3880	800158	2610	4366	900203	2610	4852	1000094	2610	5335	1100075	2610	5819	1200112	2610	6305	1300190	2610	6789	1400129	2610	7271	1500142	2610	7753	1600035	2610	8239	1700039	2610	8724	1800124	2610	9206	1900059	2609	9688	2000082	2609	10169	2100099	2609	10652	2200069	2609	11137	2300016	2608	11622	2400050	2608	12104	2500044	2608	12587	2600112	2608	13073	2700145	2608	13558	2800161	2608	14045	2900128	2608	14532	3000081	2608	15018	3100182	2608	15503	3200148	2608	15989	3300082	2608	16474	3400086	2608	16958	3500141	2607	
485	100036	2611	970	200044	2611	1449	300035	2610	1937	400144	2610	2423	500095	2610	2908	600050	2609	3395	700082	2609	3882	800067	2609	4366	900189	2609	4849	1000205	2609	5333	1100174	2608	5819	1200204	2608	6303	1300166	2608	6789	1400101	2608	7275	1500187	2608	7757	1600113	2608	8242	1700102	2608	8728	1800037	2608	9213	1900156	2608	9698	2000120	2608	10150	2100214	2608	10635	2200129	2608	11119	2300072	2608	11603	2400109	2608	12087	2500039	2608	12572	2600160	2608	13058	2700084	2608	13543	2800018	2608	14029	2900051	2608	14516	3000093	2608	14998	3100211	2608	15484	3200099	2607	15971	3300147	2607	16456	3400145	2607	16942	3500166	2606	
485	100027	2611	971	200191	2610	1457	300015	2610	1943	400195	2609	2428	500173	2609	2915	600118	2609	3398	700189	2609	3876	800077	2609	4362	900114	2609	4848	1000078	2609	5334	1100140	2609	5820	1200010	2609	6305	1300193	2609	6787	1400144	2609	7268	1500057	2609	7753	1600099	2608	8238	1700086	2608	8722	1800057	2608	9207	1900171	2608	9693	2000180	2608	10178	2100080	2608	10664	2200084	2608	11149	2300035	2608	11633	2400026	2608	12118	2500169	2608	12601	2600098	2608	13083	2700131	2608	13566	2800046	2608	14051	2900036	2607	14534	3000033	2607	15019	3100133	2607	15505	3200083	2607	15988	3300059	2606	16474	3400035	2606	16959	3500050	2606	
486	100120	2611	970	200096	2611	1455	300055	2611	1942	400116	2611	2424	500046	2610	2909	600160	2610	3393	700029	2610	3879	800017	2610	4364	900179	2610	4846	1000042	2610	5327	1100165	2610	5812	1200173	2608	6298	1300104	2608	6784	1400055	2608	7271	1500088	2608	7756	1600045	2608	8241	1700170	2606	8723	1800075	2606	9207	1900122	2606	9692	2000196	2606	10175	2100036	2606	10663	2200199	2606	11146	2300037	2606	11630	2400161	2606	12114	2500200	2605	12598	2600046	2605	13081	2700191	2605	13565	2800057	2605	14048	2900019	2605	14532	3000134	2605	15017	3100085	2605	15501	3200212	2605	15986	3300175	2604	16467	3400056	2603	16951	3500033	2603	
482	100017	2610	968	200056	2610	1451	300108	2610	1937	400091	2610	2421	500066	2610	2904	600121	2610	3391	700180	2610	3877	800108	2610	4362	900191	2610	4843	1000126	2609	5328	1100082	2609	5814	1200103	2609	6298	1300064	2609	6782	1400189	2608	7267	1500115	2608	7751	1600087	2607	8233	1700030	2607	8718	1800078	2607	9204	1900145	2607	9688	2000118	2605	10174	2100185	2605	10657	2200079	2605	11141	2300173	2605	11627	2400154	2605	12111	2500131	2605	12596	2600194	2605	13082	2700047	2605	13563	2800137	2605	14048	2900087	2605	14532	3000121	2605	15015	3100046	2604	15501	3200169	2604	15985	3300069	2604	16469	3400047	2604	16955	3500194	2604	
141	100742	10027	281	200706	10027	420	300548	10027	561	400669	10026	701	500387	10026	841	600428	10026	980	700094	10026	1120	800099	10026	1260	900339	10026	1399	1000053	10026	1540	1100754	10026	1680	1200180	10026	1820	1300599	10026	1960	1400401	10026	2100	1500331	10025	2240	1600240	10025	2380	1700211	10025	2520	1800311	10024	2660	1900419	10024	2799	2000093	10024	2939	2100303	10024	3079	2200219	10024	3220	2300293	10024	3361	2400545	10024	3501	2500263	10024	3641	2600332	10024	3781	2700129	10024	3922	2800590	10023	4061	2900322	10022	4201	3000482	10022	4341	3100704	10022	4481	3200667	10021	4621	3300367	10021	4761	3400209	10020	4901	3500186	10020	
140	100280	10027	280	200387	10027	418	300772	10026	557	400479	10026	698	500356	10025	838	600558	10025	978	700044	10025	1118	800110	10025	1258	900090	10024	1398	1000584	10024	1539	1100719	10024	1680	1200694	10024	1820	1300145	10024	1961	1400415	10024	2101	1500275	10024	2242	1600605	10024	2382	1700750	10024	2522	1800379	10024	2662	1900133	10024	2803	2000174	10024	2934	2100713	10024	3074	2200507	10024	3215	2300680	10024	3354	2400181	10024	3495	2500579	10024	3635	2600448	10023	3775	2700633	10023	3915	2800239	10022	4055	2900151	10022	4196	3000575	10022	4336	3100730	10022	4475	3200265	10022	4616	3300064	10020	4757	3400343	10020	4897	3500332	10020	
141	100418	10027	282	200679	10026	422	300193	10025	562	400145	10025	703	500292	10025	844	600507	10025	984	700056	10025	1125	800307	10025	1265	900426	10025	1406	1000586	10025	1546	1100142	10025	1687	1200268	10025	1827	1300474	10024	1967	1400232	10024	2108	1500506	10024	2248	1600276	10024	2388	1700052	10024	2529	1800697	10024	2668	1900122	10024	2809	2000285	10024	2950	2100589	10024	3090	2200413	10024	3231	2300728	10023	3371	2400498	10023	3510	2500234	10023	3649	2600175	10022	3789	2700625	10022	3928	2800234	10022	4068	2900341	10021	4208	3000701	10021	4348	3100571	10021	4487	3200157	10021	4626	3300724	10021	4767	3400747	10021	4906	3500585	10021	
141	100223	10027	282	200736	10027	422	300213	10027	563	400712	10026	703	500330	10026	844	600691	10026	984	700448	10026	1124	800089	10026	1264	900121	10026	1405	1000048	10024	1547	1100743	10024	1685	1200312	10024	1825	1300235	10024	1966	1400441	10023	2106	1500564	10023	2245	1600366	10023	2384	1700536	10023	2524	1800490	10023	2665	1900720	10023	2805	2000689	10022	2945	2100236	10022	3086	2200616	10022	3226	2300473	10022	3366	2400208	10022	3507	2500717	10022	3647	2600535	10022	3788	2700379	10020	3929	2800571	10020	4070	2900528	10019	4210	3000242	10019	4351	3100187	10019	4491	3200402	10019	4631	3300117	10017	4772	3400751	10016	4912	3500755	10016	
141	100451	10026	281	200437	10026	421	300275	10026	562	400356	10026	701	500151	10026	841	600055	10026	981	700295	10026	1121	800103	10025	1262	900175	10025	1403	1000480	10025	1543	1100135	10024	1683	1200617	10024	1823	1300248	10023	1963	1400333	10023	2104	1500621	10023	2245	1600448	10022	2385	1700283	10022	2525	1800694	10022	2664	1900449	10022	2803	2000086	10022	2943	2100192	10022	3083	2200049	10022	3223	2300280	10022	3363	2400287	10022	3504	2500648	10021	3644	2600505	10021	3784	2700164	10021	3924	2800452	10021	4064	2900083	10021	4205	3000326	10021	4346	3100623	10021	4486	3200184	10021	4627	3300416	10021	4768	3400473	10021	4908	3500746	10020	
31	102621	50414	61	202078	50414	91	301542	50414	121	400352	50413	152	503425	50413	182	602700	50413	212	701325	50413	242	800725	50413	273	902949	50413	303	1002701	50413	333	1101954	50413	363	1200986	50413	394	1303467	50413	424	1402676	50412	454	1502655	50412	484	1602292	50412	514	1701971	50412	544	1801041	50412	574	1900470	50412	605	2003031	50412	635	2102522	50412	665	2202665	50412	695	2302094	50412	725	2401126	50412	755	2500378	50412	786	2603385	50412	816	2702151	50410	846	2800726	50410	877	2903415	50410	907	3002268	50409	937	3101499	50409	967	3200570	50409	998	3302911	50408	1028	3402001	50407	1058	3501163	50407	
30	100519	50414	61	202769	50412	91	302775	50412	121	401867	50411	151	500573	50411	182	602859	50411	212	702305	50411	242	801978	50411	272	900819	50410	303	1003007	50410	333	1102132	50410	363	1200873	50410	394	1302924	50410	424	1401830	50410	454	1501102	50410	484	1600468	50410	515	1703174	50410	545	1802047	50410	573	1901710	50410	603	2000774	50410	634	2103186	50410	664	2202124	50410	694	2301156	50410	725	2403306	50408	755	2502583	50408	785	2601583	50408	815	2700663	50407	846	2803207	50407	876	2902382	50407	906	3001841	50407	936	3100623	50405	967	3202615	50405	997	3302031	50405	1027	3401182	50405	1057	3500331	50405	
31	102793	50414	61	202108	50413	91	300872	50412	122	403528	50412	152	502714	50412	182	601913	50412	212	700665	50412	243	803376	50412	273	902038	50412	303	1000883	50412	333	1100668	50412	364	1203392	50411	394	1302801	50411	424	1402364	50411	454	1501686	50411	484	1600655	50411	515	1703034	50411	545	1802236	50411	575	1901286	50411	606	2003278	50411	636	2102678	50411	666	2201531	50410	697	2303493	50410	727	2402351	50410	757	2501375	50409	788	2603436	50409	818	2702270	50409	848	2801587	50408	878	2900942	50408	908	3000346	50408	938	3100628	50408	968	3200359	50408	999	3303105	50408	1029	3402594	50408	1059	3501244	50408	
31	102435	50414	61	201989	50414	91	301207	50414	121	400388	50413	152	502369	50413	182	601706	50413	212	700828	50413	243	803084	50413	273	902471	50411	303	1001812	50411	333	1100672	50411	364	1203472	50411	394	1302574	50410	424	1401509	50410	454	1501161	50410	485	1603413	50410	515	1702072	50410	545	1801637	50410	575	1900778	50409	606	2002960	50409	636	2102048	50409	666	2200957	50409	696	2300542	50409	727	2402948	50409	757	2501671	50408	787	2601447	50407	817	2700606	50407	848	2802922	50407	878	2902065	50407	908	3000820	50407	939	3102691	50405	969	3201849	50404	999	3300956	50404	1029	3400283	50404	1060	3502906	50403	
31	102673	50413	61	201545	50413	91	300783	50413	122	403245	50413	152	502063	50413	182	600985	50413	212	701496	50413	242	800774	50412	272	900448	50412	303	1002995	50412	333	1101857	50411	363	1200847	50410	394	1303242	50410	424	1402325	50410	454	1500998	50408	485	1603340	50408	515	1702118	50408	545	1801489	50408	575	1900283	50408	606	2003152	50408	636	2102697	50408	666	2202383	50408	696	2302419	50408	726	2401358	50407	756	2500420	50407	787	2603371	50407	817	2702510	50407	847	2801862	50407	877	2901499	50407	907	3000616	50407	938	3102772	50407	968	3201678	50407	998	3300538	50406	1029	3403154	50406	1059	3502452	50406	
