versja nr 1;wspolczynnik mutacji 1.800000;wielkosc populacji 60
332	100128	524	500	151498	274	657	200040	84	974	300174	44	1000	308429	44	1290	400153	44	1500	466590	44	1607	500318	44	1923	600201	44	2000	624447	44	2239	700084	44	2500	782768	44	2555	800144	44	2871	900312	44	3000	941057	44	3187	1000104	44	3500	1099025	44	3504	1100315	44	3820	1200200	44	4000	1256934	44	4137	1300180	44	4451	1400102	44	4500	1415563	44	4766	1500310	44	5000	1574161	44	5082	1600045	44	5397	1700112	44	5500	1732790	44	5713	1800257	44	6000	1891248	44	6028	1900113	44	6343	2000123	44	6500	2049976	44	6659	2100101	44	6974	2200102	44	7000	2208308	44	7290	2300087	44	7500	2366385	44	7604	2400188	44	7908	2500099	44	
329	100047	408	500	153185	192	650	200244	54	966	300162	50	1000	310917	50	1282	400119	50	1500	469379	50	1597	500259	50	1907	600233	50	2000	629861	50	2222	700176	50	2500	788206	50	2538	800257	50	2852	900309	50	3000	947189	50	3167	1000145	50	3481	1100179	50	3500	1106369	50	3797	1200225	50	4000	1264456	50	4112	1300161	50	4427	1400248	50	4500	1423379	50	4734	1500310	50	5000	1584768	50	5048	1600197	50	5364	1700297	50	5500	1743335	50	5680	1800332	50	5996	1900273	50	6000	1901553	50	6312	2000270	50	6500	2059685	50	6626	2100024	50	6942	2200276	50	7000	2218622	50	7258	2300135	50	7500	2377180	50	7570	2400074	50	7886	2500243	50	
331	100078	466	500	151880	255	658	200293	84	977	300253	48	1000	307450	48	1295	400201	48	1500	466170	48	1605	500245	48	1923	600117	48	2000	624313	48	2241	700058	48	2500	781788	48	2558	800037	48	2877	900245	48	3000	938920	48	3194	1000177	48	3500	1096365	48	3512	1100239	48	3829	1200181	48	4000	1253691	48	4149	1300301	48	4464	1400141	48	4500	1411452	48	4783	1500180	48	5000	1568150	48	5101	1600234	48	5420	1700151	48	5500	1725271	48	5739	1800080	48	6000	1882741	48	6055	1900251	48	6371	2000325	48	6500	2040980	48	6688	2100157	48	7000	2197899	48	7007	2200116	48	7323	2300077	48	7500	2355535	48	7643	2400315	48	7960	2500132	48	
333	100067	554	500	151223	337	660	200128	144	981	300134	56	1000	306058	56	1299	400046	56	1500	463447	56	1617	500029	56	1935	600227	56	2000	620484	56	2253	700037	56	2500	777747	56	2572	800248	56	2891	900062	56	3000	934192	56	3211	1000173	56	3500	1090673	56	3530	1100038	56	3850	1200313	56	4000	1247129	56	4170	1300231	56	4488	1400039	56	4500	1403830	56	4806	1500164	56	5000	1560788	56	5125	1600035	56	5443	1700038	56	5500	1717867	56	5763	1800157	56	6000	1874139	56	6083	1900054	56	6404	2000314	56	6500	2030424	56	6723	2100235	56	7000	2186778	56	7043	2200203	56	7362	2300143	56	7500	2343503	56	7681	2400284	56	7994	2500233	56	
330	100169	488	500	152537	258	653	200317	94	969	300154	46	1000	309954	46	1286	400275	46	1500	468086	46	1601	500046	46	1918	600213	46	2000	626104	46	2235	700052	46	2500	783877	46	2552	800336	46	2868	900252	46	3000	941722	46	3185	1000148	46	3500	1099577	46	3502	1100243	46	3817	1200230	46	4000	1258373	46	4131	1300117	46	4447	1400239	46	4500	1417125	46	4761	1500076	46	5000	1578335	46	5069	1600268	46	5386	1700288	46	5500	1736281	46	5702	1800230	46	6000	1894976	46	6016	1900072	46	6333	2000130	46	6500	2052864	46	6649	2100030	46	6964	2200227	46	7000	2211644	46	7279	2300153	46	7500	2370047	46	7595	2400094	46	7910	2500115	46	
333	100115	394	500	151286	192	657	200075	58	973	300250	50	1000	308834	50	1289	400199	50	1500	467271	50	1603	500131	50	1910	600394	50	2000	629312	50	2224	700294	50	2500	787511	50	2540	800198	50	2857	900298	50	3000	945469	50	3173	1000076	50	3488	1100054	50	3500	1103851	50	3804	1200322	50	4000	1263960	50	4113	1300143	50	4425	1400203	50	4500	1424329	50	4738	1500221	50	5000	1583437	50	5052	1600223	50	5368	1700322	50	5500	1742107	50	5684	1800216	50	6000	1900136	50	6000	1900162	50	6316	2000194	50	6500	2058476	50	6631	2100143	50	6947	2200181	50	7000	2216947	50	7263	2300185	50	7500	2375615	50	7577	2400215	50	7891	2500179	50	
330	100101	474	500	152627	264	653	200050	99	972	300211	55	1000	309019	55	1291	400261	55	1500	465806	55	1609	500213	55	1925	600158	55	2000	623668	55	2243	700102	55	2500	781101	55	2561	800258	55	2877	900237	55	3000	938823	55	3194	1000083	55	3500	1096914	55	3510	1100069	55	3828	1200331	55	4000	1254753	55	4144	1300174	55	4461	1400025	55	4500	1412405	55	4778	1500135	55	5000	1570264	55	5095	1600264	55	5414	1700302	55	5500	1727373	55	5732	1800227	55	6000	1884477	55	6050	1900160	55	6368	2000067	55	6500	2041465	55	6687	2100153	55	7000	2198702	55	7005	2200295	55	7323	2300151	55	7500	2356482	55	7639	2400332	55	7956	2500181	55	
329	100148	413	500	153058	191	652	200192	52	967	300300	48	1000	310881	48	1280	400298	48	1500	469929	48	1596	500328	48	1910	600251	48	2000	628802	48	2224	700231	48	2500	788112	48	2538	800242	48	2851	900116	48	3000	947318	48	3166	1000066	48	3481	1100062	48	3500	1106121	48	3796	1200038	48	4000	1264711	48	4112	1300263	48	4427	1400059	48	4500	1423104	48	4744	1500267	48	5000	1582152	48	5054	1600283	48	5363	1700326	48	5500	1743809	48	5677	1800091	48	5993	1900236	48	6000	1902481	48	6308	2000100	48	6500	2060956	48	6624	2100246	48	6939	2200180	48	7000	2219484	48	7255	2300127	48	7500	2377760	48	7570	2400067	48	7885	2500117	48	
330	100306	410	500	153064	209	650	200304	74	965	300127	56	1000	311219	56	1280	400216	56	1500	469736	56	1596	500106	56	1912	600260	56	2000	629724	56	2217	700282	56	2500	790197	56	2531	800064	56	2847	900113	56	3000	949328	56	3159	1000250	56	3473	1100063	56	3500	1108683	56	3789	1200092	56	4000	1266793	56	4105	1300107	56	4420	1400092	56	4500	1425487	56	4735	1500147	56	5000	1584331	56	5050	1600166	56	5366	1700286	56	5500	1742752	56	5681	1800093	56	5996	1900319	56	6000	1901601	56	6310	2000179	56	6500	2060485	56	6625	2100050	56	6941	2200214	56	7000	2218830	56	7257	2300138	56	7500	2377168	56	7572	2400046	56	7889	2500324	56	
333	100056	421	500	150966	229	660	200292	74	979	300311	55	1000	306887	55	1298	400235	55	1500	463603	55	1616	500082	55	1935	600196	55	2000	621146	55	2252	700148	55	2500	777879	55	2571	800133	55	2891	900287	55	3000	934694	55	3209	1000131	55	3500	1091367	55	3527	1100057	55	3847	1200222	55	4000	1248201	55	4165	1300146	55	4484	1400087	55	4500	1405108	55	4803	1500036	55	5000	1561758	55	5122	1600258	55	5440	1700274	55	5500	1719050	55	5759	1800170	55	6000	1875673	55	6078	1900253	55	6396	2000171	55	6500	2032993	55	6713	2100164	55	7000	2190035	55	7032	2200061	55	7352	2300278	55	7500	2346647	55	7671	2400194	55	7990	2500154	55	
336	100137	544	500	149149	307	669	200199	97	996	300029	46	1000	301257	46	1324	400038	46	1500	453875	46	1650	500178	46	1974	600135	46	2000	608075	46	2297	700050	46	2500	762025	46	2625	800041	46	2954	900303	46	3000	914454	46	3280	1000203	46	3500	1067234	46	3607	1100035	46	3936	1200175	46	4000	1219631	46	4264	1300109	46	4500	1372126	46	4592	1400193	46	4919	1500038	46	5000	1525078	46	5245	1600224	46	5500	1678634	46	5565	1700193	46	5890	1800256	46	6000	1833740	46	6218	1900076	46	6500	1986195	46	6546	2000237	46	6873	2100128	46	7000	2138887	46	7201	2200179	46	7500	2291726	46	7528	2300252	46	7856	2400274	46	8000	2444042	46	8184	2500259	46	
328	100214	564	500	153158	331	653	200152	120	970	300241	50	1000	309788	50	1286	400292	50	1500	467898	50	1602	500130	50	1917	600079	50	2000	626243	50	2233	700117	50	2500	787007	50	2542	800318	50	2858	900109	50	3000	945064	50	3174	1000149	50	3489	1100084	50	3500	1103573	50	3804	1200319	50	4000	1262601	50	4119	1300191	50	4434	1400273	50	4500	1421347	50	4748	1500305	50	5000	1580265	50	5063	1600190	50	5378	1700145	50	5500	1738703	50	5695	1800223	50	6000	1896678	50	6011	1900187	50	6327	2000233	50	6500	2054914	50	6643	2100153	50	6959	2200201	50	7000	2213170	50	7275	2300328	50	7500	2371337	50	7591	2400053	50	7908	2500147	50	
332	100255	569	500	151561	331	656	200061	130	972	300093	47	1000	308983	47	1288	400274	47	1500	467361	47	1604	500303	47	1920	600301	47	2000	625496	47	2235	700206	47	2500	783867	47	2552	800274	47	2869	900292	47	3000	941908	47	3184	1000315	47	3500	1100041	47	3500	1100066	47	3817	1200126	47	4000	1257855	47	4134	1300235	47	4450	1400198	47	4500	1415987	47	4767	1500206	47	5000	1573801	47	5083	1600087	47	5399	1700276	47	5500	1732267	47	5715	1800161	47	6000	1890271	47	6031	1900088	47	6347	2000108	47	6500	2048404	47	6663	2100087	47	6980	2200046	47	7000	2206404	47	7297	2300043	47	7500	2364043	47	7614	2400085	47	7932	2500188	47	
324	100222	519	500	155266	280	643	200091	108	953	300069	49	1000	315213	49	1265	400223	49	1500	475458	49	1577	500253	49	1888	600071	49	2000	635864	49	2201	700089	49	2500	796491	49	2511	800091	49	2822	900250	49	3000	957185	49	3134	1000271	49	3445	1100020	49	3500	1117703	49	3757	1200231	49	4000	1278368	49	4068	1300264	49	4380	1400275	49	4500	1438679	49	4692	1500202	49	5000	1598723	49	5004	1600023	49	5315	1700088	49	5500	1760978	49	5618	1800045	49	5929	1900178	49	6000	1922921	49	6241	2000323	49	6500	2083866	49	6551	2100258	49	6863	2200231	49	7000	2244158	49	7174	2300119	49	7487	2400278	49	7500	2404468	49	7798	2500040	49	
331	100228	576	500	151536	329	658	200134	131	976	300113	53	1000	307662	53	1293	400238	53	1500	465539	53	1610	500221	53	1927	600290	53	2000	623318	53	2244	700222	53	2500	781534	53	2555	800253	53	2867	900281	53	3000	942408	53	3183	1000281	53	3499	1100112	53	3500	1100449	53	3813	1200247	53	4000	1259121	53	4131	1300305	53	4448	1400128	53	4500	1416521	53	4767	1500294	53	5000	1573498	53	5085	1600297	53	5402	1700112	53	5500	1730896	53	5719	1800145	53	6000	1888530	53	6037	1900204	53	6355	2000159	53	6500	2045867	53	6673	2100321	53	6990	2200237	53	7000	2203407	53	7308	2300295	53	7500	2360641	53	7625	2400126	53	7939	2500251	53	
326	100196	523	500	153892	280	648	200106	95	962	300163	47	1000	312139	47	1278	400179	47	1500	470500	47	1594	500324	47	1909	600052	47	2000	628916	47	2225	700089	47	2500	787499	47	2540	800227	47	2856	900192	47	3000	945762	47	3172	1000195	47	3487	1100260	47	3500	1104395	47	3802	1200039	47	4000	1262564	47	4119	1300179	47	4435	1400149	47	4500	1420953	47	4750	1500077	47	5000	1579165	47	5066	1600048	47	5382	1700244	47	5500	1737757	47	5696	1800086	47	6000	1896402	47	6012	1900254	47	6328	2000321	47	6500	2054721	47	6643	2100147	47	6958	2200070	47	7000	2213351	47	7274	2300225	47	7500	2371856	47	7589	2400043	47	7905	2500054	47	
323	100052	513	500	155515	291	642	200229	122	958	300144	47	1000	313434	47	1274	400205	47	1500	471673	47	1590	500117	47	1906	600326	47	2000	630036	47	2222	700233	47	2500	788564	47	2536	800165	47	2850	900108	47	3000	947695	47	3166	1000301	47	3479	1100036	47	3500	1106695	47	3793	1200243	47	4000	1267109	47	4104	1300158	47	4420	1400157	47	4500	1425503	47	4735	1500084	47	5000	1583955	47	5051	1600222	47	5362	1700112	47	5500	1743842	47	5674	1800141	47	5980	1900315	47	6000	1906705	47	6292	2000058	47	6500	2066025	47	6608	2100323	47	6924	2200250	47	7000	2224309	47	7240	2300303	47	7500	2382595	47	7555	2400023	47	7872	2500302	47	
329	100095	606	500	152568	359	654	200157	153	973	300161	49	1000	308829	49	1286	400073	49	1500	468313	49	1599	500070	49	1915	600237	49	2000	627295	49	2229	700303	49	2500	786201	49	2544	800170	49	2850	900060	49	3000	948145	49	3165	1000258	49	3481	1100227	49	3500	1106236	49	3799	1200253	49	4000	1263497	49	4117	1300309	49	4435	1400288	49	4500	1420759	49	4753	1500259	49	5000	1578090	49	5070	1600116	49	5386	1700033	49	5500	1736189	49	5702	1800061	49	6000	1895022	49	6016	1900194	49	6333	2000286	49	6500	2052848	49	6649	2100058	49	6967	2200170	49	7000	2210526	49	7285	2300277	49	7500	2368045	49	7602	2400080	49	7920	2500303	49	
321	100234	548	500	156496	303	638	200112	119	951	300222	44	1000	315873	44	1264	400151	44	1500	475356	44	1578	500282	44	1890	600070	44	2000	635214	44	2204	700228	44	2500	795269	44	2515	800181	44	2827	900245	44	3000	955782	44	3138	1000247	44	3450	1100173	44	3500	1116146	44	3760	1200323	44	4000	1277062	44	4072	1300032	44	4385	1400225	44	4500	1436995	44	4698	1500334	44	5000	1596975	44	5010	1600204	44	5323	1700107	44	5500	1756562	44	5636	1800234	44	5948	1900241	44	6000	1916892	44	6260	2000111	44	6500	2076717	44	6573	2100059	44	6886	2200144	44	7000	2236652	44	7196	2300054	44	7500	2397230	44	7509	2400117	44	7822	2500079	44	
327	100299	523	500	154025	292	647	200270	116	961	300331	43	1000	312741	43	1276	400236	43	1500	471197	43	1592	500332	43	1907	600136	43	2000	629581	43	2223	700188	43	2500	787945	43	2538	800138	43	2852	900091	43	3000	947103	43	3167	1000117	43	3481	1100034	43	3500	1106092	43	3795	1200062	43	4000	1265126	43	4109	1300151	43	4425	1400315	43	4500	1424049	43	4740	1500259	43	5000	1582937	43	5054	1600079	43	5370	1700152	43	5500	1741459	43	5685	1800251	43	5999	1900236	43	6000	1900568	43	6304	2000200	43	6500	2062522	43	6619	2100253	43	6935	2200326	43	7000	2220965	43	7250	2300274	43	7500	2380037	43	7563	2400183	43	7877	2500047	43	
130	100202	4559	259	200139	4110	389	300768	3694	500	386922	3365	517	400170	3309	646	500268	2925	773	600090	2578	901	700543	2260	1000	778409	2032	1028	800501	1972	1154	900211	1710	1278	1000599	1457	1404	1100823	1232	1500	1177146	1069	1529	1200173	1026	1654	1300248	836	1779	1400881	655	1901	1500195	511	2000	1581509	408	2023	1600513	389	2143	1700658	301	2259	1800714	247	2374	1900783	213	2488	2000672	207	2500	2011303	207	2601	2100689	207	2714	2200429	207	2828	2300766	207	2941	2400595	207	3000	2452464	207	3055	2500904	207	
129	100253	4631	258	200282	4182	387	300532	3766	500	388387	3424	515	400178	3382	643	500716	3012	770	600660	2672	897	700352	2339	1000	781205	2093	1024	800213	2039	1151	900242	1751	1277	1000448	1491	1404	1100720	1259	1500	1176657	1099	1530	1200466	1051	1655	1300138	859	1781	1400478	681	1906	1500485	538	2000	1576265	441	2030	1600717	413	2152	1700132	318	2273	1800572	243	2391	1900812	197	2500	1996774	197	2504	2000320	197	2619	2100480	197	2733	2200261	197	2848	2300717	197	2962	2400371	197	3000	2433572	197	3077	2500649	197	
131	100509	4572	261	200157	4097	391	300233	3668	500	384376	3339	521	400740	3270	650	500823	2880	778	600558	2534	904	700355	2220	1000	775333	1979	1032	800516	1900	1159	900236	1609	1285	1000756	1364	1410	1100417	1126	1500	1172121	967	1535	1200095	909	1660	1300867	718	1784	1400779	559	1906	1500780	437	2000	1577872	364	2027	1600147	343	2148	1700327	259	2267	1800756	205	2382	1900851	195	2494	2000456	195	2500	2006050	195	2607	2100689	195	2721	2200513	195	2835	2300449	195	2949	2400368	195	3000	2445190	195	3063	2500461	195	
132	100731	4776	263	200447	4279	394	300758	3821	500	382090	3490	524	400514	3416	654	500345	3031	784	600473	2647	913	700325	2308	1000	767820	2092	1042	800535	1998	1170	900200	1704	1297	1000258	1437	1420	1100266	1221	1500	1163344	1091	1547	1200644	1019	1673	1300126	824	1799	1400679	665	1924	1500780	507	2000	1562496	432	2047	1600738	385	2167	1700707	296	2285	1800609	235	2400	1900771	226	2500	1988069	226	2514	2000376	226	2629	2100488	226	2744	2200645	226	2859	2300795	226	2972	2400286	226	3000	2424667	226	3087	2500308	226	
124	100109	4568	251	200195	4124	377	300157	3708	500	397990	3337	503	400449	3327	629	500644	2967	754	600147	2636	880	700724	2334	1000	796536	2054	1005	800661	2045	1129	900529	1757	1253	1000591	1486	1377	1100848	1244	1500	1200654	1027	1500	1200754	1027	1622	1300335	836	1744	1400891	664	1864	1500412	510	1983	1600234	394	2000	1614677	381	2101	1700860	304	2215	1800327	242	2329	1900710	200	2441	2000883	200	2500	2053531	200	2553	2100767	200	2665	2200400	200	2777	2300282	200	2889	2400276	200	3000	2499377	200	3001	2500352	200	
130	100815	4418	259	200112	3964	388	300324	3547	500	387063	3193	517	400411	3142	645	500211	2753	773	600749	2396	898	700146	2089	1000	781304	1862	1024	800519	1811	1150	900665	1538	1275	1000279	1301	1399	1100247	1098	1500	1181682	943	1523	1200304	910	1647	1300711	731	1770	1400871	589	1891	1500432	471	2000	1591025	384	2011	1600225	374	2130	1700140	297	2249	1800579	232	2363	1900252	196	2477	2000945	195	2500	2021566	195	2586	2100447	195	2698	2200660	195	2811	2300355	195	2925	2400640	195	3000	2466954	195	3038	2500747	195	
130	100841	4841	258	200679	4376	385	300293	3959	500	390791	3589	512	400280	3551	639	500208	3170	766	600307	2822	892	700278	2514	1000	786296	2263	1018	800830	2222	1143	900824	1940	1268	1000403	1684	1392	1100867	1438	1500	1189913	1242	1513	1200364	1215	1638	1300264	999	1762	1400636	794	1886	1500176	591	2000	1593171	448	2009	1600571	437	2130	1700899	338	2248	1800285	256	2365	1900818	200	2479	2000876	196	2500	2019477	196	2592	2100422	196	2706	2200989	196	2819	2300596	196	2932	2400191	196	3000	2460231	196	3046	2500923	196	
129	100406	5222	254	200283	4745	383	300813	4311	500	392319	3930	510	400240	3900	638	500343	3495	766	600711	3104	893	700770	2755	1000	785095	2469	1019	800153	2418	1146	900438	2084	1272	1000464	1793	1398	1100852	1521	1500	1181823	1326	1523	1200342	1282	1649	1300715	1050	1774	1400798	844	1898	1500648	669	2000	1583441	544	2021	1600613	520	2143	1700821	392	2263	1800625	284	2381	1900564	220	2495	2000132	194	2500	2004669	194	2608	2100741	194	2721	2200883	194	2833	2300250	194	2947	2400949	194	3000	2447937	194	3059	2500135	194	
130	100287	4698	260	200484	4255	389	300277	3822	500	386393	3464	518	400483	3411	647	500673	3005	775	600127	2618	904	700859	2263	1000	775631	2013	1032	800729	1928	1159	900453	1610	1286	1000160	1332	1413	1100386	1083	1500	1169220	941	1539	1200245	872	1664	1300343	710	1788	1400578	568	1909	1500870	444	2000	1577183	371	2028	1600569	352	2147	1700233	270	2265	1800498	211	2380	1900409	196	2494	2000274	196	2500	2005555	196	2608	2100194	196	2720	2200752	196	2833	2300884	196	2947	2400780	196	3000	2447187	196	3061	2500696	196	
129	100952	4907	256	200623	4455	383	300117	4031	500	391973	3651	511	400708	3616	638	500551	3220	764	600313	2839	890	700543	2494	1000	787865	2222	1016	800676	2186	1142	900891	1890	1266	1000363	1633	1391	1100619	1379	1500	1189460	1172	1513	1200263	1149	1636	1300307	935	1760	1400917	738	1882	1500358	573	2000	1597346	440	2004	1600704	436	2124	1700142	316	2243	1800609	239	2358	1900609	198	2471	2000671	193	2500	2026727	193	2582	2100483	193	2693	2200423	193	2806	2300605	193	2918	2400247	193	3000	2473247	193	3031	2500897	193	
131	100330	4476	258	200104	4002	386	300179	3542	500	388092	3147	516	400529	3092	646	500744	2644	775	600320	2188	905	700583	1768	1000	774409	1476	1033	800130	1375	1161	900522	1010	1288	1000724	701	1413	1100453	483	1500	1170886	369	1536	1200311	333	1655	1300296	248	1771	1400591	204	1885	1500426	202	1999	1600547	202	2000	1601512	202	2113	1700711	202	2226	1800352	202	2340	1900323	202	2453	2000165	202	2500	2041578	202	2567	2100430	202	2680	2200189	202	2794	2300458	202	2908	2400641	202	3000	2481770	202	3021	2500445	202	
132	100102	4644	265	200625	4142	395	300138	3665	500	379915	3298	527	400488	3200	659	500702	2725	790	600588	2278	920	700279	1862	1000	761720	1613	1050	800272	1454	1180	900509	1083	1309	1000490	760	1437	1100584	505	1500	1150907	417	1562	1200735	338	1684	1300738	242	1802	1400693	199	1918	1500786	198	2000	1571559	198	2034	1600910	198	2148	1700188	198	2263	1800177	198	2379	1900205	198	2495	2000757	198	2500	2005143	198	2611	2100824	198	2727	2200949	198	2839	2300256	198	2956	2400879	198	3000	2438840	198	3071	2500134	198	
132	100734	4491	262	200230	4052	393	300558	3585	500	382248	3229	524	400617	3146	654	500470	2673	784	600389	2236	913	700278	1853	1000	767934	1600	1042	800649	1491	1168	900220	1175	1295	1000088	896	1422	1100529	661	1500	1163163	542	1546	1200535	482	1665	1300450	349	1786	1400545	258	1903	1500656	212	2000	1585490	210	2017	1600424	210	2131	1700389	210	2245	1800228	210	2360	1900807	210	2474	2000786	210	2500	2023677	210	2588	2100582	210	2702	2200546	210	2816	2300369	210	2930	2400613	210	3000	2463989	210	3042	2500930	210	
133	100283	4637	265	200242	4179	395	300561	3730	500	380569	3376	526	400255	3287	658	500091	2819	791	600674	2355	922	700357	1910	1000	760004	1670	1053	800849	1507	1182	900707	1164	1310	1000519	868	1436	1100438	626	1500	1151668	529	1561	1200713	449	1684	1300199	326	1806	1400645	243	1923	1500771	213	2000	1567451	211	2038	1600281	211	2154	1700417	211	2270	1800926	211	2385	1900656	211	2500	2000162	211	2500	2000253	211	2616	2100490	211	2732	2200833	211	2847	2300275	211	2962	2400593	211	3000	2433536	211	3078	2500949	211	
136	100784	4669	270	200139	4148	405	300488	3673	500	370868	3341	540	400609	3199	674	500541	2713	807	600572	2238	940	700672	1799	1000	745624	1604	1073	800545	1372	1205	900700	976	1336	1000548	645	1466	1100202	396	1500	1126561	348	1593	1200314	251	1716	1300713	198	1834	1400666	198	1952	1500754	198	2000	1541429	198	2070	1600527	198	2188	1700322	198	2306	1800198	198	2424	1900290	198	2500	1964558	198	2542	2000199	198	2660	2100630	198	2778	2200749	198	2893	2300556	198	3000	2393145	198	3009	2400780	198	3126	2500112	198	
131	100242	4499	262	200502	4025	391	300098	3583	500	383858	3211	522	400841	3138	652	500834	2685	781	600385	2255	911	700760	1830	1000	769422	1549	1040	800627	1427	1168	900495	1071	1295	1000311	750	1421	1100532	486	1500	1163989	374	1545	1200365	326	1666	1300777	241	1780	1400416	197	1895	1500682	194	2000	1592451	194	2009	1600407	194	2123	1700156	194	2238	1800460	194	2353	1900884	194	2467	2000450	194	2500	2029383	194	2581	2100542	194	2696	2200826	194	2810	2300488	194	2924	2400602	194	3000	2467359	194	3038	2500560	194	
138	100575	4480	273	200356	3981	408	300259	3502	500	369926	3179	541	400524	3036	678	500773	2562	814	600135	2095	950	700308	1669	1000	737323	1529	1085	800449	1272	1219	900576	905	1352	1000581	612	1483	1100747	389	1500	1113975	370	1609	1200683	242	1730	1300136	203	1850	1400393	203	1970	1500744	203	2000	1525872	203	2088	1600536	203	2207	1700156	203	2328	1800796	203	2448	1900842	203	2500	1944155	203	2567	2000119	203	2687	2100272	203	2807	2200315	203	2927	2300453	203	3000	2361461	203	3047	2400588	203	3166	2500139	203	
130	100273	4482	260	200131	4015	390	300708	3553	500	385608	3167	519	400321	3106	649	500747	2632	777	600221	2187	906	700655	1779	1000	774117	1499	1033	800124	1409	1160	900122	1077	1287	1000125	775	1413	1100834	532	1500	1171123	406	1536	1200448	368	1656	1300344	271	1772	1400743	220	1885	1500346	202	1998	1600092	202	2000	1601946	202	2112	1700847	202	2225	1800610	202	2338	1900872	202	2450	2000178	202	2500	2044324	202	2564	2100830	202	2677	2200729	202	2790	2300792	202	2900	2400465	202	3000	2489233	202	3013	2500899	202	
130	100435	4713	260	200673	4228	389	300701	3779	500	387544	3395	517	400712	3335	646	500644	2867	774	600106	2417	903	700113	1966	1000	775652	1649	1032	800621	1551	1159	900828	1165	1285	1000358	817	1411	1100739	554	1500	1173088	418	1533	1200385	379	1653	1300373	274	1769	1400134	202	1882	1500951	189	1995	1600938	189	2000	1605426	189	2108	1700895	189	2221	1800596	189	2334	1900247	189	2448	2000762	189	2500	2046654	189	2561	2100432	189	2675	2200826	189	2787	2300263	189	2899	2400393	189	3000	2489482	189	3012	2500166	189	
134	100118	4486	269	200576	4016	404	300732	3539	500	372578	3208	537	400290	3078	668	500127	2603	803	600821	2141	935	700090	1723	1000	749110	1534	1068	800686	1346	1199	900508	1009	1329	1000438	717	1458	1100714	508	1500	1133553	455	1585	1200360	363	1711	1300311	260	1833	1400867	200	1951	1500751	195	2000	1542425	195	2069	1600913	195	2187	1700867	195	2304	1800147	195	2422	1900099	195	2500	1966246	195	2540	2000307	195	2659	2100846	195	2777	2200777	195	2893	2300583	195	3000	2391746	195	3010	2400287	195	3128	2500450	195	
30	102797	24932	59	200934	24565	89	302533	24190	118	401244	23824	148	502582	23464	177	601203	23107	207	703478	22746	236	802176	22399	265	900793	22059	295	1003746	21708	324	1102337	21372	353	1201312	21038	383	1303063	20692	412	1401945	20383	441	1500784	20068	471	1602830	19732	500	1701128	19412	500	1701622	19412	530	1803292	19085	559	1901685	18778	588	2000613	18471	618	2102479	18156	647	2201026	17852	677	2303293	17534	706	2402259	17250	734	2500704	16965	
30	102341	24868	60	203535	24495	89	301573	24139	119	402884	23772	148	500676	23421	178	601625	23052	208	702881	22686	237	800775	22330	267	902477	21970	296	1000924	21629	326	1102042	21288	356	1203535	20939	385	1302627	20621	414	1401512	20303	443	1502869	19983	472	1601788	19667	500	1696526	19370	502	1703725	19353	531	1802352	19036	561	1903599	18722	590	2002228	18421	620	2103697	18115	649	2201595	17829	679	2302548	17519	708	2400785	17223	738	2501814	16912	
30	102612	24242	59	200628	23870	89	302273	23467	118	400848	23093	147	503103	22744	176	602191	22399	205	700712	22034	235	803191	21666	264	902024	21314	293	1001073	20980	323	1103469	20624	352	1201725	20289	382	1303283	19956	411	1402110	19653	441	1503729	19314	470	1602439	18993	499	1701008	18672	500	1704835	18667	529	1803750	18343	558	1902332	18020	587	2001013	17714	617	2103475	17409	646	2202312	17116	675	2301123	16823	705	2403489	16513	734	2502215	16202	
31	103707	24817	61	203055	24447	91	303154	24082	120	402119	23724	150	501767	23362	180	601649	22993	210	701396	22620	240	801737	22272	270	901879	21912	300	1002457	21555	330	1102395	21218	360	1202480	20872	390	1302267	20550	420	1403124	20229	450	1503534	19898	480	1603713	19559	500	1670577	19333	509	1700914	19233	539	1800854	18918	569	1901068	18616	599	2001122	18307	629	2101747	18019	659	2202189	17705	689	2302790	17423	719	2403445	17149	748	2503551	16871	
30	103267	25301	59	202676	24912	88	302110	24534	117	402028	24165	146	501404	23790	175	601024	23438	205	703675	23083	234	802832	22746	263	902543	22415	292	1001905	22083	321	1101311	21735	351	1203853	21379	380	1302849	21066	409	1402234	20724	437	1500663	20414	467	1603239	20080	496	1702698	19761	500	1716768	19723	525	1802614	19442	554	1902037	19127	583	2002149	18802	612	2101888	18491	641	2201426	18175	670	2301024	17863	699	2400656	17559	729	2503286	17254	
30	101030	24867	60	201340	24496	90	302166	24123	120	403078	23749	149	502251	23390	179	602753	23024	209	703282	22668	239	803582	22329	268	900720	21990	298	1000678	21645	328	1100848	21289	358	1201171	20944	388	1301890	20623	418	1402754	20300	448	1503360	19977	477	1600597	19655	500	1677453	19433	507	1701110	19356	537	1801851	19054	566	1900709	18754	596	2001034	18460	626	2101297	18166	656	2201344	17874	686	2301371	17587	716	2401796	17310	746	2501956	17037	
30	101747	25267	60	202655	24904	90	303868	24536	119	402258	24166	148	501125	23813	178	602253	23465	208	703688	23093	237	801619	22743	267	902906	22392	297	1003768	22048	326	1101448	21707	356	1202679	21345	385	1300603	21002	415	1402002	20670	445	1503307	20331	474	1601534	19989	500	1689672	19704	504	1703538	19654	533	1801689	19348	563	1903088	19018	592	2001233	18712	622	2102715	18391	651	2201039	18095	681	2302316	17784	710	2400612	17492	740	2503683	17195	
30	101011	25053	60	202789	24682	90	303200	24306	120	403062	23924	150	503729	23559	179	600978	23204	209	701228	22835	239	801578	22451	269	902399	22087	299	1003005	21719	329	1103766	21358	358	1201530	20998	388	1302376	20652	418	1403451	20306	447	1502949	19971	476	1601656	19634	500	1682106	19372	506	1702502	19299	536	1803087	18973	566	1903309	18642	595	2000982	18326	625	2101565	18016	655	2201852	17710	685	2301999	17405	715	2402741	17127	745	2503670	16842	
30	103246	25152	59	202161	24771	88	301662	24383	117	400938	24031	146	502347	23683	175	601996	23340	204	701402	22990	233	800530	22641	263	903030	22287	292	1002071	21947	321	1101187	21605	351	1203941	21254	380	1303330	20913	409	1403063	20569	438	1502216	20241	467	1601924	19908	496	1700958	19580	500	1715030	19531	525	1800722	19256	555	1903833	18909	584	2003334	18599	613	2103062	18290	642	2202853	17991	671	2303925	17679	699	2400605	17389	729	2503858	17085	
30	102729	25946	59	201182	25566	89	302867	25187	118	401679	24817	148	503732	24435	177	602680	24073	206	702255	23707	235	800792	23361	265	903181	22997	294	1002263	22649	323	1101145	22295	353	1203588	21926	382	1302520	21588	411	1401737	21228	440	1501410	20882	469	1600967	20557	499	1703172	20242	500	1706999	20235	528	1802301	19934	557	1901062	19617	587	2003497	19291	616	2102227	18998	645	2200536	18695	675	2302667	18389	704	2402065	18105	733	2502783	17817	
30	100883	25212	60	200652	24845	91	303587	24467	121	403362	24092	151	503214	23737	181	603332	23391	211	703211	23027	241	803185	22669	271	902940	22304	301	1003224	21940	331	1103173	21583	361	1202570	21221	391	1302588	20861	420	1400537	20502	450	1501958	20148	480	1603817	19759	500	1670726	19510	509	1701089	19404	539	1801199	19034	569	1901240	18671	599	2001238	18299	629	2100824	17934	660	2203750	17568	689	2300532	17216	719	2402031	16840	749	2502055	16479	
31	101645	24759	62	202269	24410	93	302640	24040	124	403017	23669	155	503553	23293	184	601346	22955	215	702242	22589	246	802645	22225	277	902776	21847	308	1003523	21487	338	1100673	21132	369	1201344	20766	400	1301871	20400	431	1402908	20060	461	1500482	19718	492	1601162	19386	500	1627588	19294	523	1702013	19050	554	1802417	18699	585	1902755	18346	615	2000520	17985	646	2101869	17638	677	2202762	17288	708	2303475	16939	738	2401135	16593	769	2501837	16228	
30	101074	24942	60	201667	24589	90	301244	24218	120	401798	23880	150	501541	23533	180	601425	23182	210	701046	22819	240	800525	22452	271	903253	22074	301	1002802	21720	331	1102494	21368	361	1201936	21013	391	1301791	20668	421	1401901	20324	451	1501602	19977	481	1602079	19625	500	1665601	19416	511	1702525	19281	541	1802664	18929	571	1902470	18586	601	2002573	18221	631	2102204	17869	661	2202227	17530	691	2302363	17180	721	2402570	16823	751	2502174	16484	
30	100746	24781	61	203384	24434	91	302661	24095	121	402401	23764	151	501353	23417	181	600904	23074	212	703388	22708	242	802785	22352	272	902043	21982	302	1001844	21629	332	1101493	21283	362	1200886	20959	393	1303702	20588	423	1403200	20240	453	1502683	19890	482	1602141	19519	500	1662336	19292	512	1702649	19147	542	1801968	18794	572	1901610	18439	602	2001654	18088	632	2101091	17750	662	2200868	17406	692	2300627	17087	723	2403718	16746	753	2503562	16412	
31	103077	24730	61	201956	24368	91	300658	24017	122	403032	23627	152	502219	23260	181	600569	22927	212	703195	22567	242	802017	22197	272	900858	21850	303	1002798	21477	333	1101745	21103	363	1200635	20744	394	1302949	20386	424	1402044	20029	454	1500856	19656	484	1600854	19296	500	1653498	19104	515	1702882	18921	545	1802229	18559	575	1901499	18222	605	2000536	17854	636	2102289	17493	666	2201135	17130	697	2303025	16749	727	2402111	16390	757	2500624	16016	
31	102745	25267	61	201157	24905	92	303435	24540	122	402586	24179	152	501747	23831	183	603725	23480	213	701886	23149	244	803278	22780	274	902256	22427	304	1000771	22098	335	1102992	21728	365	1201774	21377	395	1300720	21008	426	1403159	20639	456	1502568	20285	486	1601698	19917	500	1647958	19757	516	1700724	19572	547	1802362	19216	577	1901053	18874	608	2003476	18482	638	2102119	18149	668	2200753	17806	699	2302885	17449	729	2401833	17095	759	2500790	16733	
30	101415	24992	60	202122	24654	90	303106	24285	120	403216	23932	149	501562	23577	179	601536	23198	209	702028	22838	239	802338	22513	269	902306	22160	299	1002469	21802	329	1102807	21427	359	1203011	21058	389	1303340	20705	418	1401052	20371	448	1502549	20040	477	1603033	19702	500	1679902	19435	507	1703709	19353	536	1801262	19020	566	1901959	18676	596	2002193	18326	626	2102731	17989	656	2203721	17644	685	2301079	17315	715	2401776	16966	745	2502362	16628	
31	103303	24741	61	202411	24376	91	301247	24022	122	403696	23667	152	502972	23324	181	601353	22996	211	700922	22631	242	803358	22254	272	902517	21893	302	1001652	21524	332	1100895	21148	362	1200607	20794	393	1303319	20431	423	1402282	20090	453	1501998	19740	483	1601747	19383	500	1658192	19179	513	1701371	19023	544	1803525	18663	574	1902461	18309	604	2001256	17948	635	2103380	17579	665	2202267	17221	695	2301852	16883	725	2401039	16528	755	2500620	16196	
31	101972	24981	61	200655	24638	92	301926	24277	123	402648	23912	153	500862	23554	184	602428	23186	214	700692	22825	245	801511	22457	276	902821	22075	306	1000733	21734	337	1102216	21381	368	1203535	21004	398	1301332	20677	429	1402798	20326	459	1501004	19986	490	1602103	19623	500	1634911	19512	521	1703093	19246	551	1800578	18905	582	1901736	18540	613	2002929	18164	643	2101154	17813	674	2202059	17462	705	2303355	17086	735	2401093	16726	766	2502294	16340	
31	101934	24904	62	203332	24547	92	301121	24185	123	402532	23808	153	500545	23448	184	602154	23067	215	703125	22699	245	802388	22343	276	903677	21972	306	1001769	21613	337	1103376	21241	367	1201167	20865	398	1302135	20501	429	1403194	20145	458	1500526	19826	488	1601174	19483	500	1641403	19353	518	1700547	19140	549	1802156	18779	579	1900517	18424	610	2002394	18068	640	2100536	17719	671	2201919	17364	702	2303457	17021	732	2401885	16685	762	2500847	16335	
338	100049	50	500	147978	50	677	200298	50	1000	296119	50	1014	300280	50	1351	400135	50	1500	444856	50	1686	500148	50	2000	593324	50	2020	600287	50	2349	700167	50	2500	744739	50	2688	800301	50	3000	892465	50	3026	900156	50	3365	1000091	50	3500	1039982	50	3703	1100020	50	4000	1187931	50	4041	1200041	50	4379	1300131	50	4500	1335784	50	4718	1400053	50	5000	1485534	50	5049	1500031	50	5388	1600262	50	5500	1633460	50	5726	1700192	50	6000	1781333	50	6064	1800311	50	6402	1900025	50	6500	1928989	50	6741	2000217	50	7000	2076969	50	7078	2100091	50	7417	2200200	50	7500	2224817	50	7755	2300203	50	8000	2372888	50	8091	2400107	50	8429	2500130	50	
333	100105	48	500	150592	48	665	200177	48	998	300205	48	1000	300814	48	1331	400020	48	1500	450825	48	1664	500281	48	1995	600211	48	2000	601722	48	2327	700247	48	2500	752244	48	2659	800200	48	2992	900210	48	3000	902627	48	3325	1000101	48	3500	1052733	48	3658	1100137	48	3990	1200061	48	4000	1203063	48	4323	1300087	48	4500	1353498	48	4654	1400057	48	4986	1500110	48	5000	1504315	48	5318	1600286	48	5500	1654955	48	5650	1700063	48	5983	1800110	48	6000	1805251	48	6315	1900205	48	6500	1956027	48	6646	2000196	48	6977	2100300	48	7000	2107189	48	7308	2200099	48	7500	2257759	48	7640	2300093	48	7973	2400195	48	8000	2408364	48	8305	2500318	48	
342	100081	44	500	146198	44	684	200021	44	1000	293874	44	1021	300117	44	1358	400192	44	1500	442000	44	1697	500143	44	2000	589164	44	2038	600295	44	2379	700142	44	2500	735699	44	2720	800202	44	3000	881814	44	3063	900235	44	3405	1000029	44	3500	1027731	44	3748	1100034	44	4000	1173851	44	4090	1200180	44	4431	1300026	44	4500	1320226	44	4773	1400157	44	5000	1466882	44	5113	1500258	44	5455	1600082	44	5500	1613263	44	5787	1700132	44	6000	1762766	44	6128	1800173	44	6468	1900132	44	6500	1909522	44	6810	2000094	44	7000	2056135	44	7149	2100236	44	7486	2200084	44	7500	2204182	44	7828	2300247	44	8000	2350258	44	8171	2400123	44	8500	2496899	44	8511	2500136	44	
340	100231	54	500	147521	54	678	200158	54	1000	295309	54	1016	300049	54	1355	400223	54	1500	443054	54	1694	500202	54	2000	590846	54	2032	600269	54	2357	700283	54	2500	742832	54	2694	800188	54	3000	891298	54	3030	900126	54	3368	1000220	54	3500	1039500	54	3706	1100186	54	4000	1186927	54	4045	1200257	54	4384	1300298	54	4500	1334449	54	4722	1400168	54	5000	1482206	54	5061	1500292	54	5398	1600075	54	5500	1630181	54	5737	1700291	54	6000	1777769	54	6076	1800140	54	6415	1900236	54	6500	1925364	54	6753	2000194	54	7000	2073037	54	7092	2100237	54	7431	2200233	54	7500	2220590	54	7769	2300169	54	8000	2368497	54	8102	2400242	54	8441	2500277	54	
310	100265	53	500	161538	53	619	200048	53	926	300114	53	1000	324015	53	1235	400056	53	1500	485866	53	1544	500023	53	1853	600229	53	2000	647573	53	2163	700225	53	2472	800083	53	2500	809153	53	2782	900262	53	3000	970958	53	3090	1000084	53	3399	1100096	53	3500	1132708	53	3709	1200182	53	4000	1294372	53	4018	1300244	53	4327	1400154	53	4500	1456299	53	4635	1500040	53	4945	1600141	53	5000	1617928	53	5255	1700239	53	5500	1780045	53	5562	1800235	53	5869	1900135	53	6000	1942627	53	6178	2000298	53	6487	2100023	53	6500	2104231	53	6797	2200082	53	7000	2265655	53	7107	2300279	53	7414	2400322	53	7500	2428326	53	7721	2500037	53	
357	100061	49	500	140026	49	715	200213	49	1000	280201	49	1071	300040	49	1429	400084	49	1500	419948	49	1786	500134	49	2000	560169	49	2143	600259	49	2500	700198	49	2500	700219	49	2856	800037	49	3000	840204	49	3215	900137	49	3500	979910	49	3573	1000293	49	3930	1100139	49	4000	1119689	49	4288	1200227	49	4500	1259907	49	4643	1300103	49	4998	1400222	49	5000	1400793	49	5350	1500218	49	5500	1543155	49	5702	1600206	49	6000	1683498	49	6059	1700214	49	6406	1800290	49	6500	1827167	49	6760	1900108	49	7000	1967304	49	7117	2000018	49	7470	2100281	49	7500	2108887	49	7822	2200106	49	8000	2250087	49	8179	2300288	49	8500	2390932	49	8533	2400244	49	8889	2500271	49	
311	100198	47	500	160899	47	622	200087	47	933	300212	47	1000	321769	47	1243	400210	47	1500	483495	47	1551	500066	47	1860	600307	47	2000	645727	47	2169	700143	47	2472	800309	47	2500	809461	47	2780	900113	47	3000	971136	47	3090	1000098	47	3401	1100041	47	3500	1131823	47	3712	1200188	47	4000	1293833	47	4020	1300254	47	4330	1400105	47	4500	1454706	47	4641	1500282	47	4950	1600139	47	5000	1616301	47	5259	1700075	47	5500	1777705	47	5570	1800216	47	5881	1900220	47	6000	1938649	47	6191	2000093	47	6500	2099886	47	6501	2100241	47	6812	2200151	47	7000	2260623	47	7123	2300310	47	7432	2400085	47	7500	2422047	47	7743	2500112	47	
348	100207	44	500	143836	44	696	200198	44	1000	287734	44	1043	300160	44	1390	400121	44	1500	432106	44	1737	500273	44	2000	576318	44	2082	600139	44	2428	700134	44	2500	720863	44	2774	800026	44	3000	865618	44	3119	900069	44	3465	1000274	44	3500	1010405	44	3812	1100292	44	4000	1154333	44	4159	1200142	44	4500	1298642	44	4505	1300120	44	4852	1400237	44	5000	1443215	44	5198	1500047	44	5500	1587357	44	5544	1600073	44	5891	1700040	44	6000	1731474	44	6237	1800052	44	6500	1876172	44	6583	1900264	44	6930	2000154	44	7000	2020280	44	7278	2100261	44	7500	2164230	44	7625	2200226	44	7973	2300086	44	8000	2307848	44	8320	2400039	44	8500	2451876	44	8667	2500146	44	
330	100095	50	500	151689	50	660	200182	50	990	300084	50	1000	303113	50	1320	400160	50	1500	454822	50	1649	500153	50	1979	600257	50	2000	606666	50	2308	700205	50	2500	758368	50	2638	800272	50	2966	900246	50	3000	910533	50	3294	1000288	50	3500	1062827	50	3623	1100251	50	3953	1200081	50	4000	1214304	50	4276	1300172	50	4500	1368248	50	4606	1400315	50	4935	1500159	50	5000	1519996	50	5264	1600038	50	5500	1671872	50	5594	1700279	50	5923	1800233	50	6000	1824311	50	6244	1900297	50	6500	1977817	50	6574	2000292	50	6902	2100263	50	7000	2129931	50	7232	2200105	50	7500	2281205	50	7563	2300268	50	7892	2400224	50	8000	2432962	50	8222	2500143	50	
332	100106	43	500	151426	43	661	200247	43	991	300209	43	1000	302953	43	1321	400305	43	1500	454363	43	1652	500169	43	1984	600305	43	2000	605124	43	2314	700083	43	2500	756178	43	2646	800154	43	2968	900300	43	3000	910094	43	3296	1000126	43	3500	1061706	43	3628	1100235	43	3960	1200182	43	4000	1212231	43	4291	1300303	43	4500	1363254	43	4621	1400039	43	4952	1500055	43	5000	1514721	43	5281	1600102	43	5500	1666852	43	5610	1700107	43	5940	1800069	43	6000	1818196	43	6272	1900145	43	6500	1969285	43	6600	2000270	43	6931	2100060	43	7000	2120921	43	7261	2200023	43	7500	2272300	43	7592	2300225	43	7920	2400234	43	8000	2424320	43	8251	2500270	43	
375	100103	46	500	133579	46	755	200226	46	1000	264178	46	1138	300209	46	1500	395492	46	1518	400215	46	1900	500057	46	2000	526893	46	2279	600247	46	2500	658078	46	2660	700048	46	3000	789278	46	3042	800272	46	3424	900236	46	3500	920082	46	3806	1000149	46	4000	1051149	46	4187	1100211	46	4500	1182091	46	4569	1200130	46	4951	1300057	46	5000	1312883	46	5333	1400253	46	5500	1444153	46	5713	1500124	46	6000	1575397	46	6095	1600220	46	6477	1700255	46	6500	1706260	46	6859	1800150	46	7000	1837113	46	7241	1900069	46	7500	1967853	46	7623	2000058	46	8000	2099605	46	8002	2100147	46	8384	2200127	46	8500	2230532	46	8766	2300119	46	9000	2361343	46	9147	2400183	46	9500	2492852	46	9528	2500176	46	
348	100161	46	500	143840	46	695	200138	46	1000	287959	46	1042	300050	46	1390	400159	46	1500	431926	46	1737	500126	46	2000	576449	46	2083	600285	46	2431	700298	46	2500	720461	46	2776	800039	46	3000	864510	46	3124	900175	46	3472	1000205	46	3500	1008711	46	3818	1100094	46	4000	1152814	46	4164	1200301	46	4500	1297150	46	4510	1300104	46	4854	1400045	46	5000	1441957	46	5203	1500080	46	5500	1585459	46	5551	1600181	46	5898	1700294	46	6000	1729922	46	6245	1800239	46	6500	1873573	46	6591	1900208	46	6929	2000019	46	7000	2020441	46	7276	2100298	46	7500	2164639	46	7623	2200044	46	7971	2300181	46	8000	2308552	46	8318	2400275	46	8500	2452776	46	8664	2500034	46	
361	100145	40	500	138602	40	723	200122	40	1000	276972	40	1084	300189	40	1445	400179	40	1500	415424	40	1807	500277	40	2000	553801	40	2166	600276	40	2500	692675	40	2527	700119	40	2887	800036	40	3000	831403	40	3247	900128	40	3500	972580	40	3600	1000241	40	3960	1100122	40	4000	1111241	40	4321	1200190	40	4500	1249693	40	4683	1300298	40	5000	1388011	40	5044	1400203	40	5404	1500091	40	5500	1526689	40	5765	1600282	40	6000	1665277	40	6126	1700180	40	6486	1800112	40	6500	1803997	40	6848	1900205	40	7000	1942312	40	7209	2000216	40	7500	2081042	40	7569	2100238	40	7927	2200150	40	8000	2220525	40	8287	2300139	40	8500	2359462	40	8645	2400076	40	9000	2498143	40	9007	2500096	40	
377	100142	46	500	132618	46	755	200255	46	1000	265203	46	1132	300265	46	1500	397393	46	1510	400054	46	1889	500094	46	2000	529513	46	2267	600246	46	2500	661828	46	2645	700087	46	3000	794920	46	3020	800224	46	3396	900195	46	3500	927761	46	3771	1000258	46	4000	1061446	46	4146	1100123	46	4500	1193527	46	4525	1200181	46	4904	1300137	46	5000	1325411	46	5282	1400225	46	5500	1457832	46	5660	1500184	46	6000	1590170	46	6038	1600274	46	6416	1700278	46	6500	1722449	46	6792	1800124	46	7000	1855088	46	7171	1900258	46	7500	1987132	46	7549	2000079	46	7927	2100232	46	8000	2119622	46	8303	2200028	46	8500	2252195	46	8681	2300154	46	9000	2384494	46	9059	2400105	46	9433	2500153	46	
337	100066	46	500	148455	46	675	200186	46	1000	296646	46	1012	300233	46	1343	400311	46	1500	446906	46	1679	500155	46	2000	595695	46	2015	600145	46	2351	700076	46	2500	745154	46	2685	800189	46	3000	894374	46	3019	900065	46	3356	1000047	46	3500	1042695	46	3694	1100225	46	4000	1190971	46	4031	1200231	46	4367	1300106	46	4500	1340082	46	4703	1400275	46	5000	1488485	46	5039	1500142	46	5376	1600172	46	5500	1636913	46	5713	1700155	46	6000	1785421	46	6050	1800233	46	6387	1900153	46	6500	1933716	46	6718	2000251	46	7000	2084563	46	7052	2100168	46	7390	2200310	46	7500	2233075	46	7726	2300194	46	8000	2381380	46	8064	2400312	46	8400	2500164	46	
373	100069	43	500	133962	43	746	200274	43	1000	268184	43	1119	300083	43	1493	400280	43	1500	402144	43	1868	500059	43	2000	535261	43	2242	600033	43	2500	668654	43	2618	700104	43	2993	800201	43	3000	802083	43	3367	900101	43	3500	935574	43	3742	1000113	43	4000	1071672	43	4105	1100043	43	4481	1200201	43	4500	1205256	43	4856	1300047	43	5000	1338485	43	5230	1400047	43	5500	1472072	43	5606	1500282	43	5979	1600092	43	6000	1605756	43	6352	1700208	43	6500	1739773	43	6726	1800100	43	7000	1873125	43	7099	1900069	43	7475	2000259	43	7500	2006943	43	7848	2100090	43	8000	2140593	43	8223	2200152	43	8500	2273887	43	8599	2300254	43	8973	2400177	43	9000	2407399	43	9349	2500262	43	
355	100077	45	500	140192	45	718	200075	45	1000	277954	45	1081	300161	45	1445	400067	45	1500	415172	45	1809	500088	45	2000	553187	45	2171	600199	45	2500	690478	45	2535	700138	45	2899	800208	45	3000	828072	45	3263	900281	45	3500	965289	45	3627	1000250	45	3990	1100034	45	4000	1102793	45	4355	1200111	45	4500	1239846	45	4719	1300142	45	5000	1377440	45	5083	1400236	45	5446	1500191	45	5500	1515056	45	5810	1600021	45	6000	1652228	45	6175	1700279	45	6500	1789479	45	6539	1800203	45	6903	1900157	45	7000	1926780	45	7266	2000058	45	7500	2064349	45	7629	2100238	45	7988	2200219	45	8000	2203571	45	8352	2300203	45	8500	2340929	45	8714	2400091	45	9000	2478676	45	9078	2500140	45	
347	100100	46	500	144221	46	694	200290	46	1000	288804	46	1039	300050	46	1386	400200	46	1500	433307	46	1732	500227	46	2000	577460	46	2077	600132	46	2424	700045	46	2500	721956	46	2771	800147	46	3000	866282	46	3117	900065	46	3464	1000189	46	3500	1010723	46	3809	1100037	46	4000	1155245	46	4155	1200033	46	4500	1299465	46	4502	1300060	46	4847	1400048	46	5000	1444387	46	5191	1500162	46	5500	1589507	46	5537	1600165	46	5884	1700228	46	6000	1733753	46	6230	1800081	46	6500	1877918	46	6577	1900110	46	6922	2000174	46	7000	2022658	46	7260	2100233	46	7500	2169700	46	7606	2200249	46	7954	2300296	46	8000	2313542	46	8300	2400079	46	8500	2457781	46	8646	2500087	46	
369	100063	43	500	135542	43	737	200146	43	1000	272254	43	1104	300234	43	1473	400070	43	1500	407394	43	1843	500061	43	2000	542423	43	2214	600224	43	2500	677365	43	2585	700272	43	2955	800224	43	3000	812324	43	3324	900128	43	3500	947423	43	3696	1000168	43	4000	1082298	43	4062	1100330	43	4427	1200242	43	4500	1219946	43	4797	1300066	43	5000	1355039	43	5167	1400077	43	5500	1489765	43	5538	1500044	43	5910	1600221	43	6000	1624508	43	6280	1700159	43	6500	1759826	43	6649	1800102	43	7000	1895036	43	7019	1900252	43	7389	2000097	43	7500	2030232	43	7759	2100098	43	8000	2165119	43	8129	2200197	43	8500	2300282	43	8500	2300303	43	8869	2400048	43	9000	2435371	43	9240	2500048	43	
338	100076	49	500	150522	49	665	200070	49	1000	299498	49	1002	300108	49	1340	400216	49	1500	447654	49	1677	500266	49	2000	595807	49	2015	600259	49	2352	700147	49	2500	743968	49	2690	800134	49	3000	892349	49	3026	900235	49	3363	1000292	49	3500	1040860	49	3700	1100162	49	4000	1189100	49	4037	1200083	49	4375	1300109	49	4500	1337127	49	4712	1400140	49	5000	1485528	49	5049	1500044	49	5386	1600301	49	5500	1634378	49	5720	1700285	49	6000	1783622	49	6055	1800058	49	6393	1900217	49	6500	1931968	49	6730	2000028	49	7000	2080041	49	7068	2100177	49	7406	2200304	49	7500	2228263	49	7742	2300237	49	8000	2376843	49	8079	2400263	49	8415	2500086	49	
140	100440	186	273	200227	186	407	300425	186	500	371251	186	539	400692	186	672	500541	186	805	600447	186	939	700746	186	1000	746637	186	1072	800423	186	1205	900218	186	1339	1000763	186	1472	1100785	186	1500	1121786	186	1605	1200359	186	1739	1300633	186	1873	1400798	186	2000	1495812	186	2006	1500348	186	2139	1600336	186	2273	1700622	186	2407	1800777	186	2500	1870335	186	2540	1900422	186	2673	2000289	186	2807	2100726	186	2937	2200578	186	3000	2247987	186	3070	2300498	186	3203	2400282	186	3336	2500084	186	
129	100226	209	251	200578	209	373	300535	209	495	400551	209	500	404754	209	616	500168	209	739	600905	209	860	700156	209	982	800686	209	1000	815624	209	1103	900520	209	1225	1000895	209	1346	1100339	209	1465	1200276	209	1500	1229457	209	1587	1300762	209	1708	1400629	209	1829	1500499	209	1949	1600523	209	2000	1642890	209	2070	1700164	209	2192	1800111	209	2315	1900938	209	2436	2000864	209	2500	2053647	209	2557	2100744	209	2679	2200564	209	2801	2300433	209	2923	2400358	209	3000	2463455	209	3045	2500259	209	
133	100651	204	258	200450	204	381	300520	204	500	394991	204	507	400591	204	633	500692	204	759	600514	204	885	700348	204	1000	791346	204	1011	800089	204	1137	900107	204	1263	1000180	204	1390	1100558	204	1500	1187576	204	1516	1200887	204	1639	1300635	204	1764	1400194	204	1890	1500299	204	2000	1587377	204	2017	1600864	204	2143	1700568	204	2269	1800326	204	2395	1900340	204	2500	1983848	204	2521	2000528	204	2646	2100097	204	2773	2200638	204	2899	2300762	204	3000	2381348	204	3024	2400372	204	3150	2500107	204	
143	100692	184	279	200700	184	414	300167	184	500	363457	184	550	400353	184	686	500572	184	822	600408	184	957	700102	184	1000	731928	184	1093	800276	184	1229	900354	184	1365	1000636	184	1500	1100419	184	1500	1100498	184	1635	1200198	184	1771	1300342	184	1907	1400580	184	2000	1469021	184	2043	1500724	184	2179	1600546	184	2315	1700641	184	2449	1800268	184	2500	1838027	184	2585	1900399	184	2721	2000639	184	2857	2100678	184	2992	2200182	184	3000	2206161	184	3125	2300712	184	3260	2400616	184	3396	2500674	184	
141	100550	181	273	200400	181	405	300806	181	500	373162	181	536	400552	181	668	500826	181	799	600535	181	930	700689	181	1000	754195	181	1061	800587	181	1193	900448	181	1323	1000259	181	1456	1100765	181	1500	1134067	181	1588	1200786	181	1716	1300772	181	1848	1400780	181	1979	1500786	181	2000	1516715	181	2111	1600771	181	2242	1700116	181	2374	1800258	181	2500	1896113	181	2506	1900739	181	2637	2000244	181	2769	2100401	181	2901	2200467	181	3000	2275456	181	3033	2300524	181	3165	2400678	181	3296	2500564	181	
134	100600	186	260	200745	186	383	300859	186	500	394743	186	507	400373	186	633	500838	186	758	600134	186	884	700553	186	1000	792776	186	1010	800779	186	1135	900185	186	1261	1000461	186	1387	1100576	186	1500	1190766	186	1512	1200392	186	1638	1300211	186	1764	1400661	186	1889	1500488	186	2000	1588591	186	2015	1600535	186	2141	1700570	186	2267	1800599	186	2393	1900458	186	2500	1985590	186	2519	2000831	186	2644	2100405	186	2770	2200516	186	2895	2300703	186	3000	2384257	186	3020	2400189	186	3146	2500505	186	
144	100477	188	280	200646	188	415	300198	188	500	363070	188	550	400095	188	686	500573	188	821	600075	188	956	700232	188	1000	732657	188	1092	800345	188	1228	900568	188	1364	1000639	188	1500	1100785	188	1500	1100857	188	1635	1200431	188	1771	1300558	188	1907	1400631	188	2000	1469068	188	2042	1500274	188	2177	1600568	188	2312	1700769	188	2446	1800270	188	2500	1840571	188	2581	1900609	188	2716	2000082	188	2852	2100156	188	2988	2200339	188	3000	2209319	188	3123	2300331	188	3256	2400533	188	3391	2500171	188	
149	100296	180	290	200111	180	431	300255	180	500	349056	180	573	400744	180	714	500416	180	855	600173	180	996	700247	180	1000	703158	180	1137	800706	180	1277	900258	180	1418	1000292	180	1500	1058352	180	1559	1100189	180	1701	1200543	180	1842	1300469	180	1980	1400460	180	2000	1414666	180	2121	1500506	180	2262	1600206	180	2403	1700209	180	2500	1769382	180	2544	1800753	180	2684	1900305	180	2825	2000248	180	2966	2100159	180	3000	2124508	180	3107	2200381	180	3249	2300730	180	3383	2400376	180	3500	2483172	180	3524	2500319	180	
142	100512	199	276	200410	199	409	300321	199	500	370441	199	539	400157	199	673	500146	199	808	600536	199	942	700192	199	1000	743430	199	1077	800678	199	1211	900471	199	1344	1000148	199	1478	1100797	199	1500	1117291	199	1612	1200823	199	1746	1300591	199	1880	1400442	199	2000	1489871	199	2014	1500338	199	2149	1600759	199	2282	1700181	199	2416	1800231	199	2500	1862789	199	2551	1900724	199	2685	2000555	199	2818	2100069	199	2952	2200153	199	3000	2235918	199	3086	2300249	199	3220	2400488	199	3354	2500728	199	
138	100161	186	269	200439	186	399	300099	186	500	377384	186	530	400355	186	661	500783	186	791	600632	186	922	700777	186	1000	760518	186	1052	800269	186	1182	900314	186	1313	1000399	186	1443	1100419	186	1500	1144295	186	1573	1200250	186	1703	1300183	186	1833	1400106	186	1964	1500604	186	2000	1528192	186	2094	1600160	186	2225	1700395	186	2356	1800588	186	2487	1900598	186	2500	1910625	186	2617	2000189	186	2748	2100287	186	2879	2200741	186	3000	2293599	186	3009	2300608	186	3135	2400236	186	3266	2500581	186	
143	100631	191	276	200405	191	410	300674	191	500	368398	191	543	400774	191	676	500487	191	810	600439	191	944	700448	191	1000	742400	191	1078	800653	191	1211	900171	191	1345	1000483	191	1479	1100171	191	1500	1115910	191	1613	1200463	191	1746	1300282	191	1879	1400886	191	2000	1493641	191	2009	1500450	191	2143	1600791	191	2276	1700680	191	2410	1800678	191	2500	1867891	191	2543	1900107	191	2677	2000215	191	2811	2100501	191	2945	2200690	191	3000	2241789	191	3078	2300331	191	3212	2400391	191	3346	2500704	191	
136	100677	187	263	200577	187	391	300403	187	500	385444	187	519	400354	187	643	500289	187	771	600402	187	899	700511	187	1000	779409	187	1027	800624	187	1155	900736	187	1282	1000237	187	1410	1100765	187	1500	1171292	187	1537	1200333	187	1665	1300394	187	1793	1400666	187	1919	1500099	187	2000	1563422	187	2048	1600814	187	2176	1700654	187	2304	1800298	187	2433	1900606	187	2500	1952618	187	2561	2000080	187	2690	2100588	187	2818	2200722	187	2946	2300551	187	3000	2342854	187	3074	2400526	187	3202	2500355	187	
142	100251	182	276	200670	182	409	300257	182	500	368105	182	543	400190	182	677	500423	182	811	600464	182	945	700451	182	1000	741548	182	1079	800456	182	1213	900534	182	1345	1000077	182	1479	1100349	182	1500	1116116	182	1613	1200744	182	1747	1300572	182	1880	1400107	182	2000	1489913	182	2014	1500484	182	2147	1600202	182	2281	1700252	182	2414	1800135	182	2500	1864227	182	2549	1900817	182	2683	2000719	182	2817	2100625	182	2951	2200600	182	3000	2237413	182	3084	2300401	182	3217	2400106	182	3347	2500332	182	
143	100791	198	278	200560	198	414	300525	198	500	364052	198	549	400250	198	685	500673	198	820	600264	198	956	700447	198	1000	732953	198	1091	800425	198	1226	900170	198	1362	1000534	198	1498	1100650	198	1500	1102199	198	1633	1200495	198	1768	1300586	198	1903	1400743	198	2000	1473799	198	2034	1500099	198	2169	1600502	198	2304	1700272	198	2439	1800089	198	2500	1844978	198	2576	1900786	198	2711	2000530	198	2846	2100241	198	2982	2200660	198	3000	2214032	198	3116	2300136	198	3252	2400575	198	3388	2500747	198	
144	100449	206	283	200466	206	422	300729	206	500	356939	206	560	400300	206	696	500247	206	834	600776	206	972	700406	206	1000	720938	206	1110	800583	206	1249	900475	206	1388	1000435	206	1500	1080832	206	1527	1100252	206	1666	1200679	206	1803	1300451	206	1942	1400485	206	2000	1442180	206	2081	1500243	206	2220	1600350	206	2359	1700443	206	2498	1800495	206	2500	1801981	206	2637	1900295	206	2775	2000285	206	2915	2100772	206	3000	2162059	206	3053	2200400	206	3192	2300644	206	3330	2400170	206	3470	2500783	206	
139	100823	182	268	200199	182	398	300637	182	500	379495	182	527	400389	182	656	500255	182	786	600656	182	915	700275	182	1000	765691	182	1045	800332	182	1174	900110	182	1303	1000241	182	1432	1100099	182	1500	1152575	182	1562	1200656	182	1691	1300585	182	1820	1400145	182	1950	1500569	182	2000	1539134	182	2079	1600217	182	2209	1700689	182	2338	1800125	182	2468	1900361	182	2500	1925071	182	2597	2000225	182	2726	2100262	182	2856	2200660	182	2985	2300641	182	3000	2312332	182	3114	2400346	182	3244	2500672	182	
143	100260	200	279	200407	200	415	300634	200	500	363183	200	551	400710	200	686	500292	200	822	600240	200	958	700379	200	1000	731320	200	1094	800633	200	1229	900644	200	1363	1000346	200	1499	1100569	200	1500	1101362	200	1635	1200356	200	1771	1300650	200	1906	1400783	200	2000	1469998	200	2041	1500239	200	2173	1600522	200	2307	1700201	200	2443	1800302	200	2500	1842388	200	2578	1900097	200	2714	2000331	200	2850	2100748	200	2985	2200715	200	3000	2211893	200	3119	2300434	200	3255	2400791	200	3390	2500237	200	
144	100165	188	280	200081	188	416	300186	188	500	361883	188	552	400326	188	688	500538	188	821	600577	188	956	700072	188	1000	732340	188	1093	800332	188	1230	900424	188	1366	1000116	188	1500	1098100	188	1503	1100369	188	1640	1200461	188	1775	1300173	188	1910	1400093	188	2000	1466919	188	2045	1500521	188	2181	1600504	188	2318	1700614	188	2454	1800096	188	2500	1833852	188	2591	1900466	188	2727	2000284	188	2862	2100214	188	2999	2200617	188	3000	2201417	188	3135	2300653	188	3271	2400332	188	3408	2500804	188	
138	100633	193	268	200239	193	399	300724	193	500	377828	193	529	400103	193	660	500683	193	791	600689	193	922	700803	193	1000	760915	193	1052	800762	193	1182	900285	193	1313	1000790	193	1444	1100713	193	1500	1143545	193	1575	1200714	193	1705	1300343	193	1836	1400570	193	1967	1500522	193	2000	1525937	193	2097	1600108	193	2228	1700239	193	2359	1800710	193	2489	1900247	193	2500	1908951	193	2620	2000643	193	2751	2100769	193	2881	2200462	193	3000	2291691	193	3011	2300436	193	3141	2400147	193	3272	2500391	193	
151	100358	192	296	200674	192	440	300304	192	500	341939	192	584	400151	192	729	500325	192	873	600241	192	1000	688415	192	1017	700249	192	1161	800285	192	1305	900239	192	1450	1000543	192	1500	1035189	192	1594	1100095	192	1739	1200494	192	1884	1300739	192	2000	1381381	192	2027	1400273	192	2172	1500644	192	2316	1600334	192	2456	1700636	192	2500	1731557	192	2599	1800112	192	2744	1900417	192	2889	2000579	192	3000	2077233	192	3033	2100195	192	3178	2200493	192	3322	2300500	192	3466	2400302	192	3500	2424017	192	3610	2500282	192	
34	102921	1548	67	202491	1444	100	302335	1345	132	401632	1270	165	503315	1202	197	601666	1163	228	702456	1131	259	801055	1107	291	903451	1083	322	1002628	1066	353	1101447	1050	384	1200805	1036	415	1300824	1021	446	1401446	1013	477	1501957	1005	500	1576802	1000	508	1603371	999	538	1700525	992	569	1801406	986	600	1902509	980	631	2003651	978	661	2101025	973	692	2202419	972	722	2300676	967	753	2402334	964	783	2500467	961	
34	102424	1636	67	201315	1540	100	300940	1442	133	402524	1369	165	501188	1306	197	601015	1248	229	700864	1217	262	803280	1168	293	901224	1136	325	1003069	1112	356	1101681	1097	388	1203252	1066	419	1302023	1053	450	1402389	1047	481	1501573	1037	500	1563109	1030	512	1601849	1028	543	1701726	1020	574	1801169	1012	605	1902097	1008	636	2002873	1008	667	2103082	1006	698	2203408	1002	728	2300810	999	759	2401212	994	790	2502011	994	
35	103062	1644	68	201167	1530	102	302600	1430	135	402989	1343	168	502851	1249	200	600659	1201	233	703014	1149	265	803433	1118	297	903101	1089	328	1000706	1063	360	1101325	1035	392	1202132	1019	423	1300486	1004	455	1402535	993	486	1500941	982	500	1545663	979	518	1603299	971	548	1702202	970	579	1802782	969	610	1902429	967	641	2002055	960	672	2101223	958	703	2200815	957	735	2303591	954	766	2403508	953	797	2503459	952	
34	100468	1623	68	200553	1492	102	302534	1393	135	402870	1311	168	503454	1259	200	601508	1210	232	702861	1174	264	803438	1143	296	903476	1108	327	1001148	1081	359	1102346	1062	390	1200467	1045	422	1301226	1032	454	1402932	1022	485	1501911	1011	500	1549290	1006	517	1602941	1003	548	1702393	996	579	1802170	984	610	1901211	979	641	2000792	976	673	2103606	973	704	2203300	970	735	2302479	965	766	2401419	963	797	2501236	962	
34	102471	1585	67	202778	1461	100	302790	1355	132	400807	1267	165	502194	1202	197	600606	1154	230	702266	1113	262	803163	1088	293	901025	1065	325	1002936	1038	356	1102534	1027	387	1201017	1014	419	1303208	1004	450	1401931	986	481	1501293	976	500	1563060	971	512	1601793	970	543	1702234	968	574	1801474	960	605	1901581	956	636	2001389	949	667	2101397	948	698	2201360	945	729	2301456	939	760	2402159	933	791	2502917	933	
35	102220	1632	68	200421	1511	102	301998	1412	135	401517	1344	168	501764	1274	200	600525	1221	233	702915	1183	265	802108	1154	297	902384	1121	329	1001527	1079	361	1102414	1064	393	1203524	1045	424	1302349	1035	456	1403391	1021	487	1502029	1011	500	1542970	1007	518	1600404	998	549	1701426	991	580	1801061	981	612	1903508	977	643	2003015	974	674	2102437	969	705	2202061	967	736	2301706	965	767	2401703	964	798	2501524	962	
34	102047	1586	67	201010	1479	100	300558	1385	133	401246	1315	166	501504	1254	199	602233	1190	231	701279	1146	263	800821	1104	296	902904	1077	328	1002308	1045	360	1103350	1028	391	1202821	1019	423	1303152	1003	454	1402921	995	485	1501584	984	500	1549620	980	516	1601054	979	547	1700571	972	579	1802322	963	610	1901302	958	642	2003358	955	673	2102475	953	704	2201869	951	735	2301552	950	766	2401652	950	797	2500979	949	
34	100587	1591	68	200760	1477	102	302436	1377	135	402419	1307	168	502667	1233	201	603141	1175	233	701971	1142	265	802102	1110	297	902345	1087	329	1001960	1066	360	1100477	1050	392	1201389	1043	424	1302866	1030	455	1401940	1020	486	1500930	1010	500	1545266	1003	518	1603183	1002	549	1701219	993	581	1802602	984	612	1901273	979	643	2000823	977	674	2100832	975	706	2203341	971	737	2302225	964	768	2402243	964	799	2501807	963	
34	102970	1586	67	202273	1472	100	303465	1378	132	402241	1310	164	501270	1256	197	603413	1209	229	702828	1163	260	801256	1135	292	901734	1102	323	1000631	1075	355	1103213	1057	386	1202232	1036	417	1301586	1023	448	1401543	1012	479	1500997	1001	500	1568689	995	510	1601246	995	541	1700788	981	571	1801238	972	602	1902476	964	633	2003355	960	663	2101565	956	694	2202964	954	724	2301547	951	755	2402386	946	786	2503372	940	
34	103287	1559	67	203100	1458	100	303217	1376	132	401563	1295	164	500503	1232	197	603322	1176	228	701746	1142	259	802428	1108	290	901024	1082	321	1000822	1063	353	1103403	1049	383	1200453	1034	414	1300661	1025	446	1403169	1011	476	1500488	1003	500	1577470	994	507	1600717	994	538	1701361	984	569	1802595	977	600	1903335	975	630	2000452	970	661	2101408	966	692	2201821	961	723	2302928	957	753	2401295	957	784	2502692	956	
34	102030	1579	68	203224	1470	101	302576	1383	134	401965	1317	167	500911	1252	200	601452	1201	233	701785	1152	266	803033	1116	298	901646	1089	331	1002981	1060	363	1101628	1035	395	1201770	1020	427	1302622	1004	459	1402278	987	491	1502966	975	500	1531496	972	522	1600697	964	554	1701985	957	586	1802779	950	617	1901537	947	649	2002420	943	680	2100861	941	712	2202889	940	743	2301366	936	775	2402722	933	806	2501761	932	
36	101001	1647	72	202040	1488	107	300770	1381	143	402854	1292	178	502680	1228	212	600829	1163	247	701971	1105	281	801565	1068	315	901466	1045	349	1001917	1024	382	1101265	1011	415	1201155	998	449	1302627	981	482	1402347	974	500	1456895	971	515	1502705	971	548	1602464	960	581	1701206	952	613	1800724	947	646	1901095	946	678	2001092	945	711	2102693	943	744	2202888	942	777	2303027	941	810	2403382	940	842	2500679	939	
33	100466	1692	67	203232	1574	99	300589	1482	132	402215	1418	164	500597	1353	197	601964	1298	229	701357	1246	260	801539	1200	292	903341	1167	323	1000946	1142	355	1102745	1123	386	1201979	1107	417	1301400	1096	448	1401082	1087	479	1501306	1079	500	1568821	1068	510	1601068	1065	541	1700401	1055	573	1803443	1050	604	1902647	1044	635	2002345	1039	666	2102206	1031	697	2202595	1025	728	2302237	1015	759	2402105	1011	790	2502847	1010	
34	101900	1632	68	202414	1532	101	300640	1436	135	401215	1361	168	501034	1295	202	603058	1236	235	703295	1171	267	801266	1133	300	903481	1104	332	1001773	1079	364	1100384	1060	397	1202493	1033	429	1301200	1014	461	1401240	1005	493	1501742	993	500	1523892	990	525	1602734	986	557	1702826	974	589	1803064	971	620	1900696	967	652	2000842	961	684	2101306	956	716	2201654	953	748	2302677	953	779	2400507	950	811	2501801	949	
35	101119	1628	70	201222	1537	105	301977	1441	140	402447	1348	174	502553	1276	208	601434	1216	242	701850	1150	276	802658	1108	309	901286	1081	342	1000901	1060	375	1100953	1039	408	1200555	1024	442	1303250	1006	474	1400537	995	500	1480375	989	507	1501806	988	540	1602479	982	573	1703278	976	604	1800722	971	637	1902338	967	669	2000891	966	702	2102578	964	735	2203107	959	767	2301480	954	800	2402896	953	832	2501675	953	
35	101294	1614	70	200929	1490	105	301488	1377	140	402216	1290	174	501304	1215	208	601466	1149	242	700905	1100	275	801940	1062	308	901680	1034	341	1002593	1021	374	1102519	1003	407	1203123	992	439	1301518	984	472	1402063	971	500	1488275	958	504	1500802	954	537	1602290	949	569	1700597	944	602	1801951	939	634	1900438	936	667	2002783	932	699	2101851	931	732	2203452	929	764	2302643	928	796	2402069	927	828	2501403	926	
36	100594	1621	72	200448	1489	108	301790	1391	143	400514	1303	178	501447	1230	213	602346	1177	248	702753	1133	282	801458	1092	316	901016	1066	350	1001532	1038	384	1101396	1028	418	1202642	1018	451	1301224	1008	485	1402422	994	500	1447444	992	518	1501399	986	551	1600779	984	585	1702154	980	618	1801017	975	652	1903107	973	685	2002607	970	718	2102232	970	751	2201352	967	784	2300577	967	818	2402878	966	851	2502576	964	
35	102052	1594	69	200398	1496	104	303233	1394	138	403051	1300	171	500561	1237	205	601968	1184	238	700753	1148	271	800620	1117	304	901196	1078	337	1002723	1054	369	1100956	1033	402	1202779	1019	434	1301472	1007	466	1401053	999	498	1501232	994	500	1507798	994	530	1601197	991	563	1703293	984	595	1803314	982	626	1903135	978	657	2000765	975	689	2100882	973	721	2200965	973	753	2300540	972	785	2400567	971	817	2501289	971	
36	102257	1601	71	200963	1508	107	303097	1411	142	403020	1328	176	500413	1254	211	601185	1199	246	702642	1144	280	801186	1112	314	901961	1066	348	1002296	1037	381	1100384	1016	415	1201211	1003	448	1300567	993	482	1403200	986	500	1458111	985	514	1500520	982	548	1603123	971	581	1702705	969	614	1802090	965	647	1902160	960	680	2002265	958	713	2102368	958	746	2202128	957	779	2302186	956	812	2402180	955	845	2502558	955	
36	101740	1580	71	200532	1452	107	302283	1370	142	402859	1286	176	501749	1231	211	602745	1181	245	702461	1139	279	802319	1098	313	903087	1072	346	1001333	1045	380	1102639	1027	413	1201666	1009	446	1301813	1000	479	1401522	993	500	1465636	986	512	1502013	983	545	1602304	979	578	1703024	977	611	1803270	976	643	1901163	973	676	2001527	970	709	2101716	966	742	2201742	962	775	2301605	958	808	2401766	958	841	2502609	958	
327	100192	1063	500	154135	653	646	200063	450	960	300083	72	1000	312944	50	1269	400118	47	1500	474853	47	1578	500171	47	1888	600145	47	2000	636230	47	2198	700288	47	2500	797719	47	2508	800310	47	2816	900058	47	3000	959475	47	3125	1000086	47	3432	1100077	47	3500	1122091	47	3742	1200295	47	4000	1283631	47	4051	1300157	47	4359	1400196	47	4500	1445854	47	4667	1500045	47	4976	1600145	47	5000	1607956	47	5285	1700194	47	5500	1769743	47	5594	1800037	47	5895	1900227	47	6000	1934265	47	6204	2000202	47	6500	2095899	47	6513	2100123	47	6823	2200048	47	7000	2257149	47	7133	2300181	47	7442	2400094	47	7500	2418871	47	7750	2500137	47	
350	100157	957	500	144213	628	691	200106	333	1000	292522	44	1025	300083	44	1357	400206	44	1500	443498	44	1688	500271	44	2000	594312	44	2019	600035	44	2353	700068	44	2500	744241	44	2686	800245	44	3000	896830	44	3011	900218	44	3340	1000094	44	3500	1048584	44	3671	1100160	44	4000	1199260	44	4003	1200185	44	4336	1300135	44	4500	1349559	44	4669	1400219	44	5000	1499836	44	5001	1500155	44	5334	1600085	44	5500	1650176	44	5667	1700323	44	5997	1800251	44	6000	1801157	44	6329	1900315	44	6500	1951920	44	6660	2000310	44	6991	2100107	44	7000	2102813	44	7324	2200189	44	7500	2253020	44	7658	2300309	44	7990	2400108	44	8000	2403128	44	8321	2500087	44	
321	100152	1162	500	157159	704	635	200323	516	946	300223	108	1000	318007	68	1250	400062	45	1500	481969	45	1556	500261	45	1860	600118	45	2000	645884	45	2166	700123	45	2470	800155	45	2500	809971	45	2776	900343	45	3000	973619	45	3081	1000072	45	3386	1100127	45	3500	1137413	45	3692	1200217	45	3998	1300327	45	4000	1300998	45	4301	1400065	45	4500	1465225	45	4606	1500112	45	4911	1600069	45	5000	1629168	45	5217	1700308	45	5500	1792908	45	5522	1800167	45	5826	1900269	45	6000	1957332	45	6130	2000148	45	6435	2100256	45	6500	2121513	45	6740	2200252	45	7000	2285352	45	7045	2300143	45	7351	2400263	45	7500	2449205	45	7656	2500194	45	
332	100153	930	500	152597	615	653	200123	405	973	300345	54	1000	308947	48	1285	400236	48	1500	468752	48	1598	500151	48	1910	600191	48	2000	628927	48	2222	700127	48	2500	788925	48	2535	800166	48	2847	900163	48	3000	949067	48	3160	1000118	48	3472	1100108	48	3500	1109120	48	3784	1200259	48	4000	1269293	48	4097	1300322	48	4409	1400074	48	4500	1429193	48	4722	1500054	48	5000	1589244	48	5034	1600127	48	5348	1700309	48	5500	1748827	48	5660	1800149	48	5972	1900042	48	6000	1908990	48	6275	2000218	48	6500	2072382	48	6587	2100203	48	6899	2200050	48	7000	2232283	48	7212	2300038	48	7500	2391995	48	7526	2400305	48	7839	2500229	48	
329	100285	1020	500	153427	650	650	200317	442	966	300087	64	1000	311085	51	1276	400246	48	1500	472021	48	1588	500188	48	1899	600231	48	2000	632684	48	2210	700288	48	2500	793352	48	2521	800082	48	2832	900059	48	3000	955951	48	3135	1000329	48	3444	1100050	48	3500	1118014	48	3755	1200179	48	4000	1278640	48	4067	1300186	48	4378	1400106	48	4500	1439140	48	4690	1500114	48	5000	1599748	48	5001	1600097	48	5310	1700046	48	5500	1761852	48	5618	1800123	48	5927	1900085	48	6000	1923470	48	6239	2000080	48	6500	2084411	48	6549	2100127	48	6862	2200320	48	7000	2244601	48	7174	2300320	48	7486	2400159	48	7500	2404678	48	7795	2500147	48	
328	100042	1085	500	152511	707	656	200227	464	978	300111	73	1000	306991	59	1294	400191	45	1500	465407	45	1610	500243	45	1924	600210	45	2000	624279	45	2239	700310	45	2500	782894	45	2555	800321	45	2869	900302	45	3000	941766	45	3182	1000197	45	3497	1100309	45	3500	1101282	45	3811	1200194	45	4000	1260265	45	4126	1300077	45	4442	1400050	45	4500	1418354	45	4758	1500035	45	5000	1576597	45	5074	1600234	45	5388	1700114	45	5500	1735957	45	5701	1800122	45	6000	1895131	45	6016	1900257	45	6330	2000068	45	6500	2054009	45	6645	2100032	45	6962	2200226	45	7000	2212301	45	7277	2300187	45	7500	2370762	45	7593	2400231	45	7908	2500084	45	
334	100123	1133	500	151124	790	661	200212	562	987	300227	133	1000	304286	119	1302	400054	56	1500	462708	56	1618	500160	56	1933	600270	56	2000	621884	56	2246	700082	56	2500	780670	56	2561	800103	56	2877	900259	56	3000	939248	56	3192	1000221	56	3500	1097729	56	3508	1100318	56	3822	1200145	56	4000	1256906	56	4136	1300095	56	4451	1400277	56	4500	1415760	56	4766	1500186	56	5000	1574578	56	5081	1600379	56	5394	1700021	56	5500	1733920	56	5708	1800297	56	6000	1893260	56	6021	1900050	56	6335	2000076	56	6500	2055057	56	6641	2100058	56	6953	2200205	56	7000	2215125	56	7268	2300055	56	7500	2373987	56	7583	2400327	56	7898	2500076	56	
336	100174	1077	500	149727	736	667	200146	476	991	300078	81	1000	302909	75	1308	400091	49	1500	460514	49	1625	500104	49	1942	600186	49	2000	618490	49	2259	700326	49	2500	776470	49	2575	800273	49	2892	900146	49	3000	934168	49	3209	1000096	49	3500	1094933	49	3516	1100032	49	3832	1200312	49	4000	1253664	49	4147	1300091	49	4465	1400131	49	4500	1411165	49	4781	1500100	49	5000	1569179	49	5099	1600306	49	5414	1700085	49	5500	1727177	49	5732	1800267	49	6000	1884882	49	6048	1900063	49	6363	2000091	49	6500	2043258	49	6681	2100263	49	6999	2200323	49	7000	2200652	49	7316	2300273	49	7500	2358138	49	7634	2400270	49	7950	2500232	49	
319	100233	917	500	158396	604	632	200261	421	947	300290	55	1000	317597	48	1257	400156	48	1500	478192	48	1568	500077	48	1876	600233	48	2000	640209	48	2187	700305	48	2499	800128	48	2500	800462	48	2811	900179	48	3000	961074	48	3121	1000181	48	3433	1100266	48	3500	1121933	48	3744	1200174	48	4000	1282600	48	4054	1300050	48	4364	1400221	48	4500	1444025	48	4674	1500043	48	4985	1600052	48	5000	1604906	48	5296	1700030	48	5500	1766007	48	5605	1800022	48	5916	1900329	48	6000	1927273	48	6226	2000240	48	6500	2088474	48	6537	2100326	48	6849	2200267	48	7000	2248542	48	7160	2300055	48	7472	2400324	48	7500	2409311	48	7782	2500285	48	
336	100155	1024	500	150180	678	663	200118	445	986	300178	56	1000	304671	51	1301	400079	50	1500	463075	50	1617	500185	50	1932	600158	50	2000	622056	50	2245	700161	50	2500	781274	50	2560	800298	50	2874	900156	50	3000	940022	50	3189	1000219	50	3500	1098762	50	3504	1100046	50	3820	1200133	50	4000	1257137	50	4136	1300212	50	4452	1400309	50	4500	1415488	50	4767	1500303	50	5000	1574312	50	5082	1600254	50	5396	1700111	50	5500	1733098	50	5712	1800233	50	6000	1891482	50	6027	1900049	50	6343	2000200	50	6500	2049975	50	6653	2100230	50	6964	2200172	50	7000	2211549	50	7280	2300275	50	7500	2370061	50	7595	2400163	50	7910	2500236	50	
129	100158	9469	259	200796	8953	388	300366	8438	500	387686	8035	516	400136	7975	645	500781	7518	773	600574	7073	901	700598	6627	1000	778060	6293	1029	800680	6192	1158	900691	5734	1286	1000546	5284	1413	1100443	4842	1500	1171399	4541	1537	1200662	4406	1665	1300861	3967	1793	1400447	3517	1921	1500124	3082	2000	1561605	2836	2050	1600808	2673	2177	1700585	2275	2304	1800675	1910	2430	1900430	1577	2500	1955805	1397	2556	2000185	1251	2683	2100823	932	2808	2200504	676	2932	2300327	454	3000	2356137	363	3053	2400171	310	3170	2500264	236	
134	100690	9251	263	200167	8751	396	300242	8232	500	378579	7841	529	400574	7739	661	500425	7268	793	600232	6793	926	700796	6311	1000	756774	6059	1058	800577	5845	1190	900438	5374	1322	1000644	4887	1454	1100364	4415	1500	1135088	4245	1587	1200840	3940	1719	1300333	3492	1851	1400104	3028	1983	1500265	2585	2000	1513235	2530	2115	1600627	2159	2246	1700660	1771	2376	1800783	1406	2500	1896598	1091	2505	1900570	1080	2634	2000551	800	2762	2100181	575	2890	2200721	389	3000	2290166	285	3012	2300121	277	3130	2400868	224	3246	2500724	220	
134	100686	9512	267	200401	8989	400	300090	8466	500	375162	8080	534	400785	7953	666	500354	7478	799	600458	7010	932	700570	6535	1000	751980	6307	1064	800224	6079	1197	900807	5624	1329	1000333	5131	1462	1100506	4640	1500	1129220	4507	1594	1200106	4175	1727	1300409	3716	1860	1400539	3240	1992	1500258	2788	2000	1506381	2767	2124	1600617	2346	2255	1700474	1912	2385	1800499	1525	2500	1889427	1217	2514	1900320	1182	2643	2000446	891	2770	2100306	655	2895	2200627	472	3000	2284480	346	3020	2300543	327	3143	2400418	232	3261	2500581	197	
130	100376	9617	260	200409	9142	390	300607	8662	500	385643	8264	519	400390	8195	648	500099	7732	778	600461	7251	907	700126	6796	1000	772160	6471	1036	800137	6344	1165	900306	5879	1293	1000313	5412	1423	1100501	4948	1500	1159871	4668	1550	1200791	4492	1678	1300400	4046	1806	1400153	3613	1935	1500830	3183	2000	1551588	2961	2062	1600218	2760	2189	1700162	2374	2316	1800377	1989	2443	1900695	1628	2500	1945734	1477	2570	2000846	1303	2696	2100803	1027	2820	2200506	795	2944	2300542	609	3000	2346143	532	3066	2400326	454	3188	2500606	334	
130	100729	9776	258	200635	9288	383	300246	8833	500	391056	8416	512	400437	8374	641	500345	7917	771	600725	7446	900	700580	6986	1000	778297	6642	1028	800136	6545	1157	900620	6076	1285	1000486	5601	1414	1100355	5136	1500	1166874	4834	1543	1200320	4674	1672	1300118	4209	1801	1400735	3753	1929	1500301	3327	2000	1555551	3086	2058	1600780	2897	2186	1700644	2489	2313	1800165	2102	2440	1900450	1714	2500	1948194	1541	2566	2000582	1373	2692	2100747	1089	2817	2200771	851	2941	2300287	645	3000	2348044	570	3064	2400798	501	3183	2500349	400	
131	100451	9485	262	200562	8989	393	300715	8506	500	382909	8128	523	400628	8047	653	500861	7584	783	600757	7109	913	700513	6655	1000	767344	6352	1043	800753	6197	1173	900603	5736	1303	1000541	5249	1433	1100280	4775	1500	1151615	4546	1564	1200625	4317	1694	1300393	3862	1825	1400731	3393	1954	1500486	2962	2000	1535925	2803	2084	1600628	2518	2214	1700754	2084	2343	1800862	1699	2467	1900229	1378	2500	1926235	1296	2594	2000473	1081	2720	2100293	832	2846	2200589	630	2966	2300142	471	3000	2328372	432	3088	2400827	344	3207	2500366	270	
131	100377	9612	262	200806	9122	392	300291	8655	500	382905	8283	523	400632	8202	653	500286	7743	783	600244	7298	913	700299	6859	1000	767187	6569	1043	800323	6417	1173	900527	5954	1303	1000461	5495	1434	1100815	5037	1500	1151543	4809	1564	1200802	4581	1690	1300155	4136	1819	1400208	3692	1949	1500539	3250	2000	1539962	3074	2078	1600469	2809	2207	1700497	2396	2336	1800616	1992	2463	1900294	1621	2500	1929366	1517	2590	2000600	1290	2716	2100103	1006	2843	2200874	774	2967	2300753	580	3000	2327266	531	3091	2400737	417	3211	2500537	313	
131	100108	9462	262	200100	8963	389	300178	8486	500	385499	8086	519	400130	8014	649	500285	7551	780	600672	7090	910	700574	6642	1000	769934	6327	1040	800620	6182	1169	900419	5721	1299	1000233	5250	1430	1100623	4780	1500	1154536	4532	1560	1200783	4320	1690	1300510	3852	1821	1400625	3386	1951	1500598	2951	2000	1538434	2792	2080	1600097	2533	2209	1700579	2107	2338	1800712	1710	2465	1900528	1347	2500	1927916	1250	2592	2000490	1034	2718	2100417	786	2844	2200724	574	2969	2300824	415	3000	2326144	382	3090	2400112	295	3210	2500405	214	
131	100349	9745	262	200369	9258	393	300480	8751	500	382355	8361	523	400136	8274	654	500685	7778	784	600287	7311	915	700797	6848	1000	766068	6541	1045	800698	6376	1175	900672	5900	1305	1000241	5418	1436	1100638	4961	1500	1149717	4738	1566	1200494	4504	1696	1300398	4042	1826	1400336	3563	1955	1500409	3114	2000	1535404	2960	2084	1600827	2660	2212	1700660	2232	2340	1800318	1823	2468	1900688	1430	2500	1925888	1341	2595	2000540	1085	2722	2100750	800	2848	2200422	575	2973	2300403	407	3000	2324715	379	3089	2400174	310	3208	2500586	242	
133	100350	9343	266	200647	8845	399	300754	8342	500	376885	7981	531	400500	7870	663	500546	7384	795	600281	6910	927	700356	6431	1000	755687	6175	1059	800424	5957	1191	900819	5483	1323	1000795	5001	1455	1100670	4506	1500	1134803	4337	1587	1200708	4019	1717	1300284	3567	1845	1400759	3115	1976	1500710	2662	2000	1519157	2593	2106	1600309	2250	2236	1700380	1850	2365	1800290	1491	2493	1900177	1152	2500	1905692	1131	2621	2000388	850	2748	2100725	637	2874	2200772	484	2998	2300323	357	3000	2302007	354	3120	2400847	271	3238	2500294	215	
30	101447	50010	60	202482	49634	90	302889	49253	119	403041	48914	148	500525	48548	178	601310	48183	208	701869	47819	238	802203	47445	268	903028	47063	297	1000755	46719	327	1101966	46347	357	1202188	45986	387	1303299	45621	417	1403675	45272	446	1501033	44940	476	1601957	44584	500	1682833	44293	506	1703266	44220	535	1801188	43861	565	1902189	43490	595	2003624	43105	624	2100975	42755	654	2201829	42386	684	2302919	42009	713	2400705	41651	743	2501645	41278	
30	101464	49593	60	202281	49227	90	303285	48848	119	401020	48480	149	502143	48108	179	602581	47743	209	702957	47371	238	800610	46986	268	901051	46610	298	1002227	46229	328	1103220	45844	358	1203720	45464	387	1301234	45112	417	1401410	44747	447	1501952	44373	477	1602115	43989	500	1679023	43713	507	1702932	43617	537	1803627	43242	566	1901252	42858	596	2001560	42485	626	2101799	42128	656	2201747	41774	686	2302421	41412	715	2401940	41056	745	2502518	40689	
31	103743	49698	61	203080	49342	91	302898	48963	121	402361	48606	151	501966	48251	181	601455	47907	211	701052	47542	242	803620	47169	272	903222	46803	302	1002810	46429	332	1102512	46052	362	1202328	45691	392	1301881	45338	422	1403308	44987	452	1502813	44623	482	1602298	44256	500	1662072	44046	512	1702300	43901	542	1801338	43545	572	1900569	43184	603	2003657	42806	633	2103338	42456	663	2202767	42106	693	2302082	41766	723	2401066	41407	754	2503323	41041	
30	100681	49894	61	203656	49524	91	303056	49163	120	401899	48812	150	502165	48439	180	602208	48052	210	701821	47693	240	801683	47323	270	901788	46936	300	1002590	46542	330	1102421	46154	360	1202453	45774	390	1302386	45387	420	1402662	45033	450	1502218	44652	480	1602427	44272	500	1668702	44036	510	1702321	43899	540	1802569	43524	570	1902329	43131	600	2002531	42762	630	2102801	42400	660	2202860	42030	690	2302618	41642	720	2402237	41288	750	2502096	40930	
30	101353	49230	60	201871	48844	90	302880	48480	119	400547	48107	149	501109	47712	179	601771	47344	209	702753	46986	239	803522	46625	268	900969	46265	298	1001901	45892	328	1102230	45511	358	1202637	45142	388	1302987	44766	418	1403613	44398	447	1500518	44041	477	1601375	43669	500	1678973	43390	507	1702737	43307	537	1803433	42955	566	1900846	42597	596	2000916	42227	626	2100847	41863	656	2201110	41501	686	2301054	41139	716	2403887	40791	745	2501819	40443	
30	102060	49748	60	203333	49357	89	301358	48973	119	402925	48571	148	500560	48213	178	601640	47828	208	703474	47448	237	801235	47090	267	902554	46713	296	1000629	46367	326	1101999	45992	356	1202954	45618	385	1300651	45261	415	1404068	44894	444	1501815	44532	474	1602800	44166	500	1690875	43826	503	1701486	43783	533	1802901	43402	562	1900765	43030	592	2001766	42642	622	2102566	42289	652	2203532	41936	681	2301231	41594	711	2402531	41228	740	2500735	40878	
31	103515	50030	61	203210	49662	91	302577	49278	120	400600	48920	150	500792	48557	181	603283	48197	211	702668	47837	241	801729	47482	271	900946	47119	302	1003793	46747	332	1102797	46383	362	1203082	46029	392	1302541	45661	422	1401794	45280	452	1500861	44929	483	1603152	44547	500	1659239	44349	513	1702659	44178	543	1802185	43810	573	1901835	43436	603	2001186	43074	633	2100588	42703	664	2202833	42327	694	2301742	41977	724	2400922	41611	755	2503393	41247	
30	102378	49950	60	203708	49590	89	301403	49220	119	402538	48857	148	500680	48514	178	602356	48150	207	700883	47790	237	802418	47418	267	903855	47052	296	1002086	46699	326	1103725	46326	355	1202197	45975	384	1300542	45613	414	1402249	45246	444	1503628	44866	473	1601795	44502	500	1693936	44153	502	1701235	44126	532	1802565	43767	561	1900668	43407	591	2002328	43035	620	2100514	42685	650	2202104	42331	679	2300825	41980	709	2403548	41612	737	2500906	41277	
30	101207	49814	60	201399	49440	90	301305	49061	120	401157	48700	150	501773	48332	180	601988	47964	210	702062	47577	240	802159	47190	270	902558	46809	300	1002657	46430	330	1102536	46052	360	1202637	45683	390	1303307	45311	419	1401746	44933	447	1501729	44592	477	1602156	44226	500	1679152	43960	507	1702758	43874	537	1803449	43505	567	1903397	43129	596	2000752	42771	626	2101203	42407	656	2201512	42043	686	2301475	41665	716	2401807	41295	746	2502135	40931	
31	103686	49928	61	203149	49541	91	302588	49159	121	401904	48793	149	503352	48462	179	603104	48094	209	702551	47720	239	802309	47353	269	901790	46996	299	1001743	46635	329	1101366	46261	359	1201062	45899	389	1300668	45544	420	1403199	45170	450	1502955	44799	480	1603441	44417	500	1669918	44180	510	1703211	44055	540	1802764	43684	570	1902715	43334	600	2002505	42968	630	2102708	42610	660	2202234	42251	690	2301851	41895	720	2401853	41516	750	2501799	41148	
