versja nr 2;wspolczynnik mutacji 0.900000;wielkosc populacji 45
299	100057	109	500	168496	72	593	200272	69	886	300308	62	1000	338913	61	1181	400331	59	1475	500210	59	1500	508672	59	1770	600146	59	2000	678323	59	2064	700150	59	2360	800331	59	2500	847706	59	2654	900091	59	2949	1000129	59	3000	1017375	59	3241	1100272	59	3500	1188764	59	3534	1200297	59	3828	1300052	59	4000	1358339	59	4123	1400133	59	4417	1500331	55	4500	1528432	55	4710	1600169	55	4998	1700268	55	5000	1700948	55	5292	1800080	55	5500	1870675	55	5587	1900199	55	5882	2000090	55	6000	2040447	55	6175	2100320	55	6467	2200295	54	6500	2211612	54	6760	2300033	54	7000	2382151	54	7053	2400333	54	7347	2500211	54	
302	100136	148	500	167393	130	596	200102	130	890	300278	126	1000	337806	124	1184	400200	124	1479	500099	121	1500	507262	121	1774	600163	113	2000	676490	113	2070	700332	113	2355	800364	111	2500	849665	111	2648	900205	111	2941	1000054	111	3000	1020045	111	3235	1100114	111	3500	1189989	111	3530	1200114	111	3825	1300028	107	4000	1359282	107	4120	1400027	107	4415	1500185	107	4500	1529221	107	4710	1600167	107	5000	1698600	107	5005	1700330	107	5300	1800270	107	5500	1867987	107	5595	1900243	107	5891	2000339	107	6000	2037400	107	6185	2100092	107	6480	2200200	107	6500	2206931	107	6775	2300194	107	7000	2376419	107	7070	2400122	107	7365	2500039	107	
302	100181	134	500	166716	79	599	200138	79	895	300073	69	1000	335530	68	1192	400298	68	1489	500180	64	1500	503870	64	1786	600307	64	2000	672211	61	2083	700244	61	2380	800119	61	2500	840704	61	2676	900139	61	2972	1000037	61	3000	1009488	61	3268	1100303	61	3500	1178334	61	3565	1200172	61	3862	1300179	61	4000	1346691	61	4159	1400115	61	4456	1500058	61	4500	1514802	61	4754	1600225	61	5000	1683074	61	5050	1700080	61	5347	1800234	61	5500	1852024	60	5643	1900307	56	5939	2000039	56	6000	2020585	56	6235	2100024	56	6500	2189756	56	6531	2200176	56	6827	2300026	56	7000	2358471	56	7123	2400113	56	7418	2500155	56	
305	100058	134	500	165741	128	603	200333	128	901	300122	127	1000	333343	127	1199	400244	127	1496	500026	124	1500	501369	124	1794	600016	118	2000	669695	118	2090	700113	118	2388	800186	118	2500	837775	118	2686	900269	118	2984	1000330	118	3000	1005698	118	3280	1100233	118	3500	1174044	118	3578	1200231	118	3873	1300154	118	4000	1342837	118	4171	1400263	118	4469	1500309	118	4500	1510667	118	4767	1600102	118	5000	1678783	118	5064	1700287	118	5361	1800211	118	5500	1847102	118	5658	1900094	118	5949	2000217	118	6000	2017495	118	6246	2100310	118	6500	2185953	118	6543	2200324	118	6840	2300280	118	7000	2353998	118	7138	2400315	115	7436	2500340	115	
301	100198	147	500	168137	126	595	200316	124	889	300197	113	1000	338034	103	1182	400074	103	1478	500291	101	1500	507745	101	1772	600060	93	2000	677269	93	2067	700020	93	2364	800308	93	2500	846407	93	2659	900333	93	2953	1000328	93	3000	1016196	93	3240	1100142	93	3500	1188723	93	3534	1200216	93	3829	1300181	93	4000	1357933	93	4125	1400186	93	4420	1500265	93	4500	1527322	93	4715	1600260	93	5000	1697084	93	5009	1700161	93	5305	1800201	93	5500	1866268	93	5600	1900136	93	5896	2000335	92	6000	2035881	92	6189	2100345	92	6484	2200210	92	6500	2205611	92	6780	2300106	85	7000	2374627	82	7076	2400213	82	7372	2500183	80	
302	100252	172	500	169296	113	589	200265	111	882	300089	101	1000	340135	101	1177	400342	101	1471	500051	101	1500	509909	101	1767	600332	101	2000	679583	101	2060	700053	101	2356	800223	101	2500	849357	101	2650	900236	101	2945	1000052	101	3000	1018760	101	3239	1100217	100	3500	1189216	100	3532	1200136	100	3827	1300314	90	4000	1358804	90	4122	1400087	90	4417	1500046	90	4500	1528131	90	4713	1600302	90	5000	1697918	90	5007	1700294	90	5302	1800017	88	5500	1867338	88	5597	1900130	88	5894	2000293	88	6000	2036441	88	6189	2100115	88	6484	2200079	88	6500	2205494	88	6781	2300357	88	7000	2374350	87	7076	2400102	87	7372	2500211	87	
301	100320	235	500	168215	221	594	200127	217	889	300074	207	1000	337633	204	1185	400281	204	1480	500016	204	1500	506810	204	1777	600320	204	2000	675756	204	2072	700165	200	2367	800206	197	2500	845212	195	2662	900102	195	2957	1000277	189	3000	1014942	189	3251	1100332	187	3500	1184861	187	3545	1200161	187	3839	1300222	184	4000	1354939	184	4133	1400189	184	4427	1500113	179	4500	1524889	179	4722	1600138	179	5000	1694372	174	5017	1700120	174	5312	1800061	153	5500	1863619	149	5608	1900311	144	5902	2000244	136	6000	2034127	133	6194	2100181	125	6488	2200197	122	6500	2204269	122	6777	2300033	91	7000	2376586	80	7070	2400324	80	7366	2500343	80	
298	100035	270	500	169050	244	591	200140	237	885	300274	201	1000	339286	177	1179	400025	156	1475	500234	135	1500	508719	135	1770	600066	113	2000	678157	111	2065	700266	111	2360	800245	109	2500	847935	109	2652	900103	109	2946	1000041	109	3000	1018369	109	3241	1100185	109	3500	1188198	109	3535	1200027	109	3830	1300097	109	4000	1357696	109	4120	1400230	109	4410	1500295	109	4500	1530829	109	4705	1600316	106	4998	1700181	104	5000	1700870	104	5292	1800288	104	5500	1870987	104	5586	1900222	104	5880	2000128	104	6000	2041231	104	6172	2100125	104	6465	2200260	104	6500	2212249	104	6759	2300233	104	7000	2382165	104	7053	2400240	104	7347	2500102	104	
313	100157	209	500	160879	169	621	200215	159	928	300119	149	1000	323739	149	1235	400206	149	1500	486578	148	1539	500129	148	1845	600172	142	2000	650675	140	2152	700175	132	2458	800229	132	2500	813902	132	2765	900214	128	3000	976560	117	3073	1000268	114	3379	1100073	109	3500	1139637	109	3686	1200064	109	3993	1300154	109	4000	1302503	109	4300	1400099	104	4500	1465363	104	4607	1500055	104	4914	1600024	104	5000	1628023	104	5221	1700263	104	5500	1791278	104	5527	1800037	104	5835	1900028	102	6000	1953848	100	6141	2000023	100	6448	2100098	100	6500	2117074	100	6754	2200116	88	7000	2280384	82	7061	2300264	82	7367	2400127	82	7500	2443463	80	7674	2500132	80	
301	100286	236	500	167549	196	597	200347	196	889	300022	184	1000	337617	178	1185	400178	178	1481	500327	174	1500	506778	174	1777	600196	172	2000	675602	172	2073	700298	172	2370	800332	170	2500	844213	162	2666	900279	162	2961	1000227	147	3000	1013684	142	3256	1100328	120	3500	1182571	117	3552	1200067	117	3849	1300185	117	4000	1351037	117	4147	1400314	117	4443	1500280	111	4500	1519525	111	4738	1600105	111	5000	1688683	111	5034	1700188	111	5330	1800320	105	5500	1857783	102	5625	1900088	102	5920	2000049	97	6000	2027025	97	6216	2100055	97	6500	2196393	97	6511	2200115	97	6808	2300217	97	7000	2365109	97	7104	2400168	97	7400	2500132	97	
315	100122	81	500	160283	81	623	200288	81	931	300327	81	1000	322767	81	1238	400027	81	1500	485046	80	1547	500333	80	1856	600288	80	2000	646933	80	2164	700066	80	2473	800122	80	2500	808816	80	2782	900091	75	3000	970806	75	3090	1000232	75	3397	1100155	75	3500	1133785	75	3705	1200269	75	4000	1296075	75	4013	1300310	75	4321	1400105	75	4500	1458077	75	4629	1500088	75	4935	1600148	75	5000	1621321	75	5243	1700026	73	5500	1785553	73	5545	1800175	73	5853	1900202	73	6000	1947787	71	6160	2000084	71	6468	2100034	71	6500	2110518	71	6775	2200102	71	7000	2273150	71	7084	2300315	71	7391	2400266	70	7500	2435711	70	7699	2500277	70	
301	100199	112	500	167333	105	597	200167	105	892	300056	86	1000	336912	86	1186	400088	84	1482	500245	77	1500	506364	75	1777	600283	70	2000	676010	70	2071	700118	70	2365	800114	70	2500	847867	70	2651	900219	70	2944	1000151	70	3000	1019203	70	3237	1100111	70	3500	1189643	70	3531	1200177	70	3826	1300220	70	4000	1359034	70	4122	1400213	70	4418	1500034	64	4500	1528079	64	4710	1600267	64	5000	1698416	64	5005	1700134	64	5299	1800057	60	5500	1868515	60	5593	1900095	60	5888	2000330	58	6000	2038422	58	6182	2100199	58	6476	2200084	58	6500	2208264	58	6771	2300312	58	7000	2378194	58	7065	2400186	58	7360	2500230	58	
302	100047	67	500	167106	62	598	200203	60	893	300059	60	1000	336253	60	1188	400016	60	1484	500184	60	1500	505657	60	1780	600319	60	2000	674752	60	2075	700127	60	2370	800108	60	2500	844152	60	2665	900042	60	2961	1000109	60	3000	1013273	60	3256	1100154	60	3500	1182698	60	3552	1200220	60	3846	1300046	60	4000	1352119	60	4141	1400017	60	4437	1500105	60	4500	1521384	60	4733	1600068	60	5000	1690609	60	5028	1700125	60	5324	1800207	60	5500	1859891	60	5619	1900156	57	5913	2000277	57	6000	2029687	57	6207	2100053	57	6500	2199109	57	6503	2200149	57	6799	2300090	57	7000	2368040	57	7095	2400084	57	7392	2500315	56	
310	100026	98	500	162706	97	614	200276	94	917	300252	86	1000	327561	86	1220	400121	86	1500	492352	79	1524	500291	79	1826	600028	79	2000	657377	79	2130	700269	79	2433	800167	79	2500	822256	79	2736	900159	78	3000	987173	78	3039	1000025	78	3343	1100066	78	3500	1151830	75	3647	1200228	72	3950	1300023	70	4000	1316464	70	4253	1400216	70	4500	1481745	70	4556	1500180	70	4859	1600307	70	5000	1646661	70	5162	1700152	70	5466	1800321	70	5500	1811515	70	5767	1900334	67	6000	1977523	62	6069	2000294	62	6363	2100293	62	6500	2145942	62	6664	2200086	62	6967	2300097	62	7000	2311021	62	7271	2400223	62	7500	2475584	62	7575	2500279	62	
302	100275	85	500	167473	81	597	200175	71	892	300275	71	1000	336823	71	1188	400172	63	1485	500095	63	1500	505156	63	1782	600112	63	2000	673579	63	2079	700305	63	2375	800131	63	2500	842156	63	2672	900068	63	2970	1000213	63	3000	1010488	63	3265	1100215	62	3500	1181754	62	3553	1200057	62	3848	1300030	62	4000	1351321	62	4145	1400194	62	4441	1500071	62	4500	1519987	62	4738	1600240	62	5000	1688866	62	5034	1700325	62	5329	1800061	62	5500	1857822	62	5626	1900331	62	5921	2000292	62	6000	2026953	62	6216	2100031	62	6500	2195665	62	6513	2200064	62	6810	2300054	62	7000	2364136	62	7107	2400148	62	7404	2500209	62	
312	100254	86	500	161775	86	617	200165	86	916	300219	79	1000	327898	76	1220	400288	73	1500	492142	69	1524	500048	69	1829	600337	69	2000	656474	69	2133	700219	68	2438	800314	65	2500	820697	64	2741	900037	61	3000	984888	61	3047	1000268	61	3351	1100165	61	3500	1149124	61	3656	1200269	61	3960	1300015	61	4000	1313139	59	4265	1400325	59	4500	1477572	59	4569	1500252	59	4872	1600080	59	5000	1642097	56	5177	1700317	56	5481	1800312	56	5500	1806591	56	5783	1900105	56	6000	1972016	56	6086	2000309	56	6388	2100070	56	6500	2137249	56	6691	2200152	56	6995	2300212	56	7000	2301884	56	7299	2400300	55	7500	2466426	55	7603	2500231	55	
309	100099	103	500	163066	101	613	200240	101	916	300154	98	1000	327850	97	1219	400227	92	1500	492828	81	1522	500180	81	1824	600244	73	2000	658185	69	2127	700042	66	2429	800298	66	2500	823794	61	2731	900142	61	3000	989026	61	3034	1000308	61	3336	1100152	61	3500	1154357	61	3639	1200158	61	3942	1300343	61	4000	1319467	58	4243	1400021	56	4500	1485172	56	4545	1500048	56	4847	1600260	56	5000	1650794	56	5148	1700037	56	5451	1800202	56	5500	1816413	56	5753	1900243	56	6000	1982302	56	6054	2000176	56	6355	2100161	56	6500	2148233	56	6657	2200278	56	6959	2300149	55	7000	2313690	55	7254	2400019	55	7500	2481395	55	7557	2500282	55	
300	100352	92	500	168361	87	594	200273	87	888	300352	86	1000	338357	83	1182	400291	81	1476	500270	77	1500	508430	77	1770	600186	73	2000	678197	73	2065	700239	73	2360	800333	73	2500	848067	72	2654	900269	72	2947	1000105	72	3000	1018175	72	3242	1100200	72	3500	1187698	72	3537	1200218	72	3832	1300077	72	4000	1356998	72	4127	1400024	72	4417	1500031	72	4500	1528588	72	4710	1600090	72	5000	1698467	72	5005	1700183	72	5300	1800306	69	5500	1868281	69	5594	1900219	67	5887	2000034	67	6000	2038444	67	6178	2100111	67	6472	2200054	67	6500	2209569	67	6766	2300062	67	7000	2379844	67	7060	2400259	67	7354	2500308	67	
310	100279	60	500	163092	58	612	200141	58	915	300290	56	1000	328410	56	1217	400184	56	1500	493795	54	1519	500093	54	1817	600184	54	2000	661730	54	2116	700294	54	2418	800326	54	2500	827551	54	2719	900104	54	3000	993040	54	3022	1000352	54	3324	1100344	54	3500	1158712	54	3625	1200256	54	3926	1300018	54	4000	1324606	54	4229	1400332	54	4500	1490081	54	4531	1500348	54	4832	1600145	54	5000	1655793	54	5134	1700175	54	5436	1800052	54	5500	1821210	54	5739	1900266	54	6000	1987065	54	6040	2000282	54	6340	2100080	52	6500	2153234	52	6642	2200322	52	6943	2300022	52	7000	2318925	52	7246	2400306	52	7500	2484461	52	7547	2500082	52	
300	100279	68	500	168605	62	592	200112	62	885	300226	62	1000	339552	58	1177	400145	56	1469	500193	56	1500	510823	56	1761	600219	56	2000	681879	56	2053	700119	56	2345	800117	56	2500	853069	56	2638	900356	56	2929	1000029	56	3000	1024362	56	3221	1100081	56	3500	1195448	56	3514	1200227	56	3806	1300201	56	4000	1366615	56	4098	1400305	56	4390	1500081	56	4500	1537697	56	4682	1600037	56	4975	1700297	56	5000	1708867	56	5267	1800110	56	5500	1879711	56	5560	1900334	56	5851	2000333	56	6000	2051131	56	6143	2100267	56	6435	2200144	56	6500	2222327	56	6728	2300195	56	7000	2393332	56	7020	2400208	56	7312	2500161	56	
101	100593	2730	196	200425	2634	292	301119	2594	386	400072	2594	482	501062	2567	500	520069	2567	577	601049	2567	672	700948	2567	767	801076	2567	861	900105	2567	956	1000198	2567	1000	1046482	2567	1051	1100148	2567	1147	1200981	2567	1242	1300499	2567	1338	1401082	2567	1433	1500757	2567	1500	1571297	2535	1528	1600791	2535	1623	1700291	2535	1718	1800241	2535	1811	1900338	2425	1906	2000291	2317	2000	2098884	2249	2002	2101052	2249	2097	2200602	2213	2193	2300866	2213	2288	2400653	2213	2383	2500168	2213	
101	100520	2549	196	200565	2488	291	300863	2407	386	400582	2254	481	500351	2187	500	520329	2187	576	600454	2187	671	700437	2187	766	800499	2187	861	900777	2123	954	1001036	2123	1000	1049687	2123	1048	1100316	2089	1144	1200775	1896	1239	1300890	1875	1333	1400249	1837	1428	1500277	1837	1500	1576097	1837	1523	1600387	1837	1618	1700585	1837	1713	1800660	1804	1807	1900160	1804	1902	2000761	1771	1996	2100588	1771	2000	2104948	1771	2090	2200546	1771	2185	2300995	1771	2279	2400368	1771	2374	2500737	1752	
99	100407	2073	194	200608	1936	289	300411	1910	385	400899	1822	480	501115	1767	500	522265	1767	574	600530	1767	669	700518	1767	764	800603	1726	859	900830	1726	953	1000213	1726	1000	1049744	1726	1048	1100210	1706	1143	1200501	1706	1238	1300937	1706	1332	1400082	1706	1427	1500479	1706	1500	1577691	1706	1522	1601037	1706	1616	1700423	1706	1711	1800608	1706	1806	1900814	1706	1900	2000161	1667	1995	2100460	1644	2000	2105829	1644	2090	2200713	1644	2185	2300697	1644	2280	2400846	1644	2374	2500134	1583	
102	100993	2492	198	200830	2438	293	300126	2359	389	400143	2322	486	501005	2303	500	515810	2303	582	601022	2303	678	701063	2260	773	800268	2260	869	900481	2188	964	1000094	2133	1000	1037725	2133	1060	1100726	2066	1156	1200602	2000	1252	1300604	1962	1348	1400497	1939	1444	1500589	1939	1500	1558744	1939	1540	1600430	1939	1636	1700311	1939	1732	1800175	1939	1828	1900528	1939	1923	2000232	1923	2000	2080558	1923	2019	2100885	1923	2112	2200305	1923	2208	2300603	1923	2304	2400735	1923	2400	2500617	1923	
99	100292	2406	194	200555	2225	288	300566	2170	383	400894	2137	477	500327	2101	500	524702	2080	572	600910	2080	666	700555	2045	760	800302	2045	855	901121	2045	948	1000713	2008	1000	1056531	2008	1041	1100389	2008	1134	1200096	2008	1226	1300629	2008	1320	1401060	2008	1413	1500299	1901	1500	1592592	1826	1508	1601023	1823	1602	1700627	1796	1696	1800217	1760	1790	1900476	1760	1884	2000697	1760	1978	2100440	1760	2000	2123711	1760	2072	2200217	1760	2167	2301036	1760	2261	2400651	1760	2355	2500422	1760	
101	100944	2366	195	200251	2217	289	300196	2149	383	400304	2149	479	501063	2149	500	523194	2149	574	600905	2149	669	700248	2149	765	800765	2149	860	900522	2149	956	1000812	2149	1000	1047154	2149	1051	1100884	2127	1146	1200684	2105	1241	1300466	2082	1336	1400260	1964	1432	1500995	1922	1500	1572610	1922	1527	1601068	1922	1622	1701084	1922	1716	1800111	1869	1812	1900925	1807	1907	2000823	1807	2000	2097784	1807	2003	2100979	1807	2098	2200366	1807	2193	2300317	1807	2289	2401081	1807	2384	2500895	1807	
99	100201	3040	195	200689	2693	290	300348	2501	386	401062	2501	481	501012	2470	500	521123	2470	576	600625	2395	671	700376	2369	766	800152	2369	861	900710	2275	955	1000380	2275	1000	1047572	2275	1050	1100593	2275	1145	1200441	2242	1240	1300430	2242	1335	1400601	2242	1430	1500521	2242	1500	1574108	2242	1525	1600629	2242	1620	1700618	2242	1715	1800877	2242	1809	1900382	2242	1904	2000940	2242	1998	2100158	2242	2000	2102325	2242	2093	2200140	2242	2188	2300237	2242	2282	2400649	2242	2375	2500473	2242	
102	100834	2277	197	200126	1933	293	300478	1900	389	400545	1900	485	500709	1841	500	516430	1841	581	601015	1841	676	700580	1797	771	800120	1672	867	901089	1672	962	1000780	1672	1000	1040748	1672	1057	1100445	1636	1152	1200273	1636	1248	1301036	1636	1343	1400653	1636	1432	1500185	1636	1500	1572942	1636	1526	1600348	1636	1621	1700503	1636	1716	1800525	1636	1811	1900547	1636	1906	2000832	1636	2000	2099680	1636	2001	2100802	1636	2096	2201061	1636	2191	2300990	1636	2286	2400982	1636	2381	2500868	1636	
102	100172	1920	199	201063	1747	294	300461	1569	390	400290	1506	486	500546	1481	500	515267	1481	580	600462	1460	675	700661	1431	771	801029	1412	866	900078	1412	962	1000175	1412	1000	1039753	1412	1058	1100187	1412	1154	1200488	1412	1250	1301006	1412	1345	1400269	1412	1441	1500780	1412	1500	1562353	1412	1537	1600986	1412	1633	1700948	1412	1728	1800571	1412	1824	1900855	1384	1920	2001098	1384	2000	2084926	1384	2015	2100654	1384	2110	2200398	1384	2206	2300851	1384	2301	2400656	1384	2397	2501044	1384	
101	100121	2435	196	200651	2207	290	300195	2105	384	400256	1978	479	500917	1943	500	523277	1943	573	600509	1943	668	700874	1943	762	800421	1943	857	900955	1943	951	1000471	1943	1000	1052537	1943	1045	1100574	1943	1139	1200327	1943	1234	1300929	1943	1328	1400431	1943	1423	1500768	1943	1500	1582273	1943	1517	1600266	1943	1612	1700563	1943	1706	1800266	1943	1801	1900892	1943	1895	2000430	1943	1990	2100997	1943	2000	2111612	1943	2084	2200501	1943	2179	2300660	1943	2274	2400872	1943	2368	2500797	1943	
101	100500	1568	198	201110	1230	293	300205	1155	389	400367	1092	484	500121	1059	500	516887	1059	580	600312	924	676	700309	858	772	800482	858	868	900975	858	963	1000109	858	1000	1038654	858	1059	1100604	858	1155	1200782	858	1250	1300408	858	1346	1400683	858	1441	1500529	858	1500	1562355	858	1536	1600194	858	1632	1700591	858	1725	1800387	858	1820	1900357	858	1916	2000720	858	2000	2088450	858	2012	2101048	858	2108	2201041	858	2203	2300358	858	2299	2400413	858	2395	2500569	858	
105	100713	1094	202	200246	979	300	301016	979	396	400105	957	493	500793	889	500	508146	889	589	600153	870	686	700523	870	783	800409	827	878	900389	827	975	1000164	827	1000	1026025	827	1072	1100179	827	1170	1201067	827	1267	1300951	827	1364	1400625	827	1461	1500403	827	1500	1540497	827	1558	1600064	827	1655	1700112	827	1753	1800827	827	1850	1900883	827	1947	2001101	827	2000	2055403	827	2044	2100675	827	2141	2200496	827	2238	2300306	827	2336	2401005	827	2433	2500410	827	
101	100874	1944	198	200381	1100	294	300729	1056	389	400369	1056	484	500313	1056	500	517182	1056	579	600272	1056	675	700759	1056	770	800386	1014	866	900609	984	960	1000866	984	1000	1042973	984	1055	1100680	952	1150	1200714	952	1245	1300099	937	1341	1400539	937	1437	1501101	937	1500	1567242	937	1532	1600749	937	1627	1700935	937	1722	1800922	937	1817	1900453	937	1912	2000234	937	2000	2092362	937	2008	2100840	937	2103	2200505	937	2198	2300177	937	2293	2400413	937	2389	2500785	937	
103	100669	1984	202	200296	1305	300	300730	1200	397	400341	1166	495	500805	1166	500	506010	1166	591	600160	1166	688	700551	1166	785	800622	1166	882	900476	1134	980	1001096	1134	1000	1021820	1134	1077	1101062	1134	1174	1200919	1134	1271	1300575	1087	1368	1400357	1087	1466	1501050	1087	1500	1536073	1087	1562	1600206	1087	1659	1700416	1087	1756	1800383	1087	1853	1900229	1087	1951	2001092	1087	2000	2052949	1087	2045	2100336	1087	2142	2200361	1087	2239	2300387	1087	2336	2400206	1087	2433	2500350	1087	
107	100919	1223	205	200450	985	303	300259	926	402	400471	901	500	500624	901	500	500691	901	598	600583	901	696	700661	901	793	800116	901	891	900322	901	989	1000428	871	1000	1011684	871	1087	1100362	871	1183	1200810	871	1281	1300993	871	1378	1400104	871	1476	1500142	871	1500	1524767	871	1574	1600291	871	1671	1700158	871	1769	1800322	871	1867	1900162	871	1966	2000868	871	2000	2035547	871	2064	2100719	871	2162	2200543	871	2260	2300780	871	2358	2400885	871	2456	2500907	871	
103	100607	1170	198	200304	1025	292	301051	1025	387	400732	1025	482	500603	1003	500	519621	1003	577	600732	944	672	700566	897	767	800133	897	862	900256	897	957	1000446	897	1000	1045713	897	1052	1100548	897	1147	1200412	897	1243	1301073	897	1338	1400651	897	1433	1500198	897	1500	1570679	897	1528	1600070	897	1623	1700218	897	1718	1800095	897	1813	1900239	860	1908	2000380	860	2000	2096832	829	2004	2101105	829	2099	2200761	829	2194	2300503	824	2289	2400299	824	2385	2500994	824	
106	100098	1539	208	200414	837	308	300432	791	408	400160	791	500	492152	791	508	500138	791	608	600172	791	709	700918	791	809	800693	791	909	900585	791	1000	991816	737	1009	1000868	737	1109	1100767	737	1209	1200935	737	1309	1300787	706	1409	1400892	706	1500	1492299	706	1508	1500321	706	1608	1600836	706	1708	1700985	706	1807	1800290	706	1907	1900933	706	2000	1994433	706	2006	2000555	706	2106	2100651	706	2206	2200782	706	2306	2300860	706	2404	2400733	706	2500	2496802	706	2504	2500885	706	
102	100552	1114	197	200942	957	291	300678	957	386	401026	957	480	500930	933	500	522130	933	574	600876	844	668	700604	844	763	800768	795	858	900931	757	952	1000111	757	1000	1050949	757	1047	1100696	757	1141	1200154	757	1236	1300373	757	1331	1400606	757	1423	1500429	757	1500	1582570	757	1517	1600558	757	1612	1700874	757	1706	1800500	757	1801	1900951	757	1896	2001046	757	1990	2100162	757	2000	2110712	757	2085	2200199	757	2180	2300457	757	2275	2400684	720	2370	2500808	720	
103	100613	1101	197	201140	954	289	300489	954	382	400515	954	475	500544	954	500	527392	927	566	600354	849	659	700300	849	753	800587	800	846	900246	800	939	1000086	800	1000	1064828	765	1034	1100703	740	1128	1200106	740	1224	1301101	740	1318	1400087	740	1413	1500237	740	1500	1592276	740	1508	1600740	740	1602	1700596	740	1696	1800168	699	1791	1900553	699	1886	2000747	699	1981	2100870	699	2000	2121043	699	2075	2200376	699	2169	2300154	699	2264	2401094	699	2358	2500614	699	
106	100469	1284	205	200815	1102	304	300994	977	403	401014	977	500	499331	936	501	500412	936	600	600192	936	699	700115	936	799	800786	936	898	901017	936	996	1000129	936	1000	1004190	936	1096	1100907	936	1194	1200235	936	1293	1300914	936	1392	1400971	936	1491	1501052	936	1500	1510271	936	1589	1600595	936	1688	1700941	936	1786	1800221	936	1886	1900788	936	1985	2000747	936	2000	2016052	936	2083	2100335	936	2182	2200533	936	2281	2300669	936	2380	2400532	936	2479	2500467	936	
21	101950	24045	42	202785	22937	63	305019	22008	83	402944	21511	103	501027	21300	124	602907	21054	144	701017	21054	165	803827	21054	185	901898	21054	206	1004659	21054	226	1102141	20823	247	1204945	20605	267	1303391	20381	287	1401281	20172	308	1503465	19735	328	1601299	19735	349	1704550	19465	368	1805281	19465	388	1903516	19248	408	2001347	19248	429	2103981	19248	449	2202076	19025	469	2300783	19025	490	2403845	19025	500	2452877	19025	510	2502206	19025	
21	101322	23699	42	203753	23499	62	301813	23499	83	404874	23499	103	501944	22611	124	604331	22366	144	701309	22161	163	801236	22161	184	903741	21945	204	1001679	21945	225	1104505	21746	245	1202330	21746	266	1305014	21746	286	1403225	21746	306	1501024	21746	327	1603898	21746	347	1701508	21746	368	1803934	21746	388	1901317	21746	409	2003733	21746	429	2101850	21746	450	2204097	21746	470	2301881	21746	491	2404963	21746	500	2449179	21746	511	2503105	21746	
21	102607	24614	42	204845	24369	62	302710	24369	83	405133	24115	103	502417	23397	124	604802	22708	144	702558	22708	165	805069	21972	185	901226	20609	206	1003319	20358	227	1105151	19876	247	1203012	19594	267	1301998	19594	287	1400764	19406	308	1503894	19217	328	1601644	19012	349	1704474	19012	369	1802481	19012	389	1900590	19012	410	2003414	19012	430	2101368	19012	451	2204064	19012	471	2302038	19012	492	2404809	19012	500	2444199	19012	512	2503118	19012	
21	101949	25212	42	203705	25212	62	300561	25212	83	402428	25212	104	503861	25212	124	600810	25212	145	702429	25212	166	804250	25212	186	900903	25212	207	1002315	25212	228	1103825	25212	248	1200746	25212	269	1302873	25212	290	1405137	25212	310	1501890	25212	331	1603527	25212	351	1700383	25212	372	1803941	24960	392	1901321	24960	413	2003256	24960	433	2100462	24960	454	2202985	24693	475	2305014	23710	495	2402271	23271	500	2427011	23271	516	2505174	23072	
21	102010	24414	42	203727	23228	62	301365	22312	83	402084	21429	104	504990	21201	124	602823	20038	144	701106	19684	164	802023	19459	184	901798	19459	204	1000580	19459	225	1104579	19459	245	1203871	19459	265	1303295	19459	285	1402174	19229	305	1501395	19027	326	1603972	18408	346	1702429	18202	366	1801501	17768	386	1900637	17768	407	2004756	17328	427	2102922	17149	447	2201424	17149	468	2305081	17149	488	2403166	16960	500	2462286	16960	508	2501630	16960	
22	103508	23102	43	203324	21701	64	303581	20807	84	400902	20600	105	502619	20200	125	601324	20200	146	702815	20200	167	804223	20200	187	901079	20200	208	1003549	20200	228	1100440	20200	249	1203038	20200	270	1304414	20200	290	1400919	20200	311	1502491	20200	332	1603912	20200	352	1700507	20200	373	1802320	20200	394	1903824	19959	414	2000500	19959	435	2101917	19959	456	2203254	19959	477	2304770	19959	497	2401486	19959	500	2416222	19959	518	2502936	19959	
21	101820	25356	42	202820	24841	62	300857	24061	83	402352	23131	104	504971	22918	124	602871	22918	145	705212	22395	165	801361	21420	186	903690	20737	206	1000872	20516	227	1102993	20516	248	1204574	20516	268	1301920	20516	289	1404194	20516	309	1501050	20516	330	1603253	20516	351	1705138	20516	371	1803109	20516	391	1902482	20516	412	2004415	20516	432	2101389	20516	453	2202586	20302	474	2304539	20091	494	2401922	19871	500	2430854	19871	515	2503988	19871	
21	101733	25223	42	203082	25012	63	304676	24727	84	403635	23295	105	503961	22201	126	605161	21709	146	701805	21709	167	802453	21253	187	902834	21253	208	1004911	21253	228	1101876	21253	249	1204560	21253	269	1301420	21253	290	1403411	21253	311	1505104	21040	331	1601828	21040	352	1703686	21040	373	1805174	21040	393	1902239	21040	414	2003826	21040	434	2100709	21040	455	2202323	21040	476	2303833	21040	496	2400801	21040	500	2420372	21040	517	2503048	21040	
21	102196	24513	41	200646	24513	62	303173	23801	82	400608	23100	103	501352	22104	124	603762	21422	144	700370	20574	165	803277	20574	185	901250	20574	206	1002912	19637	227	1104875	19226	247	1202397	19226	268	1304889	19226	288	1402869	19226	309	1505203	19226	329	1602529	19022	350	1704713	19022	370	1802850	19022	390	1900984	19022	411	2003262	18797	431	2100561	18344	452	2203514	18344	472	2301922	18344	493	2404832	18344	500	2439253	18344	513	2503003	18344	
21	103109	25480	42	204778	24736	62	301687	23529	83	404975	23529	103	504147	23529	123	602674	23082	143	701453	23082	164	805116	23082	184	904282	23082	204	1002837	23082	224	1101285	23082	245	1204764	23082	265	1303531	23082	285	1402345	23082	305	1501072	23082	326	1604346	23082	346	1703255	23082	366	1802089	23082	386	1903229	23082	406	2002313	23082	426	2101182	23082	447	2204458	23082	467	2303003	22625	487	2400459	22625	500	2464348	22625	508	2503831	22625	
21	101423	25565	42	202788	25565	63	303902	25565	84	404750	25565	104	501184	25565	125	603100	25565	146	704713	25565	166	801128	25565	187	902550	25565	207	1001432	25565	228	1102200	25565	249	1203019	25565	270	1303951	25565	290	1400393	25565	311	1501442	25565	332	1603066	25565	353	1704199	25565	373	1800934	25565	394	1902347	25565	415	2003237	25565	436	2104574	25565	456	2200649	25565	477	2301514	25565	498	2402604	25565	500	2412582	25565	519	2503697	25565	
22	103342	25100	43	201546	25100	65	304694	25100	86	402760	25100	107	501222	25100	129	604499	25100	150	702887	25100	171	801318	25100	193	904057	25100	214	1002628	25100	235	1101142	25100	257	1204127	25100	278	1302406	25100	299	1401199	25100	321	1504271	25100	342	1602536	25100	363	1700851	25100	385	1803758	25100	406	1901901	25100	428	2004751	25100	449	2103042	25100	470	2201285	25100	492	2304364	25100	500	2342139	25100	513	2403233	25100	534	2501714	25100	
21	101659	25298	42	203171	25298	63	304792	25298	83	402140	25298	104	504384	25298	124	601913	25298	145	703287	25298	166	804916	25298	186	901351	25298	207	1002585	25298	228	1103875	25298	249	1205154	25298	269	1302336	25298	290	1404288	25298	310	1501049	25298	331	1602903	25298	352	1704075	25298	372	1800656	25298	393	1901873	25298	414	2005157	25298	434	2102880	25298	455	2204463	25298	475	2301188	25298	496	2402883	25298	500	2422545	25298	516	2500482	25298	
21	100547	25129	42	201049	25129	63	301946	25129	84	402230	25129	105	503058	25129	126	603797	25129	147	704118	25129	168	804574	25129	189	904740	25129	209	1000471	25129	230	1102599	25129	251	1202873	25129	272	1303770	25129	293	1404317	25129	314	1504688	25129	335	1604667	25129	356	1704662	25129	377	1805005	25129	397	1900826	25129	418	2001048	25129	439	2101424	25129	460	2201284	25129	481	2301610	25129	500	2393208	25129	502	2403066	25129	523	2503035	25129	
21	102260	25094	42	202352	25094	63	302681	25094	84	402566	25094	105	502168	25094	126	601951	25094	147	701442	25094	168	801612	25094	189	901100	25094	210	1000661	25094	231	1100423	25094	253	1205186	25094	273	1300684	25094	295	1405073	25094	316	1504822	25094	337	1604537	25094	358	1703878	25094	379	1803666	25094	400	1903407	25094	421	2002995	25094	442	2102974	25094	463	2202705	25094	484	2303071	25094	500	2379322	25094	505	2403359	25094	526	2503285	25094	
22	104198	25616	43	204713	25616	64	305249	25616	84	400444	25616	106	504693	25616	127	604530	25616	148	704525	25616	169	804138	25616	190	903411	25616	211	1002858	25616	232	1102902	25616	253	1202458	25616	274	1302371	25616	295	1402098	25616	316	1501601	25616	337	1600872	25616	359	1705041	25616	380	1804796	25616	401	1904463	25616	422	2003957	25616	443	2104894	25616	463	2201632	25616	484	2301558	25616	500	2377551	25616	505	2401499	25616	526	2501208	25616	
21	101819	25347	42	203440	25347	63	304694	25347	83	401374	25347	104	502713	25347	125	604236	25347	145	700946	25347	166	802648	25347	187	904246	25347	207	1001080	25347	228	1102955	25347	248	1201744	25347	269	1303388	25347	290	1404403	25347	310	1501403	25347	331	1602576	25347	352	1703741	25347	373	1805108	25347	393	1901558	25347	414	2002993	25347	435	2104772	25347	455	2201255	25347	476	2302693	25347	497	2404130	25347	500	2418935	25347	517	2500971	25347	
21	101420	25118	42	204322	25118	63	304977	25118	83	400911	25118	104	501304	25118	125	602387	25118	146	703085	25118	167	803415	25118	188	903971	25118	209	1004576	25118	229	1100499	25118	250	1200895	25118	271	1301386	25118	292	1402306	25118	313	1502784	25118	334	1603264	25118	355	1704093	25118	376	1804796	25118	396	1900716	25118	417	2001390	25118	438	2102055	25118	459	2202460	25118	480	2302901	25118	500	2398761	25118	501	2404007	25118	522	2504812	25118	
22	104026	25350	43	202932	25350	64	301733	25350	85	400601	25350	107	504365	25350	128	603743	25350	149	702887	25350	170	802127	25350	191	901356	25350	212	1000560	25350	234	1104299	25350	255	1203283	25350	276	1302585	25350	297	1401806	25350	318	1501290	25350	339	1600620	25350	361	1704096	25350	382	1803150	25350	403	1902186	25350	424	2001385	25350	445	2100688	25350	466	2201144	25350	487	2300489	25350	500	2362296	25350	508	2400377	25350	530	2504577	25350	
22	104745	25265	43	204512	25265	64	304198	25265	85	403825	25265	106	503756	25265	127	603601	25265	148	703379	25265	169	803207	25265	190	902865	25265	211	1002483	25265	232	1102601	25265	253	1203050	25265	274	1303543	25265	295	1403735	25265	316	1503722	25265	337	1604083	25265	358	1703564	25265	379	1803102	25265	400	1903100	25265	421	2002956	25265	442	2102810	25265	463	2202425	25265	484	2302176	25265	500	2378548	25265	505	2402591	25265	526	2502261	25265	
320	100190	55	500	156367	54	640	200111	54	952	300279	52	1000	315583	52	1271	400243	52	1500	471591	52	1592	500199	52	1912	600176	52	2000	627651	52	2232	700134	52	2500	784142	52	2551	800124	52	2871	900121	52	3000	940330	52	3193	1000313	52	3500	1096182	52	3513	1100250	52	3833	1200068	52	4000	1252301	52	4154	1300277	52	4473	1400039	52	4500	1408506	52	4794	1500132	52	5000	1564560	52	5114	1600198	52	5434	1700222	52	5500	1720878	52	5752	1800023	52	6000	1877531	52	6071	1900111	52	6386	2000084	52	6500	2036341	52	6705	2100183	52	7000	2191990	52	7026	2200103	52	7347	2300089	52	7500	2347620	52	7668	2400180	52	7989	2500320	52	
313	100157	59	500	160303	59	625	200330	59	937	300163	59	1000	320327	59	1249	400190	59	1500	480765	59	1560	500023	59	1873	600239	59	2000	640763	59	2184	700162	59	2496	800262	59	2500	801548	59	2805	900288	59	3000	962573	59	3117	1000139	58	3429	1100119	58	3500	1122925	58	3741	1200299	55	4000	1283500	55	4052	1300151	55	4362	1400083	55	4500	1444781	55	4673	1500226	55	4984	1600238	55	5000	1605385	55	5295	1700095	55	5500	1765652	55	5608	1800318	55	5919	1900173	51	6000	1926209	51	6230	2000143	51	6500	2086809	51	6542	2100329	51	6852	2200225	51	7000	2247619	51	7164	2300177	51	7471	2400329	51	7500	2409657	51	7782	2500319	51	
322	100132	50	500	155369	50	643	200056	50	964	300024	49	1000	311231	49	1286	400105	49	1500	466672	49	1607	500131	49	1930	600241	49	2000	621989	49	2251	700185	49	2500	777817	49	2572	800220	49	2893	900139	49	3000	933360	49	3215	1000059	47	3500	1088599	47	3537	1100083	47	3858	1200021	47	4000	1244248	47	4180	1300299	47	4500	1399897	47	4501	1400226	47	4816	1500135	47	5000	1557468	47	5137	1600108	47	5459	1700304	47	5500	1713172	47	5779	1800300	47	6000	1868972	47	6100	1900158	47	6421	2000072	47	6500	2024725	47	6743	2100302	47	7000	2180404	47	7063	2200102	47	7384	2300031	47	7500	2336029	47	7706	2400045	47	8000	2491524	47	8028	2500225	47	
325	100255	65	500	154218	65	649	200133	65	973	300055	58	1000	308409	58	1297	400093	58	1500	462581	58	1622	500226	58	1940	600034	58	2000	619061	58	2259	700056	58	2500	774728	58	2582	800250	58	2904	900071	58	3000	929639	56	3227	1000038	56	3500	1084767	56	3550	1100313	56	3869	1200258	56	4000	1240852	56	4191	1300085	56	4500	1396070	56	4513	1400138	56	4834	1500175	56	5000	1551945	56	5154	1600211	56	5473	1700130	56	5500	1708583	56	5794	1800130	56	6000	1864349	56	6115	1900028	56	6439	2000298	56	6500	2019198	56	6761	2100147	56	7000	2174243	56	7083	2200048	56	7406	2300103	56	7500	2329244	56	7729	2400198	56	8000	2484203	56	8052	2500288	56	
304	100230	62	500	164714	62	608	200334	62	910	300134	62	1000	329925	61	1212	400044	61	1500	495244	61	1515	500175	61	1819	600203	61	2000	660004	61	2121	700101	61	2425	800235	61	2500	824905	61	2728	900193	61	3000	990320	61	3030	1000234	61	3333	1100019	61	3500	1155133	61	3637	1200293	61	3940	1300205	61	4000	1319995	61	4243	1400076	61	4500	1485226	61	4545	1500166	61	4848	1600117	61	5000	1650118	61	5151	1700216	61	5454	1800180	61	5500	1815372	61	5757	1900145	61	6000	1980146	61	6061	2000237	61	6365	2100298	61	6500	2144899	61	6667	2200203	61	6969	2300221	58	7000	2310418	58	7272	2400180	58	7500	2475349	58	7575	2500193	58	
343	100105	64	500	145996	59	687	200301	59	1000	291360	53	1030	300132	53	1374	400290	51	1500	437018	51	1717	500263	49	2000	582670	49	2060	600202	49	2402	700199	49	2500	729045	49	2741	800081	49	3000	875701	49	3084	900192	49	3427	1000179	49	3500	1021592	49	3769	1100016	49	4000	1167194	49	4114	1200304	49	4456	1300149	49	4500	1312945	49	4800	1400254	49	5000	1458465	49	5142	1500066	49	5485	1600179	49	5500	1604549	49	5828	1700155	49	6000	1750724	49	6169	1800172	49	6500	1899522	49	6502	1900158	49	6843	2000052	49	7000	2045725	49	7186	2100128	49	7500	2191672	49	7529	2200140	49	7871	2300207	49	8000	2337885	49	8213	2400030	49	8500	2484109	49	8555	2500250	49	
303	100319	54	500	165460	54	605	200107	51	908	300347	51	1000	330769	51	1210	400184	51	1500	496114	51	1512	500062	51	1815	600052	51	2000	660968	51	2118	700049	51	2420	800048	51	2500	826630	51	2722	900160	51	3000	994570	51	3017	1000192	51	3320	1100196	51	3500	1160129	51	3621	1200118	51	3924	1300147	51	4000	1325116	51	4227	1400156	51	4500	1490172	51	4530	1500096	51	4832	1600044	51	5000	1655608	51	5134	1700056	51	5437	1800326	51	5500	1821190	51	5739	1900153	51	6000	1986331	51	6042	2000264	51	6344	2100129	51	6500	2151557	51	6647	2200064	51	6950	2300196	51	7000	2316650	51	7253	2400181	51	7500	2481799	51	7555	2500036	51	
321	100015	49	500	154495	49	650	200021	49	981	300254	47	1000	306001	47	1309	400065	46	1500	458292	46	1638	500133	46	1967	600045	46	2000	610124	46	2294	700280	45	2500	762732	45	2623	800047	45	2953	900225	45	3000	914470	45	3283	1000282	45	3500	1066255	45	3612	1100227	45	3942	1200104	45	4000	1217622	45	4273	1300022	45	4500	1368907	45	4603	1400258	45	4932	1500282	45	5000	1520849	45	5262	1600208	45	5500	1672235	45	5592	1700089	45	5923	1800310	45	6000	1823528	45	6253	1900073	45	6500	1974965	45	6584	2000298	45	6914	2100151	45	7000	2126211	45	7243	2200284	45	7500	2278073	45	7573	2300169	45	7902	2400151	45	8000	2429959	45	8232	2500261	45	
312	100298	62	500	160906	60	623	200326	60	934	300038	60	1000	321314	60	1246	400032	60	1500	481481	57	1558	500288	57	1868	600311	57	2000	642886	57	2177	700165	57	2488	800095	57	2500	804086	57	2797	900030	57	3000	965495	57	3107	1000077	57	3418	1100249	57	3500	1126616	57	3728	1200126	56	4000	1287544	56	4039	1300080	56	4351	1400219	56	4500	1448105	56	4662	1500072	56	4975	1600192	56	5000	1608185	56	5287	1700281	56	5500	1768980	56	5596	1800018	56	5907	1900131	53	6000	1930105	53	6218	2000244	50	6500	2091082	50	6528	2100050	50	6832	2200194	50	7000	2254184	50	7142	2300114	50	7453	2400048	50	7500	2415100	50	7765	2500203	50	
312	100223	50	500	160163	47	625	200265	47	937	300320	47	1000	320651	47	1249	400288	47	1500	480460	47	1561	500016	47	1875	600331	47	2000	640256	47	2186	700273	47	2496	800169	47	2500	801471	47	2808	900147	47	3000	961738	47	3120	1000214	47	3432	1100288	47	3500	1122135	47	3743	1200231	47	4000	1284341	47	4048	1300264	47	4358	1400272	47	4500	1445800	47	4670	1500208	46	4983	1600328	46	5000	1605778	46	5295	1700067	45	5500	1765876	45	5607	1800222	44	5918	1900166	44	6000	1926578	44	6228	2000043	44	6500	2087269	44	6540	2100113	44	6852	2200254	44	7000	2247736	43	7163	2300062	43	7474	2400208	43	7500	2408611	43	7785	2500260	43	
366	100072	50	500	136916	50	732	200106	50	1000	272060	50	1104	300135	50	1468	400194	50	1500	409028	50	1836	500149	50	2000	544224	48	2209	600273	48	2500	679688	48	2575	700110	46	2945	800108	46	3000	814926	46	3317	900221	46	3500	949648	46	3688	1000239	46	4000	1084352	46	4059	1100154	46	4430	1200053	46	4500	1219067	46	4799	1300240	46	5000	1355270	46	5165	1400271	46	5500	1492248	46	5529	1500219	46	5897	1600192	46	6000	1627838	46	6268	1700235	46	6500	1763101	46	6637	1800048	46	7000	1897808	46	7009	1900245	46	7380	2000259	46	7500	2032709	46	7749	2100111	46	8000	2167411	46	8122	2200188	46	8493	2300038	46	8500	2301964	46	8865	2400251	46	9000	2436669	46	9235	2500065	46	
332	100255	52	500	151561	52	658	200209	52	986	300133	52	1000	304348	52	1317	400309	52	1500	455877	52	1646	500152	52	1976	600306	49	2000	607547	49	2304	700086	49	2500	759397	49	2635	800209	49	2964	900251	49	3000	911202	49	3292	1000044	48	3500	1063113	48	3622	1100208	48	3952	1200021	48	4000	1214639	48	4282	1300053	48	4500	1366085	48	4613	1400275	48	4942	1500123	48	5000	1517809	48	5271	1600292	48	5500	1669610	48	5601	1700179	48	5931	1800028	48	6000	1820799	48	6263	1900155	48	6500	1971540	48	6594	2000015	48	6927	2100267	48	7000	2122313	48	7257	2200148	48	7500	2273615	48	7587	2300105	48	7918	2400230	46	8000	2425059	46	8244	2500312	46	
344	100103	43	500	145587	43	688	200188	43	1000	290581	43	1033	300202	43	1377	400278	43	1500	436029	43	1721	500068	41	2000	581215	41	2065	600222	41	2408	700258	41	2500	727131	41	2751	800074	41	3000	872515	41	3095	900150	41	3437	1000100	41	3500	1018507	41	3781	1100126	41	4000	1163881	41	4125	1200198	41	4468	1300052	41	4500	1309350	41	4812	1400079	41	5000	1454727	41	5155	1500108	41	5499	1600298	41	5500	1600674	41	5833	1700015	41	6000	1748738	41	6177	1800258	41	6500	1894059	40	6521	1900167	40	6863	2000242	40	7000	2040074	40	7207	2100264	40	7500	2185632	40	7550	2200130	40	7893	2300023	40	8000	2331044	40	8238	2400155	40	8500	2476676	40	8580	2500173	40	
360	100163	48	500	139179	48	718	200050	48	1000	278623	47	1078	300244	47	1437	400116	47	1500	417625	47	1797	500269	47	2000	557225	47	2153	600165	47	2500	697438	47	2510	700238	47	2859	800268	47	3000	839567	47	3217	900030	47	3500	978823	47	3577	1000263	47	3936	1100268	47	4000	1118108	47	4294	1200240	47	4500	1257457	47	4653	1300063	47	5000	1396520	47	5013	1400174	47	5373	1500275	47	5500	1535665	47	5732	1600250	47	6000	1675045	47	6090	1700218	47	6449	1800134	47	6500	1814349	47	6807	1900054	47	7000	1954188	47	7164	2000125	47	7500	2093841	47	7522	2100017	47	7882	2200180	46	8000	2233100	46	8240	2300243	46	8500	2372555	46	8598	2400251	46	8957	2500159	46	
320	100065	52	500	156118	52	641	200040	52	962	300246	52	1000	312143	52	1282	400205	52	1500	468429	52	1602	500174	52	1924	600264	50	2000	624281	50	2243	700310	50	2500	780697	50	2562	800021	50	2883	900302	50	3000	936796	50	3202	1000110	50	3500	1093199	50	3522	1100091	50	3842	1200144	50	4000	1249608	50	4162	1300271	50	4482	1400232	50	4500	1405869	50	4802	1500237	50	5000	1561908	50	5122	1600040	50	5442	1700117	50	5500	1718364	50	5762	1800273	50	6000	1874655	48	6082	1900229	48	6401	2000049	48	6500	2031035	48	6722	2100202	48	7000	2187193	48	7041	2200139	48	7361	2300248	48	7500	2343650	48	7681	2400112	48	7999	2500220	48	
358	100276	47	500	140247	47	714	200269	47	1000	281020	46	1068	300072	46	1426	400281	46	1500	421068	46	1782	500053	46	2000	561100	46	2139	600055	46	2496	700228	46	2500	701354	46	2852	800125	46	3000	841776	46	3209	900257	46	3500	981999	46	3564	1000044	46	3920	1100225	46	4000	1122715	46	4276	1200200	46	4500	1263211	46	4632	1300242	46	4988	1400205	46	5000	1403590	46	5343	1500068	46	5500	1544118	46	5700	1600203	46	6000	1684419	43	6056	1700205	43	6412	1800016	43	6500	1824669	43	6769	1900211	43	7000	1967127	43	7116	2000273	43	7471	2100271	43	7500	2108373	43	7827	2200083	43	8000	2248610	43	8183	2300073	43	8500	2389295	43	8538	2400039	43	8895	2500176	43	
344	100082	51	500	145560	51	688	200255	51	1000	290942	47	1032	300202	47	1376	400086	47	1500	435974	47	1722	500235	47	2000	580475	47	2068	600089	47	2413	700156	47	2500	725471	47	2758	800111	47	3000	869966	47	3105	900296	47	3451	1000202	47	3500	1014379	47	3788	1100183	47	4000	1161983	47	4132	1200057	47	4479	1300143	47	4500	1306234	47	4825	1400192	47	5000	1450922	47	5170	1500096	47	5500	1595689	47	5515	1600045	47	5861	1700138	47	6000	1740204	47	6207	1800037	45	6500	1885193	45	6551	1900067	45	6893	2000160	45	7000	2031557	45	7235	2100284	45	7500	2177052	45	7580	2200173	45	7926	2300174	45	8000	2321657	45	8272	2400265	45	8500	2466001	45	8618	2500087	45	
330	100301	48	500	151762	48	652	200237	48	981	300191	48	1000	305946	48	1310	400345	48	1500	457870	48	1639	500039	48	1969	600019	48	2000	609624	48	2298	700154	48	2500	761268	48	2628	800021	48	2957	900025	48	3000	913030	48	3287	1000222	48	3500	1064892	48	3616	1100035	48	3947	1200289	48	4000	1216352	48	4276	1300101	48	4500	1367952	48	4606	1400127	48	4937	1500295	48	5000	1519390	48	5266	1600089	48	5500	1671077	48	5595	1700259	48	5924	1800128	48	6000	1823102	48	6255	1900112	48	6500	1974140	48	6586	2000185	48	6917	2100265	48	7000	2125462	48	7246	2200166	48	7500	2277724	48	7573	2300102	48	7899	2400035	48	8000	2431241	48	8226	2500233	48	
355	100123	47	500	140726	46	712	200207	46	1000	281163	46	1068	300198	46	1424	400207	46	1500	421555	46	1780	500071	46	2000	561885	46	2135	600167	46	2491	700065	46	2500	702581	46	2847	800149	46	3000	843362	46	3202	900238	46	3500	984041	46	3556	1000061	46	3911	1100126	46	4000	1125167	46	4268	1200273	43	4500	1265355	43	4623	1300173	43	4977	1400266	43	5000	1406723	43	5333	1500032	43	5500	1547128	43	5686	1600204	43	6000	1688502	43	6041	1700017	43	6395	1800064	43	6500	1830054	43	6746	1900130	43	7000	1972576	43	7096	2000019	43	7448	2100280	43	7500	2115097	43	7799	2200124	43	8000	2257426	43	8144	2300086	43	8499	2400127	43	8500	2400419	43	8855	2500100	43	
320	100036	57	500	156383	57	640	200172	57	960	300242	57	1000	312793	57	1279	400183	57	1500	469759	54	1596	500085	54	1914	600038	54	2000	627029	54	2233	700156	54	2500	784022	54	2552	800265	54	2871	900264	54	3000	940564	54	3190	1000073	54	3500	1096739	54	3511	1100208	54	3829	1200048	54	4000	1253689	54	4149	1300191	54	4462	1400055	54	4500	1412342	54	4778	1500080	51	5000	1569812	51	5097	1600267	51	5415	1700113	51	5500	1726830	51	5734	1800134	51	6000	1883500	51	6053	1900169	51	6371	2000044	51	6500	2040456	51	6690	2100025	51	7000	2197036	51	7010	2200191	51	7329	2300288	51	7500	2353722	51	7649	2400253	51	7969	2500323	51	
119	100139	337	238	200297	337	357	300747	337	476	400786	337	500	421069	337	592	500214	337	710	600835	337	828	700078	337	947	800471	337	1000	845348	337	1065	900231	337	1184	1000642	337	1303	1100763	337	1421	1200808	337	1500	1267235	337	1539	1300236	337	1658	1400875	337	1777	1500712	337	1895	1600559	337	2000	1689020	337	2014	1700873	337	2132	1800609	337	2251	1900622	337	2370	2000673	337	2489	2100810	337	2500	2110107	337	2606	2200235	337	2725	2300315	337	2844	2400132	337	2963	2500501	337	
104	100776	351	207	200788	351	310	300425	351	413	400185	351	500	484470	351	517	501053	351	620	601015	351	723	700817	351	826	800871	351	929	900933	351	1000	969869	351	1032	1000867	351	1135	1100355	351	1238	1200181	351	1342	1300929	351	1445	1400897	351	1500	1454217	351	1548	1500711	351	1651	1600435	351	1754	1700430	351	1858	1800968	351	1961	1900787	351	2000	1938678	351	2064	2000818	351	2167	2100759	351	2270	2200160	351	2373	2300082	351	2477	2400937	351	2500	2423226	351	2580	2500662	351	
107	100696	339	213	200666	339	319	300061	339	426	400979	339	500	470592	339	532	500715	339	638	600636	339	744	700356	339	851	800719	339	957	900612	339	1000	941284	339	1063	1000705	339	1169	1100302	339	1276	1200699	339	1382	1300069	339	1489	1400649	339	1500	1411101	339	1595	1500216	339	1702	1600586	339	1806	1700296	339	1911	1800160	339	2000	1883633	339	2018	1900610	339	2124	2000507	339	2229	2100092	339	2336	2200410	339	2442	2300755	339	2500	2355433	339	2548	2400789	339	2654	2500808	339	
115	100366	325	230	200504	325	345	300373	325	460	400262	325	500	435121	325	575	500372	325	690	600673	325	805	700674	325	918	800558	325	1000	873486	325	1031	900533	325	1146	1000776	325	1261	1100777	325	1375	1200383	325	1489	1300310	325	1500	1310042	325	1604	1400527	325	1718	1500305	325	1833	1600590	325	1947	1700248	325	2000	1746598	325	2061	1800166	325	2176	1900486	325	2291	2000850	325	2405	2100683	325	2500	2183549	325	2519	2200198	325	2634	2300110	325	2749	2400332	325	2864	2500820	325	
112	100417	355	224	200586	355	335	300845	355	447	400821	355	500	448220	355	559	500739	355	670	600188	355	782	700205	355	894	800120	355	1000	895158	355	1006	900597	355	1117	1000082	355	1229	1100591	355	1341	1200551	355	1453	1300066	355	1500	1342031	355	1566	1400873	355	1678	1500883	355	1789	1600193	355	1901	1700295	355	2000	1788370	355	2014	1800844	355	2126	1900562	355	2238	2000710	355	2349	2100239	355	2462	2200914	355	2500	2234876	355	2574	2300779	355	2686	2400493	355	2798	2500724	355	
105	100230	339	211	200980	339	315	300176	339	421	400505	339	500	475896	339	525	500334	339	630	600790	339	734	700113	339	840	800883	339	945	900777	339	1000	952898	339	1050	1000651	339	1155	1100418	339	1260	1200198	339	1366	1300960	339	1471	1400926	339	1500	1428513	339	1576	1500746	339	1681	1600630	339	1786	1700790	339	1891	1800384	339	1996	1900075	339	2000	1903960	339	2099	2000339	339	2204	2100950	339	2309	2200822	339	2414	2300502	339	2500	2382367	339	2519	2400479	339	2624	2501001	339	
116	100714	385	231	200572	385	346	300173	385	461	400161	385	500	433996	385	577	500865	385	692	600681	385	807	700796	385	922	800530	385	1000	868423	385	1037	900556	385	1152	1000349	385	1265	1100436	385	1379	1200656	385	1494	1300700	385	1500	1306016	385	1609	1400499	385	1724	1500642	385	1839	1600880	385	1954	1700904	385	2000	1740930	385	2069	1800760	385	2183	1900714	385	2298	2000755	385	2413	2100384	385	2500	2176065	385	2528	2200401	385	2643	2300703	385	2758	2400785	385	2873	2500525	385	
120	100274	345	233	200639	345	352	300312	345	473	400735	345	500	423338	345	593	500584	345	713	600290	345	834	700587	345	954	800406	345	1000	838681	345	1074	900263	345	1195	1000873	345	1315	1100511	345	1436	1200574	345	1500	1253481	345	1556	1300144	345	1677	1400522	345	1798	1500840	345	1918	1600663	345	2000	1668810	345	2038	1700510	345	2158	1800624	345	2278	1900471	345	2398	2000320	345	2500	2085207	345	2518	2100326	345	2638	2200214	345	2759	2300592	345	2879	2400295	345	3000	2500766	345	3000	2500821	345	
113	100314	369	225	200192	369	338	300650	369	450	400064	369	500	444719	369	563	500354	369	676	600627	369	789	700143	369	903	800824	369	1000	886394	369	1016	900619	369	1129	1000618	369	1242	1100107	369	1356	1200900	369	1468	1300729	369	1500	1329045	369	1581	1400311	369	1694	1500355	369	1806	1600058	369	1920	1700668	369	2000	1771221	369	2033	1800453	369	2146	1900125	369	2259	2000326	369	2372	2100330	369	2485	2200529	369	2500	2213924	369	2596	2300169	369	2708	2400338	369	2821	2500153	369	
112	100690	358	223	200126	358	335	300951	358	446	400484	358	500	449253	358	556	500125	358	667	600190	358	779	700934	358	890	800658	358	1000	899193	358	1001	900149	358	1113	1000804	358	1224	1100312	358	1336	1200563	358	1448	1300770	358	1500	1347495	358	1558	1400394	358	1667	1500388	358	1779	1600895	358	1890	1700461	358	2000	1799222	358	2001	1800174	358	2113	1900752	358	2224	2000470	358	2335	2100472	358	2447	2200961	358	2500	2248658	358	2558	2300882	358	2669	2400293	358	2781	2500855	358	
115	100229	376	231	200913	376	345	300493	376	460	400619	376	500	435777	376	572	500254	376	685	600439	376	799	700123	376	914	800572	376	1000	875264	376	1029	900636	376	1143	1000786	376	1257	1100241	376	1372	1200521	376	1487	1300909	376	1500	1312321	376	1601	1400280	376	1715	1500536	376	1830	1600603	376	1945	1700736	376	2000	1749045	376	2059	1800670	376	2174	1900661	376	2289	2000568	376	2404	2100855	376	2500	2184681	376	2518	2200336	376	2633	2300520	376	2748	2400650	376	2863	2500877	376	
110	100847	333	219	200277	333	328	300241	333	438	400960	333	500	457670	333	547	500495	333	656	600194	333	766	700465	333	876	800893	333	985	900340	333	1000	914145	333	1095	1000696	333	1204	1100474	333	1314	1200727	333	1424	1300696	333	1500	1369863	333	1534	1400953	333	1642	1500140	333	1752	1600437	333	1861	1700261	333	1971	1800868	333	2000	1827507	333	2080	1900601	333	2189	2000206	333	2299	2100689	333	2408	2200168	333	2500	2283931	333	2518	2300470	333	2628	2400699	333	2738	2500960	333	
115	100322	357	230	200203	357	345	300507	357	460	400920	357	500	435815	357	574	500556	357	689	600852	357	803	700288	357	918	800436	357	1000	872046	357	1033	900735	357	1148	1000612	357	1263	1100511	357	1378	1200781	357	1492	1300338	357	1500	1307371	357	1607	1400464	357	1721	1500355	357	1835	1600059	357	1949	1700859	357	2000	1746478	357	2061	1800078	357	2176	1900264	357	2291	2000789	357	2405	2100302	357	2500	2183173	357	2520	2200759	357	2635	2300804	357	2750	2400749	357	2865	2500748	357	
117	100418	337	234	200626	337	351	300601	337	468	400584	337	500	427951	337	585	500556	337	701	600262	337	818	700421	337	934	800640	337	1000	858147	337	1049	900457	337	1166	1000703	337	1283	1100687	337	1400	1200533	337	1500	1286241	337	1516	1300082	337	1633	1400458	337	1749	1500088	337	1867	1600848	337	1983	1700221	337	2000	1714833	337	2100	1800872	337	2216	1900221	337	2333	2000082	337	2450	2100408	337	2500	2143142	337	2567	2200646	337	2683	2300307	337	2800	2400640	337	2917	2500706	337	
119	100226	349	238	200634	349	357	300713	349	474	400074	349	500	421934	349	593	500420	349	712	600868	349	830	700567	349	949	800707	349	1000	843730	349	1067	900243	349	1186	1000569	349	1305	1100673	349	1423	1200466	349	1500	1266029	349	1541	1300759	349	1659	1400643	349	1777	1500250	349	1896	1600523	349	2000	1688244	349	2014	1700123	349	2133	1800417	349	2251	1900197	349	2370	2000804	349	2488	2100150	349	2500	2110334	349	2607	2200720	349	2725	2300364	349	2844	2400617	349	2963	2500882	349	
110	100467	355	220	200499	355	329	300261	355	439	400797	355	500	456508	355	548	500459	355	658	600824	355	767	700340	355	877	800512	355	987	900701	355	1000	912564	355	1097	1000879	355	1206	1100116	355	1316	1200185	355	1426	1300820	355	1500	1368219	355	1535	1400252	355	1645	1500877	355	1755	1600671	355	1865	1700703	355	1975	1800799	355	2000	1823603	355	2084	1900081	355	2187	2000118	355	2296	2100548	355	2406	2200723	355	2500	2286241	355	2516	2300874	355	2625	2400397	355	2734	2500447	355	
115	100458	349	230	200406	349	345	300143	349	459	400058	349	500	435384	349	575	500275	349	691	600872	349	806	700563	349	922	800705	349	1000	868528	349	1037	900833	349	1152	1000561	349	1265	1100478	349	1380	1200680	349	1495	1300178	349	1500	1304578	349	1611	1400793	349	1726	1500494	349	1842	1600824	349	1956	1700119	349	2000	1738273	349	2072	1800534	349	2188	1900865	349	2302	2000273	349	2418	2100834	349	2500	2171750	349	2533	2200262	349	2649	2300718	349	2763	2400058	349	2879	2500851	349	
116	100442	375	229	200730	375	343	300480	375	459	400128	375	500	435301	375	576	500893	375	691	600104	375	808	700755	375	924	800435	375	1000	865870	375	1040	900277	375	1156	1000295	375	1272	1100080	375	1389	1200824	375	1500	1296509	375	1505	1300830	375	1621	1400614	375	1737	1500829	375	1852	1600112	375	1968	1700091	375	2000	1727731	375	2084	1800088	375	2201	1900520	375	2317	2000477	375	2433	2100550	375	2500	2158370	375	2549	2200764	375	2664	2300115	375	2780	2400130	375	2896	2500398	375	
118	100130	332	236	200104	332	354	300355	332	472	400323	332	500	423958	332	590	500334	332	708	600227	332	826	700341	332	944	800348	332	1000	848023	332	1062	900777	332	1179	1000181	332	1297	1100325	332	1415	1200601	332	1500	1272849	332	1532	1300154	332	1650	1400404	332	1768	1500854	332	1885	1600397	332	2000	1698324	332	2002	1700101	332	2120	1800305	332	2237	1900341	332	2355	2000756	332	2472	2100093	332	2500	2123707	332	2591	2200759	332	2706	2300166	332	2824	2400861	332	2941	2500537	332	
123	100640	340	246	200815	340	369	300863	340	492	400685	340	500	407280	340	615	500577	340	738	600421	340	861	700360	340	984	800687	340	1000	813668	340	1107	900571	340	1230	1000403	340	1354	1100753	340	1476	1200159	340	1500	1219663	340	1599	1300049	340	1719	1400116	340	1842	1500613	340	1965	1600783	340	2000	1629164	340	2088	1700679	340	2211	1800272	340	2334	1900340	340	2457	2000714	340	2500	2035723	340	2579	2100127	340	2703	2200537	340	2826	2300665	340	2949	2400735	340	3000	2442236	340	3071	2500102	340	
24	100370	1669	48	201523	1669	72	303161	1669	96	403376	1669	118	502247	1669	142	603251	1669	166	703962	1669	190	804149	1669	213	900712	1669	237	1000994	1669	261	1102038	1669	285	1202543	1669	309	1303143	1669	333	1403554	1669	357	1504385	1669	380	1600677	1669	404	1701143	1669	428	1801433	1669	452	1902190	1669	476	2002891	1669	500	2103676	1669	500	2103983	1669	523	2200810	1669	547	2301370	1669	571	2401967	1669	595	2501960	1669	
25	103135	1769	49	202528	1769	73	301292	1769	97	400587	1769	122	503771	1769	146	603422	1769	170	702621	1769	194	802243	1769	218	901351	1769	243	1004374	1769	267	1103624	1769	291	1202599	1769	315	1302297	1769	339	1401505	1769	363	1501209	1769	387	1600460	1769	412	1703683	1769	436	1803398	1769	460	1902462	1769	484	2002008	1769	500	2068610	1769	508	2101994	1769	532	2200745	1769	556	2300688	1769	581	2404385	1769	604	2501714	1769	
25	102546	1800	49	201026	1800	74	303970	1800	98	402209	1800	122	500475	1800	147	603645	1800	171	702222	1800	195	800559	1800	220	902931	1800	244	1002148	1800	268	1100622	1800	293	1203578	1800	317	1301815	1800	342	1404024	1800	366	1502188	1800	390	1602059	1800	415	1704293	1800	439	1802811	1800	463	1901394	1800	488	2003621	1800	500	2052655	1800	512	2101975	1800	536	2200433	1800	561	2302818	1800	585	2401014	1800	610	2503383	1800	
25	102340	1759	49	200384	1759	74	302400	1759	99	403981	1759	123	502287	1759	147	602665	1759	171	700809	1759	196	803464	1759	220	901695	1759	245	1003721	1759	269	1102508	1759	293	1200618	1759	318	1302550	1759	342	1400399	1759	367	1502801	1759	391	1600856	1759	416	1703166	1759	440	1802123	1759	464	1900465	1759	489	2002455	1759	500	2047624	1759	513	2101102	1759	538	2203486	1759	562	2301755	1759	587	2403572	1759	611	2501428	1759	
25	104290	1726	49	203408	1726	73	302619	1726	97	401716	1726	121	501321	1726	145	600922	1726	169	700523	1726	194	804180	1726	218	903707	1726	242	1003509	1726	266	1102939	1726	290	1202323	1726	314	1302166	1726	338	1401867	1726	362	1501229	1726	386	1600524	1726	410	1700328	1726	435	1804270	1726	459	1904016	1726	483	2003373	1726	500	2074129	1726	507	2103723	1726	531	2203910	1726	555	2303985	1726	579	2403465	1726	603	2503371	1726	
25	102634	1758	49	201510	1758	74	303751	1758	98	402350	1758	122	500914	1758	147	603337	1758	171	702182	1758	195	800853	1758	220	903719	1758	244	1001812	1758	268	1100567	1758	293	1203338	1758	317	1302224	1758	341	1400562	1758	366	1503301	1758	390	1602015	1758	414	1702631	1758	438	1800991	1758	463	1904192	1758	487	2002986	1758	500	2056467	1758	511	2101701	1758	536	2203995	1758	560	2302279	1758	584	2400741	1758	609	2503888	1758	
25	102586	1712	49	200730	1712	74	302700	1712	98	401102	1712	123	503434	1712	147	601463	1712	171	701415	1712	196	803845	1712	220	901866	1712	244	1000319	1712	269	1102459	1712	293	1200684	1712	318	1303235	1712	342	1401675	1712	366	1500357	1712	391	1602469	1712	415	1700508	1712	440	1802879	1712	464	1901341	1712	489	2003763	1712	500	2048720	1712	513	2102796	1712	537	2200918	1712	562	2303099	1712	586	2400912	1712	611	2502840	1712	
25	102829	1712	49	201284	1712	74	303735	1712	98	402048	1712	122	500712	1712	147	603495	1712	171	702041	1712	195	801246	1712	220	903788	1712	244	1002108	1712	268	1100661	1712	293	1204030	1712	317	1303066	1712	341	1402251	1712	365	1500565	1712	390	1603307	1712	414	1701700	1712	439	1804160	1712	463	1902919	1712	487	2001790	1712	500	2055289	1712	511	2100847	1712	536	2203635	1712	560	2302145	1712	584	2401986	1712	608	2500907	1712	
25	104143	1743	49	204243	1743	73	304292	1743	97	404099	1743	121	504149	1743	145	604215	1743	168	700520	1743	192	800406	1743	217	904185	1743	241	1004285	1743	265	1104235	1743	289	1203539	1743	313	1303380	1743	337	1403223	1743	361	1503164	1743	385	1602810	1743	409	1702931	1743	432	1801255	1743	456	1901609	1743	480	2001610	1743	500	2084898	1743	504	2101871	1743	528	2201986	1743	552	2301441	1743	576	2401415	1743	600	2501240	1743	
24	100399	1684	48	200305	1684	72	301050	1684	96	400721	1684	120	500952	1684	144	601144	1684	168	701331	1684	192	803115	1684	216	903903	1684	240	1003656	1684	264	1103936	1684	288	1203784	1684	312	1303764	1684	336	1404069	1684	360	1503916	1684	384	1603715	1684	408	1703910	1684	432	1804261	1684	456	1904019	1684	480	2003988	1684	500	2087346	1684	504	2104233	1684	528	2204022	1684	552	2303847	1684	576	2403993	1684	599	2500776	1684	
25	100809	1705	50	201824	1705	75	302831	1705	100	404073	1705	124	500944	1705	149	602335	1705	174	703111	1705	199	803687	1705	223	900585	1705	248	1000875	1705	273	1102372	1705	298	1203243	1705	323	1304375	1705	347	1401469	1705	372	1502763	1705	397	1603513	1705	422	1704212	1705	446	1800691	1705	471	1901441	1705	496	2002045	1705	500	2018448	1705	521	2103459	1705	545	2201002	1705	570	2302235	1705	595	2403520	1705	619	2500335	1705	
26	100726	1778	52	201557	1778	78	301742	1778	104	402446	1778	130	503217	1778	155	600291	1778	181	701112	1778	207	802077	1778	233	902546	1778	259	1003446	1778	284	1100534	1778	310	1200705	1778	336	1301206	1778	362	1401619	1778	388	1502080	1778	414	1603198	1778	439	1700440	1778	465	1801113	1778	491	1903881	1778	500	1939312	1778	516	2001124	1778	542	2101627	1778	568	2201977	1778	594	2302476	1778	620	2403277	1778	646	2503917	1778	
25	102686	1776	49	200880	1776	74	303572	1776	98	401730	1776	123	504251	1776	147	602391	1776	171	700933	1776	196	803103	1776	220	901823	1776	244	1002465	1776	268	1100982	1776	293	1203520	1776	317	1301748	1776	342	1403920	1776	366	1502226	1776	390	1600338	1776	415	1702761	1776	439	1801490	1776	464	1903866	1776	488	2002325	1776	500	2051797	1776	512	2100999	1776	537	2203344	1776	561	2301677	1776	586	2404204	1776	610	2502707	1776	
26	103974	1737	51	203884	1737	76	304274	1737	101	404293	1737	126	504123	1737	151	604008	1737	175	700312	1737	201	804206	1737	226	904232	1737	251	1003934	1737	276	1103822	1737	301	1204043	1737	326	1304136	1737	351	1404209	1737	376	1504047	1737	401	1604049	1737	426	1703959	1737	451	1804026	1737	476	1904140	1737	500	2001138	1737	500	2001440	1737	525	2101857	1737	550	2202014	1737	575	2302275	1737	600	2402348	1737	625	2502251	1737	
26	102343	1742	51	200360	1742	77	302042	1742	102	400396	1742	128	502531	1742	153	600563	1742	179	703480	1742	204	801713	1742	230	903883	1742	255	1001438	1742	281	1103748	1742	306	1202279	1742	331	1300440	1742	357	1402836	1742	382	1500477	1742	408	1602488	1742	433	1700372	1742	459	1802467	1742	484	1900795	1742	500	1963785	1742	510	2003224	1742	535	2103108	1742	560	2201651	1742	586	2303778	1742	611	2401657	1742	637	2503909	1742	
26	101773	1764	52	203740	1764	77	301559	1764	103	403097	1764	128	501080	1764	154	603154	1764	179	701152	1764	205	803444	1764	230	901270	1764	256	1002740	1764	281	1102238	1764	307	1203945	1764	332	1301573	1764	358	1403401	1764	383	1500831	1764	409	1602137	1764	435	1703824	1764	460	1801272	1764	486	1902814	1764	500	1957380	1764	511	2000570	1764	537	2102543	1764	562	2200295	1764	588	2302209	1764	614	2403981	1764	639	2502045	1764	
26	100756	1725	52	202470	1725	78	302128	1725	104	401751	1725	130	501304	1725	156	601570	1725	182	700830	1725	209	804106	1725	235	903988	1725	260	1000341	1725	287	1103989	1725	313	1203609	1725	339	1303020	1725	365	1402348	1725	391	1501785	1725	417	1601579	1725	443	1700771	1725	469	1801500	1725	495	1900961	1725	500	1920493	1725	521	2001248	1725	547	2100968	1725	573	2200898	1725	599	2300561	1725	626	2403782	1725	652	2503323	1725	
26	103120	1716	51	201751	1716	76	300450	1716	102	403607	1716	127	502441	1716	152	601129	1716	178	703762	1716	203	802751	1716	228	901937	1716	253	1000998	1716	279	1103689	1716	304	1202419	1716	329	1302051	1716	354	1400765	1716	380	1503520	1716	405	1602351	1716	430	1701067	1716	455	1800309	1716	481	1903010	1716	500	1978963	1716	506	2002834	1716	531	2102101	1716	556	2203671	1716	581	2302610	1716	606	2401529	1716	631	2500971	1716	
26	100520	1725	52	201184	1725	78	301432	1725	104	401466	1725	130	502017	1725	156	602309	1725	182	703335	1725	208	803667	1725	234	903665	1725	260	1003950	1725	285	1100513	1725	310	1202590	1725	336	1303742	1725	361	1400549	1725	387	1501266	1725	413	1601444	1725	439	1701855	1725	465	1802382	1725	491	1902919	1725	500	1937997	1725	516	2000355	1725	542	2101832	1725	568	2202316	1725	594	2302291	1725	620	2402427	1725	646	2503048	1725	
26	100389	1715	52	200745	1715	77	304054	1715	102	400468	1715	128	500361	1715	154	600702	1715	180	700717	1715	206	800434	1715	232	900648	1715	258	1000989	1715	285	1104045	1715	310	1200481	1715	336	1300781	1715	362	1400582	1715	388	1501119	1715	414	1601717	1715	440	1701460	1715	466	1801532	1715	492	1901529	1715	500	1932568	1715	518	2001760	1715	544	2102636	1715	570	2202833	1715	596	2302886	1715	622	2402853	1715	648	2502750	1715	
313	100189	116	500	162608	90	612	200064	89	914	300163	77	1000	328760	77	1215	400067	77	1500	494487	74	1517	500143	74	1820	600255	72	2000	659848	68	2122	700212	68	2423	800050	63	2500	825805	63	2723	900185	58	3000	991983	58	3025	1000259	58	3326	1100157	58	3500	1157857	58	3628	1200322	58	3928	1300089	58	4000	1323915	58	4230	1400052	58	4500	1489195	58	4533	1500062	58	4836	1600334	58	5000	1654593	58	5138	1700349	58	5438	1800322	58	5500	1820781	58	5740	1900319	58	6000	1985984	58	6043	2000330	58	6344	2100172	56	6500	2151993	56	6646	2200303	56	6941	2300174	56	7000	2320211	56	7240	2400154	56	7500	2486265	56	7542	2500109	56	
321	100268	90	500	158088	82	632	200288	78	943	300220	68	1000	318583	68	1252	400089	63	1500	479688	61	1564	500323	61	1873	600258	58	2000	641155	58	2183	700058	58	2493	800123	56	2500	802390	56	2803	900029	54	3000	963356	53	3114	1000192	53	3425	1100327	49	3500	1124809	49	3734	1200173	49	4000	1285950	49	4044	1300199	49	4349	1400302	49	4500	1449424	49	4658	1500217	49	4968	1600018	49	5000	1610362	49	5279	1700022	49	5500	1771253	49	5590	1800233	49	5899	1900079	49	6000	1932604	49	6210	2000220	49	6500	2094060	49	6519	2100174	49	6828	2200025	49	7000	2255172	49	7140	2300053	49	7452	2400291	49	7500	2415760	49	7763	2500320	49	
311	100061	88	500	163249	78	610	200171	78	906	300125	78	1000	331481	78	1205	400181	75	1500	500205	66	1500	500226	66	1794	600091	66	2000	668904	66	2093	700148	66	2392	800259	66	2500	836527	66	2690	900137	66	2990	1000154	59	3000	1003503	59	3289	1100212	58	3500	1170833	58	3587	1200305	58	3885	1300304	58	4000	1338886	58	4183	1400069	58	4480	1500278	55	4500	1507076	55	4775	1600073	55	5000	1675077	55	5074	1700025	55	5373	1800067	55	5500	1842944	55	5671	1900146	55	5970	2000117	54	6000	2010116	54	6267	2100299	54	6500	2178387	54	6564	2200045	54	6862	2300178	54	7000	2346464	54	7161	2400235	54	7460	2500158	52	
313	100078	106	500	161911	71	616	200136	71	920	300207	71	1000	326539	71	1222	400060	68	1500	491905	63	1525	500174	63	1828	600129	63	2000	656855	63	2131	700320	63	2434	800296	59	2500	822087	59	2735	900115	57	3000	987507	53	3038	1000028	53	3342	1100320	53	3500	1152511	53	3644	1200251	53	3947	1300282	53	4000	1317936	53	4249	1400106	53	4500	1482793	53	4552	1500102	53	4856	1600129	53	5000	1647650	53	5159	1700235	53	5461	1800167	53	5500	1813007	53	5763	1900234	53	6000	1978353	53	6066	2000185	53	6369	2100090	53	6500	2143582	53	6672	2200305	53	6974	2300040	53	7000	2308752	53	7278	2400269	53	7500	2473292	53	7581	2500060	53	
312	100115	124	500	162576	117	614	200221	113	916	300306	85	1000	328067	85	1217	400335	82	1500	493945	75	1519	500244	75	1821	600018	72	2000	659072	68	2123	700277	68	2424	800239	68	2500	825469	68	2726	900177	68	3000	990654	68	3029	1000210	68	3330	1100017	68	3500	1156292	68	3633	1200241	65	3935	1300052	65	4000	1321573	65	4237	1400258	65	4500	1487136	65	4540	1500274	65	4843	1600185	65	5000	1652111	65	5144	1700086	65	5441	1800193	65	5500	1819839	62	5741	1900153	62	6000	1985899	62	6043	2000141	62	6344	2100325	62	6500	2152026	62	6645	2200026	62	6947	2300258	62	7000	2317976	62	7247	2400333	62	7500	2484639	62	7547	2500150	62	
306	100223	66	500	166918	60	597	200016	60	890	300034	55	1000	337667	55	1184	400296	54	1476	500175	54	1500	508533	54	1769	600190	53	2000	678809	50	2063	700263	50	2356	800127	50	2500	856688	50	2626	900103	50	2919	1000269	48	3000	1027866	48	3212	1100263	48	3500	1198435	48	3505	1200143	48	3799	1300320	48	4000	1368797	48	4091	1400351	48	4381	1500086	48	4500	1540689	48	4675	1600225	48	4967	1700079	48	5000	1711354	48	5259	1800093	48	5500	1883205	48	5549	1900071	48	5839	2000045	48	6000	2055338	48	6131	2100032	48	6424	2200148	48	6500	2226153	48	6717	2300228	48	7000	2396822	48	7010	2400239	48	7302	2500076	48	
306	100315	179	500	166037	162	601	200061	159	898	300177	130	1000	334658	122	1192	400068	115	1488	500290	107	1500	504362	107	1784	600122	107	2000	673320	107	2079	700092	107	2375	800213	107	2500	842402	107	2671	900124	107	2966	1000061	107	3000	1011526	107	3262	1100156	107	3500	1180415	104	3559	1200264	104	3855	1300304	104	4000	1349302	104	4151	1400330	104	4447	1500251	104	4500	1518170	104	4743	1600329	104	5000	1687735	104	5037	1700303	104	5332	1800147	104	5500	1857273	104	5627	1900068	104	5923	2000024	104	6000	2026341	104	6217	2100256	104	6500	2196758	104	6510	2200152	104	6806	2300162	102	7000	2365750	99	7102	2400182	99	7398	2500250	99	
306	100038	130	500	166004	107	600	200041	106	895	300339	91	1000	336048	86	1190	400169	81	1486	500132	81	1500	504911	81	1781	600186	81	2000	674144	81	2077	700040	81	2374	800299	78	2500	843192	78	2669	900344	78	2965	1000078	78	3000	1011947	73	3261	1100217	73	3500	1181022	73	3557	1200201	73	3854	1300230	73	4000	1349963	73	4148	1400155	73	4444	1500318	73	4500	1519340	73	4740	1600277	73	5000	1688647	73	5034	1700110	73	5330	1800031	73	5500	1857638	73	5626	1900185	73	5922	2000157	73	6000	2026528	73	6210	2100208	73	6500	2198518	73	6505	2200216	73	6801	2300156	73	7000	2367652	73	7096	2400090	73	7392	2500135	73	
312	100273	151	500	162390	146	614	200147	146	915	300092	124	1000	328349	124	1218	400281	103	1500	494467	72	1517	500130	72	1819	600092	68	2000	660095	68	2121	700274	68	2422	800123	68	2500	826267	68	2723	900215	68	3000	991980	68	3025	1000254	68	3324	1100018	68	3500	1159989	64	3618	1200145	64	3918	1300123	64	4000	1327345	64	4216	1400034	64	4500	1495396	64	4514	1500026	64	4816	1600307	64	5000	1661511	64	5116	1700231	64	5418	1800264	64	5500	1827289	64	5721	1900237	64	6000	1992456	64	6023	2000055	64	6326	2100157	60	6500	2157913	60	6628	2200232	60	6930	2300170	60	7000	2323329	60	7232	2400083	58	7500	2488932	58	7534	2500184	58	
305	100060	147	500	166100	124	600	200091	119	888	300176	113	1000	338730	113	1181	400168	113	1476	500326	112	1500	508493	112	1770	600335	112	2000	679246	112	2061	700130	112	2356	800252	110	2500	848918	110	2651	900028	104	2946	1000021	104	3000	1018358	104	3241	1100204	103	3500	1187963	103	3536	1200208	103	3830	1300042	103	4000	1357632	103	4125	1400052	103	4421	1500226	103	4500	1526992	103	4714	1600137	103	5000	1697781	103	5007	1700177	103	5301	1800220	103	5500	1867808	103	5595	1900216	103	5889	2000114	103	6000	2037760	103	6184	2100273	103	6479	2200269	103	6500	2207416	103	6772	2300018	103	7000	2377505	103	7067	2400225	103	7362	2500270	103	
102	100328	5131	203	200556	1648	298	300630	1279	393	401032	1239	487	500292	1239	500	514034	1239	582	600790	1239	677	701068	1239	771	800498	1239	865	900112	1239	960	1000439	1239	1000	1043109	1239	1054	1100358	1239	1149	1200921	1239	1243	1300504	1239	1337	1400080	1239	1432	1500582	1239	1500	1572452	1239	1527	1601036	1239	1621	1700600	1239	1716	1801044	1239	1810	1900481	1239	1905	2001121	1211	1999	2100891	1186	2000	2102005	1186	2093	2200553	1186	2187	2300538	1186	2279	2400180	1157	2373	2500434	1157	
107	100759	4032	208	200262	1629	306	300498	1629	404	400629	1585	500	498694	1585	502	500800	1585	599	600283	1524	696	700139	1486	794	800673	1486	891	900082	1423	988	1000091	1398	1000	1012597	1398	1085	1100474	1367	1182	1200101	1367	1279	1300084	1367	1376	1400804	1332	1466	1500078	1332	1500	1535833	1332	1563	1600803	1332	1660	1701039	1260	1756	1800381	1260	1853	1900290	1260	1950	2000362	1260	2000	2051779	1260	2047	2100208	1260	2145	2200780	1260	2242	2300858	1260	2339	2400583	1260	2436	2500189	1260	
106	100647	4343	207	200259	1617	304	300812	1374	400	400801	1374	497	500770	1344	500	503976	1344	591	600239	1344	688	701034	1344	785	800970	1311	882	901013	1285	979	1001078	1285	1000	1022845	1285	1075	1100536	1285	1172	1200647	1245	1269	1300803	1245	1365	1400124	1245	1462	1500612	1245	1500	1540001	1245	1558	1600080	1245	1655	1700801	1245	1752	1800938	1245	1848	1900694	1245	1945	2000958	1222	2000	2057920	1222	2041	2100234	1222	2138	2200544	1222	2234	2300142	1222	2332	2401033	1222	2428	2500156	1182	
104	100275	3950	206	200984	1163	301	300984	1139	396	400725	1139	491	500633	1139	500	510166	1139	586	600515	1119	681	700429	1066	776	800791	1066	870	900237	1066	965	1000332	1039	1000	1037417	1039	1059	1100237	1039	1154	1200803	1007	1249	1301033	935	1343	1400429	922	1437	1500415	922	1500	1567544	907	1531	1600841	907	1625	1700107	894	1720	1800866	878	1815	1901102	878	1909	2000387	878	2000	2096358	878	2004	2100687	878	2099	2200995	878	2193	2300262	878	2288	2400721	878	2383	2500988	878	
104	100272	4631	204	200309	1631	299	300086	1350	394	400191	1350	489	500221	1321	500	511901	1321	584	600351	1321	678	700069	1292	773	800735	1237	867	900745	1237	961	1000333	1212	1000	1042056	1212	1055	1100460	1212	1149	1200266	1212	1243	1300632	1212	1337	1400714	1212	1431	1500273	1212	1500	1573575	1212	1525	1600129	1212	1620	1700835	1212	1712	1800237	1212	1806	1900295	1212	1900	2000086	1212	1995	2100759	1212	2000	2106110	1212	2089	2200084	1212	2184	2300918	1212	2278	2400358	1186	2373	2500952	1186	
105	100978	4105	204	200995	1694	299	301059	1616	394	400248	1472	490	500342	1472	500	510853	1472	585	600232	1472	681	700987	1437	776	800331	1437	870	900933	1437	964	1000689	1405	1000	1038668	1405	1059	1100436	1405	1154	1200492	1405	1249	1300094	1405	1345	1400602	1372	1440	1500321	1372	1500	1563477	1336	1535	1600300	1336	1630	1700395	1336	1725	1800609	1336	1820	1900458	1336	1915	2000420	1336	2000	2089864	1336	2010	2100406	1336	2105	2200183	1336	2200	2300418	1336	2295	2400420	1336	2390	2500448	1336	
103	100381	4158	204	200765	1399	298	300115	1315	393	400725	1315	488	500669	1315	500	513390	1315	583	600901	1315	677	700253	1315	772	800390	1315	867	900702	1315	962	1000832	1267	1000	1040733	1267	1056	1100076	1267	1150	1200114	1267	1246	1301023	1267	1340	1400282	1267	1435	1500234	1267	1500	1568956	1267	1530	1600562	1267	1625	1700720	1267	1720	1800447	1267	1815	1900254	1267	1910	2000298	1231	2000	2095423	1231	2005	2100796	1231	2099	2200226	1231	2194	2300905	1231	2288	2400696	1231	2382	2500080	1231	
105	100481	4606	207	200589	1217	302	300267	1166	397	400383	1166	492	500244	1166	500	508711	1166	588	600704	1166	683	701068	1144	777	800187	1105	872	900680	1105	966	1000257	1072	1000	1036148	1072	1061	1100566	1072	1156	1200548	1072	1250	1300502	1072	1345	1400383	1072	1440	1500735	1072	1500	1564192	1072	1535	1601022	1072	1630	1701112	1072	1724	1800368	1072	1820	1901075	1056	1914	2000658	1056	2000	2092972	1056	2007	2100588	1056	2101	2200231	1056	2196	2300399	1056	2290	2400128	1056	2385	2500323	1056	
104	100221	4534	205	200494	1298	300	300668	1254	395	400567	1201	490	500587	1104	500	511208	1104	584	600481	1086	679	700410	1071	774	800480	985	869	900734	985	964	1000489	985	1000	1038266	985	1059	1100462	985	1148	1200100	985	1243	1300400	985	1339	1401014	985	1433	1500363	985	1500	1570823	985	1528	1600326	985	1622	1700152	985	1718	1800744	985	1813	1900589	985	1908	2000323	985	2000	2096962	985	2003	2100202	985	2099	2200973	985	2194	2300662	985	2289	2400393	985	2384	2500381	985	
107	100582	3756	209	200156	1215	300	300079	1065	397	400295	1001	494	500379	1001	500	506681	1001	591	600965	972	687	700483	972	783	800092	972	880	900355	972	977	1000449	972	1000	1024174	972	1074	1100368	972	1171	1200573	972	1268	1300476	972	1365	1400725	972	1461	1500256	972	1500	1540578	972	1558	1600336	972	1655	1700695	972	1752	1800507	955	1849	1900856	955	1946	2000963	955	2000	2056608	955	2043	2100934	955	2139	2200468	955	2235	2300511	955	2332	2400741	955	2428	2500228	955	
21	101883	50387	42	203333	50387	63	305081	50387	83	401296	50387	104	502664	50387	125	603977	50387	145	700912	50387	166	802405	50387	187	903910	50387	207	1000585	50387	228	1102193	50387	249	1204751	50387	269	1301329	50387	290	1402831	50387	311	1504615	50387	331	1601421	50387	352	1702941	50387	373	1804273	50387	393	1900673	50387	414	2002191	50387	435	2103639	50387	456	2204762	50140	476	2300773	50140	496	2403703	50140	500	2423312	50140	517	2505083	50140	
21	101666	49956	42	203288	49956	63	304754	49956	83	401638	49956	104	503646	49956	124	600763	49956	145	702503	49956	166	804098	49956	186	900716	49956	207	1002605	49956	228	1103996	49956	248	1201082	49956	269	1302662	49956	289	1402264	49956	310	1504512	49956	330	1601483	49956	351	1703304	49956	372	1804946	49956	392	1901814	49956	413	2003710	49956	433	2100509	49956	454	2201935	49956	475	2303657	49956	495	2400557	49956	500	2425206	49956	516	2503141	49956	
21	100998	50094	42	201490	50094	63	302250	50094	84	404476	50094	104	501067	50094	125	601923	50094	146	702436	50094	167	802944	50094	188	903655	50094	209	1004269	50094	230	1104987	50094	250	1201124	50094	271	1301828	50094	292	1402782	50094	313	1503185	50094	334	1603881	50094	355	1704715	50094	375	1800700	50094	396	1901246	50094	417	2001679	49633	438	2102537	49633	459	2203479	49633	480	2304456	49633	500	2400820	49633	500	2401197	49633	521	2502313	49633	
21	101630	50271	42	203081	50271	63	304644	50271	83	401131	50271	104	503035	50271	125	604380	50271	145	701143	50271	166	802866	50271	186	900494	50271	207	1002005	50271	228	1103586	50271	248	1200594	50271	269	1302556	50271	290	1403671	50271	311	1505100	50271	331	1601315	50271	352	1702554	50271	373	1803958	50271	393	1900413	50271	414	2001628	50271	435	2102724	50271	456	2204446	50271	476	2301495	50271	497	2404271	50271	500	2419613	50271	517	2502470	50271	
21	100843	49591	42	201481	49591	63	302518	49591	84	403544	49591	105	504314	49591	125	600925	49591	146	701790	49591	167	802738	49591	188	903468	49591	209	1004814	49591	229	1101560	49591	250	1202526	49591	271	1303135	49591	292	1404227	49591	312	1502682	49591	333	1603600	49591	354	1704689	49591	374	1800830	49591	395	1901775	49591	416	2002764	49591	437	2103860	49591	458	2204860	49591	478	2300812	49591	499	2401908	49591	500	2407058	49591	520	2503027	49591	
21	102426	49869	42	204324	49869	62	301346	49869	83	403083	49869	103	503017	49869	123	600952	49869	144	703207	49869	165	804979	49869	185	901925	49598	206	1004519	49598	226	1101755	49598	247	1203924	49110	267	1300631	48634	288	1402132	48110	309	1504156	47840	329	1600747	47607	350	1702532	47306	371	1804431	47306	391	1902226	47306	412	2004204	47306	432	2101605	47306	453	2204046	47306	473	2301200	47306	494	2403205	47306	500	2432638	47306	514	2500916	47306	
21	101153	50437	42	202341	50437	63	303615	50437	84	404930	50437	104	500795	50437	125	602477	50437	146	704439	50437	166	800813	50437	187	902095	50437	208	1003241	50437	229	1104457	50437	249	1200740	50437	270	1301933	50437	291	1403205	50437	312	1504253	50437	332	1600864	50437	353	1701592	50437	374	1802669	50437	395	1904080	50437	415	2000803	50437	436	2102425	50437	457	2203402	50437	478	2304725	50437	498	2401484	50437	500	2411396	50437	519	2504682	50437	
21	101983	50327	42	204243	50327	62	300399	50060	83	401794	50060	104	503444	50060	125	604988	50060	145	702233	49834	166	804461	49834	186	901718	49834	207	1004041	49834	227	1100845	49834	248	1202795	49834	269	1304586	49834	289	1401252	49573	310	1504863	49573	330	1603038	49573	351	1705027	49573	371	1802535	49573	392	1904929	49573	412	2002514	49573	433	2104891	49070	453	2202392	49070	474	2305124	49070	494	2402811	49070	500	2432332	49070	514	2500859	49070	
21	101876	50194	42	203624	50194	62	300795	50194	83	402683	50194	104	504407	50194	124	604112	50194	144	701714	50194	165	803834	50194	185	901391	50194	206	1003372	50194	226	1101133	50194	247	1202924	49914	268	1304480	49667	288	1401271	49667	309	1502662	49435	330	1604716	49435	350	1701340	49227	371	1802720	49227	392	1904186	49227	412	2000775	49227	433	2102292	49227	454	2203415	49227	475	2305105	49227	495	2401821	49227	500	2426351	49227	516	2503808	49227	
21	100927	50329	42	201717	50329	63	303191	50329	83	400477	50329	104	501934	50329	125	602922	50329	146	704892	50329	166	801713	50329	187	902894	50329	208	1004130	50329	229	1105193	50329	249	1201161	50329	270	1302139	50329	291	1403080	50329	312	1504451	50329	332	1600667	50329	353	1701826	50329	374	1802839	50329	395	1903919	50329	416	2005012	50329	436	2101141	50329	457	2202326	50329	478	2303522	50329	499	2404510	50329	500	2409658	50329	519	2500960	50070	
