wersja nr 2;wspolczynnik mutacji 1.600000;wielkosc populacji 15
1006	100030	104	2014	200011	93	3026	300084	89	4033	400009	88	5047	500021	80	6052	600083	80	7054	700042	76	8057	800102	67	9063	900060	65	10071	1000074	65	11078	1100029	65	12087	1200089	65	13099	1300098	65	14107	1400056	65	15113	1500016	65	16112	1600040	65	17112	1700100	65	18118	1800054	63	19124	1900042	63	20132	2000049	63	21139	2100020	63	22150	2200066	63	23157	2300054	63	24166	2400069	58	25172	2500088	58	26177	2600032	58	27182	2700010	58	28189	2800053	58	29198	2900061	58	30204	3000058	58	31213	3100046	58	32226	3200071	58	33235	3300097	58	34238	3400069	58	35247	3500081	58	
994	100028	199	1982	200010	158	2968	300073	128	3967	400016	113	4969	500036	106	5980	600057	104	6988	700022	101	7992	800077	101	9000	900020	101	10001	1000045	97	11002	1100067	97	12005	1200091	97	13003	1300056	97	14001	1400046	97	15003	1500089	97	16010	1600014	96	17019	1700039	96	18010	1800105	96	18975	1900023	96	19941	2000026	96	20905	2100068	96	21868	2200061	96	22834	2300043	96	23825	2400042	92	24818	2500066	92	25786	2600078	92	26745	2700008	92	27708	2800024	92	28682	2900044	92	29653	3000094	92	30625	3100102	92	31595	3200043	92	32564	3300087	92	33535	3400080	92	34508	3500081	92	
999	100071	109	2005	200079	94	3006	300108	76	4009	400038	76	5019	500068	76	6022	600061	72	7026	700101	72	8033	800010	71	9041	900080	68	10048	1000094	68	11051	1100019	68	12053	1200013	68	13057	1300045	68	14067	1400042	67	15071	1500011	67	16077	1600073	66	17084	1700097	66	18092	1800076	66	19094	1900060	66	20097	2000041	66	21109	2100105	66	22113	2200072	66	23117	2300010	66	24128	2400103	66	25136	2500040	66	26144	2600105	66	27150	2700068	66	28157	2800005	66	29161	2900055	66	30165	3000068	65	31172	3100072	63	32181	3200102	63	33187	3300094	63	34195	3400104	63	35206	3500023	63	
1002	100100	142	1998	200036	109	2990	300099	96	3955	400078	96	4953	500057	90	5952	600085	90	6947	700091	86	7948	800041	86	8949	900029	86	9915	1000005	86	10886	1100101	85	11891	1200006	77	12898	1300035	77	13908	1400041	76	14893	1500010	76	15865	1600097	76	16864	1700041	73	17878	1800018	72	18890	1900078	72	19898	2000096	72	20908	2100085	72	21920	2200010	72	22934	2300018	72	23945	2400096	72	24953	2500008	72	25961	2600065	72	26971	2700049	72	27985	2800014	72	28995	2900097	72	30007	3000044	72	31018	3100107	72	32027	3200073	72	33039	3300079	72	34051	3400078	72	35064	3500037	72	
999	100059	142	2003	200010	114	3014	300007	114	4010	400034	99	5015	500019	96	6020	600069	96	7022	700103	96	8026	800097	96	9030	900057	87	10038	1000079	87	11047	1100047	85	12056	1200072	85	13059	1300050	85	14059	1400066	85	15065	1500093	85	16068	1600062	85	17072	1700054	85	18080	1800031	85	19084	1900018	85	20088	2000015	85	21093	2100076	85	22098	2200017	80	23105	2300045	80	24108	2400052	80	25113	2500036	80	26119	2600094	80	27118	2700023	80	28125	2800017	80	29129	2900086	80	30128	3000033	80	31136	3100084	80	32138	3200075	80	33141	3300063	80	34150	3400065	80	35158	3500067	80	
1046	100093	132	2104	200094	125	3157	300008	122	4209	400052	109	5268	500047	98	6331	600085	97	7390	700049	95	8445	800055	95	9505	900005	90	10566	1000007	90	11626	1100064	90	12685	1200100	90	13745	1300054	90	14803	1400006	86	15846	1500085	79	16902	1600040	75	17963	1700060	75	19019	1800008	75	20076	1900094	74	21131	2000042	74	22188	2100093	74	23243	2200034	74	24300	2300089	74	25353	2400014	74	26410	2500009	74	27472	2600099	74	28529	2700044	74	29590	2800066	74	30644	2900027	74	31704	3000040	74	32762	3100082	74	33819	3200077	74	34879	3300101	74	35933	3400029	74	36994	3500027	74	
1060	100019	129	2117	200083	108	3173	300031	100	4227	400099	99	5264	500038	99	6298	600084	90	7348	700080	90	8399	800059	90	9455	900044	90	10512	1000024	90	11563	1100031	90	12625	1200090	90	13685	1300065	86	14738	1400051	86	15796	1500039	86	16853	1600012	86	17910	1700036	86	18965	1800057	86	20017	1900007	86	21073	2000069	86	22133	2100054	84	23189	2200020	84	24247	2300027	84	25305	2400044	84	26361	2500088	84	27414	2600101	84	28470	2700084	84	29529	2800025	84	30589	2900042	84	31642	3000100	84	32695	3100081	84	33753	3200090	84	34809	3300081	84	35862	3400054	82	36914	3500091	82	
1058	100051	124	2102	200029	121	3143	300061	112	4194	400058	112	5246	500052	112	6298	600095	112	7352	700093	112	8408	800068	110	9465	900043	110	10514	1000029	108	11564	1100007	108	12617	1200079	108	13676	1300022	108	14719	1400086	108	15737	1500088	108	16750	1600064	108	17773	1700054	107	18828	1800082	107	19889	1900079	107	20946	2000075	104	22003	2100070	104	23065	2200051	99	24121	2300089	99	25142	2400035	99	26166	2500069	99	27184	2600023	99	28235	2700101	87	29288	2800061	87	30342	2900081	87	31398	3000071	87	32454	3100051	87	33517	3200060	86	34566	3300090	87	35624	3400061	87	36684	3500013	87	
1049	100010	124	2103	200079	87	3163	300067	75	4220	400074	75	5281	500037	75	6344	600016	75	7408	700062	75	8470	800043	74	9527	900020	74	10586	1000056	74	11645	1100096	74	12706	1200049	74	13767	1300052	74	14821	1400025	74	15877	1500023	74	16937	1600031	74	17995	1700043	74	19046	1800059	74	20103	1900074	74	21157	2000084	73	22203	2100022	73	23239	2200023	73	24286	2300016	73	25346	2400060	71	26406	2500035	71	27466	2600041	71	28524	2700068	71	29582	2800093	71	30635	2900057	71	31688	3000024	71	32752	3100025	71	33811	3200095	71	34868	3300079	68	35929	3400069	68	36989	3500020	68	
1053	100035	103	2083	200066	94	3143	300096	83	4193	400010	83	5247	500022	83	6299	600081	83	7353	700010	83	8405	800082	83	9456	900082	83	10490	1000101	79	11502	1100022	79	12514	1200096	79	13566	1300061	75	14620	1400039	75	15675	1500012	75	16734	1600063	75	17792	1700086	76	18811	1800051	76	19829	1900025	76	20854	2000079	76	21878	2100051	73	22939	2200094	71	23996	2300011	71	25058	2400058	71	26117	2500017	71	27175	2600055	71	28232	2700025	71	29291	2800040	71	30352	2900025	71	31406	3000029	71	32453	3100018	71	33509	3200015	71	34565	3300080	67	35624	3400022	67	36683	3500020	67	
329	100232	3193	653	200078	2782	976	300068	2635	1301	400230	2249	1624	500113	2046	1944	600083	1941	2262	700039	1922	2583	800209	1921	2905	900244	1866	3228	1000130	1846	3550	1100069	1817	3873	1200315	1771	4194	1300238	1771	4517	1400050	1745	4838	1500147	1717	5160	1600096	1662	5484	1700056	1580	5806	1800303	1580	6127	1900043	1567	6447	2000104	1544	6767	2100054	1533	7090	2200237	1533	7413	2300035	1533	7736	2400155	1533	8059	2500137	1533	8382	2600193	1533	8704	2700173	1523	9027	2800326	1500	9348	2900041	1483	9671	3000276	1483	9994	3100271	1483	10314	3200107	1483	10635	3300162	1483	10956	3400068	1483	11280	3500054	1483	
329	100254	3001	656	200237	2305	978	300299	2147	1300	400160	1853	1622	500176	1754	1944	600045	1722	2268	700032	1714	2591	800179	1669	2913	900109	1630	3234	1000204	1617	3556	1100093	1595	3878	1200285	1595	4198	1300074	1595	4520	1400278	1534	4841	1500298	1499	5161	1600091	1467	5483	1700104	1447	5806	1800135	1447	6128	1900057	1447	6452	2000266	1447	6772	2100085	1447	7097	2200157	1447	7421	2300186	1447	7744	2400094	1447	8069	2500237	1447	8393	2600315	1437	8717	2700111	1435	9041	2800094	1435	9366	2900042	1403	9692	3000174	1403	10018	3100107	1403	10338	3200160	1403	10663	3300184	1403	10986	3400100	1403	11310	3500301	1403	
329	100198	3160	655	200167	2355	978	300238	2055	1301	400066	1904	1626	500133	1790	1948	600223	1713	2272	700286	1707	2596	800263	1684	2917	900049	1674	3239	1000148	1674	3561	1100312	1674	3884	1200052	1674	4206	1300048	1667	4531	1400097	1667	4856	1500105	1667	5181	1600225	1667	5501	1700035	1664	5826	1800213	1650	6149	1900264	1606	6473	2000215	1606	6797	2100115	1606	7122	2200281	1606	7446	2300300	1606	7769	2400222	1606	8091	2500187	1606	8412	2600045	1606	8737	2700249	1606	9061	2800025	1606	9386	2900084	1601	9710	3000141	1594	10032	3100186	1594	10356	3200205	1594	10680	3300036	1589	11004	3400291	1589	11328	3500140	1574	
331	100206	3227	655	200159	2709	978	300241	2463	1300	400249	2268	1620	500111	2102	1942	600237	2098	2264	700323	2052	2581	800125	1999	2900	900037	1968	3219	1000037	1889	3541	1100302	1853	3861	1200268	1823	4185	1300191	1725	4508	1400113	1723	4829	1500057	1686	5153	1600332	1666	5476	1700030	1631	5799	1800155	1631	6122	1900069	1627	6446	2000116	1627	6770	2100267	1618	7093	2200306	1582	7415	2300079	1566	7738	2400306	1566	8060	2500288	1566	8383	2600272	1566	8705	2700167	1554	9026	2800093	1529	9349	2900339	1519	9671	3000126	1517	9994	3100248	1517	10315	3200200	1517	10637	3300191	1480	10960	3400165	1466	11281	3500041	1448	
328	100314	3272	652	200158	2662	975	300205	2266	1298	400131	2234	1622	500147	2190	1946	600121	2060	2271	700178	2009	2596	800130	1998	2921	900258	1998	3246	1000328	1965	3570	1100254	1962	3891	1200323	1939	4214	1300166	1929	4539	1400222	1929	4865	1500157	1929	5187	1600054	1929	5511	1700093	1929	5836	1800290	1928	6161	1900330	1928	6486	2000114	1928	6810	2100238	1928	7134	2200049	1919	7458	2300131	1911	7782	2400116	1864	8107	2500078	1854	8429	2600151	1817	8751	2700277	1817	9070	2800061	1817	9391	2900237	1817	9713	3000054	1817	10036	3100047	1817	10359	3200092	1784	10682	3300128	1784	11007	3400177	1784	11330	3500038	1784	
333	100195	4823	665	200184	4810	996	300303	3929	1329	400080	2914	1659	500253	2328	1989	600311	2063	2319	700276	1950	2648	800192	1889	2974	900097	1863	3300	1000104	1764	3626	1100303	1762	3952	1200117	1686	4278	1300309	1650	4604	1400242	1648	4932	1500263	1648	5260	1600115	1648	5589	1700244	1638	5916	1800322	1632	6245	1900069	1632	6573	2000095	1632	6899	2100119	1632	7224	2200106	1632	7552	2300160	1632	7880	2400319	1632	8206	2500171	1632	8532	2600173	1619	8859	2700291	1619	9186	2800170	1619	9515	2900176	1619	9843	3000247	1619	10173	3100172	1601	10501	3200296	1601	10829	3300152	1601	11158	3400284	1601	11486	3500140	1601	
331	100130	4472	663	200296	3040	991	300178	2513	1320	400319	2387	1647	500136	2031	1976	600304	1721	2304	700217	1637	2631	800143	1539	2959	900180	1497	3287	1000157	1441	3612	1100166	1394	3937	1200089	1390	4265	1300247	1390	4592	1400175	1390	4920	1500203	1383	5247	1600127	1383	5576	1700276	1359	5904	1800023	1359	6233	1900214	1359	6561	2000300	1359	6888	2100308	1352	7216	2200096	1340	7545	2300293	1290	7874	2400261	1285	8202	2500156	1285	8532	2600115	1285	8862	2700134	1285	9191	2800274	1285	9518	2900178	1285	9847	3000175	1285	10175	3100071	1285	10503	3200062	1285	10826	3300087	1272	11156	3400276	1248	11483	3500279	1248	
330	100046	4987	658	200331	4977	985	300072	4919	1318	400294	3667	1649	500266	2504	1976	600062	2076	2306	700094	1989	2638	800136	1794	2967	900073	1773	3295	1000053	1625	3625	1100226	1578	3954	1200170	1570	4283	1300272	1545	4611	1400049	1519	4941	1500218	1513	5269	1600158	1505	5601	1700168	1495	5931	1800170	1495	6258	1900147	1453	6588	2000203	1453	6916	2100048	1453	7245	2200306	1453	7571	2300167	1443	7898	2400143	1440	8224	2500118	1440	8551	2600031	1440	8882	2700310	1428	9210	2800286	1428	9539	2900173	1414	9868	3000091	1414	10195	3100248	1400	10522	3200167	1390	10852	3300113	1379	11181	3400023	1372	11510	3500054	1372	
333	100313	4890	665	200324	4678	997	300139	2646	1327	400323	2166	1656	500071	1839	1984	600023	1706	2309	700144	1684	2634	800026	1612	2961	900101	1593	3285	1000049	1593	3614	1100314	1593	3943	1200230	1588	4272	1300150	1588	4598	1400262	1588	4925	1500232	1588	5252	1600315	1588	5579	1700248	1588	5908	1800231	1588	6236	1900229	1588	6562	2000130	1588	6887	2100173	1588	7215	2200077	1588	7544	2300098	1587	7872	2400200	1587	8202	2500236	1586	8530	2600103	1586	8860	2700308	1586	9185	2800172	1586	9515	2900256	1577	9842	3000164	1577	10171	3100143	1577	10500	3200119	1577	10830	3300246	1577	11158	3400060	1577	11487	3500226	1577	
330	100121	4933	657	200061	4824	987	300199	4796	1318	400301	4108	1650	500131	2997	1974	600031	2650	2300	700288	2295	2625	800152	2070	2952	900301	1973	3278	1000264	1902	3605	1100262	1869	3931	1200119	1860	4261	1300294	1829	4589	1400156	1829	4917	1500155	1829	5245	1600032	1829	5576	1700328	1829	5906	1800181	1829	6234	1900325	1818	6563	2000294	1767	6890	2100089	1767	7216	2200056	1749	7542	2300128	1708	7865	2400209	1708	8191	2500204	1675	8514	2600120	1646	8837	2700232	1646	9161	2800154	1559	9484	2900262	1557	9808	3000156	1557	10135	3100166	1557	10459	3200115	1543	10783	3300116	1483	11108	3400291	1466	11433	3500198	1432	
71	101287	25272	141	201363	25272	210	300193	25272	280	400327	25272	350	500338	25272	420	600839	25272	489	700163	25272	559	800564	25272	629	900932	25272	699	1000730	25272	769	1100991	25272	839	1200798	25272	909	1301372	25272	978	1400156	25272	1048	1500597	25272	1118	1600705	25272	1188	1701071	25272	1258	1800771	25272	1328	1901180	25272	1398	2001232	25272	1467	2100532	25272	1537	2200439	25272	1608	2301213	25272	1677	2400258	25272	1748	2501532	25272	1817	2600203	25272	1887	2700930	25272	1957	2800918	25272	2027	2900602	25272	2097	3000356	25272	2167	3100657	25272	2237	3200595	25272	2307	3300628	25272	2377	3400620	25272	2446	3500136	25272	
71	101264	25272	141	201010	25272	211	301266	25272	280	400761	25272	350	501323	25272	419	600297	25272	489	700543	25272	559	800628	25272	629	900521	25272	699	1000817	25272	769	1101051	25272	839	1200618	25272	909	1300843	25272	978	1400471	25272	1049	1501541	25272	1118	1600535	25272	1188	1700355	25272	1259	1801491	25272	1328	1900249	25272	1398	2000931	25272	1468	2100582	25272	1538	2200475	25272	1609	2301527	25272	1679	2401199	25272	1749	2501245	25272	1819	2601288	25272	1889	2701332	25272	1959	2800974	25272	2029	2900701	25272	2100	3001460	25272	2169	3100285	25272	2239	3200421	25272	2309	3301083	25272	2379	3401280	25272	2448	3500398	25272	
71	101535	25272	141	201401	25272	210	300485	25272	279	400145	25272	350	501500	25272	420	601479	25272	490	701522	25272	559	800519	25272	628	900347	25272	698	1000340	25272	769	1101576	25272	838	1201265	25272	908	1301108	25272	978	1401250	25272	1048	1501398	25272	1117	1600556	25272	1188	1701482	25272	1258	1801256	25272	1328	1901534	25272	1397	2000547	25272	1467	2100311	25272	1537	2200201	25272	1608	2301074	25272	1678	2400851	25272	1748	2500650	25272	1817	2600594	25272	1887	2700995	25272	1957	2800485	25272	2027	2900586	25272	2097	3000638	25272	2166	3100143	25272	2236	3200400	25272	2306	3300887	25272	2376	3400809	25272	2446	3501340	25272	
71	100926	25272	141	200876	25272	211	301358	25272	280	400147	25272	351	501521	25272	420	600377	25272	490	700709	25272	560	800999	25272	630	900349	25272	700	1000243	25272	770	1100584	25272	840	1200198	25272	910	1301017	25272	980	1401262	25272	1050	1501512	25272	1119	1600375	25272	1189	1700673	25272	1259	1800660	25272	1329	1901186	25272	1399	2001255	25272	1469	2101489	25272	1538	2200766	25272	1608	2301483	25272	1677	2400443	25272	1747	2500342	25272	1817	2600647	25272	1887	2701380	25272	1957	2801273	25272	2026	2900317	25272	2096	3001023	25272	2166	3100775	25272	2236	3200722	25272	2306	3300554	25272	2376	3400762	25272	2446	3500952	25272	
71	101504	25272	140	200177	25272	210	300409	25272	281	401170	25272	351	500599	25272	421	600524	25272	491	701298	25272	560	800990	25272	630	901520	25272	700	1001027	25272	770	1101182	25272	840	1201462	25272	910	1301187	25272	980	1401203	25272	1050	1500498	25272	1120	1600726	25272	1191	1701567	25272	1260	1800808	25272	1329	1900463	25272	1399	2001077	25272	1469	2100525	25272	1539	2200785	25272	1609	2300688	25272	1679	2400655	25272	1749	2500514	25272	1819	2600431	25272	1889	2700670	25272	1959	2800199	25272	2029	2900562	25272	2099	3000265	25272	2168	3100499	25272	2238	3201019	25272	2307	3301028	25272	2376	3400158	25272	2447	3501304	25272	
72	101013	25176	143	201160	25176	214	300558	25176	286	401274	25176	357	501256	25176	428	600723	25176	500	701400	25176	571	801297	25176	641	900635	25176	712	1000121	25176	784	1101547	25176	855	1201202	25176	926	1300988	25176	997	1400644	25176	1068	1500204	25176	1139	1600821	25176	1210	1700756	25176	1281	1800276	25176	1352	1900637	25176	1423	2000736	25176	1495	2101238	25176	1566	2200821	25176	1637	2300736	25176	1709	2401405	25176	1780	2500828	25176	1851	2601000	25176	1922	2700862	25176	1993	2800603	25176	2065	2900657	25176	2137	3001434	25176	2208	3100840	25176	2279	3201080	25176	2350	3301048	25176	2421	3400624	25176	2493	3501113	25176	
71	100176	25176	142	200143	25176	214	301409	25176	285	401279	25176	356	500891	25176	427	600325	25176	499	701030	25176	570	800748	25176	641	901036	25176	712	1000335	25176	784	1101431	25176	855	1201134	25176	926	1301069	25176	996	1400913	25176	1066	1500776	25176	1137	1600397	25176	1208	1700424	25176	1280	1801217	25176	1351	1900800	25176	1422	2000325	25176	1494	2101487	25176	1565	2201190	25176	1636	2300528	25176	1708	2401236	25176	1779	2501220	25176	1850	2601062	25176	1921	2700198	25176	1992	2801046	25176	2063	2900863	25176	2134	3000466	25176	2206	3101354	25176	2277	3200423	25176	2349	3301389	25176	2419	3400674	25176	2490	3500778	25176	
71	100556	25176	143	201259	25176	214	300411	25176	286	401400	25176	357	500709	25176	428	600232	25176	499	700404	25176	570	801188	25176	640	900926	25176	711	1001393	25176	782	1101068	25176	853	1201343	25176	923	1300128	25176	995	1401274	25176	1066	1500947	25176	1137	1600613	25176	1209	1701338	25176	1280	1800873	25176	1351	1900875	25176	1422	2000823	25176	1494	2101408	25176	1565	2200869	25176	1636	2300402	25176	1708	2401233	25176	1779	2500542	25176	1851	2601413	25176	1922	2701070	25176	1993	2800693	25176	2064	2900285	25176	2135	3000389	25176	2207	3101482	25176	2278	3201410	25176	2348	3300888	25176	2419	3400534	25176	2491	3501318	25176	
72	101252	25176	143	201105	25176	213	300229	25176	284	400418	25176	356	501141	25176	427	600785	25176	498	700565	25176	569	800752	25176	640	900480	25176	712	1001375	25176	782	1100452	25176	853	1200931	25176	924	1301027	25176	995	1400354	25176	1066	1500455	25176	1137	1601412	25176	1208	1700981	25176	1279	1800465	25176	1351	1901137	25176	1422	2000994	25176	1493	2101242	25176	1563	2200596	25176	1634	2300516	25176	1705	2400825	25176	1776	2500329	25176	1847	2600515	25176	1919	2701547	25176	1989	2800333	25176	2061	2901109	25176	2131	3000135	25176	2203	3101250	25176	2274	3200462	25176	2346	3301151	25176	2417	3400501	25176	2489	3501424	25176	
72	101309	25176	143	201331	25176	214	301101	25176	285	400575	25176	356	500698	25176	427	600610	25176	498	700771	25176	569	800542	25176	641	901320	25176	712	1000672	25176	783	1100741	25176	854	1200584	25176	925	1300629	25176	996	1401037	25176	1067	1500531	25176	1138	1601262	25176	1208	1701226	25176	1279	1801139	25176	1350	1900675	25176	1421	2000496	25176	1493	2100818	25176	1564	2200599	25176	1635	2300148	25176	1707	2400916	25176	1778	2500969	25176	1849	2600398	25176	1920	2700511	25176	1991	2800711	25176	2062	2900523	25176	2133	3000687	25176	2204	3100157	25176	2276	3201068	25176	2347	3301186	25176	2418	3400910	25176	2489	3500351	25176	
1204	100007	64	2408	200029	64	3598	300082	64	4746	400013	64	5948	500008	68	7167	600076	66	8379	700016	66	9586	800021	66	10752	900026	66	11910	1000070	62	13064	1100015	62	14222	1200012	62	15376	1300081	62	16517	1400084	62	17669	1500087	62	18818	1600039	62	20004	1700037	61	21218	1800057	61	22434	1900086	61	23641	2000023	61	24823	2100072	61	25982	2200084	61	27139	2300061	61	28300	2400076	61	29458	2500049	61	30618	2600017	61	31776	2700037	61	32959	2800089	56	34165	2900018	56	35376	3000085	56	36586	3100082	56	37796	3200059	56	39008	3300057	56	40218	3400073	56	41424	3500074	56	
1210	100038	62	2420	200057	62	3637	300025	62	4853	400010	60	6064	500033	60	7273	600083	60	8482	700025	60	9697	800039	60	10909	900030	60	12085	1000019	60	13235	1100031	60	14398	1200015	58	15617	1300023	55	16824	1400017	51	18037	1500021	51	19254	1600019	51	20463	1700044	51	21674	1800013	51	22889	1900062	51	24104	2000043	51	25320	2100067	51	26528	2200007	51	27740	2300021	51	28954	2400083	51	30169	2500074	51	31376	2600037	51	32588	2700076	51	33806	2800060	51	35022	2900079	51	36235	3000053	51	37456	3100028	51	38672	3200039	51	39888	3300047	51	41101	3400051	51	42313	3500060	51	
1188	100019	72	2398	200050	65	3609	300071	63	4822	400056	55	6039	500053	55	7250	600029	55	8462	700071	55	9680	800062	55	10898	900073	55	12105	1000052	55	13301	1100056	55	14451	1200042	55	15606	1300029	55	16761	1400055	55	17916	1500022	55	19078	1600032	55	20238	1700035	55	21392	1800043	55	22551	1900012	55	23704	2000080	55	24860	2100005	55	26014	2200024	55	27168	2300087	55	28325	2400064	55	29478	2500008	55	30634	2600056	55	31790	2700030	55	32950	2800022	55	34111	2900057	55	35255	3000072	55	36400	3100009	55	37549	3200042	55	38706	3300058	55	39865	3400073	55	41019	3500074	55	
1193	100073	70	2366	200084	61	3579	300074	61	4770	400055	59	5985	500021	59	7207	600056	59	8418	700069	59	9632	800017	59	10850	900076	59	12064	1000059	59	13281	1100050	59	14492	1200025	59	15709	1300076	59	16913	1400009	56	18120	1500037	56	19335	1600048	56	20546	1700068	56	21758	1800036	56	22965	1900067	56	24173	2000084	56	25382	2100067	56	26586	2200050	56	27794	2300075	56	29001	2400030	56	30209	2500038	56	31416	2600040	56	32629	2700029	56	33839	2800024	56	35052	2900055	56	36260	3000078	56	37476	3100071	56	38689	3200086	56	39898	3300067	56	41111	3400019	56	42320	3500008	56	
1205	100013	68	2422	200025	60	3644	300028	60	4815	400046	60	6026	500020	60	7243	600046	60	8459	700044	60	9669	800047	58	10877	900078	58	12093	1000021	58	13310	1100055	58	14530	1200052	58	15737	1300071	58	16948	1400071	58	18162	1500084	58	19371	1600036	58	20580	1700024	58	21790	1800014	58	23004	1900076	58	24215	2000070	58	25428	2100048	58	26645	2200012	58	27862	2300020	58	29079	2400047	53	30291	2500072	53	31506	2600052	53	32717	2700085	53	33932	2800070	53	35146	2900010	53	36361	3000044	53	37572	3100018	53	38787	3200069	53	40001	3300075	53	41216	3400050	53	42429	3500009	53	
1346	100006	73	2694	200026	73	4057	300021	69	5411	400043	69	6764	500016	69	8117	600011	69	9473	700069	69	10826	800037	69	12185	900050	69	13504	1000027	69	14841	1100067	65	16194	1200072	65	17549	1300068	65	18911	1400027	65	20272	1500044	65	21624	1600007	65	22986	1700003	65	24348	1800008	65	25712	1900069	65	27072	2000049	65	28423	2100051	65	29740	2200075	65	31018	2300032	65	32297	2400031	65	33572	2500017	65	34849	2600017	65	36124	2700073	65	37400	2800013	65	38676	2900077	65	39948	3000030	65	41222	3100055	65	42498	3200019	65	43771	3300022	65	45052	3400059	65	46337	3500042	62	
1322	100077	74	2650	200071	69	4005	300038	69	5339	400058	69	6631	500045	69	7921	600028	69	9210	700048	69	10542	800041	66	11886	900035	66	13245	1000066	66	14595	1100022	66	15949	1200006	66	17242	1300080	66	18526	1400012	66	19808	1500008	66	21086	1600014	66	22373	1700017	66	23653	1800038	66	24939	1900059	66	26228	2000069	66	27513	2100019	66	28793	2200049	66	30079	2300031	66	31367	2400017	66	32651	2500066	66	33991	2600027	61	35347	2700047	61	36706	2800011	61	38061	2900038	61	39412	3000071	61	40771	3100063	61	42121	3200010	61	43474	3300059	61	44833	3400040	61	46191	3500012	61	
1347	100015	67	2707	200013	67	4068	300060	67	5421	400038	67	6770	500030	67	8131	600030	63	9469	700039	64	10758	800070	64	12035	900082	64	13363	1000080	64	14718	1100058	61	16071	1200042	61	17425	1300019	61	18772	1400023	61	20122	1500009	61	21480	1600032	61	22837	1700011	62	24193	1800072	62	25527	1900060	62	26878	2000016	62	28233	2100038	62	29588	2200071	62	30942	2300005	62	32289	2400028	62	33642	2500051	62	34990	2600008	62	36343	2700042	62	37695	2800052	62	39048	2900040	62	40407	3000043	62	41750	3100022	62	43104	3200060	62	44457	3300049	62	45813	3400040	62	47167	3500061	62	
1354	100029	77	2713	200020	77	4061	300075	73	5407	400034	73	6765	500064	73	8122	600059	73	9480	700021	68	10833	800023	68	12188	900026	68	13549	1000010	68	14913	1100067	63	16257	1200056	59	17597	1300010	59	18947	1400007	59	20300	1500066	59	21647	1600023	59	22999	1700025	59	24352	1800045	58	25708	1900034	58	27064	2000046	58	28418	2100073	58	29773	2200025	58	31128	2300027	58	32479	2400005	58	33832	2500025	58	35181	2600032	58	36537	2700016	58	37884	2800029	58	39239	2900007	58	40599	3000070	58	41957	3100045	58	43309	3200007	58	44666	3300033	58	46020	3400029	58	47372	3500069	58	
1352	100051	66	2660	200021	66	3951	300077	66	5241	400052	66	6532	500059	66	7823	600054	66	9107	700065	66	10387	800052	66	11670	900012	66	12953	1000051	66	14245	1100066	66	15535	1200074	66	16824	1300051	66	18110	1400070	66	19404	1500066	66	20686	1600057	66	21973	1700006	66	23267	1800047	66	24555	1900076	66	25848	2000078	66	27141	2100008	66	28429	2200013	66	29714	2300078	66	30991	2400004	66	32263	2500039	66	33549	2600054	66	34842	2700008	66	36136	2800026	66	37426	2900047	66	38709	3000066	66	39993	3100064	66	41346	3200050	59	42711	3300058	59	44066	3400030	59	45418	3500074	59	
351	100263	355	702	200075	355	1053	300254	355	1406	400270	355	1757	500243	355	2106	600024	355	2456	700158	355	2807	800212	355	3160	900267	355	3512	1000195	355	3862	1100246	355	4213	1200178	355	4565	1300238	355	4915	1400243	355	5267	1500128	355	5619	1600175	355	5970	1700135	355	6320	1800278	355	6669	1900064	355	7020	2000071	355	7371	2100289	355	7722	2200022	355	8075	2300053	355	8428	2400201	355	8779	2500182	355	9130	2600022	355	9481	2700036	355	9833	2800090	355	10185	2900166	355	10538	3000284	355	10888	3100228	355	11240	3200069	355	11588	3300158	355	11938	3400049	355	12289	3500270	355	
353	100069	355	705	200025	355	1058	300239	355	1410	400151	355	1762	500297	355	2111	600078	355	2464	700221	355	2817	800205	355	3169	900086	355	3522	1000265	355	3872	1100257	355	4222	1200107	355	4574	1300221	355	4927	1400169	355	5277	1500092	355	5629	1600081	355	5982	1700098	355	6335	1800273	355	6685	1900092	355	7035	2000092	355	7388	2100235	355	7740	2200137	355	8092	2300024	355	8444	2400196	355	8796	2500112	355	9148	2600113	355	9502	2700284	355	9852	2800083	355	10203	2900115	355	10555	3000069	355	10907	3100066	355	11260	3200238	355	11611	3300036	355	11965	3400134	355	12314	3500177	355	
350	100101	355	701	200146	355	1051	300047	355	1399	400120	355	1749	500275	355	2100	600231	355	2453	700253	355	2806	800279	355	3158	900221	355	3510	1000293	355	3860	1100170	355	4212	1200289	355	4564	1300081	355	4918	1400210	355	5269	1500023	355	5621	1600103	355	5973	1700098	355	6325	1800104	355	6678	1900232	355	7031	2000195	355	7383	2100139	355	7734	2200181	355	8081	2300112	355	8435	2400287	355	8788	2500083	355	9141	2600121	355	9493	2700113	355	9843	2800036	355	10194	2900171	355	10546	3000284	355	10897	3100190	355	11248	3200038	355	11599	3300198	355	11949	3400157	355	12300	3500114	355	
352	100126	355	701	200091	355	1052	300235	355	1404	400030	355	1756	500290	355	2108	600205	355	2462	700258	355	2813	800206	355	3161	900037	355	3512	1000044	355	3866	1100201	355	4220	1200240	355	4571	1300079	355	4924	1400259	355	5277	1500150	355	5626	1600143	355	5977	1700136	355	6330	1800053	355	6683	1900269	355	7035	2000055	355	7389	2100257	355	7740	2200065	355	8090	2300154	355	8440	2400099	355	8791	2500209	355	9141	2600165	355	9493	2700119	355	9844	2800281	355	10196	2900205	355	10547	3000116	355	10897	3100174	355	11250	3200169	355	11603	3300267	355	11955	3400256	355	12306	3500167	355	
353	100192	355	703	200153	355	1054	300227	355	1403	400211	355	1756	500087	355	2109	600181	355	2462	700272	355	2814	800048	355	3168	900145	355	3519	1000215	355	3871	1100169	355	4224	1200136	355	4575	1300090	355	4929	1400216	355	5278	1500027	355	5629	1600105	355	5982	1700129	355	6335	1800109	355	6688	1900035	355	7039	2000147	355	7391	2100157	355	7738	2200250	355	8089	2300291	355	8440	2400158	355	8792	2500159	355	9144	2600136	355	9496	2700271	355	9845	2800275	355	10198	2900226	355	10551	3000188	355	10901	3100174	355	11254	3200254	355	11606	3300044	355	11958	3400307	355	12309	3500062	355	
383	100257	365	765	200075	365	1145	300098	365	1527	400239	365	1908	500187	365	2288	600041	365	2671	700267	365	3052	800090	365	3434	900211	365	3814	1000108	365	4192	1100076	365	4576	1200139	365	4959	1300075	365	5343	1400217	365	5725	1500132	365	6106	1600049	365	6488	1700121	365	6871	1800109	365	7250	1900166	365	7630	2000142	365	8013	2100161	365	8393	2200262	365	8777	2300271	365	9157	2400231	365	9540	2500054	365	9922	2600164	365	10304	2700166	365	10685	2800059	365	11069	2900217	365	11450	3000171	365	11834	3100245	365	12214	3200135	365	12592	3300197	365	12974	3400242	365	13355	3500100	365	
376	100081	365	756	200032	365	1139	300255	365	1520	400045	365	1902	500271	365	2280	600248	365	2657	700071	365	3039	800148	365	3419	900161	365	3801	1000251	365	4183	1100252	365	4564	1200104	365	4947	1300129	365	5330	1400230	365	5711	1500138	365	6094	1600154	365	6476	1700186	365	6858	1800253	365	7241	1900172	365	7625	2000226	365	8006	2100035	365	8389	2200150	365	8767	2300081	365	9148	2400228	365	9531	2500216	365	9912	2600035	365	10295	2700116	365	10677	2800060	365	11060	2900043	365	11442	3000178	365	11824	3100152	365	12205	3200220	365	12587	3300099	365	12965	3400038	365	13349	3500247	365	
382	100111	365	763	200066	365	1144	300102	365	1525	400215	365	1905	500070	365	2286	600196	365	2670	700220	365	3053	800166	365	3435	900061	365	3816	1000279	365	4199	1100271	365	4581	1200132	365	4961	1300043	365	5345	1400113	365	5729	1500175	365	6108	1600123	365	6486	1700081	365	6869	1800132	365	7252	1900063	365	7636	2000179	365	8013	2100173	365	8395	2200096	365	8776	2300159	365	9159	2400158	365	9541	2500227	365	9920	2600045	365	10303	2700114	365	10686	2800020	365	11067	2900267	365	11450	3000272	365	11832	3100144	365	12213	3200193	365	12596	3300073	365	12978	3400022	365	13361	3500211	365	
381	100123	365	762	200146	365	1145	300173	365	1527	400083	365	1911	500273	365	2292	600268	365	2673	700040	365	3057	800258	365	3439	900190	365	3821	1000162	365	4205	1100104	365	4587	1200109	365	4966	1300041	365	5350	1400218	365	5732	1500114	365	6116	1600064	365	6499	1700156	365	6881	1800188	365	7264	1900056	365	7648	2000278	365	8029	2100276	365	8410	2200202	365	8793	2300278	365	9175	2400208	365	9557	2500221	365	9940	2600264	365	10321	2700038	365	10705	2800276	365	11087	2900065	365	11469	3000181	365	11851	3100044	365	12234	3200047	365	12616	3300274	365	12997	3400187	365	13379	3500042	365	
381	100266	365	761	200190	365	1143	300196	365	1526	400085	365	1910	500159	365	2294	600241	365	2674	700090	365	3057	800129	365	3438	900137	365	3818	1000143	365	4199	1100039	365	4583	1200201	365	4966	1300266	365	5348	1400084	365	5730	1500080	365	6112	1600074	365	6494	1700164	365	6878	1800132	365	7261	1900119	365	7642	2000075	365	8025	2100211	365	8406	2200169	365	8788	2300067	365	9171	2400088	365	9555	2500185	365	9938	2600154	365	10321	2700226	365	10703	2800099	365	11085	2900132	365	11468	3000213	365	11850	3100257	365	12233	3200116	365	12615	3300195	365	12997	3400046	365	13378	3500149	365	
82	101167	1803	163	200114	1803	246	300667	1803	329	401349	1803	409	500399	1803	491	600301	1803	573	700217	1803	655	800234	1803	738	900857	1803	820	1000341	1803	903	1100586	1803	985	1200119	1803	1068	1300965	1803	1150	1400489	1803	1232	1500254	1803	1314	1600372	1803	1396	1700138	1803	1478	1800566	1803	1560	1900321	1803	1643	2001224	1803	1723	2101306	1803	1804	2201251	1803	1886	2300997	1803	1968	2400990	1803	2050	2500572	1803	2132	2600465	1803	2214	2700289	1803	2296	2800192	1803	2379	2901039	1803	2461	3000352	1803	2544	3101015	1803	2626	3201169	1803	2708	3301273	1803	2790	3400716	1803	2871	3500606	1803	
83	100982	1803	165	200499	1803	247	300583	1803	329	400312	1803	411	500762	1803	493	600666	1803	575	700543	1803	658	801257	1803	740	900774	1803	822	1000260	1803	904	1100252	1803	986	1200274	1803	1069	1301163	1803	1151	1400868	1803	1233	1501089	1803	1315	1601101	1803	1397	1701139	1803	1479	1801009	1803	1561	1900994	1803	1643	2000351	1803	1725	2100247	1803	1808	2201186	1803	1890	2301012	1803	1971	2400786	1803	2053	2500471	1803	2136	2601305	1803	2217	2700399	1803	2300	2801271	1803	2382	2900990	1803	2464	3001013	1803	2546	3100764	1803	2628	3200605	1803	2710	3301092	1803	2792	3400225	1803	2874	3500194	1803	
83	100685	1803	165	200460	1803	247	300440	1803	329	400389	1803	412	500910	1803	494	601301	1803	575	700443	1803	657	800376	1803	739	900540	1803	821	1000397	1803	903	1100361	1803	985	1200160	1803	1067	1300122	1803	1150	1400544	1803	1233	1501002	1803	1314	1600657	1803	1396	1700721	1803	1478	1800932	1803	1560	1900318	1803	1643	2000827	1803	1726	2101251	1803	1808	2201281	1803	1889	2300252	1803	1971	2400226	1803	2054	2501062	1803	2135	2600236	1803	2217	2700515	1803	2300	2801310	1803	2382	2900784	1803	2464	3000235	1803	2546	3100925	1803	2628	3200779	1803	2710	3300812	1803	2792	3401002	1803	2874	3501301	1803	
83	101286	1803	164	200929	1803	246	301079	1803	328	400431	1803	411	501070	1803	493	600136	1803	576	701127	1803	658	800661	1803	741	901144	1803	823	1000921	1803	904	1101061	1803	986	1200787	1803	1068	1300509	1803	1151	1401112	1803	1233	1500520	1803	1315	1600204	1803	1398	1701170	1803	1479	1800288	1803	1561	1900162	1803	1644	2001026	1803	1726	2100941	1803	1808	2201010	1803	1890	2301068	1803	1972	2400675	1803	2053	2500132	1803	2136	2600872	1803	2217	2701241	1803	2298	2800174	1803	2380	2900174	1803	2462	3000459	1803	2544	3101308	1803	2625	3200558	1803	2707	3300512	1803	2790	3401270	1803	2872	3500939	1803	
82	100157	1803	165	201080	1803	246	300228	1803	328	400211	1803	410	500511	1803	492	600678	1803	574	701089	1803	656	801181	1803	737	901066	1803	819	1001026	1803	900	1100654	1803	981	1200384	1803	1063	1300722	1803	1145	1401110	1803	1227	1500473	1803	1309	1600435	1803	1392	1701236	1803	1474	1801097	1803	1556	1900926	1803	1638	2000755	1803	1720	2101282	1803	1800	2200656	1803	1882	2300331	1803	1965	2401075	1803	2047	2501079	1803	2129	2601010	1803	2211	2700434	1803	2293	2800348	1803	2376	2901284	1803	2457	3000138	1803	2539	3100560	1803	2621	3201112	1803	2703	3301060	1803	2785	3401294	1803	2867	3500626	1803	
89	100190	1754	178	200658	1754	267	300465	1754	356	400748	1754	445	500455	1754	535	601097	1754	624	700537	1754	713	800142	1754	803	900845	1754	893	1001138	1754	982	1100776	1754	1071	1201056	1754	1160	1301169	1754	1248	1400746	1754	1337	1500484	1754	1426	1601014	1754	1515	1700502	1754	1604	1800746	1754	1694	1900925	1754	1783	2000941	1754	1872	2100813	1754	1961	2200811	1754	2050	2300519	1754	2140	2401191	1754	2229	2501179	1754	2317	2600170	1754	2407	2700827	1754	2496	2800403	1754	2585	2900159	1754	2674	3000248	1754	2763	3100474	1754	2852	3200729	1754	2941	3300685	1754	3030	3400136	1754	3120	3500903	1754	
90	100477	1754	179	200700	1754	268	300734	1754	356	401009	1754	443	501206	1754	531	600751	1754	619	700425	1754	709	801186	1754	798	900723	1754	887	1000513	1754	977	1101030	1754	1066	1200739	1754	1155	1300719	1754	1244	1401118	1754	1332	1500165	1754	1421	1600991	1754	1509	1700127	1754	1599	1801206	1754	1688	1900875	1754	1776	2000189	1754	1866	2101027	1754	1955	2200910	1754	2044	2300801	1754	2133	2400970	1754	2222	2500983	1754	2311	2601083	1754	2399	2700135	1754	2489	2801129	1754	2578	2900534	1754	2667	3000207	1754	2757	3101078	1754	2846	3200987	1754	2935	3300535	1754	3025	3400912	1754	3114	3500621	1754	
90	100704	1754	179	200628	1754	268	300525	1754	357	400128	1754	447	500696	1754	536	600907	1754	625	700295	1754	714	800633	1754	803	900237	1754	893	1001074	1754	982	1100635	1754	1072	1200977	1754	1161	1300974	1754	1250	1400673	1754	1339	1500326	1754	1428	1600599	1754	1517	1700780	1754	1606	1800616	1754	1694	1900275	1754	1784	2001040	1754	1872	2100526	1754	1961	2200990	1754	2050	2300689	1754	2138	2401185	1754	2227	2500788	1754	2316	2600875	1754	2404	2700188	1754	2494	2800931	1754	2583	2900349	1754	2672	3000938	1754	2760	3101166	1754	2848	3200785	1754	2937	3300333	1754	3027	3400597	1754	3117	3501104	1754	
90	100897	1754	179	200648	1754	268	300401	1754	358	401124	1754	446	500124	1754	535	600128	1754	624	700408	1754	713	800324	1754	803	900908	1754	892	1000921	1754	981	1100725	1754	1070	1201054	1754	1159	1300581	1754	1248	1400409	1754	1337	1500188	1754	1427	1600735	1754	1516	1700898	1754	1605	1800267	1754	1695	1900974	1754	1784	2000865	1754	1872	2100402	1754	1962	2201065	1754	2051	2300561	1754	2140	2400701	1754	2229	2500438	1754	2318	2600700	1754	2407	2700415	1754	2496	2800462	1754	2585	2900298	1754	2674	3000104	1754	2763	3100386	1754	2852	3200246	1754	2941	3300523	1754	3030	3401076	1754	3118	3500105	1754	
88	100602	1754	176	200376	1754	266	300819	1754	356	401061	1754	445	500552	1754	534	600649	1754	623	700763	1754	712	800178	1754	801	900266	1754	891	1001163	1754	979	1100192	1754	1068	1200316	1754	1158	1301091	1754	1247	1400750	1754	1336	1500413	1754	1425	1601045	1754	1514	1700736	1754	1603	1800776	1754	1691	1900279	1754	1781	2001103	1754	1870	2100895	1754	1959	2200315	1754	2049	2300412	1754	2139	2400957	1754	2228	2500765	1754	2317	2600175	1754	2407	2700858	1754	2496	2800865	1754	2585	2900871	1754	2674	3000210	1754	2764	3101270	1754	2852	3200324	1754	2941	3300572	1754	3030	3400418	1754	3119	3500454	1754	
1078	100012	131	2152	200081	124	3228	300086	112	4300	400080	96	5367	500056	95	6399	600051	95	7468	700057	94	8548	800058	93	9622	900068	93	10693	1000045	93	11767	1100017	93	12843	1200048	93	13882	1300063	93	14912	1400051	93	15943	1500081	93	16973	1600036	93	18008	1700049	93	19039	1800051	93	20071	1900052	93	21103	2000007	93	22134	2100029	93	23159	2200010	93	24194	2300023	93	25228	2400087	89	26305	2500005	89	27381	2600049	89	28453	2700011	89	29525	2800056	89	30598	2900040	89	31671	3000083	89	32745	3100048	89	33815	3200068	89	34887	3300025	89	35951	3400038	89	37009	3500027	89	
1078	100040	164	2140	200043	102	3211	300028	96	4290	400091	96	5333	500049	96	6388	600030	92	7446	700043	91	8520	800098	89	9587	900020	89	10664	1000015	89	11741	1100038	89	12813	1200098	88	13889	1300065	89	14959	1400023	89	16030	1500074	88	17107	1600059	88	18178	1700049	88	19254	1800080	88	20328	1900023	81	21406	2000024	81	22486	2100093	81	23559	2200080	81	24632	2300023	81	25702	2400034	81	26778	2500055	81	27852	2600030	81	28932	2700052	81	30010	2800058	81	31087	2900057	81	32159	3000055	81	33237	3100013	81	34319	3200070	81	35397	3300007	81	36468	3400015	81	37543	3500012	81	
1080	100043	225	2154	200017	123	3220	300058	114	4298	400082	114	5371	500085	99	6449	600095	96	7522	700058	96	8590	800009	95	9662	900071	95	10732	1000073	95	11804	1100052	95	12877	1200077	95	13951	1300066	95	15027	1400082	95	16097	1500088	95	17170	1600080	90	18246	1700031	90	19319	1800085	86	20393	1900026	86	21465	2000046	86	22538	2100074	86	23614	2200068	86	24690	2300098	86	25765	2400032	86	26842	2500049	86	27921	2600093	79	29000	2700089	79	30076	2800075	79	31152	2900010	79	32223	3000029	79	33296	3100007	79	34378	3200077	79	35456	3300056	79	36529	3400019	79	37604	3500033	79	
1074	100026	222	2137	200052	144	3208	300010	137	4280	400007	120	5343	500026	120	6382	600039	120	7425	700013	115	8497	800028	100	9568	900024	100	10626	1000027	95	11690	1100037	95	12742	1200061	95	13804	1300063	95	14867	1400048	95	15932	1500040	95	17003	1600027	95	18079	1700049	95	19153	1800083	95	20230	1900054	95	21302	2000090	95	22370	2100043	95	23445	2200087	95	24517	2300083	95	25582	2400048	95	26628	2500012	94	27656	2600079	94	28733	2700031	91	29808	2800089	87	30878	2900085	82	31949	3000082	82	33018	3100024	82	34096	3200030	82	35168	3300006	82	36234	3400048	82	37305	3500017	82	
1073	100087	165	2134	200017	132	3197	300064	125	4264	400048	104	5333	500035	104	6406	600030	96	7484	700105	96	8555	800021	96	9626	900012	93	10698	1000063	93	11763	1100028	93	12832	1200038	93	13894	1300016	93	14957	1400030	93	16024	1500041	92	17095	1600059	84	18166	1700065	84	19210	1800091	84	20246	1900047	84	21280	2000021	84	22313	2100037	84	23347	2200086	84	24384	2300017	84	25420	2400073	84	26450	2500055	84	27476	2600072	84	28513	2700036	84	29551	2800068	84	30585	2900042	84	31612	3000006	84	32648	3100062	84	33681	3200083	84	34719	3300058	84	35755	3400086	84	36808	3500040	82	
329	100284	8790	657	200269	7944	986	300189	5763	1317	400171	3480	1642	500040	2552	1968	600063	2146	2292	700182	2031	2615	800203	1966	2937	900154	1891	3260	1000120	1811	3583	1100306	1791	3902	1200327	1765	4224	1300333	1733	4547	1400213	1639	4872	1500152	1628	5196	1600034	1626	5518	1700083	1601	5840	1800150	1585	6162	1900081	1575	6486	2000314	1558	6810	2100259	1520	7129	2200069	1520	7454	2300221	1520	7778	2400172	1520	8102	2500024	1520	8428	2600264	1520	8751	2700189	1508	9073	2800119	1508	9395	2900055	1508	9715	3000055	1508	10038	3100207	1495	10361	3200218	1495	10683	3300045	1495	11006	3400062	1495	11329	3500257	1495	
326	100057	8925	652	200264	6784	978	300204	3710	1302	400281	2457	1626	500032	2095	1950	600200	2081	2274	700301	2025	2599	800223	1883	2923	900158	1825	3246	1000157	1805	3568	1100184	1755	3889	1200048	1749	4207	1300227	1740	4528	1400103	1713	4852	1500330	1685	5174	1600122	1629	5497	1700104	1624	5818	1800269	1579	6140	1900150	1579	6461	2000228	1579	6784	2100073	1568	7107	2200310	1557	7426	2300345	1551	7747	2400055	1551	8071	2500322	1541	8394	2600121	1532	8715	2700032	1503	9037	2800268	1503	9359	2900138	1503	9680	3000089	1491	10005	3100294	1489	10327	3200085	1475	10650	3300161	1475	10973	3400296	1472	11294	3500353	1472	
331	100271	8200	661	200120	4950	989	300112	2884	1315	400030	2296	1640	500123	2183	1964	600284	2152	2287	700257	2118	2611	800315	1991	2935	900041	1991	3260	1000198	1991	3585	1100086	1972	3912	1200210	1972	4237	1300277	1972	4558	1400031	1972	4880	1500027	1972	5204	1600112	1972	5529	1700284	1968	5848	1800104	1968	6170	1900243	1968	6490	2000051	1968	6814	2100173	1968	7133	2200231	1939	7454	2300230	1931	7774	2400251	1841	8097	2500228	1809	8422	2600309	1809	8745	2700239	1809	9067	2800241	1775	9390	2900247	1743	9712	3000198	1707	10035	3100232	1654	10359	3200246	1631	10681	3300187	1626	11000	3400159	1625	11320	3500107	1622	
328	100170	9544	657	200188	6858	988	300037	4361	1317	400271	2770	1641	500125	2715	1964	600061	2163	2286	700091	1939	2610	800294	1834	2930	900225	1780	3253	1000155	1776	3576	1100289	1776	3897	1200048	1776	4220	1300280	1770	4543	1400192	1770	4866	1500040	1770	5188	1600172	1770	5513	1700160	1770	5838	1800294	1770	6160	1900316	1770	6480	2000124	1770	6803	2100196	1770	7126	2200154	1770	7449	2300063	1770	7772	2400283	1770	8094	2500140	1770	8419	2600087	1770	8744	2700171	1770	9069	2800251	1770	9394	2900243	1770	9717	3000028	1770	10040	3100071	1770	10364	3200289	1770	10688	3300181	1770	11013	3400129	1770	11338	3500269	1763	
329	100151	7933	662	200196	4546	990	300173	3021	1313	400233	2702	1636	500232	2490	1960	600225	2248	2284	700260	2170	2609	800258	2150	2934	900251	2127	3256	1000154	1782	3579	1100078	1618	3900	1200242	1612	4224	1300204	1587	4548	1400054	1587	4873	1500064	1587	5198	1600214	1587	5522	1700189	1587	5844	1800311	1587	6168	1900081	1587	6493	2000284	1587	6816	2100199	1580	7139	2200330	1565	7460	2300214	1565	7783	2400261	1565	8105	2500165	1565	8428	2600159	1565	8751	2700158	1565	9073	2800261	1565	9396	2900245	1565	9719	3000278	1565	10039	3100154	1547	10359	3200078	1547	10679	3300264	1547	10998	3400288	1545	11320	3500326	1545	
72	101208	50414	143	200899	50414	214	301200	50414	285	400440	50414	357	501482	50414	428	600793	50414	500	701508	50414	571	801095	50414	641	900326	50414	713	1000847	50414	784	1100663	50414	856	1200982	50414	927	1300295	50414	999	1400899	50414	1070	1500571	50414	1142	1601308	50414	1213	1700421	50414	1285	1801498	50414	1356	1900657	50414	1428	2001237	50414	1500	2101284	50414	1571	2200279	50414	1643	2300775	50414	1714	2400737	50414	1785	2500442	50414	1856	2600574	50414	1928	2701282	50414	1999	2800448	50414	2071	2901439	50414	2142	3001140	50414	2212	3100430	50414	2284	3200804	50414	2354	3300136	50414	2426	3400602	50414	2498	3501142	50414	
72	101096	50414	143	200311	50414	215	301144	50414	286	400550	50414	358	501385	50414	429	601111	50414	499	700653	50414	571	801183	50414	642	900868	50414	713	1000321	50414	784	1100217	50414	856	1201150	50414	928	1301293	50414	999	1401184	50414	1070	1500460	50414	1142	1601257	50414	1213	1701076	50414	1284	1800252	50414	1356	1901253	50414	1427	2000572	50414	1499	2101369	50414	1570	2200344	50414	1642	2300634	50414	1714	2401165	50414	1785	2500778	50414	1857	2601040	50414	1928	2700510	50414	2000	2801067	50414	2072	2901255	50414	2143	3000463	50414	2215	3101563	50414	2286	3201399	50414	2357	3300471	50414	2429	3400839	50414	2501	3501229	50414	
72	100854	50414	143	200395	50414	214	301582	50414	285	401019	50414	356	500181	50414	428	600946	50414	499	700432	50414	571	800824	50414	643	901520	50414	714	1001457	50414	785	1100583	50414	857	1201271	50414	929	1301185	50414	1000	1400767	50414	1072	1501191	50414	1143	1600595	50414	1215	1701005	50414	1287	1801144	50414	1359	1901447	50414	1430	2000643	50414	1502	2101078	50414	1574	2201363	50414	1645	2300305	50414	1717	2400848	50414	1789	2501132	50414	1860	2600338	50414	1932	2701039	50414	2004	2801397	50414	2074	2900120	50414	2146	3000905	50414	2217	3100267	50414	2289	3200897	50414	2361	3301507	50414	2432	3400823	50414	2503	3500122	50414	
72	101004	50414	143	200127	50414	215	300789	50414	286	400288	50414	358	501065	50414	429	600605	50414	500	700157	50414	572	800612	50414	643	900175	50414	715	1000543	50414	786	1100458	50414	858	1200975	50414	930	1301452	50414	1001	1401207	50414	1073	1501455	50414	1143	1600453	50414	1215	1701401	50414	1286	1800465	50414	1357	1900280	50414	1429	2001267	50414	1500	2100941	50414	1571	2200199	50414	1643	2300376	50414	1715	2401035	50414	1787	2501483	50414	1858	2600468	50414	1930	2700772	50414	2001	2800158	50414	2073	2901053	50414	2144	3000536	50414	2215	3100429	50414	2286	3200486	50414	2357	3300707	50414	2429	3401353	50414	2500	3500807	50414	
72	100254	50414	144	201018	50414	215	300664	50414	286	400125	50414	358	500972	50414	429	600391	50414	501	701278	50414	572	800553	50414	644	901059	50414	716	1001124	50414	787	1101206	50414	858	1200717	50414	930	1301076	50414	1001	1400403	50414	1073	1501444	50414	1144	1600779	50414	1215	1700465	50414	1287	1800976	50414	1358	1900192	50414	1430	2001160	50414	1501	2100268	50414	1573	2201099	50414	1644	2300517	50414	1715	2400188	50414	1787	2501026	50414	1858	2600721	50414	1930	2701476	50414	2001	2800597	50414	2072	2900251	50414	2144	3000999	50414	2215	3100596	50414	2287	3201346	50414	2358	3300901	50414	2429	3400576	50414	2500	3500278	50414	
