wersja nr 3;wspolczynnik mutacji 0.800000;wielkosc populacji 15
986	100045	134	1980	200088	84	2972	300093	72	3960	400021	59	4953	500106	57	5947	600071	57	6930	700043	52	7915	800088	52	8892	900022	52	9876	1000025	52	10860	1100058	52	11853	1200037	52	12839	1300043	51	13827	1400046	50	14817	1500069	49	15808	1600056	49	16795	1700046	49	17785	1800095	49	18761	1900054	48	19750	2000050	48	20741	2100006	48	21731	2200102	48	22713	2300086	47	23698	2400010	47	24685	2500067	47	25672	2600021	47	26658	2700100	47	27648	2800030	47	28635	2900057	47	29625	3000013	47	30617	3100065	47	31607	3200089	47	32598	3300036	46	33593	3400074	46	34585	3500079	46	
987	100098	156	1973	200005	109	2963	300034	88	3949	400067	75	4874	500013	74	5858	600018	71	6847	700043	71	7837	800024	63	8823	900015	56	9811	1000077	54	10800	1100057	53	11793	1200008	53	12785	1300057	53	13772	1400014	53	14759	1500034	53	15750	1600100	53	16743	1700058	52	17734	1800042	52	18721	1900015	52	19713	2000023	52	20700	2100067	52	21692	2200077	52	22679	2300010	50	23672	2400061	49	24661	2500097	49	25654	2600025	49	26650	2700041	49	27643	2800040	49	28630	2900036	49	29617	3000094	48	30602	3100050	48	31590	3200050	48	32578	3300042	48	33566	3400038	48	34554	3500079	48	
988	100071	88	1981	200034	78	2931	300037	73	3918	400040	68	4907	500047	62	5899	600099	58	6884	700093	56	7873	800059	54	8861	900033	54	9851	1000061	52	10839	1100091	52	11828	1200071	52	12818	1300036	52	13810	1400015	52	14795	1500048	52	15790	1600078	52	16782	1700085	52	17775	1800079	51	18761	1900081	51	19750	2000054	51	20740	2100092	51	21728	2200016	50	22721	2300046	49	23713	2400026	49	24703	2500057	47	25693	2600030	47	26681	2700017	47	27673	2800029	47	28662	2900037	47	29651	3000011	47	30641	3100048	47	31635	3200107	47	32624	3300100	47	33613	3400083	47	34606	3500013	47	
987	100059	108	1975	200087	88	2962	300083	84	3943	400022	83	4932	500056	80	5925	600065	74	6916	700018	71	7901	800016	70	8890	900012	70	9883	1000032	70	10868	1100033	68	11851	1200009	64	12847	1300096	62	13836	1400058	62	14817	1500040	62	15806	1600052	62	16798	1700096	62	17787	1800013	59	18773	1900102	59	19760	2000049	59	20738	2100026	59	21733	2200026	59	22720	2300095	57	23709	2400056	57	24702	2500035	57	25697	2600034	57	26689	2700058	57	27678	2800041	57	28672	2900092	55	29655	3000098	55	30648	3100082	55	31642	3200044	55	32633	3300018	52	33624	3400027	52	34613	3500022	52	
984	100053	145	1967	200064	118	2948	300010	83	3930	400062	70	4917	500096	64	5905	600067	60	6897	700101	59	7889	800088	59	8874	900036	59	9862	1000046	56	10851	1100090	56	11838	1200095	56	12827	1300005	56	13814	1400012	55	14809	1500018	55	15805	1600088	55	16792	1700010	55	17782	1800018	55	18775	1900098	55	19765	2000064	55	20756	2100083	54	21748	2200026	50	22736	2300066	50	23715	2400069	50	24694	2500088	50	25686	2600012	50	26677	2700058	50	27672	2800104	50	28664	2900031	50	29655	3000011	50	30644	3100053	50	31632	3200018	49	32624	3300083	49	33615	3400043	48	34607	3500076	45	
1038	100016	64	2072	200080	55	3109	300045	55	4140	400073	54	5177	500028	54	6218	600093	54	7254	700091	53	8277	800014	52	9305	900006	51	10342	1000073	51	11381	1100054	50	12416	1200084	49	13452	1300012	49	14488	1400059	48	15517	1500044	48	16554	1600041	48	17588	1700085	47	18622	1800021	46	19646	1900040	46	20686	2000040	46	21727	2100052	46	22762	2200093	46	23798	2300060	46	24841	2400090	46	25876	2500048	46	26912	2600017	46	27945	2700065	46	28988	2800031	46	30024	2900064	46	31064	3000035	46	32105	3100088	46	33141	3200035	46	34181	3300040	46	35223	3400076	46	36267	3500073	46	
1037	100083	75	2075	200097	65	3113	300078	64	4157	400033	60	5195	500053	57	6228	600025	52	7258	700061	50	8296	800028	50	9332	900005	50	10365	1000094	49	11396	1100021	49	12428	1200086	48	13458	1300034	48	14491	1400063	47	15532	1500006	47	16575	1600010	47	17603	1700017	47	18640	1800082	47	19676	1900032	47	20708	2000041	46	21743	2100058	46	22786	2200014	46	23825	2300102	46	24865	2400006	46	25902	2500046	46	26939	2600094	46	27981	2700055	46	29021	2800005	46	30058	2900039	46	31093	3000014	46	32136	3100015	46	33178	3200080	46	34219	3300094	46	35250	3400029	46	36287	3500051	46	
1046	100054	68	2084	200086	64	3112	300009	55	4149	400067	55	5183	500018	52	6225	600045	52	7264	700064	52	8307	800026	52	9347	900059	50	10386	1000043	50	11420	1100016	50	12450	1200079	49	13490	1300010	49	14528	1400074	48	15564	1500075	48	16601	1600060	48	17638	1700052	48	18677	1800019	48	19713	1900016	48	20751	2000088	47	21788	2100098	46	22821	2200006	46	23859	2300028	46	24886	2400089	46	25918	2500061	46	26952	2600038	46	27979	2700054	46	29019	2800035	46	30059	2900087	46	31101	3000036	46	32133	3100051	46	33170	3200037	46	34203	3300053	46	35238	3400034	46	36270	3500016	46	
1044	100022	66	2081	200046	56	3121	300006	54	4156	400057	54	5195	500048	49	6231	600076	49	7271	700052	49	8313	800088	49	9349	900015	49	10386	1000097	46	11430	1100049	46	12467	1200087	46	13507	1300030	46	14546	1400058	46	15583	1500011	46	16619	1600032	46	17659	1700075	46	18695	1800005	46	19732	1900077	46	20759	2000047	46	21796	2100099	46	22837	2200045	46	23873	2300016	46	24913	2400067	46	25948	2500024	46	26980	2600064	46	28019	2700034	46	29052	2800090	46	30093	2900012	46	31128	3000043	46	32168	3100024	46	33207	3200068	46	34246	3300028	46	35281	3400026	46	36319	3500017	46	
1042	100090	79	2080	200022	73	3116	300088	67	4150	400011	65	5186	500029	63	6225	600030	63	7267	700024	63	8306	800083	57	9337	900006	56	10367	1000051	56	11406	1100027	55	12446	1200045	55	13489	1300046	55	14524	1400006	55	15560	1500073	55	16599	1600019	55	17634	1700084	55	18674	1800092	52	19714	1900038	52	20754	2000053	52	21788	2100067	52	22828	2200034	50	23862	2300051	50	24898	2400026	48	25933	2500006	48	26967	2600044	48	28001	2700063	46	29039	2800098	46	30072	2900080	46	31106	3000074	46	32139	3100035	46	33182	3200054	46	34219	3300046	46	35256	3400046	46	36291	3500059	46	
319	100121	2680	635	200223	2558	953	300320	2462	1270	400087	2420	1588	500287	2420	1904	600092	2420	2222	700169	2381	2533	800112	2350	2849	900303	2350	3164	1000298	2298	3479	1100282	2298	3796	1200202	2298	4113	1300164	2298	4429	1400103	2298	4746	1500296	2298	5061	1600209	2298	5378	1700064	2298	5689	1800273	2298	6005	1900258	2298	6322	2000300	2298	6638	2100097	2298	6952	2200136	2298	7269	2300280	2298	7584	2400141	2298	7901	2500107	2298	8216	2600022	2254	8532	2700083	2217	8847	2800027	2183	9164	2900297	2183	9479	3000136	2183	9795	3100088	2183	10111	3200100	2183	10424	3300032	2183	10737	3400101	2183	11053	3500345	2183	
318	100244	2804	636	200115	2550	953	300228	2471	1270	400222	2422	1587	500142	2340	1903	600106	2340	2219	700147	2248	2536	800213	2248	2852	900167	2248	3168	1000062	2213	3486	1100301	2183	3802	1200153	2141	4119	1300336	2062	4435	1400213	2062	4751	1500243	2062	5068	1600176	2062	5383	1700201	2024	5698	1800251	2024	6014	1900180	2024	6329	2000185	1983	6644	2100041	1983	6962	2200239	1983	7280	2300281	1945	7596	2400209	1945	7913	2500314	1945	8228	2600179	1945	8545	2700258	1945	8860	2800070	1945	9175	2900185	1945	9491	3000303	1945	9806	3100251	1945	10122	3200301	1945	10437	3300314	1945	10751	3400114	1945	11065	3500063	1915	
319	100151	2732	635	200188	2609	951	300319	2571	1266	400092	2501	1580	500033	2423	1896	600264	2388	2211	700091	2388	2527	800302	2354	2843	900285	2314	3159	1000201	2275	3475	1100240	2275	3789	1200223	2230	4105	1300161	2192	4420	1400166	2192	4735	1500126	2192	5051	1600241	2192	5366	1700324	2192	5681	1800058	2192	5998	1900291	2192	6311	2000151	2192	6625	2100175	2192	6940	2200158	2192	7257	2300326	2192	7573	2400128	2156	7889	2500161	2156	8206	2600289	2156	8520	2700205	2156	8836	2800244	2156	9151	2900038	2156	9468	3000323	2156	9783	3100304	2156	10098	3200271	2156	10413	3300042	2156	10730	3400279	2156	11045	3500284	2156	
319	100236	2692	634	200119	2578	950	300147	2423	1265	400084	2355	1579	500237	2319	1894	600151	2319	2210	700239	2275	2525	800131	2236	2841	900237	2198	3156	1000271	2198	3471	1100129	2157	3784	1200105	2113	4096	1300024	2113	4413	1400119	2078	4729	1500078	2078	5046	1600232	2078	5361	1700212	2078	5676	1800177	2078	5991	1900107	2078	6308	2000269	2078	6623	2100033	2078	6939	2200217	2078	7254	2300300	2004	7570	2400180	2004	7885	2500026	2004	8201	2600168	2004	8517	2700323	2004	8830	2800263	2004	9145	2900126	2004	9461	3000176	2004	9777	3100204	2004	10092	3200227	1971	10407	3300077	1971	10723	3400134	1971	11040	3500323	1971	
319	100260	2585	636	200264	2508	952	300345	2508	1267	400094	2465	1583	500316	2427	1899	600045	2395	2215	700228	2395	2530	800032	2361	2845	900175	2361	3159	1000049	2361	3476	1100089	2291	3791	1200025	2248	4107	1300148	2248	4422	1400317	2248	4739	1500178	2248	5055	1600282	2248	5369	1700139	2248	5684	1800145	2248	5999	1900142	2248	6315	2000192	2214	6632	2100252	2214	6948	2200178	2214	7264	2300082	2214	7580	2400054	2214	7897	2500325	2214	8212	2600040	2214	8527	2700064	2214	8841	2800250	2172	9156	2900082	2172	9472	3000258	2172	9788	3100239	2138	10103	3200145	2138	10417	3300079	2138	10731	3400082	2138	11047	3500155	2138	
326	100086	1005	647	200243	964	967	300249	964	1287	400073	964	1608	500262	918	1925	600237	918	2237	700113	918	2558	800226	877	2878	900190	843	3199	1000232	843	3519	1100135	843	3839	1200039	843	4161	1300215	843	4483	1400165	843	4805	1500110	843	5126	1600072	843	5443	1700159	843	5764	1800258	843	6085	1900127	843	6406	2000206	843	6727	2100215	843	7048	2200150	843	7371	2300148	843	7692	2400247	843	8014	2500302	843	8333	2600040	843	8652	2700068	843	8974	2800141	843	9294	2900079	843	9617	3000284	843	9937	3100187	843	10256	3200207	843	10577	3300185	843	10898	3400131	843	11218	3500050	843	
324	100085	1063	645	200024	1063	968	300185	1016	1290	400328	976	1611	500080	930	1931	600205	930	2252	700297	930	2571	800095	892	2893	900283	892	3215	1000249	852	3537	1100146	852	3856	1200131	852	4179	1300276	852	4501	1400313	852	4822	1500145	852	5145	1600257	808	5466	1700267	808	5789	1800193	763	6112	1900024	763	6434	2000320	763	6754	2100057	763	7075	2200128	763	7397	2300077	763	7719	2400133	763	8041	2500197	763	8364	2600322	763	8686	2700069	763	9009	2800107	763	9333	2900315	763	9655	3000212	763	9976	3100153	763	10297	3200228	763	10618	3300102	763	10939	3400241	763	11259	3500132	763	
326	100091	856	649	200330	820	970	300090	820	1292	400067	820	1613	500319	820	1932	600126	820	2252	700232	775	2569	800177	775	2890	900054	775	3211	1000224	775	3531	1100242	775	3852	1200100	775	4173	1300295	775	4492	1400108	775	4814	1500040	775	5137	1600251	775	5458	1700064	775	5779	1800179	775	6099	1900282	775	6418	2000226	775	6738	2100260	775	7058	2200185	747	7377	2300303	747	7698	2400331	747	8018	2500027	747	8341	2600170	747	8663	2700154	747	8984	2800037	747	9303	2900182	747	9624	3000072	747	9946	3100154	747	10266	3200227	747	10588	3300238	747	10907	3400035	747	11229	3500125	747	
323	100135	988	642	200335	916	962	300325	916	1283	400108	880	1606	500189	880	1928	600156	880	2249	700260	880	2571	800040	841	2894	900268	841	3215	1000052	841	3538	1100253	841	3859	1200081	841	4181	1300288	841	4502	1400031	841	4825	1500311	841	5146	1600249	841	5468	1700327	811	5790	1800282	811	6112	1900153	811	6434	2000201	811	6756	2100187	811	7078	2200229	811	7399	2300129	811	7722	2400233	811	8043	2500166	811	8365	2600062	811	8688	2700252	811	9010	2800039	811	9331	2900188	769	9654	3000257	769	9975	3100050	769	10297	3200134	769	10619	3300176	769	10935	3400062	769	11257	3500298	769	
323	100212	1031	642	200266	990	962	300170	914	1284	400197	914	1606	500235	914	1927	600087	914	2247	700297	914	2567	800188	914	2888	900288	914	3210	1000072	914	3533	1100200	914	3854	1200107	914	4176	1300121	872	4498	1400067	872	4821	1500276	872	5142	1600041	837	5462	1700031	837	5783	1800138	837	6101	1900120	837	6423	2000258	837	6743	2100192	837	7065	2200046	837	7388	2300277	837	7709	2400256	837	8028	2500076	837	8349	2600196	837	8669	2700280	837	8989	2800219	803	9309	2900238	803	9628	3000057	803	9950	3100330	803	10270	3200274	803	10591	3300235	803	10912	3400235	803	11233	3500133	803	
69	100415	23212	137	200420	22673	205	300298	22122	273	401186	21597	341	500211	21337	410	600750	20801	479	701226	20801	547	800832	20262	614	900148	20262	683	1001282	20262	751	1100522	19737	819	1200849	19737	887	1300121	19737	954	1400215	19737	1023	1501205	19737	1091	1600617	19737	1160	1701157	19737	1228	1800207	19737	1297	1900747	19737	1365	2000131	19737	1434	2101220	19737	1502	2200854	19737	1570	2301352	19737	1638	2401439	19737	1706	2500999	19737	1774	2600529	19737	1843	2701130	19487	1911	2800444	19487	1979	2900482	19487	2047	3000190	19487	2116	3101065	19487	2184	3200695	19240	2253	3301270	19240	2321	3400458	19240	2390	3501360	19240	
69	100231	22934	138	201133	21844	206	301251	20745	274	400670	20464	342	500585	20464	410	600452	20209	478	700807	20209	545	800432	20209	613	901282	20209	680	1000411	20209	749	1101404	19435	817	1200532	19435	886	1301029	19176	955	1401493	19176	1023	1500883	19176	1091	1600892	18934	1159	1700472	18934	1227	1800610	18934	1295	1900402	18934	1364	2000719	18934	1433	2100848	18934	1502	2201105	18934	1571	2301359	18934	1639	2400143	18934	1708	2501065	18934	1776	2600330	18934	1845	2700628	18934	1913	2800471	18934	1981	2900657	18934	2049	3000436	18934	2118	3100870	18934	2186	3200407	18934	2254	3300899	18934	2323	3401534	18934	2391	3500263	18934	
70	101018	22391	138	200209	22391	207	300789	22391	276	401382	22391	344	500449	22117	413	601076	22117	481	700371	22117	550	800585	22117	619	900485	22117	688	1000879	22117	756	1100257	22117	825	1201027	22117	894	1301539	22117	962	1400120	22117	1031	1500755	22117	1100	1600918	21847	1169	1701093	21847	1237	1800283	21847	1306	1901130	21558	1374	2001013	21558	1442	2100246	21558	1511	2201090	21558	1579	2301047	21558	1648	2401527	21558	1716	2500958	21558	1784	2600648	21266	1852	2700319	21266	1921	2800987	21015	1989	2900507	20487	2058	3001244	19956	2127	3101417	19956	2195	3200600	19701	2264	3300625	19701	2332	3400296	19701	2401	3501121	19701	
70	101481	22362	138	200404	22094	207	300119	21307	276	400708	21307	344	500594	21307	413	601287	21029	481	701093	21029	550	801472	21029	618	900911	21029	686	1000463	21029	755	1101468	21029	822	1200279	21029	890	1300240	20479	958	1400508	20479	1026	1501037	20479	1094	1601091	20479	1162	1700892	20479	1230	1800325	20479	1298	1900765	20479	1365	2000752	20479	1433	2101132	20479	1501	2201454	20479	1569	2301383	20479	1637	2400982	20479	1705	2500632	20479	1773	2600581	20479	1842	2701540	20192	1909	2800239	20192	1978	2901277	20192	2046	3001181	20192	2114	3101351	20192	2181	3201100	20192	2249	3301384	19916	2317	3401335	19916	2385	3501194	19916	
70	101194	22633	139	201460	22068	207	300556	22068	275	400611	22068	344	500924	22068	413	601075	21779	481	701130	21530	549	800659	21530	617	900501	21530	685	1000199	21003	754	1100657	21003	822	1200579	21003	891	1300837	21003	959	1400568	20446	1028	1501311	20446	1096	1601355	20446	1164	1700747	20446	1233	1801201	20446	1301	1900497	20446	1369	2000177	20446	1438	2100909	20446	1506	2200943	20446	1574	2300910	20446	1642	2400831	20446	1710	2500147	20187	1779	2601161	19930	1847	2700802	19930	1915	2800403	19930	1984	2901280	19691	2052	3001158	19691	2120	3100553	19190	2188	3200684	19190	2256	3300789	19190	2325	3401180	18935	2393	3500540	18935	
70	100375	25176	140	200264	25176	210	300135	25176	281	401057	25176	351	501496	25176	421	601566	25176	490	701335	25176	560	801493	25176	629	901383	25176	699	1000922	25176	769	1100867	25176	839	1201198	25176	908	1300203	24866	978	1401164	24866	1047	1501277	24866	1116	1600522	24552	1185	1700713	24270	1255	1800477	24270	1324	1900150	23682	1394	2000877	23384	1464	2100415	23096	1534	2200430	23096	1605	2301467	23096	1675	2401006	23096	1744	2500281	22821	1815	2601438	22821	1884	2700191	22821	1954	2800569	22821	2024	2900647	22821	2094	3001088	22821	2164	3100915	22821	2233	3200494	22821	2303	3301498	22821	2372	3400818	22821	2442	3501195	22528	
71	101479	25176	140	200312	25176	210	300564	25176	280	400803	25176	350	500782	25176	420	601270	25176	489	700300	25176	558	800224	25176	628	900813	25176	698	1001027	25176	768	1101339	25176	837	1200361	25176	907	1300547	25176	977	1400696	25176	1047	1500603	25176	1117	1600302	25176	1188	1701473	25176	1257	1800494	25176	1327	1900788	25176	1397	2001218	25176	1466	2100895	25176	1536	2201451	25176	1604	2300486	25176	1673	2400527	25176	1743	2500660	25176	1812	2600216	25176	1882	2700161	25176	1953	2801273	24887	2022	2900552	24887	2092	3001005	24887	2161	3100362	24887	2230	3200157	24887	2301	3301420	24887	2371	3401561	24887	2439	3500454	24887	
69	100471	25176	138	200234	25176	208	300425	25176	278	400372	25176	348	500538	25176	418	600259	25176	488	700208	25176	558	800241	25176	628	900781	25176	697	1000318	25176	768	1101369	25176	838	1201179	25176	908	1300802	25176	978	1401248	25176	1048	1501385	25176	1118	1601197	25176	1187	1700185	25176	1258	1801531	25176	1327	1900441	25176	1397	2000849	25176	1466	2100156	25176	1537	2201267	25176	1607	2301452	25176	1676	2401364	25176	1746	2501462	25176	1815	2600598	25176	1884	2700559	25176	1954	2800856	25176	2023	2900708	25176	2092	3000615	25176	2162	3100670	25176	2232	3201191	25176	2301	3300521	25176	2371	3400243	25176	2441	3500679	25176	
70	101471	25176	139	200137	25176	210	301425	24873	280	401452	24873	349	500310	24873	419	600429	24873	489	700767	24873	559	800434	24873	629	900626	24873	699	1001138	24873	768	1100830	24873	838	1200684	24873	907	1300276	24873	977	1401271	24873	1047	1501153	24873	1117	1600890	24873	1187	1701482	24873	1257	1801206	24873	1326	1900822	24600	1396	2000858	24600	1466	2101316	24325	1535	2200676	23716	1604	2300203	23716	1674	2400117	23408	1745	2501529	22826	1814	2600195	22826	1885	2701322	22826	1955	2801381	22232	2024	2900153	22232	2094	3001103	22232	2163	3100307	22232	2233	3200477	22232	2303	3300215	21932	2373	3400308	21666	2443	3500773	21666	
70	100712	25176	139	200397	25176	209	301171	25176	277	400195	25176	347	501253	25176	416	600201	25176	486	700579	25176	556	800382	25176	626	900752	25176	696	1001347	25176	766	1101570	25176	835	1201129	25176	905	1300869	25176	975	1400419	25176	1046	1501221	25176	1115	1600272	25176	1185	1700328	25176	1255	1800898	25176	1325	1901380	25176	1394	2000482	25176	1464	2100233	25176	1534	2200753	25176	1604	2300836	25176	1674	2400797	25176	1744	2501020	25176	1813	2600293	25176	1883	2700438	25176	1953	2800190	24867	2024	2901513	24867	2093	3000244	24867	2164	3101299	24867	2234	3201461	24867	2304	3300745	24867	2375	3401500	24867	2445	3501215	24552	
1195	100024	47	2387	200056	47	3589	300072	47	4779	400077	47	5974	500056	47	7155	600021	47	8351	700035	47	9546	800036	47	10744	900040	47	11936	1000008	47	13126	1100072	47	14321	1200067	47	15510	1300071	47	16705	1400026	47	17899	1500031	47	19085	1600028	47	20284	1700080	47	21484	1800080	47	22677	1900051	47	23866	2000056	47	25048	2100029	47	26243	2200065	47	27440	2300031	47	28635	2400067	47	29831	2500007	47	31026	2600077	47	32222	2700024	47	33419	2800069	47	34612	2900021	47	35806	3000039	47	36996	3100066	47	38189	3200015	47	39387	3300077	47	40585	3400011	47	41779	3500039	47	
1197	100080	47	2363	200005	47	3493	300076	47	4675	400027	47	5871	500033	47	7066	600061	47	8261	700041	47	9456	800012	47	10656	900073	47	11853	1000045	47	13050	1100032	47	14242	1200031	47	15443	1300009	47	16635	1400071	47	17820	1500074	47	19013	1600037	47	20202	1700028	47	21401	1800026	47	22591	1900049	47	23778	2000052	47	24964	2100078	47	26154	2200044	47	27351	2300061	47	28548	2400048	47	29746	2500039	47	30936	2600004	47	32132	2700074	47	33330	2800080	47	34520	2900043	47	35714	3000085	47	36907	3100071	47	38103	3200054	47	39299	3300014	47	40479	3400089	47	41654	3500058	47	
1194	100053	47	2389	200080	47	3577	300029	47	4767	400007	47	5959	500033	47	7158	600010	47	8355	700045	47	9551	800006	47	10749	900032	47	11951	1000008	47	13143	1100028	47	14335	1200045	47	15530	1300055	47	16726	1400043	47	17926	1500071	47	19121	1600029	47	20322	1700030	47	21517	1800015	47	22704	1900061	47	23898	2000081	47	25097	2100045	47	26295	2200086	47	27493	2300083	47	28686	2400021	47	29878	2500054	47	31068	2600064	47	32264	2700092	47	33461	2800037	47	34658	2900040	47	35855	3000060	47	37051	3100041	47	38245	3200040	47	39444	3300067	47	40635	3400011	47	41823	3500057	47	
1194	100070	47	2386	200085	47	3579	300059	47	4771	400084	47	5968	500034	47	7168	600040	47	8366	700020	47	9563	800053	47	10762	900065	47	11961	1000070	47	13156	1100059	47	14346	1200039	47	15539	1300069	47	16738	1400085	47	17933	1500058	47	19125	1600023	47	20319	1700062	47	21512	1800083	47	22704	1900087	47	23904	2000065	47	25097	2100055	47	26289	2200010	47	27482	2300045	47	28683	2400082	47	29878	2500062	47	31071	2600058	47	32270	2700027	47	33465	2800058	47	34662	2900077	47	35846	3000014	47	37034	3100024	47	38232	3200006	47	39429	3300077	47	40623	3400074	47	41816	3500030	47	
1195	100013	47	2390	200032	47	3589	300051	47	4782	400053	47	5972	500037	47	7170	600076	47	8369	700084	47	9563	800062	47	10760	900016	47	11954	1000050	47	13144	1100022	47	14338	1200005	47	15532	1300086	47	16718	1400046	47	17912	1500057	47	19108	1600073	47	20296	1700062	47	21485	1800068	47	22677	1900041	47	23872	2000088	47	25061	2100006	47	26260	2200078	47	27450	2300022	47	28641	2400068	47	29838	2500016	47	31037	2600063	47	32232	2700016	47	33429	2800071	47	34625	2900041	47	35822	3000015	47	37021	3100013	47	38217	3200037	47	39409	3300009	47	40611	3400041	47	41811	3500039	47	
1335	100062	53	2667	200007	53	4004	300047	53	5340	400039	53	6674	500074	53	7990	600027	53	9329	700018	53	10669	800063	53	12005	900051	53	13343	1000077	53	14685	1100009	53	16026	1200053	53	17361	1300016	53	18701	1400046	53	20033	1500011	53	21371	1600028	53	22710	1700023	53	24054	1800012	53	25394	1900067	53	26732	2000045	53	28064	2100063	53	29397	2200040	53	30738	2300035	53	32074	2400022	53	33411	2500022	53	34747	2600046	53	36087	2700013	53	37411	2800021	53	38745	2900063	53	40081	3000032	53	41413	3100055	53	42742	3200004	53	44073	3300066	53	45413	3400010	53	46740	3500034	53	
1333	100060	53	2671	200046	53	4007	300037	53	5341	400076	53	6683	500067	53	8021	600070	53	9367	700040	53	10704	800034	53	12045	900015	53	13383	1000035	53	14726	1100006	53	16072	1200054	53	17412	1300047	53	18753	1400056	53	20094	1500023	53	21432	1600030	53	22769	1700033	53	24094	1800006	53	25429	1900021	53	26770	2000027	53	28101	2100034	53	29440	2200074	53	30771	2300031	53	32102	2400073	53	33447	2500045	53	34790	2600005	53	36127	2700055	53	37458	2800007	53	38790	2900059	53	40126	3000051	53	41459	3100025	53	42790	3200052	53	44114	3300043	53	45439	3400069	53	46772	3500035	53	
1328	100055	53	2663	200037	53	3992	300010	53	5326	400012	53	6661	500047	53	7999	600008	53	9320	700006	53	10643	800016	53	11973	900061	53	13309	1000060	53	14647	1100035	53	15993	1200068	53	17330	1300016	53	18662	1400068	53	19997	1500036	53	21338	1600077	53	22677	1700056	53	24015	1800079	53	25350	1900010	53	26692	2000017	53	28032	2100010	53	29372	2200028	53	30713	2300078	53	32055	2400066	53	33397	2500063	53	34735	2600041	53	36072	2700027	53	37411	2800036	53	38751	2900073	53	40085	3000048	53	41419	3100077	53	42757	3200079	53	44096	3300068	53	45427	3400073	53	46769	3500069	53	
1338	100060	53	2674	200047	53	4003	300067	53	5324	400011	53	6653	500056	53	7986	600037	53	9324	700025	53	10657	800045	53	11997	900071	53	13336	1000028	53	14671	1100069	53	16014	1200024	53	17354	1300035	53	18691	1400066	53	20030	1500055	53	21369	1600073	53	22709	1700037	53	24042	1800077	53	25383	1900009	53	26724	2000043	53	28068	2100004	53	29409	2200071	53	30747	2300050	53	32083	2400068	53	33425	2500007	53	34766	2600065	53	36102	2700058	53	37439	2800066	53	38773	2900066	53	40109	3000053	53	41440	3100011	53	42781	3200050	53	44115	3300037	53	45449	3400070	53	46784	3500006	53	
1333	100006	53	2672	200061	53	4005	300014	53	5343	400048	53	6680	500038	53	8009	600049	53	9246	700068	53	10589	800064	53	11930	900037	53	13257	1000070	53	14592	1100023	53	15932	1200014	53	17271	1300028	53	18612	1400071	53	19951	1500029	53	21283	1600024	53	22619	1700045	53	23959	1800030	53	25297	1900021	53	26626	2000003	53	27963	2100010	53	29305	2200064	53	30644	2300075	53	31983	2400050	53	33310	2500067	53	34635	2600035	53	35963	2700044	53	37295	2800066	53	38628	2900017	53	39959	3000029	53	41284	3100032	53	42621	3200073	53	43961	3300030	53	45303	3400041	53	46639	3500016	53	
349	100293	355	696	200197	355	1044	300128	355	1392	400263	355	1734	500280	355	2082	600286	355	2427	700160	355	2775	800039	355	3123	900191	355	3472	1000305	355	3821	1100231	355	4166	1200295	355	4512	1300146	355	4855	1400119	355	5198	1500148	355	5546	1600286	355	5891	1700184	355	6238	1800111	355	6587	1900208	355	6933	2000131	355	7281	2100137	355	7628	2200266	355	7976	2300176	355	8324	2400152	355	8672	2500212	355	9018	2600178	355	9367	2700292	355	9715	2800307	355	10061	2900186	355	10409	3000283	355	10752	3100216	355	11097	3200022	355	11445	3300288	355	11791	3400120	355	12140	3500298	355	
348	100170	355	695	200030	355	1042	300177	355	1388	400054	355	1735	500063	355	2081	600184	355	2425	700045	355	2772	800241	355	3118	900237	355	3463	1000029	355	3809	1100199	355	4153	1200220	355	4498	1300196	355	4841	1400040	355	5187	1500155	355	5535	1600250	355	5881	1700216	355	6228	1800109	355	6576	1900066	355	6923	2000040	355	7269	2100055	355	7616	2200128	355	7962	2300139	355	8307	2400102	355	8656	2500134	355	9001	2600139	355	9346	2700099	355	9692	2800081	355	10038	2900186	355	10383	3000160	323	10727	3100229	323	11075	3200244	323	11420	3300158	323	11765	3400097	323	12113	3500268	323	
347	100031	355	693	200144	355	1039	300045	355	1384	400127	355	1733	500232	355	2079	600095	355	2426	700151	355	2771	800275	355	3116	900245	355	3459	1000132	355	3805	1100093	355	4152	1200217	355	4498	1300072	306	4844	1400090	306	5190	1500274	306	5534	1600116	306	5878	1700274	306	6223	1800044	306	6569	1900049	306	6916	2000109	306	7262	2100287	306	7609	2200087	306	7955	2300284	306	8301	2400250	306	8645	2500049	306	8992	2600287	306	9337	2700241	306	9680	2800268	306	10025	2900112	306	10372	3000074	306	10717	3100056	306	11063	3200212	306	11409	3300256	306	11756	3400163	306	12102	3500291	306	
346	100021	355	694	200235	355	1040	300305	355	1385	400134	355	1732	500231	355	2079	600279	355	2423	700235	355	2766	800056	355	3109	900023	355	3457	1000131	355	3805	1100210	355	4151	1200216	355	4499	1300235	355	4845	1400179	320	5192	1500239	320	5539	1600289	320	5886	1700258	320	6229	1800195	320	6573	1900142	320	6920	2000180	320	7265	2100221	320	7610	2200235	320	7957	2300210	320	8302	2400029	320	8646	2500021	320	8991	2600165	320	9336	2700202	320	9679	2800065	320	10025	2900200	320	10369	3000287	320	10715	3100082	320	11060	3200151	320	11405	3300175	320	11748	3400184	320	12094	3500129	320	
347	100081	355	695	200027	355	1042	300085	355	1391	400064	355	1739	500129	355	2087	600030	355	2434	700183	355	2781	800074	355	3129	900272	355	3475	1000225	355	3818	1100062	355	4163	1200270	355	4506	1300181	309	4855	1400258	309	5203	1500142	309	5550	1600269	309	5898	1700272	309	6242	1800025	309	6589	1900204	309	6936	2000042	309	7281	2100316	309	7627	2200033	309	7974	2300132	309	8321	2400102	309	8668	2500023	309	9015	2600032	309	9363	2700111	309	9709	2800222	309	10057	2900158	309	10402	3000083	309	10748	3100197	309	11094	3200280	309	11442	3300181	309	11790	3400111	309	12135	3500159	309	
380	100143	365	752	200128	365	1127	300233	318	1495	400128	318	1871	500137	318	2245	600068	318	2619	700280	318	2994	800210	318	3367	900140	318	3741	1000110	318	4115	1100184	318	4488	1200258	318	4862	1300086	318	5235	1400051	318	5610	1500114	318	5985	1600190	318	6360	1700212	318	6734	1800046	318	7104	1900023	318	7480	2000225	318	7853	2100057	318	8228	2200025	318	8603	2300121	318	8976	2400153	318	9347	2500086	275	9721	2600256	275	10093	2700162	275	10466	2800047	275	10840	2900179	275	11213	3000169	275	11584	3100219	275	11957	3200290	275	12324	3300153	275	12695	3400039	275	13065	3500105	275	
381	100236	318	754	200204	318	1129	300186	318	1504	400253	318	1879	500081	318	2255	600252	318	2631	700247	318	3005	800067	318	3380	900195	318	3753	1000272	318	4128	1100028	318	4504	1200187	318	4878	1300213	318	5252	1400144	318	5628	1500242	318	6001	1600267	318	6375	1700127	318	6750	1800206	318	7122	1900030	318	7497	2000061	318	7870	2100234	318	8244	2200197	318	8618	2300252	318	8991	2400122	318	9365	2500046	318	9741	2600103	318	10112	2700269	318	10486	2800213	318	10857	2900241	318	11232	3000198	318	11605	3100060	318	11979	3200266	318	12351	3300036	318	12726	3400098	318	13103	3500271	318	
379	100184	365	758	200211	365	1133	300107	365	1511	400020	365	1888	500154	365	2267	600089	316	2640	700034	316	3015	800168	316	3384	900052	316	3761	1000049	316	4134	1100051	316	4508	1200097	316	4883	1300203	316	5259	1400056	316	5634	1500225	316	6009	1600134	316	6384	1700240	316	6759	1800169	316	7134	1900018	316	7509	2000243	316	7884	2100130	316	8260	2200039	316	8632	2300165	316	9007	2400247	316	9382	2500090	316	9758	2600080	316	10135	2700163	316	10512	2800270	316	10888	2900117	316	11262	3000161	316	11636	3100123	316	12009	3200100	316	12382	3300129	316	12756	3400243	316	13130	3500200	316	
379	100229	365	753	200176	365	1128	300168	365	1507	400250	365	1884	500030	365	2261	600118	365	2640	700218	365	3014	800041	314	3387	900126	314	3761	1000124	314	4134	1100059	314	4507	1200123	314	4882	1300261	314	5256	1400219	314	5629	1500163	314	6004	1600147	314	6374	1700109	314	6747	1800152	314	7120	1900031	314	7494	2000064	314	7870	2100063	314	8244	2200097	314	8619	2300113	314	8994	2400205	314	9365	2500120	314	9740	2600214	314	10112	2700199	314	10487	2800040	314	10861	2900141	314	11235	3000222	314	11606	3100096	314	11979	3200021	314	12353	3300223	314	12725	3400052	314	13100	3500220	314	
376	100044	365	753	200127	365	1132	300083	309	1506	400042	309	1880	500267	309	2253	600199	309	2627	700157	309	3001	800066	309	3371	900195	309	3745	1000022	309	4120	1100193	309	4493	1200217	309	4865	1300072	274	5236	1400041	274	5609	1500032	274	5982	1600080	274	6354	1700030	274	6726	1800208	274	7101	1900172	274	7472	2000187	274	7846	2100263	274	8218	2200240	274	8589	2300156	274	8957	2400023	274	9331	2500161	274	9703	2600063	274	10074	2700191	274	10447	2800247	274	10820	2900037	274	11193	3000096	274	11567	3100123	274	11940	3200036	274	12311	3300175	274	12683	3400207	274	13057	3500122	274	
81	101175	1803	162	200441	1803	243	300745	1803	324	400497	1803	405	500418	1803	486	600469	1803	568	701009	1803	649	801104	1803	730	901290	1803	810	1000480	1803	891	1100423	1803	973	1200980	1803	1054	1300629	1803	1136	1401012	1803	1217	1500568	1803	1298	1600978	1803	1379	1701055	1803	1460	1801072	1803	1540	1900575	1803	1622	2001255	1803	1703	2100953	1803	1783	2200426	1803	1865	2301284	1803	1946	2400725	1803	2027	2500859	1803	2107	2600198	1803	2189	2701001	1803	2270	2800951	1803	2350	2900665	1803	2431	3000105	1803	2513	3100776	1803	2594	3200538	1803	2675	3300611	1803	2756	3401142	1803	2837	3500727	1803	
82	101239	1803	163	201036	1803	243	300554	1803	324	400442	1803	405	500462	1803	487	601074	1803	568	701226	1803	649	801066	1803	730	900524	1803	811	1001257	1803	892	1100751	1803	973	1200342	1803	1054	1300867	1803	1135	1401007	1803	1216	1501179	1803	1297	1601241	1803	1378	1700842	1803	1459	1800889	1803	1540	1900331	1803	1622	2001124	1803	1703	2100518	1803	1784	2201174	1803	1865	2300793	1803	1946	2400809	1803	2027	2500217	1803	2108	2600211	1803	2188	2700442	1803	2269	2800328	1803	2350	2900491	1803	2431	3000326	1803	2512	3100322	1803	2593	3200108	1803	2674	3300204	1803	2756	3401320	1803	2836	3500923	1803	
81	101128	1803	162	200940	1803	243	301041	1803	324	400764	1803	406	501294	1803	487	600381	1803	569	701269	1803	650	800687	1803	732	901325	1803	812	1000208	1803	893	1100595	1803	974	1200148	1803	1055	1300447	1803	1136	1400427	1803	1217	1500139	1803	1299	1600671	1803	1380	1700982	1803	1461	1800809	1803	1542	1900990	1803	1623	2000602	1803	1704	2101089	1803	1785	2200711	1803	1866	2300651	1803	1947	2401312	1803	2028	2500754	1803	2110	2601216	1803	2191	2700730	1803	2273	2801147	1803	2354	2900642	1803	2435	3001188	1803	2516	3100826	1803	2597	3200996	1803	2678	3301327	1803	2759	3400691	1803	2840	3500406	1803	
82	101009	1803	163	200534	1803	245	301185	1803	326	401009	1803	407	500954	1803	488	600780	1803	569	700339	1803	651	800775	1803	733	901024	1803	812	1000178	1803	891	1100962	1803	971	1200304	1803	1053	1300813	1803	1134	1400321	1803	1216	1501070	1803	1296	1600536	1803	1377	1700572	1803	1458	1800308	1803	1539	1900366	1803	1621	2001145	1803	1702	2100837	1803	1783	2200206	1803	1864	2300513	1803	1945	2400228	1803	2027	2500850	1803	2108	2600651	1803	2189	2700836	1803	2270	2800208	1803	2352	2900741	1803	2433	3000424	1803	2514	3100133	1803	2595	3200209	1803	2676	3300190	1803	2758	3401302	1803	2839	3501231	1803	
82	101093	1803	163	201030	1803	244	300630	1803	325	400328	1803	407	500887	1803	488	600294	1803	570	701132	1803	651	800813	1803	732	900872	1803	813	1000589	1803	894	1100328	1803	975	1200198	1803	1057	1301180	1803	1138	1400669	1803	1219	1500267	1803	1300	1600142	1803	1381	1700108	1803	1463	1800557	1803	1544	1900443	1803	1626	2001292	1803	1707	2100789	1803	1788	2200504	1803	1869	2300531	1803	1950	2400145	1803	2032	2501201	1803	2112	2600345	1803	2194	2701040	1803	2275	2800728	1803	2356	2900269	1803	2438	3000760	1803	2519	3100523	1803	2600	3200414	1803	2682	3301177	1803	2763	3400620	1803	2844	3500613	1803	
89	100551	1754	177	201036	1754	265	300496	1754	354	400690	1754	443	500816	1754	531	600165	1754	620	701114	1754	708	800547	1754	797	900603	1754	886	1001140	1754	974	1100356	1754	1063	1200844	1754	1151	1300306	1754	1240	1400853	1754	1328	1500298	1754	1417	1600842	1754	1505	1700555	1754	1594	1800695	1754	1683	1900700	1754	1771	2000276	1754	1860	2100358	1754	1949	2200980	1754	2037	2300260	1754	2126	2401202	1754	2214	2500691	1754	2302	2600250	1754	2391	2700373	1754	2480	2801132	1754	2569	2901169	1754	2657	3000546	1754	2746	3101099	1754	2835	3201097	1754	2923	3300534	1754	3012	3400629	1754	3101	3500928	1754	
89	100577	1754	178	201124	1754	266	300614	1754	354	400153	1754	443	501054	1754	531	600099	1754	620	700273	1754	709	800843	1754	798	900957	1754	886	1000880	1754	974	1100230	1754	1062	1200361	1754	1151	1301108	1754	1239	1400467	1754	1328	1500986	1754	1416	1600231	1754	1504	1700167	1754	1593	1800740	1754	1682	1901209	1754	1769	2000123	1754	1858	2100100	1754	1947	2200512	1754	2035	2300165	1754	2124	2400756	1754	2212	2500980	1754	2300	2601136	1754	2389	2701166	1754	2477	2800568	1754	2566	2900406	1754	2655	3001104	1754	2743	3100491	1754	2832	3200415	1754	2921	3300629	1754	3010	3400998	1754	3099	3501079	1754	
89	100566	1754	177	200393	1754	266	300710	1754	355	400602	1754	444	500429	1754	532	600752	1754	621	701216	1754	709	800928	1754	797	900485	1754	886	1001199	1754	974	1101202	1754	1062	1200295	1754	1150	1300300	1754	1239	1400822	1754	1327	1500759	1754	1415	1600929	1754	1503	1700883	1754	1591	1800256	1754	1680	1900632	1754	1768	2000205	1754	1856	2100145	1754	1945	2200793	1754	2033	2300340	1754	2122	2400655	1754	2210	2500105	1754	2299	2600976	1754	2387	2700813	1754	2475	2800627	1754	2564	2901165	1754	2652	3001031	1754	2740	3100420	1754	2829	3201187	1754	2916	3300280	1754	3005	3400676	1754	3093	3501177	1754	
89	100787	1754	177	200259	1754	266	301146	1754	354	400852	1754	442	500395	1754	531	600625	1754	620	700704	1754	709	801221	1754	797	900984	1754	885	1000937	1754	973	1100755	1754	1061	1200371	1754	1149	1300385	1754	1238	1400971	1754	1326	1500400	1754	1415	1600545	1754	1503	1700800	1754	1591	1800697	1754	1679	1900425	1754	1768	2001084	1754	1857	2101151	1754	1944	2200691	1754	2032	2300410	1754	2120	2400383	1754	2208	2500311	1754	2296	2601232	1754	2383	2700452	1754	2472	2800669	1754	2560	2901114	1754	2648	3000878	1754	2737	3100928	1754	2825	3200615	1754	2914	3300766	1754	3003	3400795	1754	3091	3500921	1754	
89	100622	1754	177	200320	1754	266	300280	1754	355	401066	1754	443	500402	1754	531	600410	1754	620	700820	1754	708	800289	1754	797	900718	1754	886	1001221	1754	974	1100791	1754	1062	1200450	1754	1151	1300629	1754	1239	1400533	1754	1327	1500644	1754	1415	1600542	1754	1504	1700750	1754	1592	1800221	1754	1681	1900827	1754	1770	2001015	1754	1858	2100208	1754	1947	2200779	1754	2035	2300919	1754	2124	2401091	1754	2213	2500954	1754	2301	2600133	1754	2390	2701126	1754	2478	2800836	1754	2566	2900619	1754	2655	3001213	1754	2744	3101081	1754	2832	3200201	1754	2921	3301010	1754	3010	3401147	1754	3098	3500149	1754	
1053	100094	149	2101	200012	120	3159	300067	102	4212	400067	89	5269	500059	87	6331	600010	83	7394	700007	79	8453	800034	77	9511	900016	75	10562	1000012	75	11618	1100039	75	12676	1200013	74	13719	1300067	72	14732	1400061	70	15796	1500065	67	16855	1600077	67	17916	1700028	67	18975	1800095	64	20035	1900012	63	21097	2000071	63	22156	2100015	63	23215	2200084	62	24276	2300087	62	25332	2400079	60	26384	2500083	60	27438	2600072	57	28497	2700064	57	29549	2800062	57	30603	2900080	57	31662	3000071	57	32719	3100073	57	33770	3200077	57	34828	3300082	57	35885	3400091	57	36942	3500030	57	
1048	100064	99	2096	200084	89	3152	300012	71	4213	400095	68	5264	500043	68	6325	600007	68	7385	700053	68	8442	800022	67	9492	900073	67	10543	1000007	67	11599	1100051	67	12657	1200034	67	13717	1300092	67	14773	1400069	67	15834	1500089	67	16894	1600012	67	17952	1700081	67	19013	1800019	67	20072	1900020	67	21132	2000030	66	22193	2100042	66	23249	2200086	65	24301	2300015	65	25362	2400077	65	26419	2500089	65	27481	2600058	65	28542	2700087	65	29602	2800060	65	30661	2900054	65	31718	3000029	65	32777	3100083	65	33841	3200008	65	34900	3300037	65	35959	3400022	65	37012	3500075	65	
1048	100015	101	2104	200092	96	3159	300078	96	4215	400006	95	5269	500011	86	6328	600056	86	7379	700028	77	8435	800005	73	9501	900088	70	10564	1000054	70	11623	1100035	68	12682	1200078	66	13744	1300016	66	14807	1400048	66	15862	1500054	64	16924	1600034	64	17984	1700006	64	19044	1800037	62	20104	1900043	62	21164	2000059	62	22227	2100066	60	23285	2200083	59	24344	2300083	59	25401	2400072	59	26461	2500062	59	27523	2600024	59	28580	2700052	59	29644	2800093	59	30708	2900073	59	31772	3000088	59	32831	3100026	59	33883	3200079	59	34933	3300020	56	35988	3400097	56	37047	3500042	56	
1062	100019	109	2118	200059	90	3173	300066	86	4231	400071	86	5289	500014	84	6339	600085	82	7394	700041	80	8453	800055	80	9513	900062	77	10570	1000068	77	11631	1100012	76	12692	1200092	71	13752	1300053	71	14813	1400068	71	15876	1500037	71	16939	1600027	69	18001	1700016	68	19063	1800092	68	20125	1900050	68	21174	2000030	67	22230	2100049	67	23291	2200068	67	24350	2300070	67	25411	2400046	67	26473	2500022	66	27529	2600014	66	28588	2700026	66	29647	2800018	66	30702	2900017	66	31762	3000039	66	32816	3100085	66	33874	3200081	65	34930	3300052	65	35985	3400082	65	37048	3500042	65	
1057	100032	84	2113	200024	72	3179	300016	72	4243	400084	68	5298	500029	66	6361	600026	66	7422	700095	66	8476	800061	66	9531	900065	66	10591	1000089	66	11650	1100082	66	12709	1200068	66	13764	1300082	66	14821	1400087	66	15878	1500017	66	16940	1600046	66	17996	1700021	66	19057	1800061	65	20118	1900058	65	21177	2000067	65	22240	2100046	65	23296	2200015	64	24351	2300084	64	25412	2400039	64	26466	2500092	64	27522	2600033	64	28587	2700069	64	29646	2800008	64	30704	2900039	64	31764	3000030	64	32830	3100011	64	33889	3200016	64	34950	3300091	64	36006	3400070	64	37069	3500038	64	
324	100340	1505	641	200197	1342	957	300130	1257	1271	400316	1257	1584	500024	1257	1900	600058	1220	2213	700083	1220	2529	800237	1220	2842	900213	1220	3157	1000329	1220	3472	1100246	1188	3785	1200330	1165	4099	1300209	1165	4414	1400076	1165	4730	1500191	1165	5045	1600046	1126	5359	1700217	1126	5671	1800113	1126	5986	1900267	1126	6301	2000174	1126	6617	2100177	1126	6930	2200118	1126	7242	2300030	1126	7557	2400049	1089	7872	2500063	1089	8187	2600155	1089	8501	2700186	1089	8816	2800144	1089	9131	2900049	1059	9447	3000303	1059	9758	3100047	1059	10072	3200065	1059	10384	3300176	1059	10697	3400317	1059	11012	3500224	1059	
323	100086	1571	639	200088	1448	955	300303	1404	1271	400156	1404	1586	500206	1404	1900	600087	1404	2217	700274	1368	2533	800250	1368	2849	900137	1334	3164	1000282	1291	3477	1100309	1291	3791	1200134	1253	4105	1300033	1253	4421	1400314	1253	4737	1500182	1253	5053	1600132	1253	5369	1700334	1253	5685	1800159	1253	6001	1900234	1253	6315	2000095	1253	6630	2100053	1253	6945	2200204	1253	7259	2300087	1253	7575	2400293	1253	7891	2500154	1253	8207	2600161	1253	8524	2700049	1253	8841	2800075	1253	9158	2900217	1219	9472	3000139	1219	9788	3100098	1219	10106	3200314	1219	10424	3300296	1219	10740	3400194	1219	11056	3500133	1219	
323	100059	1630	640	200321	1592	955	300154	1424	1270	400300	1424	1584	500026	1424	1902	600307	1339	2216	700114	1339	2530	800067	1308	2846	900082	1271	3163	1000273	1231	3480	1100282	1193	3795	1200026	1193	4109	1300080	1193	4423	1400331	1193	4737	1500148	1193	5052	1600227	1193	5368	1700148	1193	5684	1800125	1193	5999	1900300	1193	6314	2000284	1193	6631	2100078	1193	6948	2200302	1193	7263	2300196	1193	7575	2400148	1193	7890	2500060	1193	8206	2600330	1193	8519	2700294	1193	8831	2800265	1193	9146	2900283	1193	9462	3000248	1193	9777	3100098	1193	10094	3200108	1153	10411	3300292	1153	10726	3400247	1153	11040	3500022	1153	
324	100299	1480	641	200292	1437	955	300301	1437	1269	400077	1437	1585	500240	1437	1901	600265	1437	2219	700307	1437	2535	800249	1437	2850	900223	1437	3166	1000105	1399	3482	1100190	1399	3796	1200156	1399	4112	1300127	1399	4429	1400150	1399	4746	1500033	1399	5063	1600155	1399	5380	1700274	1399	5695	1800166	1399	6010	1900250	1399	6326	2000330	1399	6643	2100328	1399	6959	2200047	1399	7276	2300032	1399	7593	2400091	1399	7910	2500328	1399	8225	2600033	1399	8541	2700119	1399	8858	2800275	1399	9175	2900269	1355	9489	3000091	1355	9806	3100280	1355	10122	3200303	1355	10436	3300113	1355	10750	3400290	1355	11064	3500037	1355	
320	100292	1439	637	200247	1401	950	300192	1309	1267	400333	1309	1580	500063	1309	1896	600098	1235	2213	700247	1235	2529	800201	1235	2845	900154	1235	3162	1000322	1235	3477	1100116	1195	3790	1200123	1195	4105	1300304	1195	4420	1400316	1195	4735	1500138	1195	5049	1600081	1195	5363	1700135	1195	5679	1800167	1195	5992	1900176	1195	6304	2000023	1195	6622	2100181	1195	6937	2200029	1195	7252	2300117	1195	7567	2400308	1195	7882	2500223	1195	8197	2600176	1195	8514	2700265	1195	8830	2800248	1195	9145	2900255	1152	9460	3000226	1152	9774	3100219	1152	10087	3200217	1152	10402	3300123	1152	10717	3400235	1152	11034	3500251	1152	
70	100191	49259	141	200909	46561	211	300412	45938	282	400248	42645	354	501406	37508	424	600535	36609	494	700533	36322	565	801257	35160	635	900645	34264	706	1001222	31872	776	1101104	27972	847	1201113	21088	918	1301310	17249	988	1400986	13781	1058	1501158	13529	1127	1600230	12962	1197	1701158	12398	1267	1801426	11874	1336	1901056	11874	1405	2000988	11874	1474	2100333	11874	1544	2200903	11874	1614	2301367	11874	1683	2400894	11874	1752	2500789	11874	1822	2601266	11609	1891	2700299	11609	1961	2800908	11609	2031	2901427	11609	2100	3001016	11334	2169	3100281	11072	2239	3201270	11072	2308	3300622	11072	2378	3400977	11072	2447	3500907	11072	
71	101082	49499	141	201318	48604	211	300529	45561	282	400822	44984	353	501322	43207	423	600642	42034	493	700218	40831	564	800958	37846	635	900878	35417	706	1001206	32455	776	1100205	29170	847	1200522	27091	917	1300195	26194	988	1401303	24437	1058	1500642	22096	1128	1600911	21199	1199	1700600	16682	1269	1800160	13575	1339	1900136	13290	1409	2000977	13290	1479	2100155	13011	1550	2201542	13011	1619	2300158	12483	1689	2400496	12208	1759	2500436	11928	1829	2600586	11650	1898	2700180	11380	1968	2801440	11380	2037	2900892	11380	2106	3000755	11126	2175	3100610	11126	2244	3200777	11126	2313	3300861	11126	2382	3401058	11126	2451	3501229	11126	
71	100871	48942	141	201027	48648	212	301474	47765	282	400795	45951	353	500788	42091	423	600192	41779	494	700719	40856	564	800574	40253	635	901226	39961	705	1000576	38171	776	1101159	33717	846	1200870	32205	916	1300371	31006	987	1401116	28968	1058	1500624	25711	1129	1601087	24269	1199	1700580	23368	1270	1801455	21880	1340	1900698	21574	1411	2000994	21288	1481	2100428	21288	1552	2200928	21288	1622	2300523	20687	1693	2401259	20074	1763	2500816	18287	1834	2601349	18287	1905	2701506	17411	1975	2801104	15972	2045	2901166	15972	2115	3000438	15081	2186	3101253	14237	2256	3201246	13646	2326	3301386	13646	2396	3401269	13374	2465	3500544	13374	
71	100716	48657	141	200631	47744	212	301513	44790	283	401524	41156	353	500276	38427	424	600178	36923	495	700232	33921	566	800366	31559	637	900576	29783	708	1000970	27975	778	1100730	27386	848	1200666	24971	919	1300244	19042	990	1400481	15865	1060	1500435	13946	1129	1600184	12849	1199	1700241	12564	1269	1800871	12564	1339	1900694	12564	1409	2000590	12564	1479	2100731	12564	1549	2201100	12564	1619	2300873	12564	1689	2400785	12032	1759	2500842	12032	1829	2601240	12032	1899	2701283	12032	1969	2801541	12032	2039	2901370	12032	2109	3001256	12032	2178	3101234	12032	2248	3201349	12032	2318	3301109	12032	2388	3401311	12032	2458	3501431	12032	
71	100378	48351	142	200638	46565	213	301303	43652	282	400178	41550	353	500908	38923	424	601448	36214	493	700626	35605	564	801164	32303	634	900375	31088	705	1000873	28995	775	1100710	28680	845	1200938	28680	915	1301068	26617	985	1400687	25123	1055	1500534	24820	1125	1600196	24531	1196	1701210	22085	1266	1800147	21796	1337	1900737	21796	1407	2000243	21206	1477	2100379	20921	1548	2201107	18523	1618	2300240	17932	1689	2400927	17373	1759	2500682	16501	1829	2600188	16202	1900	2700841	16202	1971	2801404	15931	2041	2900488	15931	2112	3001139	15931	2182	3100646	15931	2253	3201176	15634	2323	3300562	15634	2394	3401523	15634	2464	3501238	15634	
