versja nr 2;wspolczynnik mutacji 0.600000;wielkosc populacji 60
210	100411	84	429	200139	55	500	232306	55	652	300304	55	875	400321	55	1000	456479	55	1097	500172	55	1320	600286	55	1500	681957	55	1540	700046	55	1763	800170	55	1980	900041	55	2000	909959	55	2193	1000026	55	2409	1100315	54	2500	1141014	54	2632	1200407	53	2849	1300088	53	3000	1369715	53	3063	1400059	53	3276	1500239	53	3498	1600046	50	3500	1600965	50	3720	1700168	46	3943	1800245	46	4000	1827203	46	4163	1900367	46	4385	2000218	46	4500	2051775	46	4608	2100209	46	4831	2200096	46	5000	2276469	46	5049	2300072	46	5262	2400344	46	5483	2500063	46	
227	100197	211	450	200246	153	500	222811	142	673	300457	126	896	400353	114	1000	446960	111	1119	500407	111	1339	600172	111	1500	672158	111	1562	700033	111	1786	800232	107	2000	896056	107	2009	900092	107	2233	1000323	106	2457	1100443	104	2500	1119664	102	2680	1200086	102	2904	1300349	102	3000	1343126	102	3128	1400394	102	3352	1500332	102	3500	1566652	97	3575	1600439	97	3797	1700243	89	4000	1790820	88	4021	1800261	88	4244	1900187	87	4468	2000115	78	4500	2014407	77	4692	2100412	75	4915	2200113	75	5000	2239825	70	5134	2300201	70	5358	2400230	70	5500	2463514	70	5582	2500178	70	
228	100121	204	452	200170	101	500	221599	95	677	300295	76	901	400031	71	1000	444012	71	1126	500254	71	1348	600025	66	1500	667739	66	1573	700343	66	1797	800176	62	2000	890523	62	2022	900296	62	2246	1000032	62	2472	1100232	62	2500	1112629	62	2697	1200042	62	2922	1300141	62	3000	1336833	62	3141	1400261	62	3366	1500188	62	3500	1559895	62	3590	1600279	62	3813	1700054	62	4000	1783427	62	4038	1800292	62	4263	1900387	62	4488	2000062	62	4500	2005381	62	4713	2100272	62	4938	2200312	62	5000	2227902	62	5163	2300364	62	5388	2400176	62	5500	2450458	62	5612	2500150	62	
231	100334	174	457	200443	121	500	219671	116	682	300343	108	907	400366	99	1000	443695	99	1125	500181	99	1348	600185	99	1500	667851	95	1573	700211	95	1799	800059	93	2000	889226	93	2025	900231	93	2251	1000267	91	2477	1100378	91	2500	1110548	91	2702	1200318	85	2927	1300099	85	3000	1332502	85	3153	1400286	85	3379	1500380	80	3500	1553969	78	3604	1600042	77	3830	1700358	75	4000	1775344	75	4056	1800292	75	4281	1900064	75	4500	1996951	72	4507	2000084	72	4733	2100070	72	4958	2200131	66	5000	2218741	66	5184	2300087	66	5411	2400334	66	5500	2439682	66	5637	2500266	66	
228	100426	128	450	200221	114	500	222558	102	674	300240	93	898	400264	90	1000	445934	89	1121	500060	89	1345	600135	84	1500	669277	84	1568	700051	84	1792	800272	84	2000	893279	82	2015	900040	82	2239	1000168	82	2463	1100176	82	2500	1116666	82	2687	1200453	82	2911	1300282	82	3000	1340107	82	3135	1400331	82	3359	1500337	79	3500	1563791	79	3581	1600195	77	3804	1700192	77	4000	1787638	71	4028	1800275	71	4252	1900272	69	4475	2000117	69	4500	2011277	69	4699	2100448	67	4922	2200320	62	5000	2235228	61	5146	2300466	61	5370	2400430	57	5500	2458628	57	5593	2500115	57	
227	100182	249	450	200155	141	500	222533	137	674	300325	132	898	400110	132	1000	445630	132	1121	500180	130	1345	600263	130	1500	669452	130	1568	700065	130	1792	800092	124	2000	893125	119	2016	900288	119	2237	1000056	117	2460	1100141	107	2500	1118013	102	2684	1200242	102	2908	1300046	102	3000	1341077	102	3132	1400069	100	3356	1500371	100	3500	1565304	100	3578	1600244	100	3796	1700050	100	4000	1791830	100	4019	1800310	100	4243	1900153	100	4467	2000236	100	4500	2014879	100	4691	2100386	100	4913	2200150	100	5000	2239278	100	5135	2300134	100	5358	2400383	100	5500	2463583	100	5582	2500310	99	
228	100408	253	451	200152	233	500	222331	233	674	300031	220	898	400305	198	1000	445657	185	1123	500394	178	1346	600025	159	1500	668692	159	1571	700401	155	1789	800104	151	2000	895125	140	2011	900075	140	2236	1000423	131	2460	1100255	131	2500	1118053	131	2683	1200211	127	2907	1300363	127	3000	1341818	125	3131	1400303	125	3354	1500236	125	3500	1566269	118	3575	1600080	118	3796	1700104	118	4000	1791236	115	4020	1800206	115	4244	1900135	111	4469	2000460	107	4500	2014331	107	4692	2100240	107	4915	2200088	107	5000	2237912	107	5140	2300270	104	5363	2400225	104	5500	2462239	104	5586	2500451	104	
226	100284	237	449	200455	177	500	223376	175	671	300341	158	892	400088	119	1000	448723	115	1114	500566	110	1334	600091	104	1500	674325	98	1557	700028	96	1781	800163	92	2000	898142	79	2005	900407	79	2228	1000271	78	2452	1100430	71	2500	1121836	71	2676	1200273	71	2899	1300222	71	3000	1345478	68	3122	1400176	68	3346	1500294	64	3500	1569389	64	3569	1600324	64	3792	1700129	64	4000	1793065	64	4016	1800230	64	4240	1900361	64	4463	2000128	64	4500	2016893	64	4686	2100117	64	4909	2200117	64	5000	2240864	64	5133	2300328	64	5356	2400277	64	5500	2464533	64	5580	2500350	64	
236	100407	237	467	200427	152	500	214725	141	698	300140	112	930	400273	103	1000	430530	103	1161	500044	103	1393	600042	97	1500	646162	97	1626	700316	97	1859	800164	97	2000	860721	97	2092	900218	97	2325	1000097	97	2500	1075494	95	2557	1100110	95	2790	1200446	95	3000	1290654	95	3022	1300110	95	3255	1400421	95	3487	1500368	95	3500	1505980	95	3719	1600160	95	3951	1700189	95	4000	1721112	95	4185	1800362	92	4417	1900021	90	4500	1935688	90	4647	2000328	90	4878	2100183	90	5000	2152699	90	5111	2200415	90	5343	2300319	89	5500	2367597	89	5576	2400328	89	5808	2500359	89	
227	100371	205	450	200213	147	500	222511	147	674	300109	135	898	400206	129	1000	445606	124	1121	500084	124	1345	600044	124	1500	669118	124	1570	700369	124	1794	800313	122	2000	892274	116	2018	900294	107	2242	1000321	99	2465	1100501	99	2500	1116854	99	2686	1200391	99	2910	1300350	99	3000	1340232	97	3135	1400280	97	3359	1500062	94	3500	1562853	93	3584	1600144	92	3808	1700207	92	4000	1785441	92	4033	1800106	92	4258	1900046	92	4484	2000294	91	4500	2007403	91	4709	2100296	88	4934	2200138	87	5000	2229527	87	5159	2300123	86	5384	2400123	86	5500	2451629	86	5609	2500152	86	
239	100083	88	473	200303	84	500	212863	84	701	300357	73	933	400185	66	1000	428820	66	1167	500317	66	1400	600094	63	1500	643347	63	1633	700292	61	1867	800343	58	2000	857977	57	2098	900211	57	2331	1000091	56	2500	1072394	56	2565	1100198	56	2800	1200416	56	3000	1286048	54	3033	1300271	54	3266	1400159	54	3498	1500172	54	3500	1501047	54	3730	1600300	54	3961	1700067	54	4000	1716913	54	4194	1800129	53	4428	1900148	52	4500	1930958	52	4662	2000282	52	4895	2100181	51	5000	2145286	50	5128	2200181	50	5362	2300286	50	5500	2359251	50	5596	2400408	50	5829	2500130	50	
228	100111	105	452	200403	90	500	221826	90	676	300455	83	900	400428	83	1000	445137	83	1123	500298	83	1346	600214	83	1500	669437	82	1568	700112	82	1792	800318	82	2000	893336	82	2015	900036	82	2239	1000323	78	2461	1100071	78	2500	1117424	78	2685	1200039	78	2909	1300196	78	3000	1340814	78	3133	1400416	78	3354	1500434	78	3500	1566135	78	3576	1600089	78	3800	1700439	76	4000	1789792	76	4023	1800146	76	4247	1900228	76	4471	2000411	74	4500	2013376	74	4694	2100021	69	4918	2200144	69	5000	2236751	69	5142	2300149	69	5359	2400257	69	5500	2463743	69	5582	2500438	69	
229	100353	71	453	200442	67	500	221413	67	677	300120	67	902	400407	64	1000	444009	64	1125	500085	62	1350	600486	62	1500	667358	62	1574	700423	62	1798	800374	62	2000	890366	61	2022	900147	61	2246	1000111	59	2471	1100414	57	2500	1113342	57	2695	1200406	55	2919	1300334	55	3000	1336454	53	3143	1400198	53	3360	1500028	53	3500	1562660	52	3584	1600233	52	3807	1700327	52	4000	1786472	52	4031	1800365	52	4255	1900312	52	4479	2000150	51	4500	2009571	51	4703	2100226	51	4927	2200390	51	5000	2233172	51	5151	2300418	51	5375	2400220	51	5500	2455882	51	5600	2500460	51	
236	100221	92	467	200212	74	500	214647	72	697	300202	63	927	400199	61	1000	431940	61	1154	500163	61	1378	600434	61	1500	653306	58	1608	700169	58	1838	800212	56	2000	870917	54	2067	900165	53	2297	1000166	53	2500	1088479	53	2527	1100266	53	2758	1200359	53	2988	1300303	53	3000	1305539	53	3218	1400190	53	3448	1500304	53	3500	1523001	53	3676	1600163	53	3906	1700166	52	4000	1740983	51	4137	1800383	51	4367	1900358	51	4500	1958103	51	4597	2000296	51	4827	2100322	51	5000	2175511	51	5057	2200412	51	5287	2300275	51	5500	2392620	51	5518	2400456	51	5748	2500426	51	
228	100160	109	453	200297	94	500	221231	92	678	300374	85	902	400309	79	1000	444038	74	1125	500222	71	1350	600367	67	1500	667591	64	1573	700225	64	1797	800185	64	2000	890631	64	2022	900401	64	2245	1000290	64	2469	1100470	64	2500	1114307	64	2693	1200436	64	2917	1300216	61	3000	1337074	61	3142	1400336	61	3365	1500060	61	3500	1560430	61	3589	1600388	61	3813	1700379	60	4000	1783866	60	4037	1800454	60	4260	1900115	60	4485	2000312	60	4500	2007097	60	4707	2100070	60	4931	2200041	60	5000	2230849	60	5156	2300366	60	5379	2400107	60	5500	2454076	60	5603	2500029	60	
236	100225	72	467	200288	68	500	214636	68	697	300033	64	928	400189	62	1000	431333	62	1158	500178	62	1389	600225	62	1500	648270	58	1620	700151	56	1850	800119	56	2000	865162	56	2081	900251	54	2312	1000308	54	2500	1082241	54	2541	1100041	54	2772	1200230	54	3000	1299062	54	3003	1300400	54	3233	1400186	54	3462	1500151	54	3500	1516866	54	3690	1600035	54	3920	1700185	54	4000	1734779	53	4146	1800278	53	4376	1900259	53	4500	1954004	53	4607	2000374	51	4837	2100179	51	5000	2171065	51	5067	2200086	51	5298	2300021	51	5500	2387628	51	5529	2400188	51	5760	2500403	51	
235	100201	65	465	200377	57	500	215644	57	694	300410	56	922	400159	56	1000	434175	54	1151	500052	54	1381	600191	52	1500	652061	52	1610	700064	52	1839	800072	52	2000	872075	52	2063	900230	52	2293	1000333	52	2500	1090577	52	2522	1100236	52	2752	1200372	52	2981	1300197	52	3000	1308439	50	3210	1400208	50	3439	1500314	49	3500	1526980	49	3668	1600290	49	3898	1700130	49	4000	1744450	49	4128	1800229	49	4358	1900370	49	4500	1962247	49	4587	2000222	49	4817	2100436	49	5000	2180235	49	5046	2200247	49	5275	2300043	49	5500	2398230	49	5504	2400040	49	5734	2500160	49	
227	100373	74	450	200393	61	500	222936	61	672	300308	61	894	400234	61	1000	447926	56	1117	500455	56	1340	600227	56	1500	671815	56	1563	700073	56	1787	800347	55	2000	895842	55	2010	900356	55	2233	1000268	55	2456	1100273	54	2500	1119943	54	2679	1200066	54	2903	1300198	54	3000	1343573	54	3127	1400460	54	3349	1500272	52	3500	1568057	52	3572	1600413	51	3795	1700432	51	4000	1792233	51	4018	1800364	51	4241	1900226	51	4464	2000102	51	4500	2016243	51	4687	2100151	51	4911	2200463	51	5000	2240211	51	5134	2300122	51	5358	2400335	51	5500	2464055	51	5581	2500390	51	
234	100035	72	464	200332	68	500	216028	68	693	300181	65	922	400091	54	1000	434372	54	1150	500026	53	1379	600093	51	1500	652904	51	1608	700139	51	1837	800097	51	2000	871373	51	2066	900162	51	2296	1000354	51	2500	1089489	51	2525	1100390	51	2754	1200223	50	2984	1300450	50	3000	1307445	50	3213	1400289	50	3441	1500193	50	3500	1526060	50	3669	1600078	50	3899	1700199	50	4000	1744307	50	4128	1800045	49	4358	1900279	49	4500	1962112	49	4587	2000028	49	4813	2100271	47	5000	2182269	47	5041	2200137	47	5271	2300444	47	5500	2400267	47	5500	2400292	47	5729	2500173	46	
227	100422	61	448	200161	52	500	223754	52	669	300173	52	891	400437	50	1000	451126	50	1109	500414	50	1330	600209	50	1500	677003	49	1551	700262	49	1772	800241	48	1994	900362	46	2000	903093	46	2216	1000326	46	2437	1100046	44	2500	1128418	44	2656	1200302	44	2875	1300400	43	3000	1356813	43	3096	1400141	43	3317	1500456	43	3500	1583245	43	3538	1600390	43	3760	1700428	43	3981	1800211	43	4000	1808817	43	4202	1900055	43	4424	2000232	43	4500	2034543	43	4645	2100162	43	4866	2200085	43	5000	2260499	43	5088	2300188	43	5310	2400210	43	5500	2485907	43	5532	2500351	43	
76	101412	2734	148	201447	2500	218	300148	2400	289	401242	2277	360	500566	2277	432	601057	2203	500	695868	2203	503	700116	2203	575	800810	2203	647	901470	2171	717	1000334	2171	789	1101012	2171	861	1201407	2171	932	1300593	2171	1000	1395738	2171	1004	1401428	2171	1075	1501100	2171	1146	1600979	2171	1217	1700099	2171	1289	1800322	2171	1361	1900872	2171	1432	2000282	2171	1500	2095440	2171	1504	2101101	2171	1575	2200373	2171	1647	2301064	2171	1718	2400274	2171	1790	2500882	2171	
76	100832	2882	148	200622	2318	220	301458	2209	291	401549	2143	361	500170	2034	433	601143	1999	500	695030	1965	504	700759	1965	576	801480	1965	647	900756	1965	718	1000227	1965	790	1101041	1965	861	1200445	1965	933	1301341	1965	1000	1394982	1965	1004	1400710	1935	1076	1501259	1935	1147	1600303	1900	1219	1700255	1900	1291	1800131	1900	1363	1900155	1900	1435	2000290	1900	1500	2090942	1900	1507	2100815	1900	1579	2201023	1900	1651	2301225	1900	1722	2400685	1869	1792	2500486	1869	
76	100748	2482	148	201041	2045	219	300876	1923	290	400443	1891	362	501441	1891	433	601354	1795	500	695704	1770	504	701379	1770	575	800985	1770	646	900795	1770	717	1000418	1770	788	1100171	1770	860	1201023	1770	931	1300615	1770	1000	1398005	1770	1002	1400906	1770	1072	1501175	1770	1142	1600937	1770	1213	1700874	1770	1284	1800564	1770	1356	1901331	1770	1427	2000954	1770	1498	2100954	1770	1500	2103991	1770	1569	2201150	1770	1640	2300671	1770	1711	2400419	1770	1782	2500117	1770	
76	101091	2869	149	201514	2416	221	301339	2302	292	400355	2216	363	500155	2216	435	601355	2134	500	693260	2134	505	700334	2134	577	800799	2134	649	901049	2134	721	1001083	2134	793	1101224	2134	864	1200173	2110	936	1300553	2080	1000	1390518	2080	1007	1400396	2080	1078	1500687	2080	1150	1601453	2080	1221	1700830	2080	1293	1801439	2080	1364	1900852	2080	1435	2000125	2080	1500	2090699	2080	1507	2100631	2080	1579	2200948	2048	1650	2300557	2048	1722	2401060	2048	1793	2500127	2048	
75	100616	2765	146	200860	2568	217	301462	2429	287	400750	2364	358	500658	2364	429	600667	2364	500	701183	2364	500	701311	2364	571	801292	2364	642	901126	2328	713	1001115	2293	784	1100936	2293	855	1201101	2293	926	1301284	2293	996	1400557	2293	1000	1406424	2293	1066	1500224	2260	1137	1600353	2232	1208	1700391	2197	1279	1800444	2133	1350	1900727	2100	1421	2001280	2100	1491	2100179	2100	1500	2112933	2100	1562	2200911	2069	1633	2301338	2069	1704	2401414	2046	1775	2501410	2005	
75	100684	2665	146	200257	2523	217	300245	2318	288	400961	2289	359	500150	2247	431	600541	2220	500	696855	2220	503	701096	2220	574	800399	2190	646	901141	2190	718	1001420	2190	789	1100884	2190	860	1200665	2190	932	1301150	2190	1000	1396332	2190	1003	1400653	2190	1075	1501369	2190	1146	1600687	2190	1218	1701491	2190	1288	1800439	2190	1359	1900284	2190	1431	2000673	2161	1500	2097278	2161	1502	2100147	2161	1574	2200526	2129	1645	2300116	2129	1717	2400636	2129	1789	2501093	2129	
75	101325	3152	146	201498	3083	217	301206	2937	288	400771	2828	359	500480	2665	430	600278	2635	500	698951	2564	501	700449	2564	572	800721	2564	642	901012	2564	712	1001292	2535	783	1101333	2476	853	1200273	2476	925	1301515	2476	995	1400195	2476	1000	1407318	2476	1066	1501045	2476	1137	1600672	2476	1208	1700412	2476	1279	1800200	2476	1351	1901452	2476	1422	2001406	2442	1493	2101252	2442	1500	2111150	2442	1564	2200950	2442	1635	2300624	2442	1706	2400700	2442	1777	2500623	2442	
76	101149	2677	148	200710	2220	220	301447	2152	291	400235	2122	363	500231	2087	435	600543	2087	500	691016	2063	507	700943	2063	579	801363	2063	650	900171	2063	723	1001476	2063	794	1100118	2063	866	1200090	2063	938	1300338	2063	1000	1387296	2027	1010	1401323	2027	1081	1500686	2027	1153	1601202	2027	1224	1700339	2027	1296	1800931	2027	1368	1901176	2027	1440	2001466	2027	1500	2085102	2027	1511	2100558	2027	1583	2201313	2027	1654	2300657	2027	1726	2400954	2027	1798	2501374	2027	
77	100252	2324	150	200764	1970	222	300846	1910	294	401249	1847	365	500749	1815	437	600617	1786	500	688162	1786	509	700731	1786	581	800630	1786	653	900151	1786	725	1000400	1786	797	1100581	1786	869	1200568	1786	941	1300862	1768	1000	1383015	1733	1013	1401407	1733	1084	1500198	1733	1157	1601422	1733	1229	1701493	1703	1300	1800411	1703	1372	1900847	1703	1444	2000866	1671	1500	2079605	1671	1515	2101243	1671	1586	2200151	1671	1658	2300236	1671	1730	2400106	1671	1803	2501329	1671	
76	100518	2612	148	201140	2214	218	300146	2180	289	400652	2109	359	500423	2109	430	600642	2076	500	699598	2076	501	701098	2076	572	801260	2076	642	900123	2076	713	1001476	2076	784	1101405	2076	853	1200981	2076	923	1301139	2076	994	1401343	2076	1000	1409940	2076	1064	1500376	2076	1135	1600305	2076	1206	1700437	2044	1278	1801477	2044	1349	1901156	2044	1420	2001298	2044	1491	2101282	2009	1500	2114038	1974	1562	2201414	1974	1633	2301310	1974	1703	2400422	1939	1774	2500869	1939	
77	100098	1309	150	200570	854	220	301456	766	291	401081	766	363	501407	766	435	601432	737	500	691770	737	506	700177	737	578	800422	737	650	900884	737	721	1000109	737	793	1100584	737	865	1201251	737	936	1300722	737	1000	1390035	737	1008	1401246	737	1079	1500801	737	1151	1601309	737	1222	1700322	737	1294	1800983	737	1365	1900115	737	1437	2001332	737	1500	2089043	737	1508	2100237	737	1580	2200427	737	1652	2300497	737	1724	2400842	737	1796	2501068	737	
79	100146	1124	150	201233	899	223	301452	859	296	401310	829	368	500339	794	441	600596	760	500	681502	735	514	700801	735	587	800698	735	660	900603	735	733	1000357	703	806	1101078	703	878	1200219	703	951	1300431	703	1000	1367736	703	1024	1400626	703	1097	1500653	703	1170	1600387	703	1243	1700373	703	1316	1800647	703	1389	1900907	703	1462	2001344	703	1500	2053333	703	1534	2100093	703	1608	2201328	703	1681	2301059	703	1752	2400567	703	1825	2500671	703	
77	100610	1447	149	200210	1092	221	300128	1056	294	401047	1056	366	500932	995	438	601471	995	500	687751	953	509	700365	953	581	800643	922	653	900796	922	725	1001007	922	797	1101166	922	868	1200242	922	940	1300853	900	1000	1384780	900	1011	1400314	900	1081	1500500	900	1153	1600866	900	1225	1701429	900	1296	1800639	900	1368	1901360	900	1439	2000551	828	1500	2086137	828	1510	2100227	828	1582	2201177	828	1653	2300282	828	1725	2400577	828	1797	2501176	828	
78	100584	1715	151	200167	1183	224	300476	1088	297	400193	1088	370	500368	1067	442	601395	1067	500	681250	1067	514	700383	1067	587	800784	1067	660	900894	1039	733	1000540	1039	806	1100193	1039	879	1200543	1039	952	1300745	1039	1000	1366350	1039	1025	1400542	996	1098	1500443	996	1171	1600619	996	1244	1700549	996	1317	1800508	970	1391	1901309	970	1464	2001269	970	1500	2050212	970	1537	2100709	970	1610	2200394	970	1683	2300322	970	1757	2401337	970	1830	2501118	970	
81	101015	1263	156	200976	848	230	301334	813	304	400736	813	378	500427	813	453	601406	813	500	664602	813	527	701089	813	601	800863	813	675	900700	813	750	1001249	813	824	1100719	784	898	1200845	784	972	1300905	784	1000	1338726	784	1046	1400827	784	1120	1500595	784	1194	1600866	784	1268	1700725	784	1342	1800740	784	1416	1901133	784	1490	2000887	784	1500	2014374	784	1564	2100622	784	1638	2200206	784	1712	2300108	784	1787	2401369	784	1861	2500876	784	
78	100554	1307	151	201050	964	223	301063	964	295	401086	964	367	500770	964	439	600722	906	500	685764	864	511	701277	864	582	800209	837	654	900747	837	726	1001085	837	797	1100158	837	869	1200785	837	941	1301079	837	1000	1383619	837	1012	1400317	837	1084	1500817	837	1156	1601477	837	1227	1700287	837	1298	1801311	837	1369	1900379	837	1441	2000749	837	1500	2083013	837	1513	2101266	837	1584	2200516	837	1656	2301233	837	1728	2401388	837	1800	2501449	837	
81	100712	1357	156	200412	966	230	300521	941	304	400332	941	378	500321	941	453	601209	941	500	664477	872	527	700748	872	601	800390	872	674	901129	872	748	1000475	842	823	1101018	842	897	1200243	812	971	1300287	812	1000	1339097	812	1046	1400812	812	1121	1501123	812	1196	1601371	812	1270	1700462	812	1345	1800817	812	1420	1901362	812	1494	2000123	812	1500	2008316	812	1569	2100787	812	1643	2200096	812	1718	2300270	812	1793	2400557	812	1868	2500834	812	
76	100663	1261	148	201085	911	219	300768	876	290	400602	792	361	500355	759	432	600585	759	500	696457	759	503	700755	759	574	800557	759	645	900506	759	716	1000227	759	787	1100461	759	858	1200584	759	929	1300599	759	1000	1400396	759	1000	1400490	759	1071	1500286	759	1142	1600417	759	1213	1700892	759	1284	1801063	759	1355	1900873	759	1426	2001280	759	1497	2101471	759	1500	2105793	759	1567	2201042	759	1638	2301074	720	1709	2401040	720	1780	2501241	720	
77	100155	1192	148	200681	973	218	300720	836	288	401159	836	357	500309	836	427	600469	765	497	700395	765	500	704711	765	568	801281	765	638	900678	765	709	1001255	765	779	1100862	738	849	1201052	738	919	1300646	738	989	1400684	738	1000	1416417	738	1059	1500599	738	1130	1601222	738	1200	1700825	738	1270	1800351	738	1341	1901381	714	1411	2001494	714	1479	2101052	714	1500	2131148	714	1549	2201074	714	1619	2301082	686	1689	2400633	686	1759	2500506	686	
80	100483	1353	155	200435	927	229	300284	828	303	400369	801	377	500275	801	451	600218	801	500	666520	801	525	700665	801	599	800848	801	673	900522	801	748	1001424	801	821	1100507	801	889	1200145	801	963	1300567	801	1000	1350447	801	1037	1400267	801	1111	1500362	801	1185	1600760	801	1259	1700959	801	1333	1800653	801	1407	1900435	801	1482	2001446	801	1500	2025826	801	1556	2101385	801	1630	2200973	801	1704	2300715	801	1778	2400434	801	1853	2501342	801	
16	103024	22850	32	204046	21209	46	300642	20104	62	404803	19667	77	502824	19457	92	601364	19457	108	706135	19241	123	804623	19241	138	902836	19241	153	1001162	19241	169	1106295	19241	184	1205474	19241	199	1303662	19241	214	1401711	19241	230	1506329	19241	245	1604561	19241	260	1703007	19241	275	1801383	19241	291	1905970	19241	306	2004122	19241	321	2102353	19241	337	2206921	19241	352	2304962	19241	367	2403311	19241	382	2501575	19241	
16	102613	22992	32	204093	21599	48	306732	20483	63	404495	20483	78	502587	20483	93	601161	20483	109	705595	20268	124	804107	20268	139	902384	20268	154	1001314	20268	170	1106380	20268	185	1204486	20268	200	1303032	20046	215	1401511	20046	231	1506819	20046	246	1604420	19824	261	1702812	19824	276	1801017	19824	292	1905778	19824	307	2004103	19824	322	2102188	19824	338	2206787	19824	352	2306258	19824	367	2405038	19824	382	2503333	19824	
16	103616	22822	31	200742	22105	47	303698	20692	63	406415	19592	78	504459	19372	93	602016	18718	109	706026	18269	124	804851	18269	139	903888	18024	154	1002309	18024	169	1100703	18024	185	1205684	18024	200	1306479	17806	215	1404946	17806	230	1502821	17806	245	1601013	17806	261	1705571	17806	276	1803650	17806	291	1902254	17806	307	2006928	17806	322	2105648	17806	337	2203767	17806	352	2302214	17806	368	2406807	17806	383	2505011	17589	
16	104159	25212	31	200904	24472	46	301195	24223	62	405584	23726	77	502525	23209	93	605650	22725	108	703044	22725	123	801077	22490	139	905306	22490	154	1002359	22490	170	1105935	22239	185	1202979	22239	201	1306872	22239	216	1404261	22008	231	1501666	22008	247	1605289	22008	262	1702684	22008	278	1806580	22008	293	1904207	22008	308	2001686	22008	324	2105454	21786	339	2202945	21786	355	2306853	21786	370	2404681	21786	385	2502189	21786	
16	103223	23740	32	206051	22100	47	302939	20945	63	406102	19993	78	504714	19770	93	603920	19119	108	704090	19119	123	804566	19119	138	903369	18685	153	1002487	18685	168	1101165	18685	184	1206668	18685	199	1306192	18685	214	1405181	18685	229	1504138	18685	244	1603174	18685	259	1701986	18685	274	1801014	18685	290	1906635	18685	305	2005883	18685	320	2104803	18685	335	2203810	18685	350	2305605	18685	365	2405723	18685	380	2504975	18685	
17	106467	22715	32	200964	21173	48	303702	20527	64	406461	20289	79	503439	20100	94	600736	19864	110	704510	19864	125	801900	19864	141	905433	19864	156	1002405	19864	172	1105678	19665	187	1202510	19665	202	1301240	19665	218	1405510	19665	233	1502340	19464	249	1605943	19464	264	1703084	19464	280	1806525	19464	295	1903657	19464	310	2000694	19464	326	2104374	19464	341	2201246	19464	357	2304529	19464	372	2401669	19464	388	2505442	19464	
16	101189	23484	32	203869	22258	48	306559	20817	63	405394	20591	78	504184	20591	93	602207	20155	109	706970	20155	124	805051	19710	139	903185	19450	154	1000798	19450	170	1105103	19228	185	1203545	19228	200	1301823	19228	216	1406608	19029	231	1504365	19029	246	1602261	19029	262	1706770	19029	277	1804573	19029	292	1902360	19029	308	2006787	19029	323	2104634	19029	338	2201984	19029	354	2306554	19029	369	2404810	18827	384	2506432	18827	
16	101907	24152	32	204739	23234	48	305357	21411	63	400699	20093	79	503152	19431	95	606654	18982	110	703063	18541	126	806735	18541	141	904006	18541	156	1001165	18541	172	1104634	18541	187	1201828	18541	203	1305383	18541	218	1402732	18541	234	1506516	18541	249	1603525	18541	264	1700765	18541	280	1804806	18541	295	1901870	18541	311	2005494	18541	326	2102519	18541	342	2205942	18541	357	2302973	18541	372	2403126	18541	387	2501193	18541	
16	101533	23481	32	205397	22474	47	303155	21279	62	401320	20556	77	500942	20095	93	606418	19407	108	705254	19155	123	804797	18486	138	904444	18260	153	1004008	18260	168	1104217	18260	183	1204411	18260	198	1304201	18260	213	1406194	18260	228	1506180	18044	243	1606242	18044	258	1706560	18044	273	1806366	18044	288	1906533	18044	303	2006838	18044	318	2106830	18044	333	2206707	17836	348	2307111	17836	362	2400611	17608	377	2501002	17400	
16	103497	24855	32	205215	22639	47	302424	21514	62	402923	21046	77	502973	20824	92	600540	19916	108	705437	19916	123	803786	19916	138	902736	19916	153	1000990	19916	169	1105755	19916	184	1203963	19916	199	1301753	19916	215	1406478	19916	230	1504885	19916	245	1603056	19916	260	1701219	19916	276	1805930	19681	291	1904701	19681	306	2003084	19681	321	2101422	19474	337	2206941	19474	352	2305947	19250	367	2404818	19250	382	2503672	19250	
16	104099	25565	31	201944	25565	47	305658	25565	62	402121	25315	78	505062	25315	93	601812	25315	109	705157	25315	124	802068	25315	140	905743	25315	155	1002478	25315	171	1105719	25315	186	1202377	25315	202	1305554	25315	217	1402625	25315	233	1506146	25315	248	1602653	25068	264	1705942	25068	279	1802638	25068	295	1906274	25068	310	2002673	25068	326	2105878	25068	341	2202878	25068	357	2306186	25068	372	2402904	24802	387	2502820	24802	
16	100842	25100	32	201457	25100	48	301493	25100	64	401934	25100	80	502141	25100	96	601940	25100	112	702122	25100	128	802195	25100	144	902817	25100	160	1003043	25100	176	1103146	25100	192	1203231	25100	208	1303489	25100	224	1403589	25100	240	1506193	25100	255	1600835	25100	271	1701080	25100	287	1801432	25100	303	1902057	25100	319	2002751	25100	335	2103435	25100	351	2203944	25100	367	2304058	25100	383	2404361	25100	399	2505307	25100	
16	103915	25298	31	200930	25298	47	304508	25298	62	401824	25298	77	500587	25298	93	605704	25298	108	703389	25298	123	800529	25298	139	904470	25298	154	1001719	25298	170	1105490	25298	185	1202553	25298	201	1305949	25298	216	1403214	25298	232	1506812	25298	247	1603957	25298	262	1701123	25298	278	1805154	25298	293	1903506	25298	308	2000906	25298	324	2104540	25298	339	2201386	25298	355	2304955	25298	370	2402186	25298	386	2505813	25298	
16	102220	25129	32	204511	25129	48	306614	25129	63	402324	25129	79	504551	25129	94	600722	25129	110	703137	25129	126	805366	25129	141	901240	25129	157	1003696	25129	173	1105754	25129	188	1201252	25129	204	1303581	25129	220	1405677	25129	235	1501288	25129	251	1603151	25129	267	1705086	25129	282	1801088	25129	298	1903312	25129	314	2005431	25129	329	2101497	25129	345	2203628	25129	361	2305643	25129	376	2401527	25129	392	2503664	25129	
16	102245	25094	32	204325	25094	48	306247	25094	63	401891	25094	79	504068	25094	95	605811	25094	110	701533	25094	126	803564	25094	142	905382	25094	157	1000929	25094	173	1102954	25094	189	1205232	25094	204	1300543	25094	220	1402303	25094	236	1503986	25094	251	1601093	24602	267	1703372	24602	283	1805073	24602	298	1900483	24602	314	2002124	24602	330	2103968	24602	346	2205503	24602	361	2300748	24602	377	2402379	24345	393	2504306	24345	
16	101971	25616	32	203588	25616	48	304854	25616	64	406599	25616	79	501530	25616	95	604958	25616	110	701363	25616	126	803159	25616	142	904787	25616	158	1006252	25616	173	1101570	25616	189	1203920	25616	205	1305229	25616	220	1400614	25616	236	1501976	25616	252	1603404	25616	268	1705024	25616	283	1801153	25616	299	1902849	25616	315	2004605	25616	331	2106469	25616	346	2201932	25616	362	2303323	25616	378	2404910	25616	394	2506587	25616	
16	103330	25347	31	200541	25347	47	303863	25347	62	400535	25347	78	503786	25347	93	600572	25347	109	704182	25347	124	801023	25347	140	904419	25347	155	1001674	25347	171	1104898	25347	186	1201606	25347	202	1304746	25110	217	1401404	24866	233	1504724	24866	248	1601699	24866	264	1705177	24866	279	1802442	24866	295	1906263	24866	310	2003754	24866	325	2101137	24866	341	2204992	24866	356	2302121	24866	372	2406390	24400	387	2502905	24400	
16	102967	25118	32	205601	24619	47	301957	24619	63	404466	24619	79	506669	24370	94	602633	24370	110	705279	24370	125	800982	24370	141	903412	24370	157	1005642	24370	172	1101626	24370	188	1203649	24130	204	1306418	24130	219	1402670	24130	235	1505382	24130	250	1601738	24130	266	1706381	24130	281	1802573	24130	297	1905133	24130	312	2001393	24130	328	2103946	24130	344	2206201	23884	359	2302212	23884	375	2404547	23884	390	2500668	23884	
16	101496	25350	32	202591	25350	48	303590	25350	64	403899	25350	80	504626	25350	96	605549	25350	111	702408	25350	127	803900	25350	143	904494	25350	159	1005808	25350	175	1106585	25350	190	1201072	25350	206	1301493	25350	222	1403574	25350	238	1504460	25350	254	1605187	25350	270	1706438	25350	285	1801129	25350	301	1901863	25350	317	2002730	25350	333	2103596	25350	349	2204319	25350	365	2305190	25350	381	2405956	25350	396	2500810	25350	
16	101888	25265	32	203705	25265	48	305513	25265	63	401013	25265	79	503078	25265	95	605038	25265	110	700478	25265	126	802112	25265	142	903725	25265	158	1005341	25265	173	1101007	25014	189	1202648	25014	205	1304450	25014	221	1406262	25014	236	1502050	25014	252	1603928	25014	268	1706132	25014	283	1801705	25014	299	1903499	25014	315	2005460	25014	330	2101493	24765	346	2203518	24765	362	2305500	24765	377	2401358	24765	393	2503471	24765	
242	100084	55	486	200377	52	500	206209	52	728	300175	52	971	400258	50	1000	412244	50	1214	500363	50	1457	600324	50	1500	618078	50	1700	700178	50	1943	800056	50	2000	823571	50	2186	900341	50	2428	1000085	50	2500	1029970	50	2671	1100255	50	2914	1200363	50	3000	1235766	50	3157	1300418	50	3399	1400264	50	3500	1441876	50	3642	1500381	50	3884	1600028	50	4000	1647725	50	4127	1700376	50	4366	1800394	50	4500	1855687	50	4608	1900235	50	4851	2000396	50	5000	2061958	50	5093	2100155	50	5336	2200120	50	5500	2267883	50	5579	2300356	50	5821	2400050	50	6000	2474083	50	6063	2500049	50	
236	100141	51	470	200044	50	500	212748	50	707	300429	50	943	400182	50	1000	424249	50	1179	500050	50	1416	600224	50	1500	635636	50	1653	700227	50	1890	800445	50	2000	847216	50	2119	900347	50	2354	1000154	50	2500	1061942	50	2590	1100052	50	2826	1200094	50	3000	1273907	50	3062	1300081	50	3299	1400113	50	3500	1485512	50	3535	1500336	50	3771	1600176	50	4000	1696951	48	4008	1700382	48	4244	1800247	48	4480	1900208	48	4500	1908711	48	4716	2000278	48	4953	2100406	48	5000	2120365	48	5188	2200125	48	5425	2300390	48	5500	2332384	48	5660	2400059	48	5896	2500054	48	
245	100392	51	488	200198	48	500	205140	48	732	300386	46	976	400298	44	1000	410217	44	1219	500104	44	1463	600306	44	1500	615553	44	1706	700212	44	1950	800263	44	2000	820757	44	2194	900124	44	2438	1000423	44	2500	1025848	44	2681	1100055	44	2924	1200396	44	3000	1231485	44	3168	1300233	44	3411	1400120	44	3500	1436837	44	3655	1500404	44	3899	1600120	44	4000	1641597	44	4143	1700279	44	4387	1800225	44	4500	1846701	44	4631	1900287	44	4874	2000187	44	5000	2051883	44	5117	2100182	44	5361	2200407	44	5500	2257377	44	5605	2300383	44	5848	2400049	44	6000	2462479	44	6092	2500423	44	
245	100366	56	488	200096	56	500	205050	56	732	300091	56	976	400109	56	1000	409928	56	1220	500114	56	1466	600367	55	1500	614229	55	1710	700018	55	1956	800386	54	2000	818586	54	2200	900175	54	2445	1000069	54	2500	1022407	54	2691	1100275	54	2935	1200082	54	3000	1226581	54	3180	1300196	54	3425	1400103	54	3500	1430703	54	3670	1500047	54	3916	1600282	54	4000	1634483	54	4161	1700188	54	4407	1800156	54	4500	1838088	54	4651	1900181	54	4897	2000377	54	5000	2042234	54	5137	2100286	54	5381	2200214	54	5500	2249001	54	5624	2300198	54	5869	2400266	54	6000	2453706	54	6114	2500192	54	
230	100403	56	458	200140	56	500	218537	56	687	300091	54	917	400236	54	1000	436586	54	1145	500046	54	1374	600283	54	1500	655374	54	1603	700131	54	1832	800159	54	2000	873749	54	2061	900412	54	2290	1000292	54	2500	1092030	54	2519	1100304	54	2740	1200030	54	2965	1300280	54	3000	1315513	54	3194	1400218	54	3424	1500366	54	3500	1533440	54	3653	1600178	54	3882	1700241	54	4000	1751890	54	4111	1800330	54	4339	1900151	54	4500	1970667	54	4567	2000127	54	4796	2100219	54	5000	2189392	54	5025	2200295	54	5254	2300075	54	5483	2400023	54	5500	2407458	54	5712	2500425	54	
261	100341	49	500	191966	49	521	200076	49	781	300387	49	1000	387313	49	1034	400329	49	1294	500183	49	1500	579197	49	1555	600366	49	1814	700179	49	2000	771650	49	2074	800188	49	2335	900381	49	2500	964315	49	2592	1000132	49	2852	1100269	49	3000	1157039	49	3111	1200289	49	3371	1300179	49	3500	1349763	49	3632	1400343	49	3892	1500324	49	4000	1541881	49	4152	1600242	49	4413	1700354	49	4500	1733727	49	4673	1800088	49	4933	1900138	49	5000	1925823	49	5193	2000249	49	5453	2100144	49	5500	2118302	49	5713	2200084	49	5974	2300388	49	6000	2310324	49	6234	2400107	49	6494	2500053	49	
230	100336	49	459	200180	48	500	218019	48	689	300310	48	918	400325	48	1000	436065	48	1147	500085	48	1377	600259	48	1500	653857	48	1606	700301	48	1835	800198	48	2000	872331	48	2064	900306	48	2294	1000328	48	2500	1090799	48	2521	1100130	48	2749	1200062	48	2979	1300218	48	3000	1309408	48	3208	1400021	47	3437	1500179	47	3500	1527616	47	3666	1600316	47	3895	1700343	47	4000	1746179	47	4124	1800089	47	4352	1900033	47	4500	1964752	47	4581	2000194	47	4810	2100247	47	5000	2182934	47	5040	2200370	47	5269	2300277	47	5498	2400109	47	5500	2401008	47	5722	2500329	47	
250	100335	44	499	200212	44	500	200622	44	748	300414	44	997	400375	44	1000	401596	44	1247	500193	44	1497	600343	44	1500	601549	44	1747	700350	44	1996	800054	44	2000	801676	44	2246	900173	44	2495	1000218	44	2500	1002221	44	2745	1100337	44	2994	1200019	44	3000	1202439	44	3244	1300197	44	3494	1400315	44	3500	1402727	44	3743	1500388	44	3984	1600110	44	4000	1606628	44	4232	1700077	44	4482	1800021	44	4500	1807267	44	4732	1900348	44	4982	2000364	44	5000	2007798	44	5229	2100049	44	5479	2200119	44	5500	2208476	44	5729	2300055	44	5979	2400051	44	6000	2408475	44	6229	2500021	44	
235	100086	54	471	200384	54	500	212782	54	706	300126	54	940	400024	54	1000	425504	54	1176	500228	54	1411	600380	54	1500	638281	54	1640	700135	54	1876	800433	53	2000	852998	52	2111	900333	52	2348	1000426	52	2500	1064649	52	2584	1100210	52	2820	1200379	52	3000	1276638	52	3056	1300382	52	3292	1400413	52	3500	1488393	52	3528	1500266	52	3765	1600433	52	4000	1699793	52	4001	1700236	52	4236	1800252	52	4471	1900024	52	4500	1912354	52	4708	2000437	52	4945	2100440	52	5000	2123703	52	5181	2200416	52	5416	2300066	52	5500	2335664	52	5652	2400275	52	5887	2500029	52	
237	100297	45	473	200087	43	500	211491	43	710	300287	43	947	400411	43	1000	422777	43	1182	500034	43	1420	600329	43	1500	634264	43	1655	700118	43	1892	800228	43	2000	845852	43	2129	900354	43	2363	1000127	43	2500	1058438	43	2598	1100195	43	2833	1200191	43	3000	1270890	43	3069	1300126	43	3306	1400326	43	3500	1482974	43	3540	1500055	43	3777	1600054	43	4000	1693873	43	4015	1700213	43	4252	1800216	43	4488	1900225	43	4500	1905294	43	4725	2000182	43	4961	2100091	43	5000	2116530	43	5197	2200227	43	5433	2300233	43	5500	2328431	43	5670	2400054	43	5907	2500147	43	
282	100214	46	500	177755	46	563	200253	46	844	300335	46	1000	355609	46	1125	400383	46	1407	500379	46	1500	533153	46	1689	600126	46	1972	700157	46	2000	710157	46	2254	800357	46	2500	887768	46	2535	900206	46	2817	1000347	46	3000	1065327	46	3099	1100292	46	3367	1200069	46	3500	1247206	46	3649	1300037	46	3931	1400161	46	4000	1424657	46	4213	1500331	46	4495	1600027	46	4500	1601828	46	4777	1700049	46	5000	1778847	46	5060	1800174	46	5337	1900362	46	5500	1958587	46	5617	2000206	46	5900	2100216	46	6000	2135645	46	6182	2200100	46	6465	2300098	46	6500	2312540	46	6746	2400351	46	7000	2490464	46	7028	2500368	46	
251	100199	48	500	199886	46	501	200304	46	751	300088	46	1000	399697	46	1001	400126	46	1251	500020	46	1500	599961	46	1501	600378	46	1751	700258	46	2000	799958	46	2001	800377	46	2251	900130	46	2498	1000186	46	2500	1000988	46	2747	1100044	46	2997	1200329	46	3000	1201535	46	3248	1300384	46	3496	1400160	46	3500	1401770	46	3746	1500056	46	3997	1600120	46	4000	1601327	46	4248	1700316	46	4498	1800245	46	4500	1801060	46	4748	1900136	46	4999	2000335	46	5000	2000738	46	5248	2100039	46	5499	2200146	46	5500	2200554	46	5750	2300196	46	6000	2400067	46	6000	2400090	46	6251	2500334	46	
259	100322	41	500	193957	40	516	200111	40	777	300051	40	1000	385421	40	1039	400370	40	1300	500236	40	1500	576520	40	1562	600196	40	1824	700229	40	2000	767577	40	2086	800386	40	2347	900134	40	2500	958735	40	2608	1000208	40	2869	1100024	40	3000	1150227	40	3131	1200365	40	3391	1300120	40	3500	1341883	40	3652	1400312	40	3912	1500306	40	4000	1533932	40	4173	1600226	40	4433	1700036	40	4500	1725722	40	4693	1800325	40	4952	1900365	40	5000	1918781	40	5213	2000332	40	5474	2100163	40	5500	2110164	40	5734	2200326	40	5994	2300209	40	6000	2302514	40	6254	2400244	40	6500	2494536	40	6515	2500294	40	
273	100334	49	500	184140	46	544	200352	46	815	300066	46	1000	368279	46	1087	400330	46	1360	500304	46	1500	551528	46	1633	600292	46	1905	700144	46	2000	735126	46	2177	800134	46	2450	900110	46	2500	918447	46	2723	1000384	46	2993	1100359	46	3000	1102935	46	3263	1200114	46	3500	1287120	46	3536	1300307	46	3808	1400149	46	4000	1470562	46	4081	1500254	46	4353	1600078	46	4500	1654248	46	4625	1700181	46	4897	1800055	46	5000	1838021	46	5169	1900211	46	5439	2000301	46	5500	2022840	46	5711	2100342	46	5984	2200347	46	6000	2206416	46	6249	2300353	46	6500	2392747	46	6520	2400142	46	6793	2500323	46	
242	100153	47	484	200350	47	500	206991	47	726	300346	46	968	400269	46	1000	413475	46	1210	500086	46	1449	600162	46	1500	621121	46	1692	700214	46	1935	800413	46	2000	827168	46	2177	900354	46	2419	1000319	46	2500	1033777	46	2661	1100108	46	2903	1200149	46	3000	1240700	46	3143	1300115	46	3380	1400135	46	3500	1449766	46	3622	1500168	46	3864	1600123	46	4000	1656220	46	4106	1700156	46	4348	1800326	46	4500	1862932	46	4590	1900156	46	4832	2000027	46	5000	2069274	46	5075	2100232	46	5318	2200244	46	5500	2275280	46	5560	2300102	46	5802	2400198	46	6000	2481689	46	6045	2500319	46	
272	100219	43	500	184387	43	543	200197	43	814	300378	43	1000	368803	43	1085	400289	43	1348	500329	43	1500	556371	43	1619	600136	43	1890	700165	43	2000	740767	43	2161	800268	43	2431	900117	43	2500	925562	43	2702	1000159	43	2973	1100032	43	3000	1110065	43	3244	1200353	43	3500	1294521	43	3515	1300056	43	3787	1400176	43	4000	1478817	43	4058	1500216	43	4329	1600305	43	4500	1663836	43	4597	1700071	43	4867	1800324	43	5000	1849536	43	5137	1900026	43	5408	2000375	43	5500	2034293	43	5679	2100285	43	5950	2200248	43	6000	2218663	43	6221	2300270	43	6492	2400270	43	6500	2403242	43	6761	2500204	43	
263	100392	48	500	190486	48	525	200064	48	787	300063	46	1000	381405	46	1050	400383	46	1312	500062	46	1500	572156	45	1574	600286	45	1836	700064	45	2000	762553	45	2098	800203	45	2359	900311	45	2500	953872	45	2622	1000227	45	2884	1100287	45	3000	1145813	45	3143	1200155	45	3405	1300110	45	3500	1336392	45	3668	1400275	45	3930	1500052	45	4000	1526828	45	4192	1600144	45	4455	1700337	45	4500	1717616	45	4716	1800032	45	4980	1900345	45	5000	1907935	45	5242	2000325	45	5500	2098613	45	5504	2100137	45	5767	2200179	45	6000	2288954	45	6029	2300082	45	6293	2400262	45	6500	2478768	45	6557	2500368	45	
250	100023	50	500	200286	47	500	200308	47	749	300222	46	998	400183	46	1000	400998	46	1248	500197	46	1498	600322	46	1500	601123	46	1748	700304	46	1997	800028	46	2000	801234	46	2248	900173	46	2498	1000195	46	2500	1001007	46	2748	1100415	46	2997	1200309	46	3000	1201530	46	3247	1300330	46	3496	1400039	46	3500	1401655	46	3746	1500170	46	3996	1600043	46	4000	1601652	46	4242	1700280	46	4490	1800132	46	4500	1804118	46	4741	1900352	46	4991	2000359	46	5000	2003972	46	5240	2100269	46	5489	2200109	46	5500	2204548	46	5739	2300028	46	5990	2400342	46	6000	2404339	46	6240	2500133	46	
270	100068	46	500	185299	46	540	200043	43	809	300039	43	1000	370472	43	1080	400223	43	1350	500197	43	1500	556092	43	1619	600335	43	1888	700071	43	2000	741605	43	2151	800104	43	2419	900033	43	2500	929942	43	2689	1000023	43	2960	1100304	43	3000	1115053	43	3230	1200261	43	3500	1300282	43	3500	1300302	43	3768	1400086	43	4000	1487192	43	4034	1500103	43	4301	1600260	43	4500	1674909	43	4568	1700396	43	4835	1800166	43	5000	1861322	43	5105	1900258	43	5375	2000204	43	5500	2046349	43	5645	2100075	43	5916	2200246	43	6000	2231501	43	6186	2300330	43	6456	2400073	43	6500	2416327	43	6727	2500262	43	
243	100074	54	486	200337	54	500	206167	54	728	300191	52	970	400070	51	1000	412506	51	1212	500192	51	1454	600103	51	1500	619017	51	1696	700070	51	1939	800365	51	2000	825490	51	2181	900338	51	2423	1000337	51	2500	1032288	51	2664	1100333	51	2906	1200192	51	3000	1238883	51	3148	1300025	51	3391	1400217	51	3500	1445301	51	3633	1500160	51	3876	1600287	51	4000	1651621	51	4117	1700185	51	4359	1800076	51	4500	1858301	51	4601	1900084	51	4843	2000043	51	5000	2064911	51	5085	2100243	51	5327	2200263	49	5500	2272117	49	5568	2300245	49	5810	2400447	49	6000	2478675	49	6052	2500141	49	
90	101032	337	179	200790	337	268	300114	337	358	400743	337	447	500211	337	500	559530	337	537	601067	337	625	700086	337	715	800756	337	804	900779	313	893	1000746	313	981	1100157	313	1000	1121675	313	1070	1200331	313	1159	1300680	313	1247	1400234	313	1336	1500338	313	1425	1600523	313	1500	1684887	313	1514	1700672	313	1603	1800664	313	1691	1900405	313	1779	2001118	313	1867	2101163	313	1955	2200318	313	2000	2251334	313	2044	2300753	313	2132	2400069	313	2222	2501155	313	
78	100956	351	155	200118	351	233	300835	351	310	400122	351	388	501186	351	464	600154	351	500	646965	351	541	700256	351	619	801075	351	696	900483	351	774	1000826	351	850	1100744	351	927	1201280	351	1000	1295429	351	1004	1300682	351	1081	1400123	351	1159	1500598	351	1237	1601352	351	1314	1700587	351	1392	1801115	351	1469	1900446	351	1500	1940570	351	1546	2000901	351	1623	2100446	351	1700	2200442	351	1777	2300441	351	1855	2401330	351	1932	2501067	351	
80	100501	339	158	200190	339	238	300372	339	318	400285	339	398	500594	339	478	600313	339	500	627744	339	558	700360	339	638	800735	339	718	900932	339	798	1000743	339	877	1101315	339	956	1200265	339	1000	1255397	339	1036	1300365	339	1116	1400086	339	1197	1501324	339	1276	1600166	339	1356	1700638	339	1436	1800686	339	1500	1880587	339	1516	1900606	339	1596	2000516	339	1676	2100534	339	1756	2200693	339	1836	2301063	339	1915	2400098	339	1996	2501214	339	
87	100578	325	173	201208	272	258	300610	272	344	400566	272	430	500555	272	500	582197	272	516	600870	272	601	700350	272	687	800933	272	772	900207	272	858	1000472	272	944	1100967	272	1000	1166641	272	1029	1200428	272	1115	1300254	272	1201	1401089	272	1286	1500236	272	1372	1601001	272	1457	1700422	272	1500	1750808	272	1542	1800134	272	1628	1900303	272	1714	2000637	272	1800	2100911	272	1885	2200388	272	1969	2300309	272	2000	2337041	272	2054	2400524	272	2140	2500857	272	
85	100797	355	169	200658	355	254	301113	355	338	400654	355	422	500569	355	500	593412	355	506	600602	355	590	700399	355	675	800916	355	759	900387	355	844	1000999	355	928	1100366	355	1000	1185817	355	1012	1200131	355	1097	1300394	355	1180	1400279	355	1264	1500486	355	1348	1600080	355	1433	1700577	355	1500	1780014	319	1517	1800239	319	1601	1900395	319	1685	2000709	319	1769	2100696	319	1853	2200883	319	1937	2300909	319	2000	2375794	319	2021	2400781	319	2105	2500412	319	
79	100274	339	158	200676	339	237	300794	339	316	400977	339	394	501243	339	472	600858	339	500	636410	339	550	700140	339	630	801291	339	709	900849	339	788	1000792	339	867	1100881	339	945	1200326	339	1000	1269883	339	1024	1300263	339	1103	1400109	339	1183	1501243	339	1262	1601139	339	1341	1701313	339	1420	1800978	339	1499	1900815	339	1500	1902158	339	1578	2000919	339	1657	2101191	339	1736	2201108	339	1815	2301081	339	1894	2401032	339	1973	2501044	339	
87	100743	342	173	200421	302	259	300883	302	345	400730	302	431	500578	302	500	581142	302	517	601135	302	603	700996	302	689	800520	264	775	900387	264	861	1000512	264	946	1100331	264	1000	1163632	264	1032	1201083	264	1117	1300587	264	1203	1401179	264	1288	1500087	264	1375	1601037	264	1460	1700223	264	1500	1747169	264	1546	1800882	264	1632	1901157	264	1717	2000461	264	1803	2100402	264	1889	2200523	264	1975	2300683	264	2000	2329915	264	2061	2400621	264	2147	2500380	264	
91	100633	345	181	200114	345	272	300720	345	362	400071	345	453	500698	345	500	552583	345	544	601011	345	634	700403	345	725	800494	345	816	900928	345	907	1001109	345	997	1100864	345	1000	1104242	345	1087	1200386	345	1178	1300542	345	1269	1400731	345	1360	1501156	345	1449	1600160	345	1500	1656439	345	1538	1700294	345	1629	1800469	345	1720	1900806	345	1810	2000088	345	1901	2100540	345	1992	2200837	345	2000	2209758	345	2082	2300146	345	2173	2400576	316	2263	2500128	316	
85	100498	369	170	200809	369	255	300635	369	340	400321	369	425	500086	369	500	588347	369	510	600079	369	595	700151	369	679	800283	369	764	901100	369	848	1000884	369	933	1100679	369	1000	1179397	369	1018	1200603	369	1103	1300614	369	1188	1400424	369	1274	1501223	369	1359	1600983	369	1444	1701082	369	1500	1766899	369	1529	1801007	369	1614	1901241	369	1699	2001004	369	1783	2100137	369	1868	2200161	369	1954	2301220	369	2000	2355171	369	2039	2400877	369	2124	2500485	369	
84	100352	358	168	200616	358	252	300732	358	336	400602	358	420	501237	358	500	597395	358	503	601029	358	586	700091	358	670	800429	358	754	900605	358	838	1000846	358	922	1100844	358	1000	1193826	358	1006	1200998	358	1089	1300436	358	1173	1400263	358	1257	1500227	358	1341	1600243	358	1424	1700296	358	1500	1791244	358	1508	1800903	358	1592	1900913	358	1676	2000904	358	1760	2101128	358	1843	2200508	358	1927	2301252	358	2000	2388335	358	2010	2400408	358	2094	2500848	358	
87	101103	376	173	200691	376	259	300287	376	346	401205	376	432	500973	376	500	579803	376	518	600685	376	604	700629	376	691	801147	376	777	900742	376	863	1000337	376	949	1100107	376	1000	1159181	308	1036	1201140	308	1121	1300170	308	1207	1400329	308	1293	1500407	308	1379	1600924	308	1465	1700836	308	1500	1741603	308	1551	1800978	308	1637	1900966	308	1721	2000513	308	1806	2100473	308	1892	2200727	308	1978	2300891	308	2000	2326821	308	2063	2400155	308	2149	2500623	308	
83	100700	333	166	201258	333	247	300104	333	330	400865	333	411	500153	333	493	600658	333	500	609317	333	575	700276	333	658	800985	333	740	900681	333	822	1000349	333	903	1100260	333	985	1200333	333	1000	1218653	333	1068	1300993	333	1151	1401268	333	1233	1500733	333	1315	1600611	333	1397	1700314	333	1479	1800169	333	1500	1825830	333	1562	1900866	333	1644	2000245	333	1726	2100128	333	1809	2201031	333	1891	2300504	333	1974	2401221	333	2000	2432841	333	2056	2500976	333	
87	100609	357	172	201125	357	257	300964	357	343	400579	357	429	500127	357	500	582310	357	516	600870	357	601	700446	357	687	800472	357	773	900328	357	860	1001026	357	946	1100575	357	1000	1162947	357	1032	1200095	357	1119	1300578	357	1206	1401099	357	1292	1500506	357	1378	1600088	357	1465	1700804	357	1500	1741129	357	1551	1800113	357	1638	1900622	357	1724	2000173	357	1811	2101011	357	1897	2200804	357	1983	2300517	357	2000	2320405	357	2069	2400193	357	2156	2500789	357	
88	100100	337	177	201154	337	265	300822	337	353	400919	337	441	501049	337	500	568095	337	529	600993	337	616	700119	337	704	800304	337	792	900583	337	880	1000532	337	968	1100364	337	1000	1136885	337	1056	1200288	337	1144	1300103	337	1232	1400144	337	1321	1501208	337	1409	1600943	337	1497	1700886	337	1500	1704352	337	1585	1800488	337	1673	1900443	337	1761	2000843	337	1849	2101124	337	1936	2200155	337	2000	2272621	337	2023	2300260	337	2111	2400938	337	2199	2500810	337	
90	100412	349	179	200276	349	269	300840	349	358	400168	349	448	501079	349	500	559190	349	537	600512	349	627	701031	349	716	800496	349	802	900854	349	891	1000725	349	980	1100114	349	1000	1122442	349	1070	1200435	349	1159	1300150	349	1247	1400121	349	1337	1500941	349	1426	1600757	349	1500	1683633	349	1515	1700364	349	1605	1800983	349	1694	1900373	349	1783	2000144	349	1873	2100561	349	1963	2200966	349	2000	2242186	349	2052	2300189	349	2142	2400802	349	2231	2500269	349	
83	100730	355	165	200523	314	247	300899	314	329	400659	314	406	500837	314	488	601285	314	500	615982	314	569	700195	314	651	800528	314	733	900697	314	815	1000907	314	897	1101037	314	978	1200193	314	1000	1227127	314	1060	1300573	314	1142	1401046	314	1224	1501273	314	1305	1600246	281	1387	1700733	281	1469	1801206	281	1500	1839217	281	1550	1900483	281	1632	2001048	281	1713	2100247	281	1795	2201281	281	1876	2300432	281	1958	2401262	281	2000	2452850	281	2039	2500740	281	
88	101041	349	175	200918	349	262	300725	349	349	400845	349	436	501160	349	500	575064	349	522	600507	349	609	700897	349	695	800105	349	782	900761	349	869	1001024	349	956	1100930	349	1000	1151404	349	1043	1200897	349	1130	1300796	349	1216	1400138	349	1303	1500377	349	1390	1601120	349	1476	1700227	349	1500	1727917	349	1563	1800320	349	1650	1900684	349	1737	2000912	349	1824	2101114	349	1911	2201179	349	1997	2300326	349	2000	2303875	349	2084	2401166	349	2170	2500360	349	
88	100915	375	175	200699	375	262	300372	375	350	400731	375	437	500428	375	500	572599	375	524	600119	375	612	700848	375	698	800303	375	785	900966	375	872	1000701	375	959	1100413	375	1000	1147368	375	1047	1201025	375	1134	1300431	375	1222	1400689	375	1309	1500700	375	1396	1600122	375	1482	1700375	375	1500	1721326	375	1568	1800089	375	1656	1900743	375	1743	2000599	375	1830	2100085	375	1918	2200519	375	2000	2294318	375	2005	2300130	375	2093	2400567	375	2181	2501128	375	
89	100434	332	178	201000	332	266	301040	332	354	400508	332	442	500484	332	500	566687	332	530	600963	332	618	701098	332	704	800152	332	793	900918	332	881	1000393	332	970	1100998	332	1000	1134927	332	1058	1200574	332	1147	1300658	332	1236	1400916	332	1325	1501007	332	1414	1601005	332	1500	1697726	332	1503	1701182	332	1591	1800176	332	1680	1900393	285	1768	2000288	285	1857	2100656	285	1946	2200883	285	2000	2261825	285	2034	2300132	285	2123	2400821	285	2211	2500387	285	
93	100240	340	186	200297	340	279	300396	340	372	400774	340	464	500212	340	500	538979	309	557	600821	309	649	700280	309	742	800211	309	835	901162	309	927	1000335	309	1000	1079301	309	1020	1100991	309	1113	1201071	309	1205	1300074	309	1298	1400744	309	1390	1500205	309	1483	1600536	309	1500	1618831	309	1576	1700621	309	1669	1800676	309	1762	1900941	309	1854	2000303	309	1947	2100753	309	2000	2157872	309	2039	2200376	309	2132	2301110	309	2224	2400619	309	2317	2501037	309	
18	100472	1669	36	200941	1669	54	301205	1669	72	401490	1669	90	501805	1669	108	602347	1669	126	702866	1669	144	803388	1669	162	903611	1669	180	1003912	1669	198	1104256	1669	216	1204657	1669	234	1304989	1669	252	1405811	1669	269	1500579	1669	287	1600844	1669	305	1700961	1669	323	1801032	1669	341	1901681	1669	358	2003493	1669	376	2103977	1669	394	2204060	1669	412	2304569	1669	430	2404926	1669	448	2505539	1669	
19	104956	1769	37	203790	1769	55	303025	1769	73	401866	1769	91	500903	1769	110	605692	1769	128	704687	1769	146	803734	1769	164	902750	1769	182	1003562	1769	200	1102890	1769	218	1201863	1769	236	1300764	1769	255	1405117	1769	273	1504204	1769	291	1603216	1769	309	1702109	1769	327	1801236	1769	346	1905641	1769	364	2004518	1769	382	2103514	1769	400	2202318	1769	418	2301736	1769	436	2400905	1769	455	2505291	1769	
19	105873	1800	37	204057	1800	55	301757	1800	74	405262	1800	92	503514	1800	110	601845	1800	129	705235	1800	147	803079	1800	165	900995	1800	184	1004366	1800	202	1102305	1800	220	1200992	1800	239	1304434	1800	257	1402471	1800	275	1500754	1800	294	1604368	1800	312	1702369	1800	330	1800507	1800	349	1903821	1800	367	2001812	1800	386	2105344	1800	404	2203457	1800	422	2301736	1800	441	2405393	1800	459	2503661	1800	
19	103252	1759	37	200864	1759	56	304511	1759	74	402084	1759	92	501006	1759	111	604135	1759	129	701929	1759	148	804920	1759	166	902510	1759	185	1005742	1759	203	1103418	1759	221	1201483	1759	240	1304787	1759	258	1402891	1759	276	1500614	1759	295	1603866	1759	313	1701882	1759	332	1805133	1759	350	1902704	1759	368	2000502	1759	386	2101020	1759	405	2204363	1759	423	2302212	1759	442	2405696	1759	460	2503922	1759	
19	104912	1726	37	204019	1726	55	302802	1726	73	401888	1726	91	501285	1726	109	600516	1726	128	705313	1726	146	804505	1726	164	903818	1726	182	1002911	1726	200	1104380	1726	218	1204675	1726	236	1304366	1726	254	1403604	1726	272	1502793	1726	290	1602010	1726	308	1701214	1726	326	1800917	1726	345	1905538	1726	363	2004964	1726	381	2104237	1726	399	2203228	1726	417	2302425	1726	435	2401460	1726	453	2501201	1726	
19	103582	1758	37	204327	1758	55	302653	1758	73	401253	1758	92	504946	1758	110	603009	1758	128	701469	1758	147	805086	1758	165	903216	1758	183	1001246	1758	202	1104828	1758	220	1202634	1758	238	1300800	1758	257	1404776	1758	275	1503028	1758	293	1601154	1758	312	1704745	1758	330	1802802	1758	348	1901218	1758	367	2004699	1758	385	2102835	1758	403	2200698	1758	422	2304334	1758	440	2402975	1758	458	2501638	1758	
19	103400	1712	37	201357	1712	56	304684	1712	74	402333	1712	93	505454	1712	111	603157	1712	129	701228	1712	148	804629	1712	166	902772	1712	184	1000477	1712	203	1103632	1712	221	1201453	1712	240	1304493	1712	258	1402329	1712	277	1505670	1712	295	1603707	1712	313	1701594	1712	332	1804989	1712	350	1903170	1712	368	2001103	1712	387	2104529	1712	405	2204457	1712	423	2302369	1712	441	2404022	1712	459	2501926	1712	
19	103846	1712	37	202190	1712	55	300768	1712	74	404742	1712	92	502833	1712	110	601131	1712	129	705115	1712	147	803269	1712	165	901783	1712	184	1005581	1712	202	1104152	1712	220	1205044	1712	238	1304556	1712	256	1403267	1712	274	1501602	1712	293	1605415	1712	311	1704707	1712	329	1802927	1712	347	1901186	1712	366	2004865	1712	384	2103065	1712	402	2201826	1712	420	2300468	1712	439	2404295	1712	457	2502697	1712	
19	105709	1743	37	205425	1743	54	302635	1743	72	402191	1743	90	501763	1743	108	601427	1743	126	700788	1743	144	800618	1743	163	905859	1743	181	1005487	1743	199	1105496	1743	217	1205149	1743	235	1304677	1743	253	1404142	1743	271	1503745	1743	289	1603635	1743	307	1703237	1743	325	1802694	1743	343	1902297	1743	361	2001870	1743	379	2102045	1743	397	2201627	1743	415	2301333	1743	433	2400981	1743	451	2500718	1743	
18	101094	1684	36	201076	1684	54	300803	1684	72	400472	1684	91	505375	1684	109	604933	1684	127	704747	1684	145	804614	1684	163	904495	1684	181	1004364	1684	199	1104212	1684	217	1203739	1684	235	1303374	1684	253	1403105	1684	271	1502673	1684	289	1602216	1684	307	1701641	1684	325	1801450	1684	343	1900946	1684	362	2005770	1684	380	2105862	1684	397	2200517	1684	415	2302385	1684	433	2402797	1684	451	2502177	1684	
19	101953	1705	38	203848	1705	56	300480	1705	75	402129	1705	94	503853	1705	113	605781	1705	131	702320	1705	150	804505	1705	168	901130	1705	187	1003127	1705	206	1105332	1705	224	1202003	1705	243	1303715	1705	261	1403102	1705	280	1505569	1705	298	1602297	1705	317	1703989	1705	335	1800768	1705	354	1902763	1705	373	2005176	1705	391	2101932	1705	410	2204307	1705	428	2300866	1705	447	2402628	1705	466	2504530	1705	
20	103041	1778	39	200784	1778	59	303552	1778	78	402669	1778	97	501134	1778	117	604383	1778	136	702102	1778	156	804901	1778	175	902421	1778	195	1005264	1778	214	1102939	1778	233	1200617	1778	253	1303674	1778	272	1401375	1778	292	1504195	1778	311	1602013	1778	331	1704894	1778	350	1802750	1778	369	1900548	1778	389	2003721	1778	408	2101694	1778	428	2204446	1778	447	2302145	1778	467	2405146	1778	486	2502903	1778	
19	103595	1776	37	201699	1776	56	304918	1776	74	403006	1776	92	501254	1776	111	605091	1776	129	703148	1776	147	801095	1776	166	904853	1776	184	1002934	1776	202	1100966	1776	221	1204745	1776	239	1302466	1776	257	1400462	1776	276	1504203	1776	294	1602320	1776	313	1705756	1776	331	1803898	1776	349	1902319	1776	367	2001775	1776	386	2105337	1776	404	2203157	1776	422	2301052	1776	441	2404632	1776	459	2505263	1776	
19	101427	1737	38	202868	1737	57	303925	1737	76	405128	1737	94	500961	1737	113	602442	1737	132	703647	1737	151	805267	1737	169	901273	1737	188	1002101	1737	207	1103258	1737	226	1204202	1737	245	1305269	1737	263	1401064	1737	282	1504382	1737	300	1600599	1737	319	1701676	1737	338	1803084	1737	357	1904450	1737	376	2005467	1737	394	2100926	1737	413	2201951	1737	432	2303165	1737	451	2404459	1737	469	2500746	1737	
20	104539	1742	39	203628	1742	58	302847	1742	77	401741	1742	96	500693	1742	115	602702	1742	134	702192	1742	153	801530	1742	172	900559	1742	192	1005077	1742	211	1104201	1742	230	1203057	1742	249	1302322	1742	268	1401769	1742	287	1500959	1742	307	1605124	1742	326	1704568	1742	345	1804416	1742	364	1904046	1742	383	2003208	1742	402	2102648	1742	421	2201915	1742	440	2301304	1742	459	2400624	1742	479	2504962	1742	
20	104262	1764	39	203472	1764	58	302711	1764	77	402430	1764	96	501812	1764	115	600769	1764	135	704983	1764	154	804181	1764	173	902995	1764	192	1002053	1764	211	1100862	1764	231	1205015	1764	250	1303845	1764	269	1403090	1764	288	1502412	1764	307	1601892	1764	326	1700900	1764	346	1805273	1764	365	1904116	1764	384	2003014	1764	403	2102341	1764	422	2201211	1764	442	2305431	1764	461	2404626	1764	480	2503316	1764	
20	102063	1725	40	204169	1725	59	301033	1725	79	402971	1725	99	505062	1725	118	601927	1725	138	704125	1725	157	801282	1725	177	903241	1725	197	1005158	1725	216	1102110	1725	236	1203850	1725	255	1300781	1725	275	1402857	1725	295	1505183	1725	314	1604107	1725	333	1702413	1725	353	1804661	1725	372	1901580	1725	392	2003480	1725	412	2105184	1725	431	2202294	1725	451	2304241	1725	470	2401314	1725	490	2503269	1725	
20	105437	1716	39	205296	1716	58	305229	1716	77	405368	1716	96	505565	1716	115	605550	1716	133	702926	1716	152	802959	1716	171	903232	1716	190	1003270	1716	209	1103171	1716	228	1203122	1716	247	1303065	1716	266	1402984	1716	285	1503377	1716	304	1603719	1716	323	1703751	1716	342	1803776	1716	361	1903599	1716	380	2003592	1716	399	2103751	1716	418	2203991	1716	437	2304047	1716	456	2403899	1716	475	2504310	1716	
20	103022	1725	39	200643	1725	59	303237	1725	78	400855	1725	98	503475	1725	117	601263	1725	137	705093	1725	156	802716	1725	176	905416	1725	195	1003287	1725	214	1100543	1725	234	1203012	1725	253	1300458	1725	273	1403816	1725	292	1502464	1725	311	1603414	1725	330	1701020	1725	350	1803778	1725	369	1901443	1725	389	2004344	1725	408	2102267	1725	428	2204859	1725	447	2302805	1725	467	2405393	1725	486	2503147	1725	
20	102580	1715	40	204551	1715	59	301600	1715	79	403638	1715	98	500881	1715	118	603329	1715	137	700884	1715	157	803213	1715	176	900446	1715	196	1002860	1715	216	1105367	1715	235	1202555	1715	255	1305069	1715	274	1401918	1715	294	1504692	1715	313	1602044	1715	333	1704381	1715	351	1802639	1715	371	1905303	1715	390	2002925	1715	410	2105448	1715	429	2202612	1715	449	2305129	1715	468	2402280	1715	488	2504620	1715	
237	100261	141	466	200368	109	500	215236	107	694	300276	88	923	400402	77	1000	434000	77	1152	500419	74	1380	600185	68	1500	652719	65	1609	700393	65	1832	800123	63	2000	874145	63	2059	900097	63	2287	1000114	63	2500	1093341	63	2516	1100376	63	2744	1200393	63	2972	1300434	62	3000	1312698	62	3196	1400307	62	3424	1500230	59	3500	1533595	59	3652	1600055	59	3880	1700123	55	4000	1753062	47	4108	1800361	47	4336	1900040	47	4500	1971693	47	4565	2000052	47	4794	2100266	47	5000	2190625	47	5022	2200259	47	5250	2300182	47	5478	2400149	47	5500	2409751	47	5706	2500451	47	
244	100176	87	479	200068	69	500	208993	69	714	300057	69	950	400401	59	1000	421598	59	1185	500281	54	1420	600021	54	1500	634067	54	1655	700081	53	1891	800316	53	2000	846706	53	2125	900243	53	2359	1000082	53	2500	1060178	53	2594	1100181	53	2829	1200377	51	3000	1273439	51	3063	1300302	51	3298	1400269	51	3500	1486192	48	3533	1500263	48	3769	1600177	47	4000	1698752	47	4003	1700053	47	4238	1800048	47	4473	1900066	47	4500	1911573	47	4709	2000349	47	4944	2100379	47	5000	2124308	47	5178	2200087	47	5413	2300063	47	5500	2337011	47	5649	2400323	47	5883	2500140	47	
236	100065	104	463	200040	74	500	216334	72	691	300293	61	916	400102	53	1000	437261	51	1143	500109	51	1371	600317	47	1500	657069	47	1597	700190	47	1823	800082	45	2000	878066	45	2050	900091	45	2276	1000036	45	2500	1099265	45	2502	1100213	45	2728	1200432	45	2954	1300322	45	3000	1320683	45	3178	1400230	45	3405	1500225	45	3500	1542088	45	3632	1600307	45	3858	1700377	45	4000	1762929	45	4085	1800406	45	4311	1900133	45	4500	1983993	45	4534	2000319	45	4758	2100420	45	4984	2200291	45	5000	2207319	45	5211	2300433	45	5437	2400060	45	5500	2427753	45	5665	2500428	45	
240	100312	135	470	200441	97	500	213621	92	699	300225	92	928	400181	87	1000	431413	87	1158	500020	80	1388	600084	77	1500	648854	76	1618	700077	70	1848	800264	65	2000	866893	61	2076	900118	61	2305	1000421	61	2500	1085549	59	2531	1100268	59	2758	1200364	59	2986	1300045	59	3000	1306269	59	3215	1400026	56	3446	1500372	56	3500	1523824	56	3676	1600130	55	3906	1700278	55	4000	1741133	55	4135	1800270	55	4365	1900294	55	4500	1958964	55	4595	2000322	55	4825	2100284	55	5000	2176241	55	5055	2200187	55	5285	2300095	55	5500	2393578	55	5515	2400065	55	5746	2500161	52	
239	100428	115	467	200637	98	500	216304	98	691	300258	98	919	400092	95	1000	435713	90	1147	500263	86	1375	600170	86	1500	654543	73	1605	700356	73	1834	800421	70	2000	873073	70	2062	900248	70	2291	1000130	69	2500	1091105	69	2521	1100285	65	2750	1200302	65	2977	1300038	65	3000	1310126	65	3199	1400107	63	3428	1500027	62	3500	1531450	62	3658	1600393	62	3887	1700205	62	4000	1749564	62	4116	1800077	60	4344	1900062	58	4500	1968188	56	4573	2000074	56	4802	2100253	56	5000	2186585	54	5031	2200165	54	5260	2300094	54	5490	2400239	54	5500	2404636	54	5718	2500284	52	
232	100239	100	455	200195	64	500	220495	64	677	300061	64	900	400382	59	1000	445464	57	1122	500261	57	1344	600206	54	1500	670345	52	1566	700202	52	1788	800074	52	2000	895476	51	2011	900402	51	2232	1000261	50	2454	1100394	48	2500	1121103	48	2675	1200206	48	2897	1300056	48	3000	1346614	48	3119	1400036	48	3342	1500103	48	3500	1571031	48	3565	1600122	48	3788	1700307	47	4000	1795718	47	4010	1800246	47	4232	1900333	47	4453	2000292	47	4500	2021528	47	4674	2100230	47	4896	2200062	47	5000	2246852	47	5119	2300388	47	5323	2400056	47	5500	2479608	47	5546	2500422	47	
233	100059	161	458	200409	137	500	219149	137	682	300386	136	906	400253	111	1000	442377	100	1130	500214	98	1355	600439	98	1500	664993	98	1579	700320	98	1803	800284	96	2000	888179	96	2027	900181	92	2251	1000222	90	2474	1100034	90	2500	1111557	90	2698	1200277	90	2922	1300084	88	3000	1335151	88	3145	1400045	88	3364	1500387	88	3500	1560829	88	3588	1600266	88	3812	1700179	88	4000	1783937	86	4036	1800025	86	4261	1900245	86	4485	2000267	86	4500	2007022	86	4709	2100401	86	4933	2200063	81	5000	2229921	81	5157	2300231	81	5381	2400249	81	5500	2453159	79	5605	2500125	79	
231	100207	118	455	200397	88	500	220518	88	678	300395	82	902	400321	77	1000	443945	77	1126	500047	74	1346	600273	74	1500	668835	74	1570	700080	74	1794	800032	72	2000	892356	68	2018	900409	68	2242	1000287	60	2465	1100021	59	2500	1115621	58	2689	1200424	55	2910	1300051	55	3000	1340363	55	3134	1400055	55	3359	1500320	55	3500	1563319	55	3581	1600190	55	3805	1700208	55	4000	1787418	55	4029	1800333	55	4252	1900467	55	4476	2000095	55	4500	2010833	55	4701	2100194	55	4926	2200295	55	5000	2233170	55	5151	2300444	55	5375	2400447	55	5500	2455935	55	5599	2500021	55	
236	100156	138	463	200033	115	500	216463	115	690	300356	112	916	400126	100	1000	436908	96	1145	500116	92	1375	600163	83	1500	654467	79	1605	700215	79	1834	800421	75	2000	872794	75	2063	900184	75	2292	1000212	73	2500	1090990	71	2521	1100169	71	2750	1200292	71	2979	1300371	71	3000	1309514	71	3208	1400381	71	3436	1500102	71	3500	1528039	71	3665	1600291	70	3894	1700067	70	4000	1746505	70	4123	1800438	70	4351	1900322	70	4500	1965143	70	4580	2000201	70	4808	2100040	70	5000	2184058	70	5037	2200143	70	5266	2300031	70	5496	2400301	70	5500	2402079	70	5725	2500060	70	
231	100142	190	455	200371	140	500	220626	123	677	300100	120	901	400425	108	1000	445520	108	1122	500382	107	1344	600106	102	1500	670805	102	1564	700203	102	1784	800345	99	2000	896829	78	2008	900416	78	2230	1000297	70	2451	1100043	63	2500	1122036	63	2674	1200258	63	2897	1300432	61	3000	1346633	60	3119	1400051	60	3342	1500144	60	3500	1570982	60	3565	1600209	60	3788	1700364	58	4000	1797438	58	4006	1800186	58	4227	1900174	58	4451	2000358	58	4500	2022380	58	4673	2100124	58	4895	2200030	56	5000	2247541	56	5118	2300341	56	5341	2400268	56	5500	2471747	56	5563	2500113	56	
77	100613	5693	154	201148	1791	225	300663	1408	296	400350	1366	368	501314	1366	439	601434	1366	500	686865	1338	510	701105	1338	581	800961	1309	650	900134	1309	721	1000547	1309	792	1100484	1281	863	1201055	1247	932	1301034	1247	1000	1396942	1247	1003	1401288	1247	1074	1501296	1247	1145	1601146	1221	1216	1701322	1190	1286	1800184	1190	1357	1900452	1190	1428	2000462	1190	1499	2100452	1190	1500	2101978	1190	1570	2201457	1190	1640	2300190	1153	1712	2401501	1153	1783	2501460	1153	
79	100519	5532	158	201184	1717	231	300634	1328	304	401292	1328	376	500239	1306	449	600216	1234	500	670704	1234	522	701301	1234	594	800343	1234	667	900663	1197	740	1000627	1197	813	1100666	1197	886	1201232	1197	958	1300431	1197	1000	1358005	1197	1031	1400442	1197	1104	1500695	1197	1177	1600469	1197	1250	1700497	1170	1323	1801050	1170	1395	1900789	1170	1467	2000342	1142	1500	2045759	1112	1540	2100894	1112	1612	2200186	1112	1685	2301301	1112	1757	2401007	1112	1829	2500540	1112	
79	100464	5695	158	201009	1731	231	301067	1100	303	401213	1040	375	500737	957	448	601418	934	500	673242	903	520	700837	903	592	800393	877	664	900432	877	736	1000733	877	808	1100327	877	880	1200146	877	953	1301232	877	1000	1366712	877	1025	1401382	877	1097	1500988	877	1169	1600648	877	1242	1701420	853	1314	1801065	853	1386	1900124	853	1459	2001191	853	1500	2058296	853	1529	2100273	853	1602	2201473	853	1674	2301314	853	1746	2400973	853	1818	2500675	853	
78	101231	5655	155	200818	1707	227	301420	1285	298	400943	1256	369	500595	1187	440	600923	1187	500	685859	1187	510	700362	1187	581	800294	1187	653	901324	1187	724	1001273	1187	795	1101468	1155	864	1201389	1155	934	1300744	1155	1000	1393642	1155	1005	1400839	1155	1076	1501188	1095	1147	1600754	1095	1218	1700331	1095	1289	1800109	1095	1361	1901392	1095	1432	2001209	1095	1500	2096667	1095	1503	2100943	1095	1574	2200690	1095	1645	2300320	1095	1716	2400194	1095	1787	2500423	1095	
78	100889	5917	155	200247	1834	226	300804	1425	297	400239	1388	368	500749	1388	439	600841	1361	500	686833	1322	510	700904	1322	581	800750	1322	652	900975	1322	723	1001111	1322	793	1100522	1290	864	1200139	1225	936	1301102	1194	1000	1390428	1194	1007	1400279	1194	1079	1500496	1194	1151	1600738	1194	1223	1701140	1194	1294	1800698	1194	1365	1900171	1194	1437	2000716	1194	1500	2088424	1194	1509	2101077	1194	1580	2200491	1194	1652	2300876	1194	1724	2401106	1194	1796	2501389	1194	
78	101001	5596	155	200463	1636	226	300161	1433	297	400606	1403	368	500987	1341	439	601296	1341	500	687506	1341	509	700276	1341	580	800856	1271	651	901316	1271	721	1000257	1271	792	1101055	1243	863	1201432	1243	933	1300746	1243	1000	1395346	1243	1004	1401136	1243	1074	1501192	1243	1144	1600669	1243	1215	1700894	1243	1286	1801123	1243	1356	1900542	1221	1426	2000169	1221	1497	2100534	1188	1500	2104812	1188	1568	2200992	1188	1639	2301154	1188	1708	2400581	1170	1779	2500542	1170	
78	101233	5762	155	200827	1710	227	300668	1350	299	401387	1177	370	501058	1152	441	600958	1152	500	683627	1126	512	700435	1126	583	800207	1101	655	901343	1101	726	1001324	1021	797	1101328	1021	865	1200311	1021	937	1300929	1021	1000	1389251	994	1008	1400583	994	1078	1501411	994	1148	1600131	994	1220	1701030	994	1291	1800444	994	1363	1901439	994	1434	2000587	994	1500	2093335	994	1505	2100412	994	1576	2200359	994	1647	2300177	964	1718	2400619	964	1789	2500814	964	
78	100369	5737	156	200554	1508	229	300472	971	301	400579	971	373	500298	971	444	601314	971	500	679670	971	515	700466	948	587	800326	907	659	900783	907	731	1000916	871	802	1100262	837	874	1201001	837	946	1301237	837	1000	1376373	837	1018	1401427	837	1089	1500359	823	1161	1600801	795	1233	1701207	795	1304	1800449	795	1376	1901212	795	1447	2000767	795	1500	2074916	795	1519	2101512	795	1590	2200368	795	1662	2300409	795	1734	2400976	795	1806	2501395	795	
78	100517	5869	156	200653	1828	229	300958	1185	301	401072	1100	372	500125	1076	444	600877	1076	500	679114	1076	516	701502	1076	587	800411	1076	659	900699	1076	731	1001420	1034	802	1101355	1034	873	1200432	1034	945	1300697	1034	1000	1377458	1034	1017	1401309	1034	1088	1500447	974	1160	1601092	974	1231	1700395	974	1303	1801112	974	1374	1900607	974	1445	2000355	974	1500	2077363	974	1517	2101146	974	1588	2200610	974	1659	2301007	974	1730	2400612	974	1802	2501438	974	
79	100420	5412	158	200815	1238	231	300383	1084	304	400717	1034	377	501118	1016	450	601386	1016	500	670443	1016	522	700700	997	595	801247	964	667	900480	964	739	1000221	964	812	1100567	964	885	1201347	934	957	1300995	934	1000	1360174	934	1029	1400255	934	1102	1500179	934	1175	1600540	934	1248	1701250	934	1316	1801155	934	1388	1900217	934	1461	2000384	934	1500	2053958	934	1534	2100797	934	1606	2200103	934	1679	2300268	934	1752	2400115	934	1826	2501240	934	
16	104018	49877	31	201739	49362	47	305279	49362	62	401799	48628	78	504696	48377	93	600875	48120	109	703451	47899	125	805918	46865	139	902783	46660	155	1006269	45888	170	1103599	45382	186	1206610	45382	201	1303599	45382	216	1400739	45382	232	1504306	45124	247	1601904	44876	263	1704292	44102	278	1801188	43841	294	1904136	43083	310	2006466	41633	325	2102106	40376	341	2202776	38528	357	2302181	36952	373	2401065	34959	389	2503253	33953	
16	104072	49460	31	200992	48402	47	304856	48116	62	402396	47663	78	506028	47410	93	603246	47410	109	706928	46653	124	804533	46399	139	902549	46399	155	1006294	45634	170	1103300	44892	186	1206293	43861	201	1302626	43585	217	1406089	43585	232	1502523	42855	248	1605901	42597	263	1702776	42081	279	1805934	41606	294	1902729	40553	310	2005397	39021	325	2102166	38527	341	2205623	38021	356	2302860	37779	372	2405704	37299	387	2503023	37299	
16	102763	49840	32	205665	49840	47	301841	49594	63	404985	49080	78	501771	48558	94	604259	48301	110	706835	47531	125	803938	47531	140	903424	47531	156	1006636	47016	171	1102849	46520	187	1206016	45546	202	1302395	45498	218	1405927	44952	233	1503184	44436	249	1606006	43958	264	1703033	43699	280	1806324	43164	295	1905453	42900	310	2002550	42139	326	2104582	41869	341	2200856	41630	357	2303617	41400	373	2406468	41168	388	2502885	41168	
16	103387	50005	32	206706	49509	47	303289	49509	63	405998	48998	78	502616	48522	94	605530	47995	109	703341	47995	124	800538	47742	140	905586	47742	155	1004036	47473	170	1101235	47473	186	1204896	47473	201	1301910	46949	217	1405599	45406	232	1500967	44138	248	1602935	42658	264	1705660	41630	279	1802883	41349	295	1906009	40025	310	2002695	39295	326	2106349	39062	341	2203828	39062	356	2300887	38296	372	2404337	38296	387	2501453	38036	
16	103630	49591	32	206759	49591	47	303536	49591	63	406080	49591	78	502188	49591	94	605796	49355	109	702548	49101	125	805800	48584	140	903122	48058	156	1005928	47523	171	1102901	47523	187	1205906	47012	202	1302319	47012	218	1404845	46775	233	1501510	46287	249	1604788	45983	264	1700874	45732	280	1804676	45209	295	1901060	44988	311	2004001	44988	326	2100591	44490	342	2203115	43484	358	2305688	42704	373	2402081	41402	389	2503849	40375	
16	104842	49643	31	202757	49643	47	307014	49415	62	403998	49161	77	501592	48637	93	605558	48158	108	702804	47357	124	806536	46626	139	903176	44823	155	1006977	44059	170	1104009	43290	185	1202018	42541	201	1305858	42541	216	1403351	42287	231	1500589	42038	247	1604555	40761	262	1700840	39397	278	1803967	38391	293	1901210	37625	308	2001499	37381	324	2105868	37113	339	2203867	36856	354	2301124	36352	370	2404956	35637	385	2502526	35368	
16	103319	50437	31	200788	50437	47	304038	50437	62	401049	50437	78	504538	50437	93	601539	50437	109	704786	50437	124	802092	50437	140	905215	50192	155	1004390	49933	170	1101657	49156	186	1203584	47349	202	1303783	46028	218	1404488	45307	233	1501103	44304	249	1603526	43068	265	1704737	41277	281	1806626	39894	297	1906061	38210	313	2005754	36873	328	2101162	35857	344	2202222	34088	360	2301647	32289	376	2402185	30997	392	2505461	30519	
16	104894	49315	31	202515	48815	47	306512	48551	62	403766	48551	77	501786	48551	93	605516	48551	108	702411	48044	124	806108	47528	139	903726	47274	154	1001576	47274	170	1104937	46235	185	1200960	45980	201	1304748	45235	216	1401352	44477	232	1504665	43471	247	1601766	42461	263	1705630	42215	278	1803164	41680	294	1906768	41200	309	2003541	40948	324	2100828	40948	340	2204224	40693	355	2301872	40431	371	2405999	40188	386	2503440	40188	
16	104258	49956	31	202769	49700	47	306788	48917	62	405644	48676	77	502744	48133	93	606054	47887	108	703249	47634	124	806387	47111	139	903047	46857	155	1006295	46857	170	1102625	46107	186	1205896	45667	201	1301865	45175	217	1405824	44651	232	1503413	43938	248	1605845	42675	263	1702129	41919	279	1803608	40858	294	1900547	40351	310	2003445	39071	325	2101987	38088	341	2205216	37563	356	2300662	36800	372	2403347	36043	388	2506867	35286	
16	102876	49323	32	205775	48625	47	302144	48625	63	404491	48345	78	500845	48345	94	603334	47840	110	705651	46555	125	803228	46286	141	906032	45512	156	1002079	45512	172	1106948	44779	187	1203520	44322	202	1300614	44072	218	1403934	43306	233	1500661	42830	249	1603063	41526	265	1704192	39774	281	1805299	38285	296	1900615	37496	312	2002561	36171	328	2104931	35355	344	2205024	33877	360	2305380	32885	375	2401320	31876	391	2502527	31178	
