versja nr 2;wspolczynnik mutacji 2.400000;wielkosc populacji 60
226	100158	148	443	200147	121	500	226009	121	664	300053	121	886	400026	121	1000	451259	121	1109	500439	121	1330	600216	120	1500	676288	120	1554	700443	120	1777	800461	120	1999	900300	120	2000	900762	120	2221	1000412	120	2444	1100351	120	2500	1125279	120	2668	1200419	120	2891	1300033	120	3000	1348736	120	3115	1400320	120	3338	1500299	120	3500	1573308	120	3560	1600134	120	3782	1700085	120	4000	1797629	108	4006	1800319	108	4229	1900356	101	4452	2000419	93	4500	2021802	93	4676	2100323	93	4900	2200221	93	5000	2244936	93	5124	2300106	93	5348	2400210	93	5500	2468099	93	5572	2500192	93	
226	100280	198	449	200193	158	500	223114	154	672	300259	154	895	400113	150	1000	447151	150	1118	500037	150	1341	600329	150	1500	671484	149	1564	700137	149	1788	800376	139	2000	895536	139	2011	900461	139	2234	1000204	139	2457	1100091	139	2500	1119366	139	2681	1200185	139	2904	1300322	131	3000	1343240	131	3127	1400042	131	3351	1500351	131	3500	1567201	131	3574	1600377	131	3796	1700141	131	4000	1791549	131	4019	1800142	131	4241	1900060	131	4465	2000253	131	4500	2015965	131	4688	2100342	131	4911	2200467	131	5000	2240250	131	5129	2300035	131	5352	2400288	131	5500	2466670	131	5575	2500441	131	
227	100381	187	449	200092	133	500	222860	133	673	300138	133	895	400097	133	1000	447038	133	1119	500120	133	1343	600030	125	1500	670226	124	1567	700318	123	1791	800177	123	2000	893128	110	2016	900359	110	2240	1000204	109	2465	1100428	94	2500	1116033	94	2688	1200291	87	2911	1300337	87	3000	1340177	87	3130	1400403	87	3351	1500172	87	3500	1567137	87	3573	1600068	87	3796	1700418	76	4000	1791791	76	4019	1800397	76	4242	1900172	76	4466	2000321	76	4500	2015561	76	4689	2100403	76	4912	2200367	76	5000	2239720	76	5135	2300106	76	5358	2400127	76	5500	2463763	76	5581	2500033	76	
229	100195	234	454	200216	195	500	220644	195	679	300098	164	905	400076	154	1000	442358	154	1127	500417	154	1348	600303	148	1500	667903	147	1573	700360	147	1798	800445	147	2000	890374	135	2022	900131	135	2246	1000193	132	2470	1100275	132	2500	1113653	132	2694	1200240	132	2918	1300216	132	3000	1336721	132	3142	1400302	132	3366	1500064	132	3500	1559989	132	3590	1600290	132	3814	1700417	132	4000	1783745	132	4037	1800279	132	4261	1900167	132	4486	2000242	132	4500	2006541	132	4710	2100323	132	4934	2200334	132	5000	2229967	132	5157	2300064	132	5382	2400390	132	5500	2453030	132	5606	2500365	132	
226	100113	151	450	200455	135	500	222817	126	673	300251	126	897	400400	126	1000	446490	126	1120	500195	126	1339	600285	125	1500	672272	125	1563	700452	125	1786	800121	125	2000	896326	125	2009	900400	125	2231	1000173	125	2455	1100198	125	2500	1120277	125	2679	1200387	125	2903	1300386	125	3000	1343739	125	3126	1400253	119	3349	1500130	119	3500	1568251	119	3571	1600293	119	3793	1700465	119	4000	1793358	119	4015	1800097	119	4238	1900118	119	4462	2000308	119	4500	2017491	119	4683	2100050	119	4906	2200299	119	5000	2242666	119	5128	2300057	119	5351	2400026	119	5500	2466639	119	5575	2500261	119	
226	100104	146	450	200287	138	500	222489	138	675	300266	138	900	400374	138	1000	444679	138	1125	500160	138	1349	600067	130	1500	667301	130	1574	700376	130	1798	800444	130	2000	890412	123	2022	900260	123	2246	1000082	123	2470	1100041	123	2500	1113406	123	2695	1200385	117	2919	1300097	117	3000	1336104	117	3144	1400364	100	3367	1500215	100	3500	1559864	98	3590	1600221	98	3814	1700312	98	4000	1785886	98	4031	1800073	98	4255	1900146	98	4479	2000043	93	4500	2009481	93	4703	2100287	93	4925	2200052	93	5000	2233766	93	5149	2300329	93	5373	2400111	93	5500	2457328	93	5596	2500153	93	
227	100415	194	449	200099	183	500	223082	183	672	300320	177	895	400197	176	1000	447230	171	1118	500277	171	1341	600458	171	1500	671685	171	1564	700449	171	1787	800449	171	2000	898841	171	2003	900278	171	2226	1000218	171	2449	1100272	171	2500	1123062	171	2673	1200400	171	2896	1300366	169	3000	1347031	169	3119	1400386	169	3340	1500064	169	3500	1571969	169	3562	1600044	169	3785	1700296	169	4000	1796682	169	4008	1800310	169	4230	1900099	169	4453	2000141	169	4500	2021230	169	4676	2100327	169	4899	2200448	169	5000	2245611	169	5122	2300177	169	5345	2400370	169	5500	2469913	169	5568	2500447	169	
224	100174	193	447	200200	176	500	224035	161	670	300024	155	894	400295	150	1000	447481	150	1116	500233	150	1340	600386	150	1500	671751	150	1564	700285	150	1788	800326	150	2000	894952	144	2012	900329	140	2234	1000196	121	2457	1100311	121	2500	1119678	121	2679	1200152	121	2902	1300326	121	3000	1344313	120	3125	1400296	120	3348	1500320	120	3500	1568587	120	3570	1600361	120	3792	1700354	120	4000	1793493	120	4015	1800259	120	4238	1900199	120	4462	2000283	120	4500	2017315	120	4686	2100453	120	4909	2200160	120	5000	2241077	120	5132	2300079	120	5356	2400218	120	5500	2464796	120	5579	2500331	120	
235	100328	205	466	200072	145	500	214856	135	697	300077	132	928	400296	132	1000	432124	124	1156	500042	114	1388	600444	114	1500	648951	114	1618	700191	114	1849	800338	114	2000	865865	114	2079	900042	114	2310	1000401	114	2500	1082864	114	2540	1100282	114	2770	1200273	114	3000	1299950	114	3001	1300411	114	3232	1400303	114	3462	1500440	114	3500	1517075	114	3690	1600041	114	3920	1700062	114	4000	1734880	114	4151	1800271	112	4382	1900264	112	4500	1951266	112	4613	2000168	112	4838	2100135	112	5000	2170792	112	5068	2200390	112	5299	2300259	112	5500	2387359	112	5530	2400338	112	5761	2500292	112	
227	100306	304	449	200118	234	500	222907	208	673	300147	206	897	400313	188	1000	446478	188	1119	500211	188	1342	600447	188	1500	671215	188	1565	700366	188	1788	800238	188	2000	894856	184	2012	900183	184	2237	1000352	184	2461	1100405	172	2500	1118043	159	2680	1200460	136	2903	1300322	133	3000	1343544	133	3127	1400223	133	3349	1500085	117	3500	1567882	117	3573	1600464	117	3795	1700306	117	4000	1792056	117	4018	1800171	117	4241	1900125	117	4465	2000359	117	4500	2016069	117	4688	2100194	117	4912	2200395	117	5000	2239674	117	5136	2300382	117	5359	2400065	117	5500	2463075	117	5583	2500314	117	
238	100395	124	471	200033	124	500	212427	124	700	300108	124	931	400091	124	1000	429720	124	1161	500238	124	1395	600215	124	1500	645414	124	1628	700142	124	1862	800228	124	2000	859343	124	2095	900073	124	2329	1000089	124	2500	1073306	124	2563	1100221	124	2796	1200080	124	3000	1287216	124	3030	1300073	124	3264	1400158	124	3497	1500435	122	3500	1501742	122	3730	1600194	113	3964	1700448	90	4000	1715973	80	4196	1800205	80	4428	1900186	80	4500	1931115	80	4660	2000034	78	4893	2100041	78	5000	2146189	78	5125	2200080	78	5358	2300141	78	5500	2361067	78	5591	2400100	78	5824	2500341	78	
227	100445	195	450	200142	141	500	222540	140	674	300448	135	896	400127	113	1000	446874	113	1118	500377	113	1340	600167	113	1500	672130	113	1563	700370	106	1785	800359	97	2000	897108	97	2007	900274	97	2229	1000324	97	2451	1100432	97	2500	1122482	97	2673	1200214	97	2896	1300323	97	3000	1347196	97	3118	1400423	97	3339	1500356	97	3500	1572944	97	3561	1600442	97	3783	1700410	97	4000	1797645	97	4006	1800365	97	4229	1900336	97	4452	2000053	97	4500	2021651	97	4675	2100165	97	4899	2200435	97	5000	2245708	97	5122	2300386	97	5341	2400142	97	5500	2472808	97	5560	2500035	97	
227	100308	124	449	200360	121	500	223310	121	671	300268	117	893	400197	117	1000	448430	117	1115	500450	111	1337	600400	111	1500	673748	111	1559	700245	111	1781	800280	111	2000	899386	111	2002	900294	111	2224	1000074	111	2445	1100081	111	2500	1124835	111	2668	1200253	111	2890	1300141	111	3000	1349436	111	3113	1400287	111	3331	1500186	111	3500	1577242	111	3551	1600410	111	3773	1700174	111	3996	1800294	111	4000	1802100	111	4218	1900274	111	4441	2000269	111	4500	2026798	111	4663	2100368	111	4885	2200214	111	5000	2251830	111	5108	2300375	111	5330	2400200	108	5500	2476522	108	5553	2500376	108	
234	100389	151	463	200407	110	500	216601	110	691	300097	110	920	400231	110	1000	435161	110	1149	500191	110	1375	600061	103	1500	656245	97	1600	700320	80	1828	800298	80	2000	875535	80	2056	900102	80	2284	1000245	80	2500	1094869	80	2512	1100151	80	2741	1200310	80	2970	1300391	80	3000	1313519	80	3198	1400088	80	3426	1500230	80	3500	1532789	80	3654	1600295	80	3882	1700366	80	4000	1751718	80	4111	1800321	80	4339	1900189	80	4500	1970604	80	4568	2000321	80	4796	2100262	80	5000	2189796	80	5024	2200268	80	5253	2300285	80	5481	2400061	80	5500	2408426	80	5709	2500057	80	
227	100220	179	450	200140	160	500	222505	160	673	300228	160	896	400153	146	1000	446789	146	1119	500303	146	1342	600307	143	1500	671100	138	1565	700199	138	1788	800049	134	2000	895386	134	2011	900319	134	2233	1000080	134	2456	1100439	130	2500	1120300	130	2678	1200349	129	2901	1300419	115	3000	1344743	115	3123	1400080	108	3345	1500210	108	3500	1569892	108	3567	1600206	108	3790	1700180	108	4000	1794327	108	4013	1800179	108	4236	1900237	108	4460	2000402	108	4500	2018316	108	4683	2100215	108	4906	2200118	108	5000	2242101	108	5130	2300168	108	5352	2400059	108	5500	2466472	108	5575	2500109	108	
235	100332	114	465	200098	105	500	215245	96	696	300061	96	927	400287	96	1000	431995	96	1157	500384	96	1388	600253	96	1500	648815	96	1619	700283	96	1850	800408	96	2000	865429	96	2080	900020	96	2311	1000191	96	2500	1082012	96	2542	1100280	96	2772	1200216	96	3000	1298837	96	3003	1300168	96	3234	1400134	96	3464	1500182	96	3500	1515960	96	3694	1600274	96	3924	1700057	90	4000	1733080	90	4154	1800267	90	4377	1900032	90	4500	1953740	89	4607	2000418	89	4836	2100338	89	5000	2171778	89	5065	2200210	89	5294	2300195	89	5500	2389705	89	5524	2400165	89	5753	2500130	89	
234	100410	139	461	200231	121	500	217371	114	689	300216	107	918	400130	73	1000	436468	73	1144	500291	73	1373	600407	73	1500	655821	73	1602	700394	73	1830	800194	73	2000	874388	73	2059	900211	73	2281	1000110	73	2500	1095916	73	2510	1100325	73	2739	1200412	73	2967	1300025	73	3000	1314419	73	3196	1400089	73	3424	1500163	73	3500	1533453	73	3652	1600232	73	3881	1700331	73	4000	1752229	73	4110	1800387	73	4338	1900068	73	4500	1970856	73	4567	2000157	73	4796	2100403	73	5000	2189665	73	5024	2200205	73	5252	2300095	73	5481	2400176	73	5500	2408558	73	5710	2500371	73	
221	100436	161	443	200469	161	500	226254	161	664	300115	158	886	400191	157	1000	451522	141	1108	500119	125	1332	600502	122	1500	675666	122	1555	700300	122	1778	800302	112	2000	900112	112	2000	900137	112	2223	1000442	112	2445	1100235	112	2500	1125019	112	2667	1200097	112	2890	1300249	111	3000	1349738	111	3112	1400172	111	3333	1500094	111	3500	1575665	111	3554	1600038	111	3776	1700108	111	3998	1800195	111	4000	1801113	111	4220	1900173	109	4443	2000407	109	4500	2026102	109	4664	2100277	109	4886	2200087	109	5000	2251313	109	5108	2300041	109	5331	2400406	109	5500	2476332	108	5553	2500091	108	
233	100050	112	462	200255	112	500	216836	112	691	300391	112	920	400395	112	1000	435668	112	1147	500112	112	1377	600442	109	1500	654042	105	1605	700032	98	1834	800051	94	2000	872529	87	2064	900415	87	2294	1000453	87	2500	1090612	87	2522	1100212	87	2752	1200403	74	2978	1300037	74	3000	1309756	74	3207	1400214	74	3434	1500115	74	3500	1529103	74	3662	1600246	74	3892	1700468	74	4000	1747688	74	4121	1800453	74	4349	1900307	74	4500	1966459	74	4577	2000122	74	4806	2100303	74	5000	2187894	74	5028	2200271	74	5256	2300248	74	5485	2400154	74	5500	2406728	74	5714	2500335	74	
224	100063	127	444	200158	116	500	225593	116	665	300173	112	886	400163	108	1000	451677	108	1107	500047	106	1330	600295	102	1500	677043	82	1551	700177	82	1772	800143	80	1993	900071	74	2000	903272	74	2214	1000077	74	2436	1100360	74	2500	1129257	74	2657	1200409	74	2872	1300382	74	3000	1358758	74	3092	1400289	74	3311	1500030	74	3500	1585824	70	3532	1600318	70	3753	1700405	70	3973	1800024	70	4000	1812292	70	4193	1900100	70	4414	2000152	63	4500	2039338	63	4634	2100473	63	4852	2200028	63	5000	2267478	63	5072	2300116	63	5293	2400441	63	5500	2494406	63	5513	2500353	63	
74	100398	3276	147	201013	2666	219	301231	2465	289	401065	2417	360	500197	2398	432	600400	2374	500	694921	2326	504	700545	2326	576	800838	2297	648	901155	2260	719	1000226	2155	791	1100515	2144	863	1200892	2128	935	1301150	2084	1000	1391440	2084	1007	1401405	2084	1078	1500792	2084	1150	1601263	2084	1221	1700382	2084	1293	1800492	2084	1365	1900485	2032	1437	2000799	1942	1500	2089033	1881	1508	2100425	1881	1580	2201026	1881	1651	2300192	1881	1723	2400680	1881	1795	2500897	1881	
76	100895	2745	148	200107	2297	221	300836	2012	293	401268	1941	364	500630	1860	436	600160	1860	500	689062	1827	508	700177	1827	581	801169	1827	653	901024	1827	725	1000529	1827	797	1100204	1827	870	1200984	1827	942	1300783	1827	1000	1381074	1827	1014	1400731	1827	1086	1500602	1827	1158	1600578	1827	1231	1701403	1827	1303	1800717	1827	1375	1900512	1827	1448	2001337	1827	1500	2073467	1827	1520	2101185	1827	1592	2200731	1827	1664	2300351	1827	1736	2400134	1827	1807	2500637	1827	
76	101184	2576	148	200975	2270	219	300249	2252	290	400659	2249	362	500984	2106	433	600910	2089	500	694114	2089	505	701149	2089	577	801408	2026	648	900796	1890	720	1001490	1890	791	1101191	1890	862	1200823	1880	933	1300356	1799	1000	1394571	1785	1004	1400222	1785	1076	1501213	1783	1145	1600344	1776	1217	1701258	1762	1288	1800579	1762	1360	1901224	1762	1431	2000705	1762	1500	2098052	1762	1502	2100941	1762	1573	2200168	1724	1645	2300659	1686	1717	2401393	1686	1788	2500559	1686	
75	100953	3294	147	200584	3015	220	301036	2705	292	401091	2697	364	500749	2600	436	600101	2494	500	690890	2487	507	700761	2487	579	800929	2464	651	900408	2457	724	1001279	2423	796	1101043	2423	868	1201365	2406	940	1300304	2406	1000	1383110	2406	1013	1401186	2406	1084	1500178	2406	1157	1600954	2406	1229	1700401	2406	1302	1801001	2406	1374	1900389	2406	1447	2001194	2406	1500	2074122	2406	1519	2100537	2406	1592	2201212	2406	1664	2300387	2406	1737	2400935	2406	1809	2500725	2406	
75	101397	2893	146	200152	2126	217	300356	2032	288	400773	1844	359	500743	1788	430	601359	1788	500	700158	1788	500	700259	1788	571	800576	1788	642	900576	1788	713	1000546	1628	784	1100434	1583	855	1200629	1583	926	1300648	1583	997	1401026	1536	1000	1405378	1536	1068	1501394	1525	1138	1600188	1525	1209	1700279	1525	1280	1800551	1525	1351	1900388	1525	1422	2000422	1525	1493	2100847	1525	1500	2110793	1525	1564	2201150	1525	1635	2301410	1525	1706	2401227	1502	1777	2501406	1502	
75	100845	3081	147	201446	2710	218	300441	2330	290	400864	2330	361	500387	2286	433	600265	2166	500	693148	1988	505	700367	1936	577	800846	1887	649	900971	1839	721	1001099	1839	793	1100958	1839	865	1200921	1824	937	1300967	1753	1000	1389046	1753	1008	1400321	1753	1080	1500517	1710	1152	1600629	1681	1224	1700748	1681	1296	1801144	1648	1366	1901190	1648	1437	2000149	1648	1500	2088092	1648	1509	2100802	1648	1581	2201368	1599	1653	2301254	1599	1724	2400241	1599	1796	2500525	1599	
73	100146	3471	146	201174	2745	218	301361	2556	289	400545	2289	361	501134	2066	432	600469	1954	500	696118	1958	503	700418	1958	574	800581	1931	645	900373	1870	712	1000835	1870	783	1100419	1870	855	1201216	1870	926	1301059	1831	997	1400540	1831	1000	1404777	1831	1068	1500132	1831	1140	1600768	1831	1212	1701072	1831	1284	1801398	1831	1355	1901161	1831	1426	2000293	1831	1498	2100966	1831	1500	2103855	1831	1569	2200149	1815	1641	2300451	1815	1713	2400715	1815	1785	2501028	1815	
74	101485	3026	146	201041	2522	218	301145	2134	290	401463	2086	361	500291	2086	433	600283	2086	500	693551	2013	505	700586	2013	577	800957	2013	649	901134	2013	720	1000666	2013	792	1100975	2013	864	1201399	2013	935	1300567	2013	1000	1391397	2013	1007	1401422	2013	1078	1500517	2013	1150	1600537	1949	1222	1700499	1949	1294	1800630	1949	1366	1900721	1912	1438	2000692	1912	1500	2086900	1912	1510	2100836	1912	1582	2200913	1903	1654	2301095	1903	1726	2400930	1876	1797	2500258	1785	
76	101205	2793	148	200212	2145	220	301339	2027	292	400875	2009	364	500616	1989	437	601410	1953	500	688959	1818	508	700299	1818	580	800459	1818	652	900266	1738	724	1000592	1654	796	1100389	1654	868	1200488	1634	940	1300596	1634	1000	1384094	1614	1012	1400802	1614	1084	1500973	1513	1156	1601276	1495	1227	1700845	1495	1299	1801254	1495	1370	1900314	1495	1442	2000647	1495	1500	2080685	1495	1514	2100283	1465	1584	2200242	1465	1656	2300667	1465	1728	2400865	1465	1800	2500967	1465	
75	100885	3042	147	201351	2561	217	300374	2380	288	400736	2168	358	500135	2143	429	601297	2087	499	700340	1902	500	701824	1902	570	801477	1902	640	900921	1902	711	1001463	1902	781	1100696	1902	852	1200897	1902	921	1301283	1902	991	1401163	1902	1000	1414026	1902	1061	1500332	1902	1132	1600707	1876	1203	1701113	1855	1274	1801295	1855	1345	1901220	1829	1416	2001164	1829	1487	2101186	1829	1500	2119541	1829	1558	2201249	1744	1628	2300234	1744	1699	2400785	1744	1770	2501129	1744	
73	101003	4983	145	201248	4983	217	301166	4983	287	400228	4983	359	500245	4983	431	600195	4983	500	695904	4956	503	700111	4956	576	800501	4956	649	901429	4743	721	1000792	4289	794	1100339	2881	867	1200706	1970	939	1300889	1811	1000	1385665	1733	1011	1401003	1692	1083	1501257	1646	1154	1600535	1593	1226	1701047	1552	1298	1801230	1416	1369	1900264	1361	1441	2000861	1299	1500	2083395	1299	1512	2100221	1299	1584	2200784	1299	1656	2300741	1299	1728	2400916	1299	1800	2501060	1299	
74	100412	4694	150	200322	2353	225	301250	1677	298	401364	1677	371	501203	1601	444	600905	1529	500	677300	1525	517	700546	1525	590	800104	1525	664	901483	1525	737	1001023	1525	810	1100546	1525	883	1200647	1525	956	1300312	1525	1000	1360899	1525	1029	1400377	1525	1102	1500222	1525	1176	1601168	1525	1249	1700937	1525	1322	1800360	1525	1395	1900318	1525	1469	2001064	1525	1500	2043390	1525	1542	2100783	1525	1615	2200231	1525	1688	2300289	1525	1761	2400421	1525	1833	2500623	1525	
73	100919	4968	145	201292	4968	217	300728	4968	289	400215	4968	362	500632	4968	434	600188	4968	500	691135	4968	507	700864	4968	579	800177	4968	652	900908	4968	725	1001282	4910	797	1100473	4910	869	1200118	4910	942	1301324	4764	1000	1381068	4764	1014	1400317	4764	1086	1501066	4676	1157	1601021	4310	1231	1700622	2599	1304	1800909	1915	1376	1900659	1759	1448	2000501	1759	1500	2072833	1686	1520	2100856	1686	1592	2201365	1652	1663	2300680	1652	1735	2400930	1652	1806	2500213	1589	
74	100413	5110	148	200950	5110	221	300383	5110	295	400532	5110	369	500893	5110	442	601096	5110	500	680927	5078	515	701345	5078	588	800547	5078	662	900663	5078	736	1001082	5078	810	1101029	5078	883	1200544	5078	956	1300726	5078	1000	1360564	5078	1030	1401152	5078	1103	1500192	5078	1178	1601410	5078	1251	1700284	5078	1325	1800679	5078	1399	1901050	5078	1473	2001199	5078	1500	2038216	5078	1546	2100992	5078	1620	2201428	5078	1693	2300388	5057	1767	2401030	5057	1841	2501381	4617	
76	101390	4853	150	200798	4652	225	300203	3805	301	400252	2590	377	501211	1641	450	600111	1518	500	667403	1467	525	701078	1467	599	801009	1464	673	900857	1440	747	1000555	1440	822	1101227	1440	896	1200908	1440	970	1300543	1440	1000	1340782	1440	1045	1401291	1440	1119	1500820	1440	1193	1600924	1440	1267	1700622	1417	1341	1800532	1417	1415	1900633	1385	1489	2000872	1363	1500	2015878	1343	1563	2100868	1343	1637	2200188	1343	1712	2301272	1343	1786	2400729	1343	1860	2500152	1343	
73	100425	4812	146	200601	4556	219	301306	3956	292	401459	2870	365	500891	1872	437	600521	1500	500	688204	1454	509	700786	1454	581	800650	1393	653	900567	1393	725	1000515	1393	797	1100535	1393	869	1200407	1393	941	1300618	1393	1000	1382502	1393	1013	1400530	1393	1085	1500249	1393	1158	1601008	1393	1230	1700630	1393	1302	1801297	1393	1373	1900572	1393	1445	2000464	1393	1500	2076941	1393	1517	2100535	1393	1589	2200165	1393	1662	2300966	1393	1734	2401047	1393	1806	2500569	1393	
76	100881	4996	152	201044	4996	228	300812	4996	304	400468	4996	380	500895	4996	456	600610	4996	500	658446	4996	532	700597	4996	608	800733	4996	682	900239	4996	757	1000628	4996	833	1100805	4996	909	1200691	4996	985	1301030	4996	1000	1320856	4996	1061	1401230	4996	1137	1501269	4996	1213	1601214	4996	1289	1701357	4996	1364	1800305	4996	1440	1900806	4996	1500	1980149	4996	1516	2001373	4996	1591	2100349	4996	1667	2200522	4996	1743	2300609	4996	1819	2400566	4996	1895	2501197	4996	
71	100207	4964	143	200257	4964	216	301432	4964	287	400331	4964	360	501450	4964	431	600229	4865	500	696188	4865	503	700425	4865	576	801464	4677	648	901372	4628	720	1001212	4475	792	1101153	4159	864	1201218	3899	937	1300587	2337	1000	1388677	2087	1009	1401228	2075	1080	1500201	2054	1152	1600609	2054	1224	1701218	2054	1295	1800096	2054	1367	1900527	2054	1439	2000811	2054	1500	2086051	2035	1510	2100152	2035	1582	2200231	2035	1654	2300506	2035	1726	2400814	1944	1798	2501110	1926	
72	100127	5054	145	200834	4284	219	301050	2830	291	400096	2272	363	500681	1947	435	601301	1935	500	692917	1840	506	701387	1840	577	801000	1804	648	900876	1783	719	1000874	1783	790	1100872	1783	861	1201203	1783	932	1300779	1755	1000	1395817	1686	1004	1401475	1686	1075	1500372	1686	1147	1600277	1686	1219	1700446	1686	1291	1800746	1631	1363	1901057	1631	1434	2000114	1631	1500	2092317	1631	1505	2100392	1631	1576	2201038	1631	1647	2300461	1631	1719	2401338	1631	1790	2500290	1631	
75	100215	4977	151	201319	4757	226	301215	4757	301	400612	4266	376	500167	3809	452	600193	2428	500	665046	2165	527	701381	2028	601	801164	1708	675	900503	1720	750	1001336	1573	824	1101303	1472	893	1200661	1472	966	1300116	1449	1000	1345725	1432	1041	1400826	1374	1115	1500737	1316	1189	1600251	1316	1264	1701398	1285	1338	1800621	1285	1413	1901198	1246	1487	2000615	1246	1500	2018166	1246	1561	2100505	1246	1635	2200140	1246	1709	2300160	1246	1784	2401179	1246	1858	2500834	1246	
16	104508	25314	31	202467	25314	45	301422	25314	61	405767	25314	76	503404	25314	91	600989	25314	107	705210	25314	122	804066	25314	137	901965	25314	153	1006504	25314	168	1105032	25314	183	1202928	25314	199	1306846	25314	214	1404378	25314	229	1501769	25314	245	1605768	25314	260	1703710	25314	275	1801505	25314	291	1905926	25314	306	2003585	25314	321	2101538	25314	337	2205868	25314	352	2303811	25314	367	2401405	25314	383	2505683	25314	
9	103748	25248	17	201164	25248	26	308687	25248	33	401828	25248	44	507122	25248	58	608495	25248	69	706214	25248	82	804060	25248	96	904086	25248	110	1005181	25248	124	1102984	25248	138	1205397	25248	152	1303016	25248	166	1401824	25248	181	1507253	25248	194	1605387	25248	209	1704617	25248	224	1806810	25248	238	1905061	25248	252	2006270	25248	266	2104883	25248	280	2206399	25248	293	2301638	25248	308	2400613	25248	324	2506100	25248	
16	104342	24614	31	202417	24614	47	306471	24614	62	403959	24614	77	501392	24614	93	605289	24614	108	702802	24614	123	800930	24614	139	905315	24614	154	1002891	24614	169	1100860	24614	185	1204810	24614	200	1305273	24614	215	1403257	24614	230	1500921	24614	246	1605043	24614	261	1702483	24614	277	1806467	24614	292	1904387	24614	307	2001733	24614	323	2105692	24614	338	2203379	24614	353	2300829	24614	369	2405189	24614	384	2502778	24614	
16	103835	25212	31	200962	25212	46	300506	25212	62	404092	25212	77	501244	25212	93	604725	25212	108	702040	25212	124	806753	25212	139	903601	25212	154	1000903	25212	170	1104469	25212	185	1201209	25212	201	1304514	25212	216	1401545	25212	232	1505192	25212	247	1601923	25212	263	1705447	25212	278	1802531	25212	294	1905813	25212	309	2002803	25212	325	2106257	25212	340	2203341	25212	356	2306614	25212	371	2403548	25212	387	2506632	25212	
16	104598	25681	31	202370	25681	47	306608	25681	62	404894	25681	77	503079	25681	92	600803	25681	108	705527	25681	123	803381	25681	138	901193	25681	154	1005479	25681	169	1103202	25681	184	1200872	25681	200	1305178	25681	215	1402754	25681	230	1500756	25681	246	1604867	25681	261	1702551	25681	277	1806667	25681	292	1904161	25681	307	2002390	25681	323	2106510	25681	338	2204349	25681	353	2304607	25681	368	2402302	25681	384	2506571	25681	
16	103636	25250	31	202358	25250	47	305898	25250	62	403172	25250	77	500812	25250	93	604898	25250	108	701971	25250	124	805648	25250	139	902875	25250	155	1006692	25250	170	1104025	25250	185	1200866	25250	201	1305949	25250	216	1404087	25250	231	1501066	25250	247	1604203	25250	262	1701170	25250	278	1804589	25250	293	1901538	25250	309	2004790	25250	324	2101954	25250	340	2205372	25250	355	2302103	25250	371	2405462	25250	386	2502977	25250	
16	103394	25643	32	206839	25643	47	303358	25643	62	403454	25643	77	501130	25643	93	604874	25643	108	701899	25643	124	805288	25643	139	902181	25643	155	1005580	25643	170	1102729	25643	186	1205901	25643	201	1302980	25643	217	1406106	25643	232	1502875	25643	248	1606471	25643	263	1703288	25643	279	1806528	25643	294	1903104	25643	310	2006618	25643	325	2103898	25643	340	2200657	25643	356	2303754	25643	371	2400883	25643	387	2504172	25643	
16	102897	25425	32	205743	25425	47	303038	25425	63	406344	25425	78	502959	25425	94	606361	25425	109	703455	25425	125	806471	25425	140	903690	25425	156	1006870	25425	171	1103617	25425	187	1206602	25425	202	1303195	25425	218	1406345	25425	233	1502704	25425	249	1605709	25425	264	1702340	25425	280	1805302	25425	295	1902098	25425	311	2005061	25425	326	2101598	25425	342	2204797	25425	357	2301509	25425	372	2401082	25425	388	2504582	25425	
16	104179	25531	31	202278	25531	47	306822	25531	62	404919	25531	77	502666	25531	93	606816	25531	108	704945	25531	123	802835	25531	138	901562	25531	154	1005762	25531	169	1103751	25531	184	1201516	25531	200	1305657	25531	215	1405566	25531	230	1503978	25531	245	1602228	25531	261	1706717	25531	276	1804246	25531	291	1902070	25531	307	2006136	25531	322	2103830	25531	337	2201846	25531	353	2306300	25531	368	2404162	25531	383	2501597	25531	
16	104488	26332	31	202510	26332	47	306894	26332	62	404675	26332	77	504779	26332	92	602326	26332	108	706588	26332	123	804437	26332	138	902805	26332	154	1006765	26332	169	1104419	26332	184	1202131	26332	200	1306153	26332	215	1403591	26332	230	1501693	26332	246	1606857	26332	261	1704753	26332	276	1802426	26332	292	1906855	26332	307	2004430	26332	322	2103255	26332	337	2200873	26332	353	2305058	26332	368	2402991	26332	383	2500608	26332	
16	103059	25565	32	205852	25565	47	301555	25565	63	403630	25565	79	505849	25565	94	601448	25565	110	703754	25565	126	806129	25565	141	902300	25565	157	1005129	25565	172	1101412	25565	188	1203562	25565	204	1305774	25565	219	1401734	25565	235	1504276	25565	251	1606598	25565	266	1702865	25565	282	1804919	25565	297	1900591	25565	313	2002744	25565	329	2105446	25565	344	2201396	25565	360	2303872	25565	376	2406265	25565	391	2504927	25565	
17	106455	25100	33	206252	25100	49	306098	25100	65	405676	25100	81	506197	25100	97	606125	25100	113	706178	25100	129	806176	25100	145	906401	25100	161	1006168	25100	177	1106306	25100	193	1205959	25100	209	1305891	25100	225	1405835	25100	240	1500915	25100	256	1601954	25100	272	1701941	25100	288	1802072	25100	304	1901760	25100	320	2001554	25100	336	2101742	25100	352	2201489	25100	368	2301181	25100	384	2401129	25100	400	2501234	25100	
16	102879	25298	32	205987	25298	47	302209	25298	63	405070	25298	78	501902	25298	93	601175	25298	109	704335	25298	124	800854	25298	140	904160	25298	155	1000643	25298	171	1103348	25298	187	1206077	25298	202	1302305	25298	218	1405271	25298	233	1501665	25298	249	1604502	25298	264	1700962	25298	280	1804020	25298	295	1900584	25298	311	2003286	25298	327	2106571	25298	342	2202793	25298	358	2305559	25298	373	2402107	25298	389	2505036	25298	
16	102301	25129	32	204127	25129	48	306106	25129	63	401523	25129	79	502947	25129	95	604851	25129	111	706619	25129	126	802346	25129	142	904901	25129	158	1006720	25129	173	1102319	25129	189	1204078	25129	205	1305768	25129	220	1401468	25129	236	1503253	25129	252	1605272	25129	267	1700816	25129	283	1802935	25129	299	1904967	25129	314	2000545	25129	330	2102372	25129	346	2204073	25129	362	2306090	25129	377	2401466	25129	393	2502973	25129	
16	101062	25094	32	202392	25094	48	303287	25094	64	404116	25094	80	505299	25094	96	606445	25094	111	701180	25094	127	802403	25094	143	903573	25094	159	1004693	25094	175	1106035	25094	190	1200668	25094	206	1301755	25094	222	1402744	25094	238	1503792	25094	253	1600627	25094	269	1702459	25094	285	1803809	25094	301	1905014	25094	317	2005792	25094	332	2100716	25094	348	2201682	25094	364	2302538	25094	380	2403703	25094	396	2504761	25094	
16	101104	25616	32	202114	25616	48	303569	25616	64	404795	25616	80	506161	25616	95	602802	25616	111	704698	25616	127	805819	25616	142	900700	25616	158	1002200	25616	174	1103483	25616	190	1204822	25616	206	1305892	25616	221	1400845	25616	237	1501883	25616	253	1604338	25616	269	1705643	25616	284	1800469	25616	300	1901984	25616	316	2003721	25616	332	2105003	25616	348	2206028	25616	363	2301161	25616	379	2402494	25616	395	2503774	25616	
16	102843	25347	32	205691	25347	47	302446	25347	63	406032	25347	78	502528	25347	94	605541	25347	109	701736	25347	125	804496	25347	140	902141	25347	156	1005900	25347	171	1102176	25347	187	1204939	25347	202	1301416	25347	218	1404730	25347	233	1501166	25347	249	1604092	25347	265	1706874	25347	280	1803320	25347	296	1906227	25347	311	2002755	25347	327	2106040	25347	342	2202596	25347	358	2305582	25347	373	2402242	25347	389	2505003	25347	
16	102228	25118	32	204332	25118	48	306041	25118	63	401476	25118	79	503784	25118	95	605570	25118	110	701086	25118	126	802671	25118	142	904827	25118	157	1000578	25118	173	1102459	25118	189	1204397	25118	205	1306271	25118	220	1402074	25118	236	1504055	25118	252	1605746	25118	267	1704110	25118	283	1806566	25118	298	1902224	25118	314	2003976	25118	330	2106485	25118	345	2201905	25118	361	2303680	25118	377	2405734	25118	392	2501685	25118	
16	101135	25350	32	201788	25350	48	302323	25350	64	402856	25350	80	503421	25350	96	604144	25350	112	706577	25350	127	802044	25350	143	902595	25350	159	1003547	25350	175	1104539	25350	191	1205224	25350	207	1305696	25350	223	1406403	25350	238	1501134	25350	254	1601637	25350	270	1702002	25350	286	1802272	25350	302	1902920	25350	318	2003368	25350	334	2104103	25350	350	2204518	25350	366	2305002	25350	382	2405689	25350	398	2506250	25350	
16	101715	25265	32	203190	25265	48	304816	25265	64	406042	25265	79	501083	25265	95	602870	25265	111	704052	25265	127	805566	25265	142	900710	25265	158	1002451	25265	174	1104049	25265	190	1205179	25265	206	1306592	25265	221	1401692	25265	237	1502987	25265	253	1604112	25265	269	1705606	25265	284	1800817	25265	300	1902387	25265	316	2003260	25265	332	2104625	25265	348	2206028	25265	363	2300860	25265	379	2402500	25265	395	2504405	25265	
243	100307	78	485	200093	78	500	206298	78	728	300384	78	970	400257	78	1000	412626	78	1212	500439	78	1453	600110	78	1500	619464	78	1696	700389	78	1938	800188	78	2000	825664	78	2181	900349	78	2422	1000082	78	2500	1032237	78	2664	1100042	78	2907	1200277	78	3000	1238816	78	3149	1300356	78	3391	1400419	78	3500	1445640	78	3632	1500289	78	3873	1600444	78	4000	1653298	78	4114	1700348	78	4356	1800210	78	4500	1861515	78	4593	1900047	78	4835	2000252	78	5000	2068156	78	5078	2100414	78	5320	2200304	78	5500	2274888	78	5561	2300065	78	5803	2400199	78	6000	2481343	78	6046	2500233	78	
238	100035	82	474	200289	82	500	211342	82	709	300100	82	946	400281	82	1000	423153	82	1182	500231	82	1419	600325	82	1500	634488	82	1655	700156	82	1891	800027	80	2000	846250	80	2127	900057	80	2345	1000372	80	2500	1066069	80	2580	1100137	80	2811	1200300	80	3000	1280526	80	3046	1300094	80	3282	1400395	80	3500	1493109	74	3517	1500373	74	3752	1600352	74	3987	1700039	74	4000	1705580	74	4223	1800179	74	4458	1900293	74	4500	1918121	74	4694	2000420	74	4927	2100225	74	5000	2131437	74	5161	2200381	74	5396	2300433	74	5500	2344474	74	5631	2400046	74	5867	2500360	74	
238	100184	70	480	200266	70	500	208571	70	722	300218	62	963	400050	62	1000	415432	62	1205	500254	62	1447	600395	62	1500	622399	62	1688	700110	62	1930	800229	62	2000	829269	62	2171	900140	62	2413	1000235	62	2500	1036228	62	2654	1100246	62	2895	1200234	62	3000	1243623	62	3136	1300157	62	3377	1400369	62	3500	1451592	62	3617	1500152	62	3859	1600324	62	4000	1658755	62	4100	1700356	62	4340	1800231	62	4500	1866634	62	4581	1900359	62	4822	2000278	62	5000	2073628	62	5065	2100414	62	5306	2200069	62	5500	2280111	62	5549	2300389	62	5790	2400124	62	6000	2486985	62	6032	2500283	62	
245	100029	88	490	200049	88	500	204159	88	735	300356	88	979	400219	88	1000	408796	88	1223	500365	88	1467	600059	88	1500	613586	88	1712	700322	88	1957	800401	88	2000	818019	88	2201	900419	88	2445	1000308	88	2500	1022744	88	2690	1100282	88	2934	1200066	88	3000	1227162	88	3177	1300087	88	3421	1400339	88	3500	1432582	88	3666	1500300	88	3910	1600400	88	4000	1637289	88	4154	1700361	88	4398	1800412	88	4500	1842160	88	4642	1900367	88	4886	2000097	88	5000	2047085	88	5130	2100225	88	5368	2200119	88	5500	2254196	88	5613	2300267	88	5857	2400319	85	6000	2459085	85	6100	2500098	85	
230	100078	87	460	200249	87	500	218005	87	688	300319	87	915	400157	87	1000	437364	87	1145	500344	87	1374	600121	87	1500	654795	87	1605	700375	87	1834	800369	87	2000	873036	87	2062	900108	87	2292	1000312	87	2500	1091279	87	2520	1100078	87	2749	1200344	87	2972	1300050	87	3000	1312435	87	3201	1400115	87	3430	1500293	87	3500	1530888	87	3659	1600098	87	3889	1700025	87	4000	1748308	87	4119	1800191	87	4349	1900389	87	4500	1966354	87	4578	2000271	87	4808	2100457	87	5000	2184240	87	5037	2200357	87	5266	2300381	87	5495	2400283	87	5500	2402453	87	5725	2500067	87	
262	100291	83	500	191629	83	522	200064	83	782	300143	83	1000	385848	82	1036	400189	82	1295	500167	75	1500	579101	75	1555	600092	75	1815	700153	75	2000	771483	75	2074	800105	75	2334	900391	75	2500	964349	75	2593	1000095	75	2852	1100152	75	3000	1157243	65	3111	1200094	65	3371	1300050	65	3500	1349848	65	3631	1400163	65	3891	1500232	65	4000	1542567	65	4149	1600046	65	4410	1700315	65	4500	1734840	65	4670	1800279	65	4929	1900091	65	5000	1927663	65	5187	2000270	65	5447	2100277	65	5500	2120638	65	5707	2200334	65	5967	2300352	65	6000	2313236	65	6224	2400172	65	6480	2500102	65	
230	100182	82	459	200323	76	500	218465	76	685	300176	76	912	400200	76	1000	438819	76	1139	500163	76	1366	600119	71	1500	659195	71	1593	700226	71	1820	800065	71	2000	879055	71	2048	900176	71	2275	1000306	71	2500	1099260	71	2502	1100169	71	2729	1200143	71	2956	1300174	71	3000	1319601	71	3183	1400244	71	3410	1500262	71	3500	1540159	71	3636	1600230	71	3862	1700055	71	4000	1760652	71	4090	1800247	71	4317	1900238	71	4500	1981149	71	4543	2000187	71	4769	2100237	71	4996	2200154	71	5000	2201930	71	5223	2300153	71	5450	2400251	71	5500	2422298	71	5673	2500325	71	
249	100348	74	497	200392	61	500	201626	61	744	300044	61	993	400125	61	1000	402932	61	1241	500071	61	1490	600337	61	1500	604364	61	1738	700229	61	1987	800097	61	2000	805357	61	2235	900103	61	2483	1000295	61	2500	1007184	61	2731	1100324	61	2968	1200240	61	3000	1213231	61	3216	1300276	61	3464	1400031	61	3500	1414556	61	3713	1500360	61	3960	1600160	61	4000	1617767	61	4201	1700101	61	4449	1800046	61	4500	1820639	61	4698	1900356	61	4945	2000090	61	5000	2022163	61	5194	2100391	61	5443	2200230	61	5500	2223246	61	5691	2300167	61	5938	2400321	61	6000	2425287	61	6186	2500409	61	
236	100202	88	472	200431	88	500	212352	88	708	300347	88	941	400042	88	1000	424971	88	1178	500353	88	1414	600164	88	1500	636485	88	1650	700160	88	1880	800113	88	2000	851069	88	2116	900371	88	2351	1000090	88	2500	1063421	88	2587	1100318	88	2823	1200326	88	3000	1275379	88	3059	1300324	88	3294	1400024	88	3500	1487419	88	3530	1500153	88	3767	1600270	77	4000	1699252	77	4002	1700121	77	4238	1800342	77	4472	1900023	77	4500	1911883	77	4709	2000353	77	4944	2100289	77	5000	2124215	77	5178	2200101	77	5412	2300040	77	5500	2337346	75	5648	2400269	75	5883	2500276	75	
235	100038	75	472	200445	75	500	212437	75	706	300132	75	942	400180	75	1000	425145	75	1177	500225	75	1413	600353	75	1500	637275	75	1649	700351	75	1885	800386	75	2000	849072	75	2121	900322	75	2356	1000410	75	2500	1061604	75	2591	1100397	73	2826	1200443	68	3000	1274281	68	3061	1300196	65	3297	1400182	65	3500	1486413	65	3532	1500099	65	3767	1600085	65	4000	1698874	65	4003	1700178	65	4237	1800259	65	4472	1900291	65	4500	1912255	65	4707	2000161	65	4942	2100172	65	5000	2124940	65	5177	2200169	65	5412	2300116	65	5500	2337452	65	5647	2400091	65	5883	2500426	65	
280	100019	74	500	178499	74	561	200245	79	842	300334	79	1000	356317	79	1123	400032	79	1404	500056	79	1500	534129	79	1685	600015	79	1967	700341	79	2000	712191	79	2246	800292	73	2500	891317	61	2525	900248	61	2804	1000089	61	3000	1070262	61	3084	1100334	61	3364	1200155	61	3500	1248691	61	3645	1300362	61	3925	1400340	61	4000	1427053	61	4206	1500355	61	4485	1600244	61	4500	1605619	61	4764	1700050	61	5000	1784207	61	5044	1800061	61	5325	1900225	61	5500	1964852	61	5598	2000332	61	5878	2100360	61	6000	2143871	61	6158	2200337	61	6437	2300025	61	6500	2322462	61	6718	2400296	61	6998	2500173	61	
252	100294	82	500	198963	82	503	200182	82	752	300031	82	1000	399023	82	1003	400228	82	1254	500175	82	1500	598121	82	1505	600118	82	1756	700150	82	2000	797446	82	2007	800253	82	2258	900152	82	2500	996354	82	2510	1000354	82	2754	1100109	82	3000	1198179	82	3005	1200203	82	3256	1300142	82	3500	1396866	82	3508	1400028	82	3761	1500332	82	4000	1596510	76	4009	1600151	76	4258	1700184	76	4500	1797303	76	4507	1800164	76	4754	1900019	67	5000	1999202	67	5002	2000026	67	5252	2100133	67	5500	2200048	67	5500	2200070	67	5749	2300162	67	5996	2400169	67	6000	2401782	67	6245	2500063	61	
260	100383	60	500	195051	60	513	200086	60	772	300034	60	1000	387842	60	1032	400245	60	1292	500068	60	1500	580364	60	1551	600114	60	1810	700326	60	2000	773594	59	2068	800166	59	2329	900391	59	2500	966136	59	2589	1000326	59	2848	1100297	59	3000	1159118	59	3107	1200369	59	3367	1300266	59	3500	1351428	59	3627	1400068	59	3887	1500071	59	4000	1543653	59	4147	1600136	59	4407	1700177	59	4500	1736022	59	4665	1800069	48	4924	1900088	48	5000	1929496	48	5183	2000293	48	5441	2100372	48	5500	2123326	48	5697	2200374	48	5955	2300340	48	6000	2317783	48	6214	2400202	48	6465	2500233	48	
272	100098	90	500	184163	83	544	200332	75	814	300309	75	1000	369622	67	1082	400266	67	1351	500310	67	1500	555442	67	1621	600126	67	1892	700244	67	2000	740068	67	2162	800189	67	2433	900307	67	2500	925070	67	2703	1000319	67	2972	1100113	70	3000	1110565	70	3229	1200040	70	3500	1300181	70	3500	1300202	70	3770	1400173	70	4000	1485035	63	4041	1500169	63	4312	1600250	63	4500	1669619	63	4583	1700318	63	4853	1800145	63	5000	1854468	63	5123	1900057	63	5393	2000033	63	5500	2039523	63	5665	2100394	63	5936	2200200	63	6000	2223816	63	6201	2300123	63	6471	2400206	63	6500	2410908	63	6741	2500156	63	
245	100271	107	487	200394	91	500	205829	91	727	300060	82	968	400187	82	1000	413540	80	1209	500256	80	1449	600079	80	1500	621198	80	1690	700219	80	1931	800160	80	2000	828829	80	2173	900438	73	2413	1000099	64	2500	1036369	64	2653	1100113	64	2893	1200084	64	3000	1244384	64	3134	1300237	64	3371	1400119	64	3500	1454355	64	3610	1500232	64	3850	1600032	64	4000	1662166	64	4091	1700261	64	4331	1800097	64	4500	1870231	64	4572	1900166	64	4812	2000202	64	5000	2078434	64	5052	2100149	64	5292	2200228	64	5500	2286939	64	5532	2300238	64	5771	2400182	64	6000	2494964	64	6013	2500378	64	
271	100340	66	500	185586	62	539	200051	62	808	300116	62	1000	371482	62	1077	400149	62	1344	500237	62	1500	559624	62	1609	600370	62	1878	700324	62	2000	745599	62	2147	800230	62	2416	900084	62	2500	931257	62	2685	1000206	62	2954	1100123	62	3000	1117329	62	3223	1200372	62	3491	1300218	62	3500	1303575	62	3758	1400254	62	4000	1490700	62	4025	1500062	62	4294	1600106	62	4500	1676665	62	4563	1700263	61	4831	1800049	61	5000	1862957	61	5100	1900134	61	5368	2000049	61	5500	2049228	61	5637	2100116	61	5906	2200321	61	6000	2235276	61	6174	2300046	61	6443	2400051	61	6500	2421291	61	6711	2500208	61	
262	100165	78	500	190960	78	524	200147	78	786	300351	78	1000	382480	73	1046	400181	73	1307	500257	73	1500	574264	73	1568	600303	73	1828	700226	73	2000	766131	73	2089	800319	73	2350	900330	72	2500	957962	72	2610	1000257	72	2869	1100179	72	3000	1150438	72	3130	1200305	72	3390	1300183	72	3500	1342201	72	3651	1400228	72	3911	1500270	72	4000	1534496	72	4171	1600020	72	4431	1700178	72	4500	1726737	71	4692	1800288	71	4953	1900268	71	5000	1918365	71	5213	2000096	71	5474	2100242	71	5500	2110321	71	5734	2200067	71	5996	2300184	64	6000	2301730	64	6258	2400358	64	6500	2492961	64	6519	2500253	64	
250	100191	76	500	200329	76	500	200352	76	747	300187	76	997	400380	76	1000	401601	76	1246	500401	76	1495	600259	76	1500	602274	76	1744	700354	76	1993	800164	76	2000	803044	76	2241	900113	76	2490	1000306	69	2500	1004368	69	2738	1100368	69	2986	1200056	69	3000	1205684	69	3236	1300368	69	3485	1400218	69	3500	1406262	69	3734	1500374	69	3983	1600295	69	4000	1607159	69	4231	1700112	69	4473	1800401	69	4500	1811428	69	4720	1900234	69	4969	2000371	69	5000	2012759	69	5218	2100220	69	5467	2200148	69	5500	2213468	69	5716	2300053	69	5966	2400332	69	6000	2414184	69	6214	2500073	69	
271	100283	78	500	185122	67	541	200327	67	810	300094	67	1000	370445	67	1080	400368	67	1350	500362	67	1500	556126	67	1618	600047	67	1888	700020	67	2000	741570	67	2158	800167	67	2420	900115	62	2500	929938	62	2688	1000225	62	2955	1100296	62	3000	1117233	62	3222	1200246	62	3490	1300191	62	3500	1303915	62	3758	1400254	62	4000	1490430	62	4026	1500153	62	4295	1600069	62	4500	1676805	62	4563	1700265	62	4832	1800300	62	5000	1862705	62	5101	1900258	62	5370	2000332	61	5500	2048779	61	5639	2100247	61	5908	2200337	61	6000	2234570	61	6176	2300068	61	6445	2400035	61	6500	2420535	61	6714	2500124	57	
242	100188	87	485	200343	87	500	206516	87	727	300269	87	970	400116	87	1000	412487	87	1214	500273	87	1457	600194	87	1500	617972	87	1700	700238	87	1943	800409	87	2000	823816	87	2185	900158	87	2428	1000250	87	2500	1029963	87	2666	1100201	87	2909	1200318	87	3000	1237800	87	3152	1300303	87	3395	1400344	87	3500	1443712	87	3637	1500116	87	3880	1600340	87	4000	1649755	87	4122	1700182	87	4365	1800162	87	4500	1855632	87	4609	1900411	87	4852	2000143	87	5000	2060889	87	5095	2100080	87	5338	2200151	87	5500	2266808	87	5581	2300199	87	5824	2400298	87	6000	2473292	87	6065	2500399	87	
89	101035	337	177	200585	337	265	300144	337	354	400257	337	443	500827	337	500	565332	337	531	600406	337	620	701076	337	708	800489	337	797	901042	337	885	1000493	337	974	1101022	337	1000	1130414	337	1062	1200463	337	1151	1300935	337	1239	1400350	337	1327	1500117	337	1416	1600777	337	1500	1696081	337	1504	1700666	337	1593	1801130	337	1681	1900342	337	1770	2000969	337	1857	2101172	337	1945	2200656	337	2000	2262596	337	2033	2300088	337	2122	2400888	337	2210	2500166	337	
77	100694	351	154	200661	351	230	300101	351	307	400836	351	384	501374	351	460	600177	351	500	652110	351	537	700152	351	614	800107	351	692	901361	351	768	1000308	351	845	1101073	351	919	1200452	351	996	1300626	351	1000	1305903	351	1073	1400792	351	1150	1501127	351	1226	1600809	351	1303	1700886	351	1380	1801267	351	1457	1901154	351	1500	1957007	351	1533	2000179	351	1610	2100470	351	1687	2201079	351	1763	2300148	351	1840	2400456	351	1917	2501026	351	
80	100836	339	159	200241	339	237	301148	339	316	401111	339	395	500464	339	475	600747	339	500	632099	339	555	701328	339	634	800530	339	713	900626	339	793	1001175	339	872	1100558	339	952	1200924	339	1000	1262145	339	1031	1301277	339	1110	1400728	339	1189	1500277	339	1269	1601188	339	1348	1700848	339	1427	1800393	339	1500	1892559	339	1506	1900192	339	1586	2000676	339	1666	2101240	339	1745	2200723	339	1824	2300237	339	1903	2400159	339	1983	2501024	339	
86	100258	325	172	201095	325	257	300333	325	343	400659	325	429	500982	325	500	583770	325	514	600370	325	600	700739	325	685	800207	325	771	900871	325	857	1001114	325	942	1100437	325	1000	1168217	325	1028	1201204	325	1113	1300504	325	1199	1400605	325	1285	1500845	325	1370	1600521	325	1456	1701140	325	1500	1752417	325	1541	1800238	325	1627	1900760	325	1713	2001247	325	1798	2100754	325	1884	2200947	325	1969	2300158	325	2000	2336626	325	2053	2400468	325	2138	2500344	325	
84	100764	355	167	200135	355	251	300738	355	335	401081	355	418	500154	355	500	598153	355	502	600602	355	586	701023	355	669	800250	355	753	900678	355	837	1001269	355	920	1100852	355	1000	1196407	355	1003	1200084	355	1087	1300471	355	1171	1401113	355	1252	1500508	355	1336	1600749	355	1419	1700373	355	1500	1796868	355	1503	1800572	355	1587	1901037	355	1670	2000346	355	1754	2100537	355	1838	2200745	355	1922	2301245	355	2000	2394219	355	2005	2400228	355	2089	2500386	355	
79	100729	339	158	201351	339	236	300597	339	315	400811	339	394	500905	339	471	600794	339	500	637822	339	550	701146	339	629	801390	339	707	900430	339	785	1000848	339	863	1100262	339	942	1200671	339	1000	1274754	339	1020	1300267	339	1099	1400770	339	1178	1501292	339	1256	1600590	339	1335	1701156	339	1413	1800385	339	1492	1900740	339	1500	1910953	339	1570	2000280	339	1649	2100681	339	1728	2200928	339	1806	2300089	339	1885	2400383	339	1964	2500411	339	
86	100168	385	172	200507	385	258	300606	385	344	400361	385	431	501080	385	500	581565	385	516	600165	385	602	700250	385	688	800186	385	774	900091	385	861	1000879	385	947	1100834	385	1000	1162605	385	1033	1200950	385	1119	1300515	385	1205	1400581	385	1291	1500524	385	1377	1600478	385	1463	1701155	385	1500	1744349	385	1549	1801195	385	1635	1900962	385	1721	2000725	385	1807	2100286	385	1893	2200174	385	1980	2301032	385	2000	2324137	385	2066	2400896	385	2152	2500571	385	
91	101101	345	181	201163	345	270	300080	345	361	400832	345	451	500582	345	500	555307	345	541	601136	345	630	700399	345	720	800248	345	810	900411	345	900	1000640	345	990	1101094	345	1000	1112323	345	1079	1200992	345	1168	1300315	345	1258	1400399	345	1348	1500694	345	1438	1600702	345	1500	1669753	345	1528	1700758	345	1615	1800180	345	1705	1901120	345	1794	2000412	345	1884	2100608	345	1973	2200283	345	2000	2230250	345	2063	2300116	345	2153	2400309	345	2243	2500617	345	
85	100875	369	169	200242	369	254	300986	369	338	400397	369	423	500917	369	500	592002	369	507	600400	369	591	700112	369	676	801005	369	758	900175	369	843	1001174	369	927	1100249	369	1000	1186809	369	1012	1201089	369	1096	1300841	369	1180	1400613	369	1264	1501181	369	1348	1600675	369	1433	1700855	369	1500	1780482	369	1517	1800877	369	1601	1900816	369	1685	2000319	369	1770	2100760	369	1855	2201227	369	1939	2300554	369	2000	2372624	369	2024	2400884	369	2108	2500420	369	
83	100133	358	167	201211	358	249	300189	358	332	400530	358	416	501258	358	498	600095	358	500	602581	358	582	701148	358	665	800922	358	748	900446	358	831	1000576	358	914	1100231	358	997	1200303	358	1000	1203950	358	1080	1300304	358	1163	1400408	358	1246	1500579	358	1329	1600205	358	1413	1701235	358	1496	1800762	358	1500	1805703	358	1579	1901056	358	1662	2000821	358	1745	2100606	358	1828	2200401	358	1912	2301268	358	1995	2401049	358	2000	2407094	358	2078	2500953	358	
86	100681	376	171	200169	376	257	300714	376	343	401122	376	428	500897	376	500	585166	376	513	600427	376	598	700254	376	684	800723	376	769	900079	376	855	1000658	376	940	1100168	376	1000	1170468	376	1026	1200974	376	1111	1300207	376	1197	1401116	376	1282	1500791	376	1367	1600586	376	1453	1701033	376	1500	1756037	376	1538	1800440	376	1624	1901183	376	1709	2000840	376	1792	2100224	376	1878	2201038	376	1963	2300504	376	2000	2343778	376	2049	2400995	376	2134	2500557	376	
82	100865	333	163	200361	333	245	300618	333	326	400282	333	408	500919	333	489	600178	333	500	613734	333	571	700601	333	652	800122	333	733	900702	333	815	1001116	333	896	1100212	333	976	1200878	333	1000	1230560	333	1057	1300575	333	1139	1401195	333	1220	1500535	333	1302	1601105	333	1383	1700506	333	1465	1801042	333	1500	1844073	333	1546	1900626	333	1628	2001045	333	1709	2100186	333	1791	2200501	333	1873	2301285	333	1954	2400560	333	2000	2456842	333	2036	2501008	333	
86	101216	357	171	200865	357	254	300351	357	340	401131	357	425	500320	357	500	588341	357	510	600238	357	595	700569	357	680	800283	357	765	900111	357	851	1000711	357	936	1101095	357	1000	1175955	357	1021	1200551	357	1106	1300134	357	1192	1401019	357	1277	1500158	357	1363	1600980	357	1448	1700790	357	1500	1761555	357	1533	1800179	357	1619	1901230	357	1704	2000583	357	1789	2100291	357	1875	2200622	357	1960	2300412	357	2000	2347394	357	2046	2401169	357	2131	2500408	357	
87	100148	337	174	200892	337	261	300768	337	348	400599	337	435	500589	337	500	575551	337	522	600897	337	609	701098	337	695	800148	337	782	900526	337	869	1000668	337	956	1100582	337	1000	1151214	337	1043	1200737	337	1130	1300762	337	1217	1400524	337	1304	1500494	337	1391	1600777	337	1478	1700769	337	1500	1726038	337	1565	1800869	337	1652	1900437	337	1739	2000865	337	1826	2101185	337	1912	2200573	337	1999	2300625	337	2000	2301840	337	2084	2400318	337	2172	2501123	337	
88	100288	349	177	201038	349	265	300989	349	353	400487	349	441	500329	349	500	567223	349	529	600181	349	618	701141	349	706	800738	349	794	900602	349	882	1000119	349	971	1100878	349	1000	1133740	349	1059	1200515	349	1147	1300083	349	1236	1400979	349	1322	1500712	349	1410	1600453	349	1498	1700107	349	1500	1702449	349	1587	1801142	349	1675	1900967	349	1763	2000829	349	1851	2100296	349	1940	2200922	349	2000	2269165	349	2028	2300861	349	2116	2400406	349	2205	2501016	349	
82	100538	355	164	201190	355	245	301037	355	326	400855	355	407	500113	355	487	600597	355	500	616624	355	569	701143	355	650	800154	355	732	900791	355	814	1001190	355	895	1100568	355	976	1200468	355	1000	1229949	355	1058	1300901	355	1140	1401140	355	1221	1500220	355	1303	1600379	355	1385	1700956	355	1466	1800304	355	1500	1842228	355	1548	1901047	355	1629	2000475	355	1711	2101219	355	1792	2200436	355	1874	2301277	355	1955	2400242	355	2000	2455784	355	2037	2501191	355	
87	101152	349	173	201058	349	259	300743	349	345	400698	349	431	500987	349	500	581716	349	516	600419	349	602	700546	349	688	800599	349	774	900650	349	860	1000828	349	946	1100619	349	1000	1163499	349	1032	1200625	349	1118	1300980	349	1204	1400663	349	1290	1500514	349	1376	1600492	349	1462	1700810	349	1500	1744893	349	1548	1800940	349	1634	1900846	349	1720	2001056	349	1806	2101060	349	1892	2200907	349	1978	2300962	349	2000	2326517	349	2064	2400870	349	2150	2500617	349	
87	101015	375	173	200275	375	254	301209	375	332	401160	375	416	500203	375	500	597706	375	502	600087	375	589	700653	375	674	800837	375	760	900220	375	846	1000983	375	932	1100336	375	1000	1178932	375	1019	1200893	375	1105	1300252	375	1192	1400728	375	1278	1500435	375	1364	1600317	375	1450	1700165	375	1500	1760284	375	1534	1800778	375	1620	1900451	375	1706	2000108	375	1793	2100772	375	1879	2200144	375	1966	2300913	375	2000	2340392	375	2052	2400859	375	2138	2500401	375	
88	100295	332	176	200329	332	264	300463	332	352	400704	332	440	500743	332	500	568981	332	528	600842	332	616	700799	332	704	800964	332	790	900799	332	878	1001209	332	965	1100334	332	1000	1140191	332	1053	1200527	332	1141	1300407	332	1229	1400877	332	1317	1501039	332	1404	1600364	332	1492	1700147	332	1500	1709317	332	1580	1800786	332	1667	1900439	332	1755	2001032	332	1842	2100112	332	1930	2200397	332	2000	2280287	332	2018	2300879	332	2106	2400813	332	2194	2501070	332	
92	100329	340	184	200518	340	276	300663	340	368	400482	340	460	500333	340	500	543952	340	552	600687	340	644	700745	340	736	800599	340	828	900856	340	920	1000716	340	1000	1087862	340	1012	1100950	340	1104	1200816	340	1195	1300110	340	1288	1401051	340	1380	1500980	340	1472	1600906	340	1500	1631341	340	1563	1700224	340	1655	1800717	340	1746	1900498	340	1838	2000671	340	1930	2100750	340	2000	2177248	340	2021	2200084	340	2114	2301049	340	2206	2400896	340	2298	2501034	340	
18	101169	1669	36	202795	1669	54	305084	1669	71	400923	1669	89	502404	1669	107	603906	1669	124	703534	1669	142	805016	1669	159	900657	1669	177	1002391	1669	195	1103722	1669	213	1205406	1669	230	1301150	1669	248	1402602	1669	266	1503852	1669	284	1605355	1669	301	1701010	1669	319	1802489	1669	337	1904027	1669	354	2002262	1669	372	2104766	1669	389	2200787	1669	407	2302171	1669	425	2403629	1669	443	2505178	1669	
19	105667	1769	37	205737	1769	55	305829	1769	73	405761	1769	91	505531	1769	109	605582	1769	127	705857	1769	145	805663	1769	163	905721	1769	180	1001014	1769	198	1103446	1769	216	1203597	1769	234	1303800	1769	252	1403696	1769	270	1503398	1769	288	1603112	1769	306	1703438	1769	324	1803600	1769	342	1903450	1769	360	2003386	1769	378	2103499	1769	396	2203128	1769	414	2303129	1769	432	2403269	1769	450	2503151	1769	
18	101634	1800	36	200782	1800	55	305395	1800	73	404437	1800	91	503446	1800	109	602650	1800	127	701842	1800	145	801005	1800	164	905675	1800	182	1004425	1800	200	1103649	1800	218	1202708	1800	236	1301793	1800	254	1400841	1800	273	1505254	1800	291	1604309	1800	309	1703375	1800	327	1802563	1800	345	1902065	1800	363	2001160	1800	382	2105519	1800	400	2204515	1800	418	2303415	1800	436	2402638	1800	454	2501560	1800	
19	104537	1759	37	203276	1759	55	302035	1759	73	400628	1759	92	504837	1759	110	603802	1759	128	702622	1759	146	801425	1759	165	905821	1759	183	1004392	1759	201	1103108	1759	219	1201866	1759	237	1301149	1759	256	1405793	1759	274	1504576	1759	292	1603236	1759	310	1702427	1759	328	1801216	1759	347	1905161	1759	365	2004031	1759	383	2105521	1759	401	2204719	1759	419	2303419	1759	437	2402203	1759	455	2501412	1759	
18	100576	1726	36	200640	1726	54	300674	1726	72	400686	1726	90	500859	1726	108	601341	1726	126	701579	1726	144	801777	1726	162	901872	1726	180	1002094	1726	198	1102751	1726	215	1200765	1726	233	1301112	1726	251	1401574	1726	269	1502175	1726	287	1602215	1726	305	1702220	1726	323	1802295	1726	341	1902585	1726	359	2002659	1726	377	2103022	1726	395	2202910	1726	413	2302993	1726	431	2403776	1726	449	2504161	1726	
19	104995	1758	36	201059	1758	54	300860	1758	73	405623	1758	91	504681	1758	109	603759	1758	127	703035	1758	145	802340	1758	163	901464	1758	181	1000649	1758	200	1105394	1758	218	1204356	1758	236	1303424	1758	254	1402454	1758	272	1501681	1758	290	1601652	1758	308	1701023	1758	327	1805618	1758	345	1904887	1758	363	2003861	1758	381	2103013	1758	399	2202072	1758	417	2301553	1758	435	2401188	1758	453	2500519	1758	
19	104521	1712	37	204613	1712	55	303624	1712	73	402359	1712	91	501209	1712	110	605413	1712	128	704226	1712	146	803098	1712	164	902037	1712	182	1000957	1712	201	1105353	1712	219	1203925	1712	237	1302741	1712	255	1401612	1712	273	1500627	1712	292	1604848	1712	310	1703841	1712	328	1802749	1712	346	1901724	1712	364	2000804	1712	383	2105129	1712	400	2200769	1712	418	2300576	1712	437	2405751	1712	455	2504703	1712	
19	105042	1712	37	204510	1712	55	303892	1712	73	403223	1712	91	502289	1712	109	601575	1712	127	700673	1712	146	805631	1712	164	904788	1712	182	1003743	1712	200	1103065	1712	218	1203272	1712	236	1304213	1712	254	1403585	1712	272	1502732	1712	290	1601881	1712	308	1701171	1712	327	1805917	1712	345	1905048	1712	363	2004477	1712	381	2103634	1712	399	2203316	1712	417	2302923	1712	435	2402329	1712	453	2501571	1712	
18	101149	1743	36	201814	1743	54	305182	1743	72	405963	1743	89	501059	1743	107	601709	1743	125	702292	1743	143	802720	1743	161	903131	1743	179	1003663	1743	197	1104528	1743	215	1205147	1743	233	1305674	1743	250	1400749	1743	268	1501347	1743	286	1601979	1743	304	1702392	1743	322	1802826	1743	340	1903336	1743	358	2003628	1743	376	2104868	1743	394	2205889	1743	411	2300999	1743	429	2401749	1743	447	2502360	1743	
18	101182	1684	36	202067	1684	54	302848	1684	72	403106	1684	90	504123	1684	108	604805	1684	126	705485	1684	143	800926	1684	161	902027	1684	179	1002613	1684	197	1103627	1684	215	1204634	1684	233	1305492	1684	250	1400700	1684	268	1501253	1684	286	1601772	1684	304	1702420	1684	322	1802866	1684	340	1903553	1684	358	2004253	1684	376	2104914	1684	393	2203274	1684	411	2304796	1684	428	2402544	1684	446	2503324	1684	
19	103050	1705	37	200730	1705	56	303515	1705	74	401293	1705	93	504295	1705	111	602431	1705	130	705387	1705	148	802796	1705	166	900729	1705	185	1003753	1705	203	1101508	1705	222	1204429	1705	240	1302342	1705	258	1402511	1705	276	1501276	1705	295	1604365	1705	313	1702277	1705	332	1805031	1705	350	1902767	1705	368	2000650	1705	387	2104679	1705	405	2202565	1705	424	2305718	1705	442	2403790	1705	460	2501580	1705	
20	104428	1778	39	203426	1778	58	302661	1778	77	402777	1778	96	503464	1778	115	602542	1778	134	701703	1778	153	800658	1778	173	905101	1778	192	1003957	1778	211	1102873	1778	230	1201887	1778	249	1300896	1778	269	1404991	1778	288	1504085	1778	307	1603037	1778	326	1701904	1778	345	1801194	1778	364	1900581	1778	384	2005145	1778	403	2104319	1778	422	2203076	1778	441	2301840	1778	460	2400789	1778	480	2505085	1778	
19	104618	1776	37	203916	1776	55	303397	1776	73	402352	1776	91	501289	1776	109	600646	1776	128	705337	1776	146	804738	1776	164	904150	1776	182	1003297	1776	200	1102252	1776	218	1201618	1776	236	1300897	1776	255	1405708	1776	273	1505276	1776	291	1604488	1776	309	1703877	1776	327	1803508	1776	345	1903130	1776	363	2002651	1776	381	2101844	1776	399	2200993	1776	418	2305612	1776	436	2405190	1776	453	2501494	1776	
19	102738	1737	38	205367	1737	56	302530	1737	75	405132	1737	93	502234	1737	112	604925	1737	130	701891	1737	149	804438	1737	167	901582	1737	186	1004061	1737	204	1101188	1737	223	1203503	1737	241	1300893	1737	260	1403681	1737	278	1501950	1737	297	1605485	1737	315	1702679	1737	334	1805308	1737	352	1902631	1737	371	2004902	1737	389	2102037	1737	408	2204391	1737	426	2301517	1737	445	2404351	1737	463	2501544	1737	
17	104580	1742	33	203996	1742	49	301911	1742	65	402110	1742	82	506437	1742	97	601509	1742	113	701477	1742	130	806432	1742	146	905430	1742	162	1004959	1742	178	1104570	1742	194	1203501	1742	210	1302951	1742	226	1403162	1742	242	1501102	1742	258	1601002	1742	274	1701306	1742	291	1805891	1742	307	1905411	1742	323	2005265	1742	339	2103319	1742	355	2202372	1742	371	2301924	1742	387	2401813	1742	403	2500747	1742	
19	100566	1764	38	200742	1764	57	301095	1764	76	401681	1764	95	501962	1764	114	602154	1764	133	702637	1764	152	802990	1764	171	903207	1764	190	1003450	1764	209	1103912	1764	228	1204178	1764	247	1304346	1764	266	1405354	1764	284	1500502	1764	303	1601588	1764	322	1704079	1764	341	1804160	1764	360	1904252	1764	379	2004252	1764	398	2104727	1764	417	2204762	1764	436	2304416	1764	455	2404585	1764	474	2504896	1764	
20	103577	1725	39	201914	1725	59	305391	1725	78	403639	1725	97	501903	1725	116	600394	1725	136	703628	1725	155	802242	1725	174	900595	1725	194	1003917	1725	213	1102822	1725	232	1201237	1725	252	1304812	1725	271	1403113	1725	290	1501856	1725	310	1605450	1725	328	1701509	1725	348	1804997	1725	367	1903258	1725	386	2001601	1725	406	2105256	1725	425	2203475	1725	444	2301657	1725	464	2404905	1725	483	2504150	1725	
19	101535	1716	38	202810	1716	57	304045	1716	76	405179	1716	94	501895	1716	113	603466	1716	131	701587	1716	150	803207	1716	169	904983	1716	187	1001067	1716	206	1102431	1716	225	1204007	1716	244	1305266	1716	262	1401863	1716	281	1503117	1716	300	1605211	1716	318	1701315	1716	337	1802787	1716	356	1904261	1716	375	2005633	1716	393	2101868	1716	412	2203033	1716	431	2304271	1716	449	2400450	1716	468	2501953	1716	
20	104373	1725	39	203143	1725	58	301851	1725	77	400577	1725	97	504621	1725	116	603581	1725	135	702491	1725	154	801152	1725	174	904908	1725	193	1003507	1725	212	1102558	1725	231	1201681	1725	250	1300799	1725	270	1405206	1725	289	1504265	1725	308	1603199	1725	327	1701936	1725	346	1800961	1725	366	1905210	1725	385	2004146	1725	404	2102796	1725	423	2202012	1725	442	2300651	1725	462	2404698	1725	481	2503730	1725	
20	104065	1715	39	202662	1715	58	301547	1715	78	405186	1715	97	503595	1715	116	602497	1715	135	700978	1715	155	804885	1715	174	903405	1715	193	1001895	1715	213	1105205	1715	232	1203940	1715	251	1303034	1715	270	1401824	1715	289	1500649	1715	309	1604322	1715	328	1703095	1715	347	1803928	1715	366	1902591	1715	385	2001133	1715	405	2104752	1715	424	2203224	1715	443	2301516	1715	463	2405117	1715	482	2503939	1715	
235	100242	110	463	200315	97	500	216709	97	689	300082	97	917	400390	97	1000	436665	97	1145	500195	97	1373	600086	97	1500	655891	97	1600	700270	97	1827	800064	97	2000	878285	97	2049	900101	97	2277	1000199	97	2500	1098339	97	2504	1100105	97	2732	1200122	97	2959	1300261	97	3000	1318324	97	3185	1400340	97	3411	1500305	97	3500	1539615	97	3637	1600327	97	3864	1700356	97	4000	1760203	97	4091	1800026	97	4319	1900276	97	4500	1979645	97	4547	2000355	97	4774	2100301	97	5000	2199680	97	5001	2200144	97	5230	2300436	97	5457	2400136	97	5500	2418965	97	5685	2500094	97	
241	100159	136	476	200301	118	500	210561	112	711	300181	117	947	400436	117	1000	423019	117	1181	500133	107	1416	600309	100	1500	636088	100	1651	700269	100	1886	800388	83	2000	849146	83	2118	900234	83	2352	1000181	83	2500	1063463	80	2586	1100149	80	2822	1200374	80	3000	1276373	80	3056	1300180	80	3285	1400161	80	3500	1491599	74	3520	1500169	74	3754	1600062	74	3989	1700364	74	4000	1705053	74	4223	1800331	72	4457	1900241	72	4500	1918582	72	4692	2000395	72	4926	2100340	72	5000	2132046	72	5160	2200126	72	5394	2300202	72	5500	2345323	72	5629	2400239	72	5864	2500291	72	
234	100247	105	460	200340	94	500	218041	94	686	300333	88	913	400381	88	1000	438796	88	1139	500248	88	1366	600040	88	1500	659263	88	1593	700373	88	1819	800312	88	2000	879982	88	2046	900352	88	2273	1000193	88	2499	1100263	87	2500	1100722	87	2724	1200464	87	2949	1300380	87	3000	1323094	87	3173	1400222	85	3398	1500086	85	3500	1545216	85	3625	1600429	85	3851	1700369	85	4000	1766434	85	4076	1800175	85	4301	1900026	85	4500	1988625	85	4526	2000193	85	4734	2100206	85	4960	2200285	85	5000	2218078	85	5185	2300078	85	5411	2400354	85	5500	2439904	85	5636	2500404	85	
237	100216	133	466	200153	123	500	215058	123	695	300045	123	925	400214	123	1000	432932	123	1155	500288	123	1385	600314	123	1500	650206	123	1615	700179	123	1845	800373	123	2000	868197	123	2074	900332	123	2303	1000160	123	2500	1086534	118	2532	1100414	118	2756	1200210	118	2986	1300392	118	3000	1306461	118	3215	1400187	118	3446	1500334	118	3500	1523772	118	3675	1600182	118	3905	1700075	118	4000	1741120	118	4136	1800383	117	4364	1900423	113	4500	1959757	113	4593	2000316	113	4821	2100335	108	5000	2178848	108	5049	2200256	108	5277	2300152	108	5500	2397515	108	5506	2400168	108	5735	2500282	108	
236	100172	189	465	200401	157	500	215859	157	687	300243	149	914	400105	138	1000	437745	138	1143	500382	127	1370	600094	123	1500	656961	124	1599	700345	124	1827	800023	124	2000	875852	124	2056	900300	124	2284	1000284	124	2500	1094494	114	2513	1100231	114	2741	1200172	114	2970	1300391	114	3000	1313575	114	3198	1400125	114	3427	1500249	114	3500	1532130	114	3656	1600336	114	3884	1700200	114	4000	1750867	114	4113	1800070	114	4342	1900199	114	4500	1969290	114	4571	2000379	114	4799	2100104	114	5000	2187760	114	5029	2200451	114	5258	2300352	114	5487	2400225	110	5500	2405924	110	5715	2500392	106	
229	100248	171	451	200064	138	500	222186	138	674	300362	138	896	400053	138	1000	446666	138	1119	500253	138	1342	600464	138	1500	671505	138	1564	700316	138	1786	800038	131	2000	896441	117	2008	900086	117	2230	1000166	112	2452	1100360	112	2500	1121973	112	2673	1200288	109	2895	1300161	109	3000	1347712	109	3117	1400394	109	3339	1500293	109	3500	1573093	109	3560	1600328	109	3781	1700401	109	4000	1799539	109	4002	1800471	109	4222	1900047	109	4442	2000357	105	4500	2026757	105	4663	2100407	105	4885	2200441	105	5000	2252272	105	5107	2300362	105	5324	2400224	93	5500	2479728	93	5545	2500063	93	
231	100167	232	456	200291	201	500	219997	201	679	300147	201	903	400408	189	1000	443661	187	1126	500154	180	1351	600353	172	1500	666831	172	1575	700398	163	1797	800287	157	2000	891547	157	2020	900406	157	2244	1000427	157	2467	1100092	157	2500	1114863	157	2690	1200049	157	2914	1300203	157	3000	1338730	157	3137	1400138	157	3357	1500232	147	3500	1565110	147	3578	1600025	147	3800	1700108	142	4000	1789758	135	4023	1800056	135	4245	1900183	132	4466	2000379	127	4500	2015721	127	4688	2100175	127	4912	2200416	127	5000	2239532	121	5136	2300431	121	5359	2400351	121	5500	2463571	121	5582	2500199	121	
230	100352	153	453	200216	116	500	221391	116	676	300327	116	898	400027	110	1000	445841	107	1122	500378	102	1344	600274	102	1500	672224	100	1563	700449	100	1786	800048	95	2000	896291	90	2009	900342	90	2231	1000346	90	2455	1100308	90	2500	1120257	90	2679	1200346	90	2902	1300419	90	3000	1345699	90	3122	1400207	90	3346	1500107	90	3500	1569093	90	3570	1600402	90	3793	1700050	90	4000	1792637	90	4017	1800315	90	4239	1900106	90	4462	2000084	90	4500	2017164	90	4686	2100408	90	4910	2200362	90	5000	2240504	90	5133	2300095	90	5356	2400087	86	5500	2464570	86	5579	2500147	86	
235	100329	190	463	200149	169	500	216406	169	691	300175	166	919	400260	164	1000	435945	164	1146	500171	159	1375	600417	136	1500	655081	136	1603	700205	136	1830	800035	136	2000	874813	136	2058	900384	135	2286	1000403	122	2500	1094377	116	2513	1100101	116	2741	1200240	114	2968	1300040	112	3000	1314082	112	3197	1400409	112	3425	1500031	112	3500	1533167	112	3653	1600320	112	3882	1700282	112	4000	1751796	112	4111	1800426	112	4339	1900209	112	4500	1970609	111	4567	2000386	111	4794	2100170	111	5000	2190231	111	5023	2200273	111	5252	2300436	111	5479	2400076	111	5500	2409282	111	5707	2500182	111	
228	100341	187	450	200317	154	500	222873	151	672	300410	146	894	400215	137	1000	447932	137	1116	500270	137	1339	600243	137	1500	672629	135	1561	700074	129	1782	800172	129	2000	897828	129	2005	900068	129	2229	1000428	129	2452	1100291	128	2500	1121884	128	2674	1200194	128	2896	1300342	128	3000	1346949	128	3119	1400312	128	3341	1500194	124	3500	1571522	124	3564	1600264	124	3787	1700431	124	4000	1796466	124	4008	1800081	124	4225	1900259	124	4448	2000426	124	4500	2023806	124	4670	2100409	124	4892	2200292	124	5000	2248831	124	5114	2300115	124	5337	2400449	124	5500	2473618	124	5559	2500162	124	
72	100832	9908	144	201074	9099	217	300176	6762	292	400317	3852	365	500483	2556	437	600643	2013	500	689101	1855	508	700444	1855	579	800353	1817	651	900900	1814	717	1001138	1814	788	1100782	1814	859	1200197	1814	931	1300894	1814	1000	1397029	1814	1003	1401338	1814	1074	1500371	1814	1146	1600989	1784	1217	1701413	1784	1288	1801107	1729	1359	1900749	1729	1430	2000497	1729	1500	2098425	1729	1502	2101320	1729	1573	2200945	1705	1644	2301258	1695	1715	2401284	1659	1786	2501250	1659	
69	100651	9462	144	200659	7767	219	300665	5985	296	400382	2960	370	500560	2306	443	600846	2252	500	679707	2204	515	700520	2204	588	801063	2169	661	900964	2169	734	1000586	2132	807	1100864	2132	880	1200927	2132	953	1300753	2132	1000	1365643	2132	1026	1401149	2132	1099	1501229	2132	1172	1601402	2132	1245	1701216	2113	1318	1801362	2113	1390	1900714	2113	1463	2000748	2113	1500	2051588	2113	1536	2101077	2097	1609	2201219	2097	1681	2300312	1970	1755	2401453	1910	1828	2501102	1910	
75	100096	8233	153	200618	4772	230	301320	2104	302	400107	1820	375	500102	1771	449	601314	1670	500	671927	1562	521	700934	1562	593	800436	1562	666	900978	1538	738	1000472	1538	811	1101037	1533	883	1200155	1482	956	1300439	1482	1000	1360904	1413	1029	1401392	1413	1101	1500283	1413	1174	1601003	1378	1247	1701040	1378	1320	1801355	1378	1392	1900137	1378	1465	2000114	1378	1500	2048120	1378	1538	2100196	1378	1606	2201398	1378	1678	2300391	1378	1751	2400991	1378	1824	2501215	1378	
75	100128	7127	152	201084	3659	226	300820	2016	298	400932	1940	369	500374	1940	441	600395	1940	500	682822	1940	513	701040	1940	585	800978	1940	657	901288	1940	728	1000640	1918	800	1101290	1707	871	1200256	1666	940	1301034	1648	1000	1384963	1599	1011	1400436	1599	1083	1501131	1574	1154	1600110	1574	1226	1700562	1556	1298	1800467	1484	1370	1901357	1484	1441	2000505	1465	1500	2083349	1455	1512	2100308	1455	1584	2201488	1405	1655	2301221	1405	1726	2400633	1405	1797	2500701	1405	
73	100736	9240	148	200307	6652	224	300795	3622	295	400815	2678	366	500178	2283	437	600247	2181	500	688076	2091	509	700711	2091	581	800950	2091	652	900478	2091	724	1001012	2091	795	1100473	2091	867	1201167	2091	939	1301393	2091	1000	1386071	2091	1011	1401449	2091	1082	1500578	2061	1154	1601029	2037	1224	1700361	2032	1295	1800495	1934	1366	1900641	1903	1438	2001364	1903	1500	2087830	1903	1509	2100532	1903	1581	2201146	1899	1652	2300326	1899	1724	2400362	1899	1796	2500332	1899	
74	101187	8064	149	200780	5307	224	300663	2938	296	400450	2500	368	501073	2409	439	600546	2409	500	685795	2409	511	701209	2409	582	800152	2409	654	900192	2409	726	1000496	2337	798	1101212	2168	869	1200905	2136	941	1301408	2012	1000	1383931	1924	1012	1400890	1924	1083	1500339	1889	1155	1601087	1889	1226	1700711	1889	1298	1801407	1889	1369	1900767	1889	1440	2001120	1860	1500	2085705	1835	1511	2101303	1835	1582	2200937	1832	1653	2300353	1824	1725	2401126	1824	1795	2501089	1824	
74	100937	8157	150	200635	4383	224	300130	2610	296	400354	2454	368	500699	2242	440	601398	2122	500	685305	2015	511	700958	2015	582	800502	2015	654	901227	2003	725	1000599	2003	796	1100662	1986	867	1200197	1986	939	1301011	1986	1000	1387048	1986	1010	1401365	1986	1081	1500996	1930	1150	1600579	1888	1222	1701344	1888	1293	1800963	1888	1365	1901282	1888	1436	2000751	1876	1500	2091127	1840	1507	2100958	1840	1578	2200712	1840	1649	2300449	1791	1720	2400560	1791	1791	2501136	1782	
73	100185	9955	146	200198	9919	219	300318	9644	293	400590	8344	370	500489	4413	445	600189	2331	500	677519	1886	517	701087	1791	589	801121	1791	661	900944	1661	733	1000703	1613	805	1100630	1588	877	1200882	1552	949	1301058	1552	1000	1372334	1552	1020	1400259	1552	1093	1501385	1427	1165	1601434	1367	1237	1701483	1337	1308	1800214	1337	1380	1900538	1337	1452	2000918	1337	1500	2067669	1337	1524	2101125	1332	1596	2201430	1321	1667	2300319	1303	1739	2400554	1303	1811	2500496	1303	
74	100953	8666	149	200448	5560	225	301239	2804	298	401085	2088	370	501035	2016	442	601460	2016	500	682460	1989	513	700550	1989	585	800939	1930	657	901325	1905	728	1000731	1858	800	1100621	1858	872	1200742	1808	944	1300558	1787	1000	1378240	1773	1016	1400649	1773	1088	1500408	1742	1161	1601297	1742	1233	1701025	1742	1305	1800672	1732	1377	1900373	1675	1449	2000261	1675	1500	2071027	1675	1521	2100267	1675	1593	2200349	1675	1665	2300784	1675	1736	2400296	1675	1808	2501195	1675	
76	100837	7907	153	201112	5037	230	301287	2341	303	401220	2117	376	500799	2084	449	600223	2084	500	669857	2084	523	701224	2084	596	801140	2084	669	901208	2084	742	1001296	2043	814	1100317	1886	887	1201217	1784	960	1300957	1639	1000	1355633	1641	1033	1400852	1586	1106	1500744	1586	1179	1600620	1586	1252	1700348	1586	1325	1801154	1586	1393	1900227	1586	1466	2000294	1586	1500	2047219	1586	1539	2100530	1586	1612	2200592	1586	1685	2300271	1586	1758	2400099	1586	1832	2501000	1580	
16	102871	50387	32	205760	50387	47	302266	50387	63	405202	50387	78	502075	50387	94	604911	50387	109	701322	50387	125	803934	50387	139	900999	50387	155	1004270	50387	170	1100994	50387	186	1203987	50387	202	1306684	50387	217	1403336	50387	233	1506258	50387	248	1602980	50387	264	1705563	50387	279	1802209	50387	295	1905169	50387	310	2001779	50387	326	2105077	50387	341	2201406	50387	357	2304125	50387	373	2406808	50387	388	2503254	50387	
16	103266	49956	32	206537	49956	47	303175	49956	63	405980	49956	78	502912	49956	94	606178	49956	109	702674	49956	125	806369	49956	140	902935	49956	156	1006146	49956	171	1102989	49956	187	1206040	49956	202	1302949	49956	218	1405898	49956	233	1502503	49956	249	1605382	49956	264	1702114	49956	280	1805457	49956	295	1901935	49956	311	2005168	49956	326	2101655	49956	342	2204858	49956	357	2301523	49956	373	2404906	49956	388	2501605	49956	
16	102564	50094	32	204880	50094	47	301129	50094	63	403700	50094	79	505607	50094	94	601392	50094	110	703870	50094	126	806607	50094	141	903101	50094	157	1005525	50094	172	1101465	50094	188	1203693	50094	204	1305707	50094	219	1401599	50094	235	1503834	50094	251	1606125	50094	266	1702169	50094	282	1804184	50094	297	1901337	50094	313	2005312	50094	328	2101245	50094	344	2203768	50094	360	2306355	50094	375	2402164	50094	391	2504380	50094	
16	103245	50271	32	206045	50271	47	302572	50271	63	405353	50271	78	501854	50271	94	604635	50271	109	701220	50271	125	804402	50271	140	900978	50271	156	1006576	50271	171	1103032	50271	187	1205862	50271	202	1302278	50271	218	1405194	50271	233	1501659	50271	249	1604648	50271	264	1701235	50271	280	1804342	50271	295	1900630	50271	311	2003710	50271	327	2106458	50271	342	2203010	50271	358	2306002	50271	373	2402613	50271	389	2505409	50271	
16	103811	49591	32	206390	49591	47	302921	49591	63	405724	49591	78	501645	49591	94	604526	49591	109	701992	49591	125	804366	49591	140	900581	49591	156	1002959	49591	172	1105482	49591	187	1201859	49591	203	1304311	49591	218	1400553	49591	234	1503153	49591	250	1605609	49591	265	1701857	49591	281	1804120	49591	297	1906338	49591	312	2002417	49591	328	2104893	49591	343	2201019	49591	359	2303378	49591	375	2406461	49591	390	2502666	49591	
16	103697	50128	31	200645	50128	47	303888	50128	62	400499	50128	78	504125	50128	93	602694	50128	109	705882	50128	124	803348	50128	140	906466	50128	155	1003298	50128	171	1106896	50128	186	1204006	50128	201	1301223	50128	217	1405173	50128	232	1502040	50128	248	1605432	50128	263	1702304	50128	279	1805998	50128	294	1903407	50128	309	2002784	50128	325	2106768	50128	340	2203701	50128	355	2300684	50128	371	2404026	50128	386	2500926	50128	
16	102437	50437	32	205336	50437	47	301620	50437	63	404508	50437	78	501120	50437	94	603702	50437	110	706213	50437	125	802405	50437	141	904716	50437	156	1002194	50437	172	1105438	50437	187	1201603	50437	203	1304100	50437	219	1406313	50437	234	1502687	50437	250	1604955	50437	265	1701326	50437	281	1803884	50437	297	1906109	50437	312	2002342	50437	328	2104647	50437	344	2206786	50437	359	2302929	50437	375	2405713	50437	390	2501893	50437	
16	106015	50327	31	203407	50327	46	300961	50327	62	404405	50327	77	501239	50327	93	604908	50327	108	702298	50327	124	805614	50327	139	902894	50327	155	1005940	50327	170	1102856	50327	186	1206332	50327	201	1303118	50327	217	1406496	50327	232	1503484	50327	248	1606956	50327	263	1703424	50327	279	1806557	50327	294	1903179	50327	310	2006305	50327	325	2102820	50327	341	2205975	50327	356	2303223	50327	372	2406474	50327	387	2503313	50327	
16	102998	50194	32	206861	50194	47	303416	50194	63	406181	50194	78	502575	50194	94	605130	50194	109	701478	50194	125	804315	50194	140	900965	50194	156	1003711	50194	172	1106560	50194	187	1202904	50194	203	1306067	50194	218	1402700	50194	234	1505543	50194	249	1602046	50194	265	1704990	50194	280	1801383	50194	296	1903875	50194	311	2000756	50194	327	2105822	50194	342	2202720	50194	358	2305628	50194	373	2402199	50194	389	2504843	50194	
16	102686	50329	32	205583	50329	47	301519	50329	63	403560	50329	79	506138	50329	94	602063	50329	110	704421	50329	125	800526	50329	141	902902	50329	157	1005422	50329	172	1103541	50329	188	1206129	50329	203	1302234	50329	219	1405022	50329	234	1501419	50329	250	1603593	50329	266	1705886	50329	281	1801989	50329	297	1904191	50329	313	2006367	50329	328	2102339	50329	344	2204613	50329	359	2300593	50329	375	2403164	50329	391	2505518	50329	
