versja nr 3;wspolczynnik mutacji 2.700000;wielkosc populacji 45
286	100028	332	500	175353	332	571	200300	332	855	300314	332	1000	351204	332	1139	400140	332	1423	500352	332	1500	527451	332	1707	600280	332	1992	700206	332	2000	703048	332	2275	800217	332	2500	879301	332	2559	900208	332	2843	1000135	332	3000	1055459	332	3127	1100133	332	3411	1200140	332	3500	1231759	332	3693	1300080	332	3977	1400132	332	4000	1408211	332	4261	1500318	332	4500	1584571	332	4545	1600343	332	4829	1700053	332	5000	1760464	332	5113	1800364	332	5397	1900307	332	5500	1936687	332	5681	2000307	332	5966	2100228	332	6000	2112214	332	6250	2200253	332	6500	2290639	332	6527	2300138	332	6811	2400040	332	7000	2466599	332	7095	2500079	332	
287	100081	581	500	174568	581	573	200109	581	858	300161	581	1000	350052	581	1143	400123	581	1429	500048	581	1500	525021	581	1715	600268	581	2000	699689	581	2001	700062	581	2288	800221	581	2500	874206	581	2574	900082	581	2861	1000345	581	3000	1048891	581	3147	1100239	581	3434	1200340	581	3500	1223648	581	3719	1300258	581	4000	1398324	581	4005	1400132	581	4284	1500162	581	4500	1576119	581	4569	1600118	581	4855	1700127	581	5000	1750703	581	5142	1800297	581	5425	1900039	581	5500	1926250	581	5711	2000015	581	5998	2100017	581	6000	2100725	581	6285	2200131	581	6500	2275380	581	6568	2300090	581	6852	2400150	581	7000	2452004	581	7138	2500093	581	
287	100118	667	500	174438	667	574	200221	667	860	300310	667	1000	349268	667	1146	400153	667	1432	500155	667	1500	523843	667	1718	600220	667	1999	700342	667	2000	700717	667	2285	800179	667	2500	875287	667	2571	900066	667	2858	1000240	667	3000	1049749	667	3144	1100023	667	3429	1200477	667	3500	1225632	667	3714	1300314	667	4000	1400228	667	4000	1400246	667	4286	1500119	667	4500	1575147	667	4572	1600325	667	4857	1700205	667	5000	1750098	667	5143	1800186	667	5429	1900235	667	5500	1925100	667	5715	2000100	667	6000	2099618	667	6002	2100343	667	6287	2200058	667	6500	2274284	667	6574	2300181	667	6860	2400108	667	7000	2449066	667	7146	2500030	667	
285	100079	518	500	175803	518	569	200139	518	854	300280	518	1000	351425	518	1138	400051	518	1423	500117	518	1500	527122	518	1707	600082	518	1991	700257	518	2000	703408	518	2275	800074	518	2500	879307	518	2559	900028	518	2844	1000216	518	3000	1055494	518	3127	1100151	518	3410	1200028	518	3500	1231719	518	3695	1300338	518	3978	1400174	518	4000	1407869	518	4262	1500219	518	4500	1584291	518	4545	1600126	518	4829	1700074	518	5000	1760142	518	5114	1800261	518	5398	1900162	518	5500	1935939	518	5683	2000108	518	5968	2100286	518	6000	2111515	518	6251	2200378	518	6500	2288554	518	6533	2300166	518	6817	2400274	518	7000	2464569	518	7101	2500086	518	
286	100317	718	500	175665	718	569	200038	718	854	300048	718	1000	351427	718	1138	400105	718	1423	500146	718	1500	527208	718	1708	600246	718	1992	700175	718	2000	703020	718	2276	800319	718	2500	878990	718	2560	900029	718	2845	1000074	718	3000	1054383	718	3130	1100123	718	3414	1200352	718	3500	1230548	718	3698	1300293	718	3983	1400283	718	4000	1406292	718	4268	1500251	718	4500	1581614	718	4553	1600178	718	4838	1700250	718	5000	1757067	718	5123	1800246	718	5407	1900353	718	5500	1933033	718	5690	2000041	718	5967	2100160	718	6000	2111733	718	6252	2200269	718	6500	2287409	718	6536	2300085	718	6815	2400318	718	7000	2465497	718	7099	2500229	718	
281	100119	742	500	178178	742	562	200139	742	844	300322	742	1000	355653	742	1124	400051	742	1406	500042	742	1500	533265	742	1688	600147	742	1970	700314	742	2000	710965	742	2251	800118	742	2500	888541	742	2533	900313	742	2815	1000348	742	3000	1066355	742	3095	1100059	742	3372	1200171	742	3500	1246041	742	3652	1300187	742	3933	1400058	742	4000	1423829	742	4215	1500194	742	4496	1600160	742	4500	1601591	742	4778	1700065	742	5000	1778851	742	5060	1800156	742	5341	1900057	742	5500	1956572	742	5622	2000050	742	5904	2100245	742	6000	2134402	742	6185	2200019	742	6467	2300232	742	6500	2311961	742	6749	2400109	742	7000	2489308	742	7030	2500043	742	
289	100059	515	500	173549	515	576	200212	515	863	300150	515	1000	347676	515	1145	400257	515	1431	500062	515	1500	523956	515	1720	600145	515	2000	697269	515	2008	700086	515	2296	800243	515	2500	871239	515	2583	900126	515	2871	1000057	515	3000	1044780	515	3159	1100067	515	3447	1200235	515	3500	1218646	515	3734	1300102	515	4000	1392495	515	4022	1400187	515	4311	1500158	515	4500	1565854	515	4599	1600307	515	4885	1700169	515	5000	1740306	515	5172	1800169	515	5461	1900324	515	5500	1913817	515	5749	2000103	515	6000	2087116	515	6038	2100271	515	6326	2200117	515	6500	2260505	515	6614	2300142	515	6902	2400171	515	7000	2434210	515	7190	2500177	515	
280	100298	447	500	179805	447	557	200321	447	833	300083	447	1000	360277	447	1110	400166	447	1385	500193	447	1500	541505	447	1664	600351	447	1941	700236	447	2000	721461	447	2219	800282	447	2497	900370	447	2500	901500	447	2773	1000370	447	3000	1082852	447	3048	1100247	447	3322	1200316	447	3500	1264485	447	3599	1300033	447	3874	1400016	447	4000	1445503	447	4152	1500165	447	4430	1600157	447	4500	1625454	447	4706	1700117	447	4982	1800157	447	5000	1806612	447	5260	1900048	447	5500	1986576	447	5538	2000346	447	5816	2100185	447	6000	2166555	447	6093	2200338	447	6370	2300300	447	6500	2347025	447	6648	2400200	447	6926	2500283	447	
296	100261	614	500	169269	614	591	200046	614	886	300257	614	1000	338998	614	1180	400103	614	1476	500199	614	1500	508387	614	1771	600163	614	2000	677427	614	2067	700140	614	2362	800057	614	2500	846715	614	2658	900293	614	2954	1000335	614	3000	1015963	614	3249	1100280	614	3500	1185325	614	3544	1200202	614	3839	1300155	614	4000	1354637	614	4134	1400100	614	4429	1500149	614	4500	1524257	614	4725	1600274	614	5000	1693337	614	5020	1700146	614	5292	1800317	614	5500	1871697	614	5584	1900239	614	5879	2000126	614	6000	2041039	614	6175	2100317	614	6470	2200188	614	6500	2210312	614	6765	2300043	614	7000	2380158	614	7059	2400106	614	7353	2500101	614	
282	100301	750	500	177316	750	565	200407	750	846	300331	750	1000	354809	750	1129	400310	750	1411	500086	750	1500	531507	750	1694	600116	750	1976	700353	750	2000	708902	750	2257	800027	750	2500	886098	750	2540	900387	750	2814	1000088	750	3000	1066227	750	3096	1100271	750	3378	1200074	750	3500	1243277	750	3661	1300200	750	3944	1400090	750	4000	1419837	750	4225	1500093	750	4500	1597134	750	4509	1600315	750	4792	1700284	750	5000	1773930	750	5073	1800040	750	5356	1900235	750	5500	1951136	750	5638	2000052	750	5920	2100101	750	6000	2128344	750	6201	2200094	750	6484	2300222	750	6500	2305845	750	6766	2400237	750	7000	2482974	750	7049	2500262	750	
303	100020	161	500	167823	161	597	200149	161	899	300018	161	1000	333420	161	1202	400272	161	1500	498904	161	1504	500250	161	1805	600237	161	2000	665717	161	2104	700228	161	2407	800225	161	2500	830887	161	2709	900070	161	3000	996170	161	3012	1000170	161	3314	1100219	161	3500	1161732	161	3616	1200275	161	3916	1300120	161	4000	1328231	161	4217	1400078	161	4500	1493924	161	4519	1500207	161	4821	1600182	161	5000	1659511	161	5122	1700210	161	5424	1800164	161	5500	1825502	161	5725	1900261	161	6000	1991676	161	6026	2000264	161	6328	2100286	161	6500	2157123	161	6630	2200179	161	6932	2300248	161	7000	2322892	161	7233	2400056	161	7500	2488154	161	7536	2500050	161	
286	100080	202	500	175087	202	572	200230	202	856	300329	202	1000	350869	202	1141	400150	202	1426	500156	202	1500	526101	202	1712	600293	202	1996	700195	202	2000	701657	202	2282	800330	202	2500	876698	202	2567	900083	202	2853	1000119	202	3000	1051849	202	3138	1100169	202	3423	1200220	202	3500	1227253	202	3708	1300030	202	3995	1400352	202	4000	1402116	202	4280	1500120	202	4500	1577236	202	4565	1600059	202	4850	1700093	202	5000	1752479	202	5136	1800035	202	5422	1900185	202	5500	1927429	202	5708	2000136	202	5993	2100357	202	6000	2102795	202	6276	2200159	202	6500	2278995	202	6558	2300181	202	6840	2400347	202	7000	2456384	202	7125	2500033	202	
285	100107	252	500	176113	252	568	200136	252	851	300360	252	1000	353024	252	1134	400262	252	1416	500025	252	1500	530092	252	1698	600090	252	1981	700155	252	2000	706843	252	2264	800088	252	2500	883450	252	2547	900194	252	2830	1000205	252	3000	1060556	252	3111	1100067	252	3394	1200355	252	3500	1237857	252	3677	1300217	252	3959	1400045	252	4000	1414577	252	4237	1500218	252	4500	1593627	252	4519	1600355	252	4801	1700087	252	5000	1770274	252	5084	1800082	252	5367	1900270	252	5500	1947464	252	5650	2000343	252	5932	2100148	252	6000	2124082	252	6215	2200087	252	6500	2300333	252	6500	2300352	252	6783	2400069	252	7000	2476713	252	7066	2500136	252	
297	100072	274	500	168888	274	593	200326	274	888	300220	274	1000	338119	274	1184	400297	274	1479	500211	274	1500	507270	274	1775	600206	274	2000	677611	274	2065	700226	274	2359	800258	274	2500	848050	274	2654	900343	274	2947	1000026	274	3000	1017944	274	3242	1100195	274	3500	1187474	274	3537	1200047	274	3834	1300295	274	4000	1356287	274	4130	1400162	274	4426	1500243	274	4500	1525315	274	4721	1600252	274	5000	1694361	274	5017	1700111	274	5314	1800301	274	5500	1863308	274	5609	1900168	274	5904	2000124	274	6000	2032645	274	6199	2100348	274	6493	2200096	274	6500	2202463	274	6788	2300030	274	7000	2371559	274	7085	2400227	274	7381	2500169	274	
283	100321	353	500	177326	353	565	200284	353	848	300143	353	1000	353934	353	1130	400293	353	1413	500319	353	1500	530984	353	1695	600020	353	1979	700228	353	2000	707677	353	2262	800296	353	2500	884497	353	2545	900346	353	2826	1000070	353	3000	1061274	353	3110	1100049	353	3392	1200032	353	3500	1238337	353	3675	1300063	353	3958	1400067	353	4000	1414841	353	4241	1500185	353	4500	1591639	353	4524	1600159	353	4807	1700292	353	5000	1768405	353	5090	1800141	353	5373	1900318	353	5500	1945149	353	5655	2000154	353	5938	2100046	353	6000	2121973	353	6221	2200087	353	6500	2299331	353	6502	2300060	353	6783	2400085	353	7000	2476680	353	7067	2500331	353	
299	100305	188	500	168306	188	593	200186	188	887	300287	188	1000	338372	188	1183	400270	188	1480	500108	188	1500	506835	188	1777	600259	188	2000	675222	188	2074	700232	188	2370	800026	188	2500	844047	188	2665	900123	188	2961	1000217	188	3000	1013396	188	3257	1100055	188	3500	1182148	188	3553	1200127	188	3849	1300203	188	4000	1351126	188	4146	1400338	188	4442	1500264	188	4500	1519752	188	4738	1600041	188	5000	1688528	188	5035	1700333	188	5332	1800232	188	5500	1856766	188	5629	1900307	188	5924	2000163	188	6000	2025954	188	6212	2100069	188	6500	2197294	188	6509	2200346	188	6805	2300266	188	7000	2365956	188	7102	2400279	188	7399	2500357	188	
296	100196	268	500	169389	268	591	200187	268	886	300213	268	1000	338758	268	1181	400132	268	1476	500060	268	1500	508180	268	1771	600048	268	2000	677482	268	2067	700206	268	2362	800162	268	2500	846916	268	2657	900278	268	2951	1000085	268	3000	1016719	268	3247	1100348	268	3500	1186464	268	3540	1200037	268	3811	1300019	268	4000	1364554	268	4105	1400117	268	4399	1500222	268	4500	1534676	268	4693	1600115	268	4988	1700187	268	5000	1704229	268	5284	1800289	268	5500	1874167	268	5577	1900145	268	5872	2000079	268	6000	2043546	268	6166	2100204	268	6461	2200178	268	6500	2213381	268	6756	2300243	268	7000	2382653	268	7052	2400245	268	7347	2500251	268	
288	100264	218	500	174011	218	575	200110	218	862	300255	218	1000	348378	218	1148	400119	218	1429	500176	218	1500	524994	218	1716	600050	218	2000	698507	218	2005	700263	218	2293	800205	218	2500	873378	218	2576	900117	218	2864	1000340	218	3000	1047730	218	3151	1100175	218	3439	1200306	218	3500	1221553	218	3726	1300212	218	4000	1395732	218	4013	1400293	218	4300	1500016	218	4500	1569412	218	4589	1600329	218	4876	1700205	218	5000	1743282	218	5164	1800229	218	5452	1900182	218	5500	1916857	218	5739	2000213	218	6000	2090844	218	6027	2100318	218	6315	2200298	218	6500	2264678	218	6602	2300182	218	6890	2400176	218	7000	2438297	218	7178	2500348	218	
295	100257	187	500	169952	187	589	200349	187	883	300309	187	1000	340046	187	1176	400065	187	1470	500229	187	1500	510422	187	1764	600056	187	2000	680514	187	2058	700286	187	2352	800294	187	2500	850776	187	2645	900276	187	2937	1000035	187	3000	1021525	187	3231	1100337	187	3500	1192361	187	3523	1200218	187	3816	1300137	187	4000	1362824	187	4106	1400149	187	4397	1500179	187	4500	1535442	187	4690	1600219	187	4984	1700209	187	5000	1705646	187	5277	1800108	187	5500	1875989	187	5571	1900226	187	5862	2000167	187	6000	2047364	187	6155	2100339	187	6448	2200223	187	6500	2218002	187	6742	2300337	187	7000	2388258	187	7035	2400138	187	7329	2500023	187	
287	100268	158	500	174989	158	572	200189	158	859	300293	158	1000	349468	158	1145	400147	158	1431	500340	158	1500	524638	158	1716	600268	158	2000	699598	158	2002	700314	158	2286	800154	158	2500	874894	158	2569	900322	158	2855	1000295	158	3000	1051082	158	3140	1100218	158	3424	1200154	158	3500	1226606	158	3711	1300298	158	3996	1400166	158	4000	1401575	158	4282	1500263	158	4500	1576745	158	4567	1600241	158	4851	1700084	158	5000	1752101	158	5134	1800028	158	5414	1900222	158	5500	1930638	158	5697	2000175	158	5982	2100224	158	6000	2106579	158	6267	2200031	158	6500	2281422	158	6554	2300287	158	6838	2400327	158	7000	2457535	158	7121	2500352	158	
94	100751	4208	187	201001	4208	279	300346	4208	372	400484	4208	465	500779	4208	500	538480	4208	558	600892	4208	651	700678	4208	744	800888	4208	836	900077	4208	926	1001115	4208	1000	1081032	4208	1018	1100495	4208	1111	1200545	4208	1204	1300931	4208	1297	1401059	4208	1389	1500872	4208	1481	1600273	4208	1500	1620917	4208	1574	1700728	4208	1667	1800801	4208	1760	1901055	4208	1852	2000424	4208	1945	2100968	4208	2000	2160177	4208	2038	2200965	4208	2130	2300172	4208	2223	2400168	4208	2316	2500073	4208	
92	100984	4098	184	200436	4098	277	300709	4098	370	400746	4098	463	500766	4098	500	540684	4098	556	600884	4098	648	700164	4098	741	800137	4098	834	900199	4098	927	1000683	4098	1000	1079185	4098	1020	1100789	4098	1113	1200788	4098	1206	1300573	4098	1299	1400772	4098	1392	1500632	4098	1485	1600785	4098	1500	1616947	4098	1577	1700187	4098	1670	1800719	4098	1762	1900812	4098	1855	2001112	4098	1947	2100324	4098	2000	2157345	4098	2040	2200468	4098	2133	2300668	4098	2225	2400087	4098	2318	2500440	4098	
94	100845	4516	187	200977	4516	280	300894	4516	373	401050	4516	465	500772	4516	500	538547	4516	557	600239	4516	650	700287	4516	743	800670	4516	836	900938	4516	929	1000784	4516	1000	1076995	4516	1022	1100768	4516	1114	1200510	4516	1207	1300425	4516	1300	1400339	4516	1393	1500681	4516	1486	1600796	4516	1500	1616018	4516	1578	1700274	4516	1671	1800169	4516	1764	1900145	4516	1857	2000440	4516	1950	2100867	4516	2000	2155381	4516	2042	2200856	4516	2132	2300659	4516	2224	2400168	4516	2317	2500267	4516	
94	100892	3237	186	200376	3237	278	300107	3237	371	400760	3237	463	500231	3237	500	540229	3237	556	600766	3237	648	700731	3237	740	800333	3237	833	901136	3237	925	1000829	3237	1000	1082167	3237	1017	1100522	3237	1110	1201069	3237	1202	1300954	3237	1292	1400368	3237	1385	1500858	3237	1477	1600169	3237	1500	1625392	3237	1569	1700421	3237	1661	1800762	3237	1753	1900069	3237	1846	2000796	3237	1938	2100348	3237	2000	2167501	3237	2030	2200272	3237	2123	2300913	3237	2215	2400578	3237	2307	2500310	3237	
91	100121	3577	182	200539	3577	273	300576	3577	364	400554	3577	455	501125	3577	500	552726	3577	543	600188	3577	632	700764	3577	719	800236	3577	810	900700	3577	901	1001060	3577	991	1100251	3577	1000	1110216	3577	1082	1200440	3577	1173	1300798	3577	1263	1400676	3577	1354	1500772	3577	1445	1600811	3577	1500	1661575	3577	1535	1700120	3577	1626	1800382	3577	1717	1900755	3577	1808	2000734	3577	1899	2100923	3577	1989	2200069	3577	2000	2212197	3577	2080	2300363	3577	2171	2400940	3577	2262	2500924	3577	
91	100336	4372	182	200424	4372	273	300791	4372	364	400597	4372	455	500503	4372	500	550084	4372	546	600802	4372	637	701035	4372	728	801040	4372	819	901053	4372	910	1000907	4372	1000	1100189	4372	1000	1100274	4372	1091	1200485	4372	1182	1300218	4372	1273	1400205	4372	1364	1500201	4372	1455	1600467	4372	1500	1650004	4372	1546	1700766	4372	1637	1800741	4372	1728	1901137	4372	1819	2000945	4372	1910	2100810	4372	2000	2199713	4372	2001	2200860	4372	2092	2301023	4372	2182	2400186	4372	2273	2500157	4372	
93	100772	3755	184	200202	3755	276	300731	3755	368	401131	3755	459	500526	3755	500	545316	3755	550	600108	3755	642	700981	3755	733	800636	3755	825	901042	3755	916	1000121	3755	1000	1091866	3755	1008	1100626	3755	1100	1200882	3755	1192	1301051	3755	1283	1400142	3755	1375	1500612	3755	1467	1600460	3755	1500	1636707	3755	1559	1701164	3755	1649	1800735	3755	1739	1901140	3755	1830	2000518	3755	1922	2100812	3755	2000	2186060	3755	2013	2200686	3755	2104	2300384	3755	2195	2400228	3755	2287	2500613	3755	
94	100995	3904	186	200645	3904	278	300087	3904	371	400656	3904	463	500517	3904	500	540700	3904	556	601076	3904	648	700533	3904	741	801085	3904	833	900224	3904	924	1000994	3904	1000	1083721	3904	1016	1101132	3904	1108	1200407	3904	1201	1300942	3904	1293	1400552	3904	1385	1500218	3904	1478	1600835	3904	1500	1624475	3904	1571	1701164	3904	1663	1800224	3904	1756	1900384	3904	1849	2000732	3904	1941	2100528	3904	2000	2164250	3904	2034	2200822	3904	2126	2300177	3904	2219	2400894	3904	2312	2501038	3904	
93	100967	3915	185	200587	3915	278	300407	3915	371	400250	3915	465	500867	3915	500	538535	3915	558	600686	3915	651	700318	3915	745	801131	3915	837	900426	3915	929	1000164	3915	1000	1076712	3915	1022	1100347	3915	1115	1200136	3915	1208	1300465	3915	1301	1400271	3915	1394	1500335	3915	1488	1601130	3915	1500	1614064	3915	1581	1701109	3915	1674	1800771	3915	1767	1900181	3915	1861	2001056	3915	1954	2100646	3915	2000	2149949	3915	2047	2200438	3915	2140	2300156	3915	2233	2400403	3915	2326	2500441	3915	
92	100806	4062	183	201001	4062	274	300562	4062	365	400254	4062	456	500296	4062	500	548506	4062	547	600231	4062	638	700745	4062	729	800772	4062	820	900614	4062	911	1000367	4062	1000	1097965	4062	1002	1100245	4062	1094	1201073	4062	1185	1300876	4062	1276	1401023	4062	1367	1501102	4062	1458	1600640	4062	1500	1646725	4062	1549	1700411	4062	1641	1800847	4062	1732	1900366	4062	1824	2001084	4062	1915	2100812	4062	2000	2194305	4062	2006	2200994	4062	2094	2300748	4062	2184	2400515	4062	2275	2500338	4062	
94	100175	1913	187	200871	1913	278	300109	1913	370	400221	1913	462	500152	1913	500	541521	1913	554	600090	1913	646	700914	1913	738	801117	1913	830	900813	1913	922	1000537	1913	1000	1085070	1913	1014	1100207	1913	1107	1200918	1913	1199	1300674	1913	1289	1400620	1913	1381	1500094	1913	1474	1601022	1913	1500	1629440	1913	1566	1700765	1913	1658	1800545	1913	1750	1900080	1913	1843	2000843	1913	1935	2100314	1913	2000	2170533	1913	2028	2200791	1913	2120	2300380	1913	2213	2400972	1913	2305	2500815	1913	
96	101136	1281	188	201104	1281	281	300392	1281	375	400628	1281	468	500114	1281	500	536465	1281	560	600994	1281	653	700472	1281	747	800718	1281	840	900379	1281	934	1000943	1281	1000	1071925	1281	1027	1101058	1281	1120	1200587	1281	1214	1300751	1281	1307	1400072	1281	1401	1500310	1281	1495	1600795	1281	1500	1606160	1281	1589	1701043	1281	1682	1800311	1281	1776	1900591	1281	1870	2000875	1281	1963	2100141	1281	2000	2139576	1281	2057	2200411	1281	2151	2300727	1281	2244	2400382	1281	2338	2500922	1281	
94	100421	2290	187	200661	1813	279	300149	1813	372	400445	1813	465	500901	1813	500	538834	1813	557	600980	1813	649	700711	1813	741	800310	1813	834	900803	1813	926	1000323	1813	1000	1080569	1813	1018	1100112	1813	1111	1200730	1813	1203	1300496	1813	1296	1401136	1813	1388	1501035	1813	1480	1600674	1813	1500	1622280	1813	1572	1700193	1813	1664	1800613	1813	1757	1901044	1813	1848	2000234	1813	1941	2100887	1813	2000	2165150	1813	2033	2200816	1813	2125	2300400	1813	2218	2400683	1813	2310	2500125	1813	
96	100331	1511	190	200899	1317	283	300382	1317	376	400135	1317	470	500527	1317	500	532746	1317	564	601065	1317	657	700173	1317	751	800734	1317	844	900082	1317	938	1000383	1317	1000	1066897	1317	1031	1100195	1317	1125	1201064	1317	1218	1300623	1317	1312	1400892	1317	1405	1500522	1317	1498	1600187	1317	1500	1602387	1317	1591	1700180	1317	1685	1800990	1317	1775	1900088	1317	1869	2000733	1317	1962	2100346	1317	2000	2140943	1317	2055	2200496	1317	2148	2300130	1317	2242	2400573	1317	2336	2501133	1317	
97	100710	1696	192	200584	1696	288	300885	1696	383	400193	1696	479	500710	1696	500	522774	1696	574	600088	1696	670	700776	1696	765	800228	1696	861	900457	1696	955	1001158	1696	1000	1049081	1696	1049	1100418	1696	1145	1201061	1696	1240	1300238	1696	1336	1400744	1696	1431	1500472	1696	1500	1572632	1696	1527	1601100	1696	1621	1700142	1696	1717	1800573	1696	1813	1900720	1696	1908	2000669	1696	2000	2096931	1696	2003	2100145	1696	2099	2200686	1696	2194	2300539	1696	2289	2400064	1696	2385	2500263	1696	
94	100993	1597	184	201018	1597	276	301020	1597	367	400190	1597	459	500405	1597	500	544880	1597	551	600347	1597	643	700493	1597	735	800962	1597	826	900504	1597	918	1001115	1597	1000	1090731	1597	1009	1100539	1597	1101	1201013	1597	1192	1300216	1597	1284	1400271	1597	1376	1500293	1597	1468	1600253	1597	1500	1635111	1597	1560	1700509	1597	1652	1800447	1597	1744	1900790	1597	1836	2000894	1597	1928	2100749	1597	2000	2179521	1597	2019	2200314	1597	2111	2300434	1597	2203	2400369	1597	2295	2500995	1597	
99	101127	4996	197	200847	4996	295	300734	4996	393	400881	4996	492	500726	1381	500	508982	1381	588	600529	1381	685	700974	1158	781	800754	1158	877	900864	1158	973	1000559	1158	1000	1028568	1158	1069	1100763	1158	1165	1200871	1158	1261	1300455	1158	1357	1400217	1158	1453	1500087	1158	1500	1549244	1158	1549	1600236	1158	1646	1701070	1158	1742	1800932	1158	1837	1900114	1158	1934	2001024	1158	2000	2069861	1158	2030	2101056	1158	2126	2200633	1158	2220	2300446	1158	2316	2400272	1158	2413	2501067	1158	
94	101057	1698	185	200671	1698	276	300394	1698	367	400240	1698	459	500984	1698	500	545714	1698	550	600570	1698	641	700306	1698	733	800872	1698	824	900623	1698	915	1000512	1698	1000	1093237	1698	1007	1100911	1698	1098	1200241	1698	1190	1300983	1698	1279	1400273	1698	1369	1500448	1698	1461	1601011	1698	1500	1643603	1698	1552	1700693	1698	1643	1801168	1698	1733	1900113	1698	1825	2001010	1698	1916	2100675	1698	2000	2192152	1698	2008	2200996	1698	2098	2300911	1698	2188	2400114	1698	2280	2500451	1698	
94	100214	1604	186	200326	1604	278	300325	1604	369	400092	1604	461	500105	1604	500	544444	1604	551	600827	1604	643	701022	1604	735	800813	1604	827	900763	1604	918	1000284	1604	1000	1089554	1604	1010	1100589	1604	1102	1200880	1604	1194	1300906	1604	1285	1400168	1604	1377	1500380	1604	1469	1600424	1604	1500	1634225	1604	1561	1700625	1604	1653	1800889	1604	1745	1901056	1604	1836	2000304	1604	1928	2100839	1604	2000	2179199	1604	2020	2201014	1604	2112	2301123	1604	2203	2400377	1604	2295	2500344	1604	
98	100987	2130	193	200206	1629	289	300776	1629	384	400154	1629	480	500814	1629	500	521892	1629	575	600447	1629	670	700549	1629	765	800960	1629	860	900947	1629	955	1000153	1629	1000	1047201	1629	1051	1100911	1629	1146	1200490	1629	1242	1300941	1629	1337	1400412	1629	1433	1500918	1629	1500	1571001	1629	1528	1600325	1629	1624	1700721	1629	1719	1800647	1629	1815	1900908	1629	1910	2000632	1629	2000	2094780	1629	2006	2101077	1629	2101	2200475	1629	2197	2300970	1629	2293	2401059	1629	2388	2500393	1629	
20	100685	25314	40	201542	24030	60	302650	24030	80	403834	24030	100	504873	24030	119	600966	24030	139	702080	24030	159	803048	24030	179	904283	24030	199	1005362	24030	218	1101329	24030	238	1202331	24030	258	1303601	24030	278	1404670	24030	297	1500844	24030	317	1602377	24030	337	1705069	22756	356	1801323	22756	376	1902675	22756	396	2003773	22756	416	2105148	22756	435	2200660	21565	455	2301382	21565	475	2402221	21565	495	2503152	21565	
20	101377	25248	40	201953	25248	60	302982	25248	80	403695	25248	100	504198	25248	119	602647	25248	139	704076	25248	159	804601	23959	178	900643	23959	198	1001450	23959	218	1102043	23959	238	1202692	23959	258	1303463	23959	278	1404560	23959	298	1505305	23959	317	1601036	23959	337	1701737	23959	357	1802442	23959	377	1903541	23959	397	2004259	23959	417	2105393	23959	436	2201637	23959	456	2302498	23959	476	2403245	23959	496	2504205	23959	
20	101154	23332	40	201703	23332	60	302165	23332	80	402806	23332	100	503740	23332	120	604397	23332	140	705215	22054	159	801208	22054	179	901941	22054	199	1003017	22054	219	1103879	22054	239	1204537	22054	259	1305080	22054	278	1400945	22054	298	1501946	22054	318	1603212	22054	338	1703816	22054	358	1804837	22054	377	1900829	22054	397	2001834	22054	417	2102735	22054	437	2203468	22054	457	2304029	22054	477	2404865	22054	496	2502652	22054	
21	105119	25212	41	204914	25212	61	304920	25212	81	404899	25212	101	504673	25212	121	604503	25212	141	704467	25212	161	804460	25212	181	904509	25212	201	1004411	25212	221	1104803	25212	241	1205001	25212	261	1305166	25212	281	1406053	25212	300	1501523	25212	320	1601515	25212	340	1701390	25212	360	1801314	25212	380	1901761	25212	400	2001433	25212	420	2101740	25212	440	2201389	25212	460	2301556	25212	480	2401231	25212	500	2500949	25212	500	2501301	25212	
20	101068	25681	40	202262	25681	60	303040	24404	79	400994	24404	99	502453	24404	119	603560	24404	139	704448	24404	158	800889	24404	178	901813	24404	198	1002683	24404	218	1104092	24404	238	1205394	24404	257	1301529	24404	277	1402444	24404	297	1503900	24404	317	1604448	23117	337	1705138	23117	356	1801397	23117	376	1902448	23117	396	2003199	23117	416	2104477	23117	436	2205256	21861	455	2301036	21861	475	2402243	21861	495	2503353	21861	
20	100674	23908	40	201027	22702	60	301165	22702	80	400932	22702	100	500669	22702	120	600512	22702	140	700474	22702	161	805114	22702	180	900953	22702	200	1000802	22702	220	1100913	22702	240	1200827	22702	260	1301112	22702	280	1401223	22702	300	1500756	22702	320	1600508	22702	341	1705177	22702	361	1804929	22702	381	1904821	22702	401	2004748	22702	421	2104861	22702	441	2204850	22702	460	2301824	22702	480	2402117	22702	500	2501991	22702	500	2502346	22702	
21	105141	25643	41	205226	25643	60	300480	25643	80	400448	25643	101	505263	25643	120	600783	25643	140	700957	25643	160	801093	25643	180	901653	25643	200	1001709	25643	220	1101602	25643	240	1203134	25643	260	1304465	25643	280	1404779	25643	300	1505245	25643	320	1605242	25643	340	1705068	25643	360	1805173	25643	380	1905210	25643	399	2001246	25643	419	2101512	25643	439	2201433	25643	459	2301455	25643	479	2401042	25643	499	2500794	25643	
21	104493	25425	40	201353	25425	60	300871	25425	81	405072	25425	101	504634	25425	121	604435	25425	141	703880	25425	161	803328	25425	181	902715	25425	201	1002501	25425	221	1101938	25425	241	1201400	25425	261	1300987	25425	281	1401098	25425	301	1500698	25425	321	1600475	25425	342	1705340	25425	362	1804967	25425	382	1904329	25425	402	2003866	25425	422	2103229	25425	442	2203350	25425	462	2302502	25425	482	2402528	25425	500	2491903	25425	502	2502361	25425	
20	100918	25531	40	201810	25531	60	303050	25531	80	403799	25531	100	504766	25531	119	600897	25531	139	701709	24181	159	802880	24181	179	903813	24181	199	1004736	24181	218	1101013	24181	238	1202394	24181	258	1303226	24181	278	1404094	24181	298	1505252	24181	317	1601233	24181	337	1702125	24181	357	1802980	24181	377	1903723	24181	397	2004488	24181	416	2102100	24181	436	2204241	24181	455	2300441	24181	475	2401796	24181	495	2502637	24181	
20	101080	26332	40	201799	26332	60	302349	26332	80	402924	26332	100	503330	26332	120	603751	26332	140	704378	26332	160	804909	26332	179	900941	26332	199	1001409	26332	219	1104020	26332	239	1204659	26332	259	1305292	26332	278	1401124	26332	298	1502300	26332	318	1603278	26332	338	1703607	26332	358	1803979	26332	378	1904750	26332	397	2000471	26332	417	2101195	26332	437	2201733	26332	457	2302119	26332	477	2402602	26332	497	2503323	25019	
21	104263	25565	41	203005	25565	61	301655	25565	82	405137	25565	102	503643	25565	122	602527	25565	142	701539	25565	162	800600	25565	183	904588	25565	203	1003064	25565	223	1101681	25565	243	1200421	25565	264	1303809	25565	284	1402717	25565	304	1501490	25565	325	1604940	25565	345	1703396	25565	365	1802402	25565	385	1901310	25565	406	2004918	25565	426	2103748	25565	446	2202945	25565	466	2301865	25565	486	2400690	25565	500	2470009	25565	507	2504820	25565	
21	101473	25100	42	202725	25100	63	303726	25100	84	404968	25100	104	501562	25100	125	603023	25100	146	704655	25100	166	801560	25100	187	903081	25100	208	1004244	25100	228	1101144	25100	249	1202896	25100	270	1304379	25100	290	1400882	25100	311	1502372	25100	332	1603996	25100	352	1700553	25100	373	1801988	25100	393	1900924	25100	414	2003283	25100	435	2104560	25100	455	2201217	25100	476	2302485	25100	497	2403865	25100	500	2418956	25100	517	2501093	25100	
21	104551	25298	41	204012	25298	61	303588	25298	81	402863	25298	101	502352	25298	121	601337	25298	141	700509	25298	161	801478	25298	181	901914	25298	201	1001484	25298	221	1100543	25298	242	1204937	25298	262	1304288	25298	282	1403686	25298	302	1502945	25298	322	1602504	25298	342	1701502	25298	362	1800446	25298	383	1904744	25298	403	2003745	25298	423	2103312	25298	443	2202926	25298	463	2302895	25298	483	2401935	25298	500	2486286	25298	503	2501514	25298	
21	103534	25129	41	202346	25129	61	300717	25129	82	403861	25129	102	502338	25129	122	601275	25129	143	704587	25129	163	802953	25129	183	901558	25129	204	1004740	25129	224	1103074	25129	244	1201257	25129	265	1304633	25129	285	1403204	25129	305	1501541	25129	326	1604929	25129	346	1703614	25129	366	1801989	25129	387	1905194	25129	407	2003383	25129	427	2101776	25129	448	2205110	25129	468	2303059	25129	488	2401471	25129	500	2460723	25129	508	2500553	25129	
21	102757	25094	41	200675	25094	62	303162	25094	82	400716	25094	103	503249	25094	123	600968	25094	144	703786	25094	164	801372	25094	185	903938	25094	205	1001417	25094	226	1103889	25094	246	1201697	25094	267	1304361	25094	287	1402656	25094	308	1504954	25094	328	1602936	25094	348	1702675	25094	368	1800621	25094	389	1903082	25094	409	2001162	25094	430	2103747	25094	450	2201572	25094	471	2304724	25094	491	2402276	25094	500	2446372	25094	512	2505176	25094	
21	102768	25616	41	200492	25616	62	303425	25616	82	401404	25616	103	504180	25616	122	603460	25616	142	702126	25616	163	804638	25616	183	902349	25616	204	1004997	25616	224	1102476	25616	244	1200367	25616	265	1302682	25616	286	1405063	25616	306	1502686	25616	326	1600375	25616	347	1702626	25616	368	1805037	25616	388	1902664	25616	408	2000781	25616	429	2103264	25616	449	2200997	25616	470	2303820	25616	490	2401311	25616	500	2450248	25616	511	2504119	25616	
20	100702	25347	41	205232	25347	61	304499	25347	81	404000	25347	101	503164	25347	121	602565	25347	141	701960	25347	161	801207	25347	181	900676	25347	202	1005143	25347	222	1104914	25347	242	1204399	25347	262	1303678	25347	282	1403031	25347	302	1502055	25347	322	1601594	25347	342	1700695	25347	363	1805111	25347	383	1904587	25347	403	2004196	25347	423	2103666	25347	443	2203034	25347	463	2304078	25347	483	2403888	25347	500	2488695	25347	503	2505336	25347	
21	103596	25118	41	201956	25118	62	305122	25118	82	403334	25118	102	502301	25118	122	601336	25118	143	704764	25118	163	803052	25118	183	901664	25118	204	1005065	25118	224	1103351	25118	244	1201678	25118	265	1304951	25118	285	1403568	25118	305	1504566	25118	325	1603045	25118	345	1701747	25118	365	1800686	25118	386	1904473	25118	406	2003109	25118	426	2101255	25118	447	2204489	25118	467	2302853	25118	487	2401157	25118	500	2465167	25118	508	2504753	25118	
21	101717	25350	42	204261	25350	62	301611	25350	83	405072	25350	103	502805	25350	124	605159	25350	144	702633	25350	165	804475	25350	185	901564	25350	206	1003770	25350	226	1100593	25350	247	1202517	25350	268	1304531	25350	288	1401696	25350	309	1503329	25350	329	1600644	25350	350	1702721	25350	371	1804564	25350	391	1902231	25350	412	2004456	25350	432	2101615	25350	453	2204021	25350	473	2302173	25350	494	2404170	25350	500	2433741	25350	514	2501844	25350	
21	103007	25265	41	200818	25265	62	303524	25265	82	401276	25265	103	504305	25265	123	602743	25265	143	700700	25265	164	803604	25265	184	901734	25265	205	1004236	25265	225	1102385	25265	245	1200514	25265	266	1303173	25265	286	1401409	25265	307	1504309	25265	327	1602537	25265	348	1705091	25265	368	1802921	25265	388	1901404	25265	409	2004100	25265	429	2101629	25265	450	2204224	25265	470	2302635	25265	490	2402050	25265	500	2451146	25265	510	2500490	25265	
312	100182	78	500	160529	78	623	200324	78	934	300155	78	1000	321767	78	1245	400149	78	1500	481893	78	1557	500199	78	1869	600023	78	2000	641975	78	2182	700254	78	2493	800045	78	2500	802296	78	2805	900171	78	3000	962806	78	3116	1000067	78	3428	1100172	78	3500	1123238	78	3738	1200276	78	4000	1284381	78	4049	1300182	78	4360	1400032	78	4500	1446708	78	4663	1500031	78	4974	1600062	78	5000	1608398	78	5285	1700152	78	5500	1769444	78	5595	1800078	78	5906	1900049	78	6000	1930144	78	6219	2000178	78	6500	2090091	78	6532	2100336	78	6843	2200053	78	7000	2250501	78	7154	2300201	78	7465	2400143	78	7500	2411319	78	7777	2500038	78	
304	100181	93	500	164745	93	608	200120	93	914	300298	93	1000	328437	93	1219	400163	62	1500	492326	62	1524	500266	62	1830	600244	62	2000	657918	62	2126	700017	62	2431	800223	62	2500	822923	62	2735	900086	62	3000	986843	62	3041	1000258	62	3345	1100065	62	3500	1150902	62	3649	1200179	62	3953	1300059	62	4000	1315523	62	4258	1400090	62	4500	1479596	62	4563	1500210	62	4868	1600039	62	5000	1643407	62	5173	1700264	62	5479	1800292	62	5500	1807160	62	5784	1900204	62	6000	1971037	62	6089	2000179	62	6393	2100136	62	6500	2135519	62	6697	2200061	62	7000	2299187	62	7003	2300188	62	7308	2400205	62	7500	2463230	62	7613	2500266	62	
312	100252	86	500	160506	86	623	200080	86	933	300261	86	1000	321646	86	1245	400234	86	1500	481751	86	1557	500023	86	1869	600149	86	2000	642155	86	2181	700291	86	2491	800086	86	2500	803035	86	2803	900025	86	3000	963322	86	3115	1000167	86	3427	1100282	86	3500	1123784	86	3738	1200331	86	4000	1284389	86	4049	1300083	86	4361	1400224	86	4500	1444769	86	4673	1500170	86	4985	1600059	86	5000	1604859	86	5297	1700112	86	5500	1765352	86	5608	1800228	86	5919	1900093	86	6000	1926269	86	6230	2000097	86	6500	2086831	86	6541	2100093	86	6852	2200237	86	7000	2247882	86	7162	2300111	86	7473	2400291	86	7500	2408977	86	7784	2500052	86	
313	100021	88	500	159637	88	627	200091	88	939	300229	88	1000	319642	88	1252	400069	88	1500	479031	88	1566	500024	88	1879	600210	88	2000	638747	88	2192	700120	88	2500	798471	88	2505	800083	88	2819	900255	88	3000	958118	88	3131	1000154	88	3444	1100039	88	3500	1117968	88	3758	1200311	88	4000	1278027	88	4069	1300025	88	4383	1400150	88	4500	1437563	88	4695	1500044	88	5000	1597693	88	5008	1600250	88	5321	1700133	88	5500	1758233	88	5631	1800060	88	5945	1900235	88	6000	1918019	88	6257	2000140	88	6500	2080060	88	6563	2100143	88	6875	2200101	88	7000	2240152	88	7188	2300303	88	7498	2400184	88	7500	2400837	88	7808	2500269	88	
294	100070	87	500	170353	87	587	200062	87	880	300056	87	1000	340819	87	1175	400307	87	1469	500124	87	1500	510669	87	1763	600025	87	2000	680613	87	2057	700085	87	2351	800200	87	2500	850949	87	2645	900178	87	2939	1000288	87	3000	1021043	87	3232	1100122	87	3500	1191578	87	3523	1200329	87	3813	1300050	87	4000	1363545	87	4108	1400204	87	4402	1500028	87	4500	1533272	87	4697	1600229	87	4991	1700100	87	5000	1703139	87	5285	1800070	87	5500	1873212	87	5580	1900352	87	5874	2000166	87	6000	2042904	87	6169	2100162	87	6463	2200218	87	6500	2212784	87	6757	2300106	87	7000	2382474	87	7052	2400103	87	7345	2500271	87	
334	100107	88	500	149692	88	669	200179	88	1000	299888	88	1001	300199	88	1325	400107	88	1500	452806	88	1659	500298	88	1993	600166	88	2000	602275	88	2325	700069	88	2500	752895	88	2658	800237	88	2991	900218	88	3000	902921	88	3325	1000306	88	3500	1052744	88	3658	1100212	88	3990	1200064	88	4000	1203051	88	4323	1300166	88	4500	1353721	88	4653	1400098	88	4985	1500131	88	5000	1504630	88	5319	1600235	88	5500	1654281	88	5653	1700178	88	5987	1800211	88	6000	1804101	88	6321	1900171	88	6500	1953502	88	6656	2000143	88	6990	2100224	88	7000	2103252	88	7325	2200134	88	7500	2252426	88	7657	2300148	88	7986	2400151	88	8000	2404412	88	8320	2500208	88	
297	100119	86	500	168784	86	593	200121	86	889	300092	86	1000	337504	86	1186	400151	86	1483	500329	86	1500	506036	86	1778	600035	86	2000	675233	86	2074	700261	86	2370	800298	86	2500	844455	86	2665	900224	86	2960	1000104	86	3000	1013608	86	3257	1100278	86	3500	1182452	86	3553	1200348	86	3849	1300087	86	4000	1350847	86	4146	1400023	86	4443	1500321	86	4500	1519554	86	4739	1600225	86	5000	1688142	86	5035	1700122	86	5331	1800093	86	5500	1857282	86	5625	1900275	86	5918	2000044	86	6000	2027760	86	6214	2100159	86	6500	2196382	86	6511	2200096	86	6806	2300021	86	7000	2365921	86	7101	2400033	86	7399	2500223	86	
323	100032	57	500	154865	57	646	200036	57	970	300253	57	1000	309521	57	1293	400171	57	1500	464275	57	1616	500093	57	1939	600035	57	2000	618878	57	2263	700082	57	2500	773806	57	2585	800289	57	2906	900088	57	3000	929707	57	3226	1000285	57	3500	1085334	57	3548	1100224	57	3871	1200058	57	4000	1239952	57	4195	1300082	57	4500	1394367	57	4519	1400279	57	4842	1500062	57	5000	1548971	57	5166	1600226	57	5489	1700317	57	5500	1703724	57	5800	1800051	57	6000	1862014	57	6123	1900133	57	6446	2000192	57	6500	2016919	57	6770	2100270	57	7000	2171567	57	7092	2200095	57	7416	2300099	57	7500	2325944	57	7740	2400153	57	8000	2480226	57	8064	2500016	57	
303	100119	88	500	165362	88	604	200263	88	907	300228	88	1000	331100	88	1209	400123	88	1500	496072	88	1512	500075	88	1815	600281	88	2000	661483	88	2117	700153	88	2420	800132	88	2500	826464	88	2723	900031	88	3000	993431	88	3020	1000126	88	3323	1100077	88	3500	1158719	88	3625	1200169	88	3929	1300223	88	4000	1323640	88	4232	1400111	88	4500	1488555	88	4535	1500085	88	4838	1600019	88	5000	1653301	88	5142	1700166	88	5445	1800170	88	5500	1818291	88	5748	1900264	88	6000	1983426	88	6051	2000303	88	6348	2100117	88	6500	2150263	88	6651	2200126	88	6954	2300276	88	7000	2315441	88	7256	2400078	88	7500	2481367	88	7556	2500080	88	
304	100059	94	500	166936	94	599	200237	94	902	300303	94	1000	332563	94	1205	400072	94	1500	497620	94	1508	500303	94	1809	600098	94	2000	662968	94	2113	700170	94	2417	800275	94	2500	828292	94	2718	900290	94	3000	993198	94	3021	1000117	94	3323	1100030	94	3500	1158463	94	3626	1200092	94	3929	1300303	94	4000	1323747	94	4232	1400017	94	4500	1487936	94	4536	1500089	94	4839	1600150	94	5000	1653083	94	5143	1700255	94	5444	1800219	94	5500	1818787	94	5745	1900070	94	6000	1984623	94	6047	2000093	94	6351	2100305	94	6500	2149187	94	6655	2200201	94	6959	2300185	94	7000	2313766	94	7263	2400267	94	7500	2478324	94	7566	2500245	94	
360	100212	84	500	139018	84	720	200031	84	1000	277686	84	1081	300090	84	1442	400263	84	1500	416355	84	1803	500196	84	2000	554749	84	2163	600106	84	2500	693481	84	2524	700137	84	2885	800059	84	3000	832229	84	3243	900215	84	3500	971633	84	3603	1000221	84	3963	1100157	84	4000	1110387	84	4325	1200284	84	4500	1248802	84	4684	1300235	84	5000	1387664	84	5045	1400158	84	5406	1500189	84	5500	1526238	84	5766	1600158	84	6000	1665175	84	6126	1700097	84	6481	1800030	84	6500	1805305	84	6842	1900180	84	7000	1943993	84	7203	2000227	84	7500	2082981	84	7562	2100235	84	7921	2200025	84	8000	2221944	84	8281	2300094	84	8500	2363051	84	8634	2400263	84	8994	2500218	84	
322	100278	82	500	155833	82	642	200134	82	963	300206	82	1000	311675	82	1283	400103	82	1500	467537	82	1605	500207	82	1926	600193	82	2000	623125	82	2247	700072	82	2500	778757	82	2569	800216	82	2889	900252	82	3000	934834	82	3209	1000067	82	3500	1091049	82	3529	1100111	82	3850	1200120	82	4000	1246898	82	4171	1300159	82	4492	1400098	82	4500	1402605	82	4814	1500284	82	5000	1560169	82	5128	1600188	82	5450	1700234	82	5500	1715848	82	5771	1800140	82	6000	1871265	82	6093	1900198	82	6414	2000047	82	6500	2027083	82	6734	2100218	82	7000	2183068	82	7055	2200152	82	7376	2300284	82	7500	2338913	82	7697	2400135	82	8000	2494591	82	8018	2500198	82	
337	100025	49	500	148818	49	672	200056	49	1000	297595	49	1009	300303	49	1345	400137	49	1500	446143	49	1683	500274	49	2000	594565	49	2019	600211	49	2356	700240	49	2500	745009	49	2683	800131	49	3000	894197	49	3020	900179	49	3357	1000280	49	3500	1043249	49	3692	1100270	49	4000	1191761	49	4028	1200052	49	4365	1300200	49	4500	1340259	49	4702	1400162	49	5000	1489704	49	5035	1500237	49	5369	1600299	49	5500	1639316	49	5705	1700155	49	6000	1787988	49	6041	1800246	49	6376	1900276	49	6500	1936981	49	6712	2000030	49	7000	2085721	49	7049	2100274	49	7386	2200294	49	7500	2234073	49	7722	2300111	49	8000	2382944	49	8058	2400233	49	8394	2500200	49	
352	100171	49	500	142161	49	703	200047	49	1000	284409	49	1055	300014	49	1407	400063	49	1500	426703	49	1759	500127	49	2000	568554	49	2111	600123	49	2465	700112	49	2500	709921	49	2818	800198	49	3000	852194	49	3170	900258	49	3500	993822	49	3522	1000059	49	3875	1100178	49	4000	1135600	49	4228	1200233	49	4500	1277183	49	4581	1300139	49	4934	1400215	49	5000	1419006	49	5285	1500122	49	5500	1561428	49	5637	1600251	49	5989	1700021	49	6000	1703136	49	6344	1800233	49	6500	1844505	49	6696	1900073	49	7000	1986389	49	7049	2000282	49	7402	2100234	49	7500	2128010	49	7753	2200170	49	8000	2270355	49	8105	2300057	49	8460	2400159	49	8500	2411506	49	8814	2500247	49	
313	100302	107	500	160107	69	625	200311	69	936	300183	69	1000	320619	69	1247	400162	69	1500	481524	69	1558	500242	69	1868	600035	69	2000	642771	69	2178	700094	69	2486	800121	69	2500	804708	69	2794	900017	69	3000	966270	69	3105	1000153	69	3415	1100024	69	3500	1127292	69	3727	1200172	69	4000	1287907	69	4038	1300195	69	4349	1400233	69	4500	1449217	69	4659	1500283	69	4969	1600110	69	5000	1610091	69	5279	1700307	69	5500	1771358	69	5589	1800155	69	5900	1900300	69	6000	1932591	69	6209	2000211	69	6500	2095243	69	6515	2100115	69	6824	2200253	69	7000	2256924	69	7135	2300197	69	7445	2400287	69	7500	2418024	69	7755	2500094	69	
351	100152	62	500	142920	62	698	200107	62	1000	287127	62	1045	300055	62	1396	400151	62	1500	429893	62	1747	500260	62	2000	572489	62	2097	600212	62	2447	700027	62	2500	715076	62	2798	800225	62	3000	857747	62	3148	900264	62	3498	1000051	62	3500	1000641	62	3848	1100035	62	4000	1143377	62	4198	1200088	62	4500	1287951	62	4541	1300164	62	4890	1400288	62	5000	1431749	62	5240	1500205	62	5500	1574491	62	5590	1600276	62	5941	1700174	62	6000	1716989	62	6291	1800205	62	6500	1859883	62	6641	1900105	62	6992	2000265	62	7000	2002541	62	7342	2100221	62	7500	2145139	62	7693	2200107	62	8000	2288448	62	8040	2300041	62	8388	2400111	62	8500	2432018	62	8739	2500075	62	
336	100024	64	500	148681	64	674	200293	64	1000	297153	64	1010	300118	64	1349	400128	64	1500	444708	64	1680	500235	64	2000	595149	64	2017	600201	64	2355	700123	64	2500	742914	64	2693	800186	64	3000	890964	64	3031	900193	64	3369	1000219	64	3500	1039126	64	3706	1100116	64	4000	1186966	64	4045	1200307	64	4382	1300052	64	4500	1334847	64	4721	1400296	64	5000	1483289	64	5057	1500159	64	5395	1600176	64	5500	1631264	64	5732	1700257	64	6000	1779722	64	6069	1800128	64	6405	1900261	64	6500	1928303	64	6743	2000082	64	7000	2076388	64	7080	2100057	64	7418	2200021	64	7500	2224158	64	7757	2300143	64	8000	2371825	64	8096	2400234	64	8432	2500078	64	
319	100028	93	500	156873	93	638	200088	93	960	300147	56	1000	312517	56	1283	400252	56	1500	467676	56	1605	500188	56	1926	600062	56	2000	623134	56	2249	700178	56	2500	777862	56	2572	800119	56	2894	900148	56	3000	932966	56	3217	1000112	56	3500	1087869	56	3540	1100211	56	3863	1200084	56	4000	1242385	56	4186	1300085	56	4500	1397759	56	4508	1400247	56	4830	1500101	56	5000	1552651	56	5153	1600126	56	5477	1700297	56	5500	1707435	56	5799	1800171	56	6000	1862198	56	6123	1900320	56	6445	2000067	56	6500	2017169	56	6768	2100166	56	7000	2172325	56	7090	2200114	56	7413	2300243	56	7500	2327389	56	7734	2400168	56	8000	2482687	56	8056	2500022	56	
348	100229	55	500	143898	55	696	200270	55	1000	287445	55	1044	300016	55	1393	400075	55	1500	430835	55	1742	500124	55	2000	574273	55	2090	600081	55	2439	700081	55	2500	717498	55	2788	800033	55	3000	860925	55	3130	900118	55	3478	1000147	55	3500	1006523	55	3826	1100223	55	4000	1150430	55	4174	1200305	55	4500	1294151	55	4521	1300170	55	4870	1400042	55	5000	1437371	55	5220	1500295	55	5500	1580485	55	5569	1600284	55	5917	1700139	55	6000	1723880	55	6266	1800302	55	6500	1870005	55	6603	1900175	55	6948	2000045	55	7000	2015249	55	7293	2100020	55	7500	2159523	55	7641	2200080	55	7990	2300050	55	8000	2302932	55	8338	2400033	55	8500	2446331	55	8688	2500159	55	
312	100211	87	500	160493	87	624	200227	87	934	300164	87	1000	321293	87	1246	400247	87	1500	481699	87	1558	500282	87	1870	600227	87	2000	641851	87	2182	700127	87	2493	800146	87	2500	802393	87	2805	900047	87	3000	962755	87	3117	1000211	87	3420	1100196	87	3500	1125962	87	3730	1200062	87	4000	1287087	87	4041	1300244	87	4352	1400119	87	4500	1447796	87	4663	1500061	87	4975	1600131	87	5000	1608149	87	5287	1700304	87	5500	1768660	87	5598	1800316	87	5909	1900090	87	6000	1929459	87	6218	2000292	87	6500	2090723	87	6529	2100055	87	6841	2200209	87	7000	2251283	87	7152	2300192	87	7464	2400322	87	7500	2411827	87	7775	2500020	87	
114	100838	337	225	200877	337	336	300257	337	450	400920	337	500	444868	337	563	500630	337	676	600478	337	789	700404	337	902	800329	337	1000	886436	337	1016	900614	337	1125	1000106	337	1238	1100211	337	1352	1200635	337	1466	1300849	337	1500	1330844	337	1579	1400655	337	1692	1500226	337	1806	1600549	337	1919	1700236	337	2000	1771870	337	2033	1800920	337	2146	1900341	337	2260	2000586	337	2373	2100248	337	2487	2200667	337	2500	2212095	337	2600	2300327	337	2714	2400801	337	2827	2500160	337	
99	100823	351	196	200077	351	295	300648	351	393	400203	351	492	500584	351	500	508833	351	590	600272	351	687	700198	351	785	800356	351	884	900966	351	982	1000861	351	1000	1019224	351	1080	1100638	351	1178	1200271	351	1277	1300938	351	1375	1400501	351	1473	1500293	351	1500	1527941	351	1571	1600214	351	1670	1700801	351	1768	1800517	351	1867	1901033	351	1965	2000891	351	2000	2036471	351	2063	2100533	351	2161	2200244	351	2259	2300370	351	2356	2401006	351	2454	2500729	351	
102	100722	339	203	200659	339	305	301022	339	406	400597	339	500	493556	339	507	500480	339	609	600855	339	710	700104	339	812	801030	339	913	900983	339	1000	987275	339	1013	1000193	339	1115	1100680	339	1216	1200338	339	1318	1300927	339	1419	1400627	339	1500	1482854	339	1518	1500983	339	1619	1601002	339	1720	1700452	339	1821	1800329	339	1922	1900363	339	2000	1977013	339	2024	2000692	339	2125	2100363	339	2227	2200967	339	2328	2300360	339	2429	2400195	339	2500	2469949	339	2531	2500671	339	
110	100432	325	220	200922	325	329	300417	325	439	400571	325	500	455937	325	548	500129	325	658	600795	325	765	700556	325	873	800087	325	983	900516	325	1000	916003	325	1093	1000833	325	1202	1100340	325	1312	1200434	325	1422	1300622	325	1500	1371819	325	1531	1400160	325	1641	1500265	325	1751	1600605	325	1860	1700181	325	1970	1800949	325	2000	1828250	325	2079	1900115	325	2189	2000397	325	2299	2100919	325	2408	2200303	325	2500	2284264	325	2518	2300770	325	2627	2400333	325	2737	2500319	325	
96	100988	355	191	200372	355	287	300630	355	383	400791	355	481	500917	355	500	520140	355	578	601006	355	676	700948	355	772	800331	355	870	900666	355	967	1000775	355	1000	1035179	355	1064	1100390	355	1161	1200428	355	1259	1300603	355	1356	1400763	355	1453	1500800	355	1500	1548529	355	1551	1600413	355	1648	1701031	355	1746	1800421	355	1843	1900670	355	1941	2000675	355	2000	2061719	355	2038	2101010	355	2136	2200912	355	2233	2300384	355	2331	2400465	355	2430	2500694	355	
101	100350	339	202	200910	339	302	300128	339	403	400467	339	500	496533	339	504	500548	339	605	600712	339	706	700910	339	807	801018	339	906	900066	339	1000	993686	339	1007	1000722	339	1107	1100091	339	1208	1200327	339	1309	1300500	339	1409	1400210	339	1500	1490724	339	1510	1500758	339	1611	1600618	339	1712	1700541	339	1813	1800748	339	1914	1900612	339	2000	1986497	339	2014	2000609	339	2115	2100838	339	2213	2200173	339	2314	2300358	339	2415	2400738	339	2500	2484843	339	2516	2500742	339	
110	100173	385	220	200417	385	330	300617	385	439	400133	385	500	455838	385	549	500284	385	659	600580	385	766	700181	385	876	800879	385	985	900596	385	1000	914702	385	1093	1000801	385	1202	1100077	385	1312	1200299	385	1422	1300422	385	1500	1374193	385	1529	1400942	385	1638	1500370	385	1747	1600189	385	1858	1700944	385	1967	1800446	385	2000	1830528	385	2075	1900703	385	2184	2000172	385	2294	2100402	385	2404	2200477	385	2500	2287837	385	2514	2300663	385	2623	2400590	385	2733	2500838	385	
115	100263	345	230	200545	345	345	300535	345	460	400872	345	500	435781	345	572	500799	345	686	600447	345	801	700597	345	915	800077	345	1000	874407	345	1030	900720	345	1144	1000320	345	1258	1100138	345	1373	1200180	345	1487	1300066	345	1500	1311584	345	1601	1400342	345	1715	1500158	345	1831	1600894	345	1945	1700576	345	2000	1748928	345	2059	1800452	345	2174	1900612	345	2289	2000722	345	2404	2100678	345	2500	2184370	345	2518	2200136	345	2632	2300110	345	2747	2400524	345	2861	2500213	345	
108	100165	369	216	200123	369	324	300956	369	431	400339	369	500	464239	369	539	500364	369	647	600582	369	754	700466	369	862	800939	369	969	900343	369	1000	929300	369	1077	1000774	369	1184	1100293	369	1292	1200185	369	1401	1300813	369	1500	1392690	369	1508	1400106	369	1616	1500105	369	1724	1600303	369	1832	1700601	369	1940	1800861	369	2000	1856751	369	2047	1900183	369	2155	2000287	369	2263	2100548	369	2370	2200195	369	2477	2300328	369	2500	2321977	369	2584	2400141	369	2692	2500750	369	
106	100516	358	211	200165	358	318	300973	358	423	400064	358	500	472588	358	530	500904	358	636	600743	358	742	700659	358	848	800522	358	954	900350	358	1000	943787	358	1060	1000437	358	1166	1100078	358	1273	1200773	358	1379	1300877	358	1485	1400827	358	1500	1415014	358	1590	1500339	358	1696	1600548	358	1802	1700698	358	1905	1800267	358	2000	1890693	358	2010	1900147	358	2117	2000981	358	2223	2100576	358	2329	2200800	358	2434	2300071	358	2500	2362516	358	2540	2400436	358	2646	2500560	358	
109	100361	376	218	200868	376	326	300356	376	435	400775	376	500	460738	376	543	500165	376	652	600378	376	761	700839	376	870	800712	376	979	900747	376	1000	920046	376	1085	1000273	376	1194	1100864	376	1302	1200270	376	1411	1300973	376	1500	1382935	376	1519	1400376	376	1627	1500088	376	1736	1600340	376	1845	1700591	376	1954	1800724	376	2000	1843182	376	2062	1900070	376	2171	2000146	376	2280	2100418	376	2389	2200695	376	2498	2300718	376	2500	2302626	376	2607	2400886	376	2716	2500708	376	
102	100146	333	206	200168	333	310	300199	333	414	400262	333	500	483265	333	518	500684	333	622	600465	333	726	700477	333	830	800817	333	934	901002	333	1000	964558	333	1037	1000145	333	1141	1100101	333	1245	1200189	333	1349	1300174	333	1454	1400459	333	1500	1444703	333	1558	1500249	333	1662	1600440	333	1766	1700726	333	1870	1800671	333	1974	1900406	333	2000	1925648	333	2078	2000843	333	2182	2100873	333	2286	2200963	333	2390	2300791	333	2494	2400830	333	2500	2406664	333	2598	2500521	333	
109	100444	357	218	200698	357	327	300646	357	436	400761	357	500	459433	357	545	500819	357	653	600457	357	761	700444	357	870	800509	357	979	900556	357	1000	919876	357	1088	1000937	357	1196	1100739	357	1304	1200250	357	1413	1300502	357	1500	1380866	357	1521	1400231	357	1630	1500641	357	1739	1600628	357	1847	1700174	357	1956	1800381	357	2000	1840836	357	2065	1900566	357	2174	2000839	357	2282	2100468	357	2391	2200944	357	2491	2300959	357	2500	2309395	357	2599	2400468	357	2708	2500338	357	
112	100939	337	222	200088	337	333	300254	337	444	400329	337	500	451002	337	555	500915	337	666	600950	337	777	700829	337	887	800800	337	997	900574	337	1000	903325	337	1107	1000452	337	1218	1100701	337	1329	1200940	337	1439	1300527	337	1500	1355963	337	1547	1400306	337	1658	1500902	337	1768	1600218	337	1879	1700323	337	1990	1800200	337	2000	1809292	337	2101	1900288	337	2212	2000241	337	2323	2100922	337	2433	2200638	337	2500	2261014	337	2544	2300700	337	2654	2400132	337	2765	2500590	337	
112	100054	349	225	200722	349	337	300152	349	450	400844	349	500	445529	349	562	500742	349	672	600249	349	785	700786	349	897	800401	349	1000	891816	349	1010	900779	349	1122	1000078	349	1235	1100413	349	1348	1200628	349	1460	1300226	349	1500	1335867	349	1573	1400881	349	1684	1500305	349	1797	1600647	349	1909	1700436	349	2000	1781322	349	2021	1800113	349	2134	1900547	349	2246	2000103	349	2359	2100701	349	2471	2200315	349	2500	2226069	349	2584	2300756	349	2697	2400848	349	2809	2500538	349	
104	100322	355	208	200685	355	312	300523	355	416	400142	355	500	480992	355	520	500136	355	625	600673	355	729	700372	355	833	800743	355	936	900290	355	1000	962011	355	1040	1000919	355	1144	1100892	355	1247	1200088	355	1352	1301001	355	1456	1400941	355	1500	1443305	355	1560	1500942	355	1664	1600819	355	1768	1700532	355	1872	1800271	355	1977	1900634	355	2000	1922677	355	2081	2000214	355	2185	2100189	355	2290	2200838	355	2394	2300506	355	2498	2400589	355	2500	2402549	355	2602	2500243	355	
110	100795	349	218	200057	349	328	300154	349	438	400829	349	500	457204	349	547	500225	349	657	600537	349	766	700412	349	875	800080	349	985	900332	349	1000	913965	349	1095	1000943	349	1203	1100380	349	1312	1200167	349	1422	1300698	349	1500	1372494	349	1531	1400892	349	1640	1500527	349	1749	1600131	349	1859	1700422	349	1968	1800403	349	2000	1829714	349	2074	1900302	349	2184	2000876	349	2293	2100627	349	2403	2200903	349	2500	2289473	349	2512	2300379	349	2622	2400678	349	2731	2500138	349	
110	100108	375	221	200804	375	330	300196	375	441	400847	375	500	454277	375	551	500679	375	661	600440	375	771	700219	375	881	800087	375	991	900434	375	1000	908698	375	1100	1000711	375	1208	1100924	375	1318	1200662	375	1428	1300793	375	1500	1366655	375	1537	1400274	375	1647	1500263	375	1757	1600104	375	1867	1700131	375	1977	1800315	375	2000	1821309	375	2086	1900074	375	2197	2000909	375	2307	2100447	375	2418	2200871	375	2500	2275393	375	2527	2300058	375	2637	2400742	375	2747	2500377	375	
111	100146	332	221	200304	332	333	300188	332	445	400210	332	500	449323	332	558	500931	332	669	600097	332	782	700679	332	894	800564	332	1000	895625	332	1005	900347	332	1116	1000276	332	1228	1100825	332	1340	1200800	332	1450	1300732	332	1500	1345411	332	1561	1400216	332	1673	1500058	332	1785	1600189	332	1897	1700455	332	2000	1792538	332	2009	1800619	332	2121	1900802	332	2233	2000907	332	2344	2100682	332	2456	2200443	332	2500	2239690	332	2568	2300883	332	2679	2400244	332	2791	2500786	332	
118	100661	340	235	200366	340	351	300411	340	468	400382	340	500	427783	340	585	500389	340	702	600811	340	819	700764	340	935	800258	340	1000	855880	340	1052	900433	340	1169	1000418	340	1286	1100242	340	1404	1200703	340	1500	1282860	340	1521	1300757	340	1638	1400413	340	1755	1500339	340	1872	1600260	340	1990	1700847	340	2000	1709471	340	2106	1800177	340	2223	1900205	340	2339	2000145	340	2456	2100750	340	2500	2138294	340	2573	2200560	340	2690	2300469	340	2803	2400682	340	2920	2500868	340	
23	101756	1669	46	203071	1669	69	304534	1669	91	401168	1669	114	502355	1669	137	603800	1669	159	700779	1669	182	802187	1669	205	904075	1669	227	1001199	1669	250	1102500	1669	273	1203641	1669	296	1304660	1669	318	1403587	1669	340	1500340	1669	363	1601545	1669	386	1702376	1669	409	1803813	1669	431	1900551	1669	454	2002374	1669	477	2103576	1669	499	2200427	1669	500	2205040	1669	522	2301741	1669	545	2402895	1669	568	2503840	1669	
24	104598	1769	46	200577	1769	69	302298	1769	92	403642	1769	115	503726	1769	138	603553	1769	161	703664	1769	184	804053	1769	207	904432	1769	230	1004251	1769	253	1104435	1769	276	1204053	1769	299	1304025	1769	322	1404053	1769	345	1504035	1769	368	1604120	1769	391	1703773	1769	414	1803992	1769	437	1903840	1769	460	2004115	1769	483	2104519	1769	500	2178971	1769	505	2201217	1769	528	2301439	1769	551	2401369	1769	574	2501599	1769	
24	103736	1800	47	203289	1800	70	302120	1800	93	402356	1800	116	502326	1800	139	602120	1800	162	701624	1800	185	800662	1800	209	904147	1800	232	1004343	1800	255	1103498	1800	278	1202782	1800	301	1302309	1800	324	1401219	1800	347	1500423	1800	371	1603838	1800	394	1702841	1800	417	1802325	1800	440	1901296	1800	464	2004378	1800	487	2103900	1800	500	2160488	1800	510	2204012	1800	532	2301169	1800	555	2400533	1800	579	2504426	1800	
24	103352	1759	47	202253	1759	70	301646	1759	93	400503	1759	117	504287	1759	140	603290	1759	163	702214	1759	186	800852	1759	210	904570	1759	233	1003770	1759	256	1103078	1759	279	1201938	1759	302	1303347	1759	325	1402695	1759	348	1501782	1759	371	1600650	1759	395	1704404	1759	418	1803694	1759	441	1902746	1759	464	2001742	1759	487	2100702	1759	500	2157388	1759	510	2200645	1759	534	2303917	1759	557	2403120	1759	580	2502380	1759	
23	100550	1726	46	202433	1726	69	303320	1726	92	403798	1726	115	503799	1726	138	604106	1726	161	704337	1726	184	804494	1726	206	900526	1726	229	1001218	1726	252	1101437	1726	275	1201396	1726	298	1301745	1726	321	1401796	1726	344	1501912	1726	367	1602164	1726	390	1702671	1726	413	1802882	1726	436	1902908	1726	459	2003555	1726	482	2103764	1726	500	2182181	1726	505	2204275	1726	528	2304491	1726	550	2400440	1726	573	2501186	1726	
24	103708	1758	47	203080	1758	70	302316	1758	93	401368	1758	116	500995	1758	139	600611	1758	163	704085	1758	186	803369	1758	209	903170	1758	232	1002492	1758	255	1101804	1758	278	1201375	1758	302	1304498	1758	325	1403561	1758	348	1503043	1758	371	1602128	1758	394	1701301	1758	417	1800710	1758	441	1903979	1758	464	2003193	1758	487	2102167	1758	500	2159616	1758	510	2203687	1758	533	2302804	1758	556	2401768	1758	579	2501209	1758	
24	103742	1712	47	203345	1712	70	302402	1712	93	401699	1712	116	500632	1712	140	604370	1712	163	703661	1712	186	802504	1712	209	901609	1712	232	1000790	1712	256	1104154	1712	279	1204556	1712	302	1303843	1712	325	1402701	1712	348	1502200	1712	371	1601886	1712	394	1700797	1712	418	1804344	1712	441	1903390	1712	464	2001952	1712	487	2100821	1712	500	2157265	1712	510	2200840	1712	534	2304121	1712	557	2403070	1712	580	2502151	1712	
23	101020	1712	46	201411	1712	69	301047	1712	93	404425	1712	116	503809	1712	139	603352	1712	162	703539	1712	185	803480	1712	208	902798	1712	231	1002469	1712	254	1101912	1712	277	1201173	1712	300	1300643	1712	323	1400346	1712	346	1500464	1712	370	1604056	1712	393	1703903	1712	416	1803062	1712	439	1902304	1712	462	2002109	1712	485	2101389	1712	500	2166821	1712	508	2201846	1712	531	2301196	1712	554	2400706	1712	577	2500557	1712	
23	100683	1743	46	201578	1743	69	302738	1743	92	403641	1743	115	504478	1743	137	601188	1743	160	702747	1743	183	803561	1743	206	904489	1743	228	1001153	1743	251	1102400	1743	274	1203099	1743	297	1304086	1743	319	1400348	1743	342	1501418	1743	365	1602073	1743	388	1703486	1743	411	1804421	1743	433	1901127	1743	456	2002451	1743	477	2101017	1743	500	2203341	1743	500	2203664	1743	522	2301073	1743	545	2401906	1743	568	2502827	1743	
23	101192	1684	46	202661	1684	69	303275	1684	92	403672	1684	115	504320	1684	137	600573	1684	160	701003	1684	183	801729	1684	206	902853	1684	229	1003669	1684	251	1102335	1684	274	1204052	1684	296	1300958	1684	319	1401247	1684	342	1501659	1684	365	1602384	1684	388	1703169	1684	411	1804045	1684	433	1900510	1684	456	2001195	1684	479	2101969	1684	500	2194153	1684	502	2203147	1684	525	2304430	1684	547	2400943	1684	570	2502108	1684	
23	100847	1705	47	203480	1705	70	301617	1705	94	403674	1705	117	501808	1705	141	604051	1705	164	701563	1705	188	804071	1705	211	902116	1705	235	1004236	1705	258	1102396	1705	281	1200519	1705	305	1303741	1705	328	1402693	1705	351	1501337	1705	375	1604401	1705	398	1702940	1705	421	1800961	1705	445	1903312	1705	468	2001533	1705	492	2104203	1705	500	2138574	1705	515	2202728	1705	538	2301075	1705	562	2403440	1705	585	2501584	1705	
25	102028	1778	49	200536	1778	74	302146	1778	99	403966	1778	123	501811	1778	148	603862	1778	172	701643	1778	197	803706	1778	221	901630	1778	246	1003510	1778	270	1101316	1778	295	1203553	1778	319	1301105	1778	344	1403073	1778	368	1501017	1778	393	1602941	1778	417	1700794	1778	442	1803354	1778	466	1901511	1778	491	2003186	1778	500	2041927	1778	515	2104065	1778	539	2202148	1778	563	2301429	1778	588	2403527	1778	612	2501696	1778	
24	103746	1776	47	203156	1776	70	303183	1776	93	402486	1776	116	502295	1776	139	601754	1776	162	701080	1776	185	800691	1776	209	903986	1776	231	1001194	1776	254	1101008	1776	277	1200779	1776	300	1300507	1776	324	1404422	1776	347	1504051	1776	370	1603353	1776	393	1702960	1776	416	1802339	1776	439	1901640	1776	462	2000899	1776	486	2104357	1776	500	2165060	1776	509	2204261	1776	531	2300584	1776	555	2404155	1776	578	2503930	1776	
24	101856	1737	48	203788	1737	71	301370	1737	95	402846	1737	118	500322	1737	142	602551	1737	166	704369	1737	189	801525	1737	213	903129	1737	236	1000749	1737	260	1102108	1737	284	1203907	1737	307	1301205	1737	331	1403356	1737	354	1501567	1737	378	1602953	1737	402	1704474	1737	425	1801600	1737	449	1903969	1737	472	2002025	1737	496	2103955	1737	500	2121554	1737	519	2202118	1737	543	2304276	1737	566	2401283	1737	590	2502849	1737	
25	104029	1742	49	203192	1742	73	304292	1742	97	403928	1742	121	503342	1742	145	603423	1742	169	703137	1742	193	802715	1742	217	902398	1742	241	1002037	1742	265	1101741	1742	289	1201979	1742	313	1301272	1742	337	1401306	1742	361	1501758	1742	385	1601021	1742	409	1700878	1742	433	1800687	1742	457	1904510	1742	480	2000805	1742	500	2083789	1742	504	2100692	1742	528	2200446	1742	553	2303863	1742	577	2403559	1742	601	2503357	1742	
25	103786	1764	49	202964	1764	73	302597	1764	97	402443	1764	121	502182	1764	145	601579	1764	169	700879	1764	193	800636	1764	217	902263	1764	241	1001529	1764	265	1101097	1764	290	1204361	1764	314	1303974	1764	338	1403122	1764	362	1502947	1764	386	1602205	1764	410	1701766	1764	434	1800788	1764	458	1900296	1764	483	2003565	1764	500	2074238	1764	507	2103338	1764	531	2202566	1764	555	2302191	1764	579	2401283	1764	603	2500643	1764	
25	101705	1725	50	203018	1725	75	304316	1725	99	402066	1725	124	503287	1725	148	600615	1725	173	701892	1725	198	803231	1725	222	900531	1725	247	1001495	1725	272	1102535	1725	297	1203927	1725	321	1301039	1725	346	1402151	1725	371	1503497	1725	396	1604199	1725	420	1701842	1725	445	1803273	1725	469	1901215	1725	494	2002338	1725	500	2026820	1725	519	2103848	1725	543	2200735	1725	568	2302336	1725	593	2403694	1725	617	2501117	1725	
25	104165	1716	49	204317	1716	72	300683	1716	96	401093	1716	120	501794	1716	144	602456	1716	168	703024	1716	192	803508	1716	216	904369	1716	239	1001007	1716	263	1101458	1716	287	1201538	1716	311	1302127	1716	335	1402683	1716	359	1502708	1716	383	1603145	1716	407	1703712	1716	431	1804095	1716	454	1902314	1716	478	2002815	1716	500	2094768	1716	502	2103324	1716	526	2203892	1716	549	2301055	1716	573	2401300	1716	597	2501606	1716	
25	102499	1725	49	200680	1725	74	303083	1725	98	401059	1725	123	503026	1725	147	601061	1725	172	703188	1725	196	801724	1725	220	902245	1725	244	1000504	1725	269	1103079	1725	293	1201411	1725	318	1303370	1725	342	1401754	1725	367	1504371	1725	391	1602366	1725	415	1700549	1725	440	1802681	1725	464	1901118	1725	489	2003249	1725	500	2048352	1725	513	2101516	1725	538	2203652	1725	562	2301482	1725	587	2404244	1725	611	2502279	1725	
25	101441	1715	50	202907	1715	74	300342	1715	99	401752	1715	124	503176	1715	149	604244	1715	173	702041	1715	198	803370	1715	222	901116	1715	247	1002707	1715	272	1103985	1715	296	1201604	1715	321	1302786	1715	345	1400482	1715	370	1502138	1715	395	1603639	1715	419	1701282	1715	444	1803105	1715	468	1900498	1715	493	2001733	1715	500	2030603	1715	517	2101080	1715	542	2202788	1715	567	2304291	1715	591	2402021	1715	616	2503921	1715	
290	100131	446	500	173446	446	577	200294	446	863	300183	446	1000	347875	446	1149	400036	446	1436	500108	446	1500	522446	446	1723	600083	446	2000	696896	446	2009	700075	446	2295	800348	446	2500	872003	446	2581	900360	446	2867	1000076	446	3000	1046517	446	3154	1100101	446	3440	1200165	446	3500	1221299	446	3724	1300063	446	4000	1397425	446	4008	1400250	446	4294	1500054	446	4500	1571829	446	4582	1600288	446	4868	1700046	446	5000	1746157	446	5155	1800201	446	5441	1900298	446	5500	1921084	446	5721	2000441	446	6000	2099286	446	6003	2100364	446	6288	2200335	446	6500	2274385	446	6574	2300173	446	6861	2400166	446	7000	2448889	446	7147	2500180	446	
308	100317	209	500	163167	209	613	200069	209	918	300195	209	1000	327228	209	1222	400059	209	1500	490975	209	1528	500169	209	1830	600099	209	2000	656017	209	2135	700225	209	2440	800075	209	2500	819705	209	2746	900256	209	3000	983315	209	3051	1000107	209	3353	1100063	209	3500	1148620	209	3651	1200131	209	3955	1300192	209	4000	1314938	209	4261	1400138	209	4500	1478339	209	4567	1500288	209	4872	1600197	209	5000	1642056	209	5178	1700321	209	5483	1800243	209	5500	1805822	209	5789	1900254	209	6000	1969432	209	6094	2000277	209	6400	2100222	209	6500	2132933	209	6705	2200273	209	7000	2296662	209	7011	2300235	209	7318	2400235	209	7500	2459611	209	7623	2500078	209	
295	100364	193	500	170559	193	586	200096	193	877	300214	193	1000	342567	193	1161	400281	193	1451	500130	193	1500	516895	193	1743	600189	193	2000	688510	193	2034	700241	193	2323	800041	193	2500	860869	193	2614	900148	193	2905	1000304	193	3000	1033290	193	3195	1100159	193	3487	1200338	193	3500	1204825	193	3777	1300081	193	4000	1376516	193	4069	1400122	193	4361	1500239	193	4500	1548024	193	4651	1600116	193	4942	1700229	193	5000	1720318	193	5233	1800129	193	5500	1891744	193	5524	1900061	193	5816	2000234	193	6000	2063386	193	6107	2100031	193	6399	2200170	193	6500	2234891	193	6690	2300311	193	6981	2400058	193	7000	2406591	193	7273	2500238	193	
295	100055	307	500	170364	307	587	200186	307	878	300347	307	1000	342670	307	1168	400223	307	1460	500336	307	1500	514022	307	1752	600135	307	2000	685462	307	2043	700233	307	2334	800043	307	2500	856850	307	2627	900165	307	2919	1000263	307	3000	1027964	307	3210	1100024	307	3500	1199791	307	3501	1200152	307	3793	1300146	307	4000	1370809	307	4085	1400029	307	4377	1500112	307	4500	1542327	307	4666	1600282	307	4957	1700093	307	5000	1714829	307	5249	1800103	307	5500	1886146	307	5541	1900185	307	5833	2000232	307	6000	2057341	307	6125	2100142	307	6417	2200275	307	6500	2228783	307	6709	2300290	307	6998	2400146	307	7000	2400843	307	7290	2500197	307	
293	100085	264	500	171493	264	583	200166	264	872	300280	264	1000	344840	264	1160	400043	264	1451	500100	264	1500	517153	264	1741	600145	264	2000	689551	264	2031	700269	264	2320	800164	264	2500	862119	264	2610	900089	264	2900	1000025	264	3000	1034560	264	3190	1100079	264	3480	1200112	264	3500	1206979	264	3771	1300253	264	4000	1379094	264	4061	1400162	264	4351	1500053	264	4500	1551572	264	4641	1600208	264	4931	1700204	264	5000	1724201	264	5213	1800091	264	5500	1899826	264	5501	1900191	264	5792	2000340	264	6000	2072167	264	6081	2100139	264	6371	2200185	264	6500	2244665	264	6661	2300157	264	6950	2400149	264	7000	2417384	264	7241	2500344	264	
290	100176	258	500	173638	258	576	200111	258	863	300111	258	1000	347977	258	1150	400216	258	1437	500343	258	1500	522677	258	1722	600111	258	2000	697264	258	2008	700089	258	2294	800240	258	2500	872271	258	2580	900124	258	2860	1000274	258	3000	1049058	258	3147	1100250	258	3433	1200341	258	3500	1223712	258	3719	1300027	258	4000	1398459	258	4005	1400234	258	4292	1500149	258	4500	1572977	258	4578	1600221	258	4864	1700187	258	5000	1747597	258	5151	1800268	258	5437	1900199	258	5500	1922563	258	5722	2000178	258	6000	2097166	258	6009	2100315	258	6295	2200296	258	6500	2272001	258	6581	2300197	258	6869	2400297	258	7000	2445928	258	7155	2500043	258	
290	100297	363	500	175617	363	571	200196	363	859	300349	363	1000	349329	363	1146	400051	363	1434	500040	363	1500	523112	363	1721	600195	363	2000	697433	363	2008	700256	363	2295	800212	363	2500	871685	363	2582	900268	363	2869	1000098	363	3000	1045585	363	3157	1100083	363	3445	1200221	363	3500	1219377	363	3732	1300099	363	4000	1393261	363	4020	1400292	363	4305	1500249	363	4500	1568040	363	4592	1600049	363	4880	1700056	363	5000	1741765	363	5168	1800097	363	5455	1900144	363	5500	1915840	363	5743	2000173	363	6000	2089415	363	6031	2100255	363	6318	2200192	363	6500	2263498	363	6606	2300346	363	6892	2400168	363	7000	2437795	363	7179	2500187	363	
284	100098	311	500	176101	311	569	200344	311	853	300073	311	1000	351843	311	1137	400026	311	1422	500270	311	1500	527813	311	1706	600345	311	1989	700107	311	2000	704006	311	2273	800043	311	2500	879944	311	2557	900068	311	2841	1000087	311	3000	1056045	311	3125	1100104	311	3407	1200088	311	3500	1233211	311	3690	1300271	311	3973	1400018	311	4000	1409507	311	4256	1500113	311	4500	1585875	311	4541	1600287	311	4825	1700246	311	5000	1761851	311	5108	1800319	311	5392	1900058	311	5500	1938058	311	5677	2000284	311	5960	2100068	311	6000	2114194	311	6244	2200160	311	6500	2291112	311	6525	2300232	311	6808	2400290	311	7000	2467725	311	7091	2500160	311	
300	100203	265	500	167645	265	596	200315	265	889	300025	265	1000	337561	265	1186	400290	265	1482	500117	265	1500	506194	265	1779	600344	265	2000	675161	265	2074	700304	265	2369	800119	265	2500	844400	265	2665	900240	265	2961	1000108	265	3000	1013565	265	3257	1100332	265	3500	1182506	265	3552	1200043	265	3848	1300220	265	4000	1351768	265	4143	1400034	265	4433	1500174	265	4500	1523211	265	4726	1600118	265	5000	1692760	265	5022	1700206	265	5318	1800081	265	5500	1861524	265	5615	1900326	265	5911	2000270	265	6000	2030281	265	6207	2100041	265	6500	2199111	265	6503	2200143	265	6800	2300159	265	7000	2367801	265	7096	2400210	265	7392	2500145	265	
286	100111	430	500	175857	430	569	200130	430	853	300213	430	1000	352160	430	1136	400303	430	1417	500143	430	1500	529529	430	1700	600304	430	1977	700347	430	2000	708470	430	2261	800327	430	2500	884564	430	2544	900027	430	2827	1000057	430	3000	1061027	430	3111	1100339	430	3394	1200158	430	3500	1237545	430	3678	1300182	430	3960	1400170	430	4000	1414286	430	4243	1500221	430	4500	1590842	430	4526	1600108	430	4809	1700134	430	5000	1767821	430	5091	1800087	430	5373	1900222	430	5500	1945268	430	5655	2000298	430	5938	2100225	430	6000	2122204	430	6220	2200042	430	6500	2298698	430	6504	2300115	430	6788	2400287	430	7000	2475271	430	7071	2500278	430	
94	100474	2370	184	200572	2370	273	300296	2370	363	400097	2370	454	501035	2370	500	552618	2370	543	600478	2370	633	700227	2370	724	801052	2370	814	901046	2370	903	1000537	2370	993	1100268	2370	1000	1108058	2370	1083	1200888	2370	1172	1300612	2370	1262	1400767	2370	1352	1500800	2370	1442	1600733	2370	1500	1665145	2370	1532	1700864	2370	1622	1800682	2370	1712	1900861	2370	1802	2000654	2370	1892	2100621	2370	1982	2200662	2370	2000	2220707	2370	2072	2301105	2370	2161	2400123	2370	2251	2500449	2370	
98	101127	2797	191	200595	2797	285	300840	2797	378	400563	2797	472	500775	2797	500	530927	2797	565	600616	2797	658	700375	2797	752	800763	2797	845	900317	2797	939	1000777	2797	1000	1065849	2797	1032	1100078	2797	1126	1200420	2797	1220	1300794	2797	1313	1400268	2797	1407	1500822	2797	1500	1600031	2797	1500	1600101	2797	1594	1700692	2797	1688	1800728	2797	1782	1900765	2797	1873	2000305	2797	1967	2100938	2797	2000	2136067	2797	2060	2200253	2797	2154	2301008	2797	2247	2400776	2797	2340	2500158	2797	
98	101104	2508	192	201128	2508	285	300516	2508	379	400556	2508	473	500962	2508	500	529660	2508	567	601005	2508	660	700144	2508	754	800373	2508	848	900892	2508	941	1000167	2508	1000	1062964	2508	1034	1100815	2508	1127	1200583	2508	1221	1300558	2508	1315	1400532	2508	1409	1501000	2508	1500	1598200	2508	1502	1600413	2508	1596	1700130	2508	1690	1800106	2508	1784	1900152	2508	1878	2000527	2508	1972	2100593	2508	2000	2130495	2508	2066	2201058	2508	2159	2301007	2508	2253	2400886	2508	2346	2500136	2508	
96	100930	2350	187	200114	2350	277	301027	2350	369	401080	2350	460	500083	2350	500	543356	2350	552	600094	2350	644	700364	2350	736	800651	2350	828	900985	2350	920	1000881	2350	1000	1087803	2350	1012	1100924	2350	1104	1201136	2350	1195	1300215	2350	1287	1400688	2350	1379	1501083	2350	1470	1600976	2350	1500	1634068	2350	1561	1700545	2350	1653	1801040	2350	1744	1900571	2350	1836	2000649	2350	1928	2101019	2350	2000	2179419	2350	2019	2200096	2350	2111	2300303	2350	2203	2400589	2350	2295	2500711	2350	
96	100572	2312	187	201148	2312	277	300297	2312	368	400952	2312	458	500370	2312	500	546854	2312	549	600854	2312	640	701138	2312	730	800080	2312	821	900487	2312	912	1000981	2312	1000	1098212	2312	1002	1100506	2312	1092	1200185	2312	1183	1300679	2312	1274	1400723	2312	1365	1501128	2312	1455	1600454	2312	1500	1650068	2312	1546	1700905	2312	1637	1801112	2312	1727	1900789	2312	1818	2001142	2312	1908	2100596	2312	1999	2201041	2312	2000	2202208	2312	2089	2300444	2312	2178	2400624	2312	2269	2500445	2312	
96	100932	2734	188	200644	2734	280	300667	2734	372	400459	2734	465	500945	2734	500	539017	2734	557	600624	2734	649	700287	2734	742	800996	2734	834	900294	2734	927	1000725	2734	1000	1080201	2734	1018	1100116	2734	1111	1201027	2734	1202	1300307	2734	1295	1400879	2734	1385	1501508	2734	1471	1600440	2734	1500	1631834	2734	1563	1700349	2734	1656	1801119	2734	1748	1900959	2734	1840	2000882	2734	1932	2100620	2734	2000	2174303	2734	2024	2200370	2734	2117	2301062	2734	2209	2400349	2734	2302	2500825	2734	
96	100684	3317	189	201018	3317	282	300886	3317	375	400876	3317	468	501088	3317	500	535788	3317	560	600540	3317	650	700065	3317	743	800878	3317	836	900737	3317	929	1000314	3317	1000	1076629	3317	1022	1100425	3317	1115	1200277	3317	1209	1300970	3317	1302	1400816	3317	1394	1500675	3317	1487	1600635	3317	1500	1614629	3317	1580	1700480	3317	1673	1800372	3317	1766	1900272	3317	1859	2000570	3317	1952	2100846	3317	2000	2152674	3317	2044	2200144	3317	2137	2300740	3317	2229	2400285	3317	2322	2500170	3317	
97	101010	2384	189	200105	2384	283	300737	2384	376	400368	2384	470	500959	2384	500	533125	2384	563	600515	2384	657	700950	2384	750	800407	2384	843	900441	2384	937	1000733	2384	1000	1068368	2384	1030	1100553	2384	1124	1201086	2384	1217	1300514	2384	1310	1400648	2384	1403	1500745	2384	1496	1600656	2384	1500	1605001	2384	1589	1700393	2384	1683	1800965	2384	1776	1900395	2384	1870	2001092	2384	1963	2100421	2384	2000	2139868	2384	2057	2200786	2384	2150	2300651	2384	2243	2400108	2384	2337	2500498	2384	
96	100986	1319	187	200609	1319	278	300306	1319	370	401066	1319	461	500712	1319	500	543495	1319	552	600658	1319	643	700689	1319	734	800275	1319	826	900647	1319	917	1000197	1319	1000	1090903	1319	1009	1100791	1319	1100	1200257	1319	1192	1300740	1319	1284	1400821	1319	1375	1500456	1319	1466	1600194	1319	1500	1637184	1319	1558	1700585	1319	1650	1801089	1319	1741	1900801	1319	1830	2000213	1319	1921	2100132	1319	2000	2186387	1319	2013	2200650	1319	2104	2300457	1319	2196	2400767	1319	2287	2500465	1319	
98	100876	1982	192	200937	1982	286	300661	1982	380	400371	1982	474	500483	1982	500	528241	1982	568	600608	1982	662	700536	1982	756	800217	1982	850	900159	1982	944	1000327	1982	1000	1060012	1982	1038	1101597	1982	1131	1200708	1982	1225	1300470	1982	1319	1400519	1982	1413	1500306	1982	1500	1592387	1982	1508	1600938	1982	1602	1700965	1982	1696	1800850	1982	1790	1900789	1982	1884	2000527	1982	1979	2100907	1982	2000	2123176	1982	2073	2200637	1982	2167	2300698	1982	2261	2400235	1982	2356	2500779	1982	
21	105150	50387	40	201139	50387	60	300411	50387	81	404296	50387	101	503676	50387	121	603107	50387	141	702196	50387	161	801393	50387	181	900598	50387	202	1005266	50387	222	1104814	50387	242	1203833	50387	262	1302723	50387	282	1401893	50387	302	1500950	50387	322	1600527	50387	343	1704708	50387	363	1803612	50387	383	1902513	50387	403	2001600	50387	423	2100848	50387	444	2205198	50387	464	2304098	50387	484	2403222	50387	500	2482606	50387	504	2502802	50387	
21	104627	49956	41	204215	49956	61	303829	49956	81	403217	49956	101	502820	49956	121	602201	49956	141	702269	49956	161	802166	49956	181	901543	49956	201	1001446	49956	221	1100919	49956	242	1205243	49956	262	1304777	49956	282	1404563	49956	302	1503820	49956	322	1603670	49956	342	1702963	49956	362	1802367	49956	382	1901593	49956	402	2000868	49956	422	2102311	49956	442	2201605	49956	462	2300896	49956	482	2400709	49956	500	2490434	49956	502	2500752	49956	
21	104141	50094	41	203384	50094	61	302154	50094	81	401034	50094	102	504702	50094	122	603320	50094	142	702488	50094	162	801509	50094	183	905085	50094	203	1005172	50094	223	1104597	50094	243	1202938	50094	263	1301550	50094	284	1405203	50094	304	1503760	50094	324	1602506	50094	344	1701553	50094	365	1804789	50094	385	1903172	50094	405	2001610	50094	426	2105120	50094	446	2203879	50094	466	2302458	50094	486	2401367	50094	500	2471148	50094	506	2501041	50094	
21	104537	50271	41	203761	50271	61	302925	50271	81	402221	50271	101	501589	50271	121	600944	50271	142	705067	50271	162	804506	50271	182	904193	50271	202	1003529	50271	222	1102805	50271	242	1202029	50271	262	1301304	50271	282	1400916	50271	303	1504784	50271	323	1603906	50271	343	1702826	50271	363	1802201	50271	383	1901403	50271	404	2005218	50271	424	2104340	50271	444	2203920	50271	464	2303248	50271	484	2402715	50271	500	2482126	50271	504	2502229	50271	
21	103750	49591	41	202493	49591	61	301165	49591	82	405108	49591	102	504013	49591	122	602978	49591	142	702133	49591	162	800898	49591	182	900412	49591	203	1003959	49591	223	1103118	49591	243	1201815	49591	263	1300863	49591	284	1404887	49591	304	1503819	49591	324	1603100	49591	344	1702058	49591	364	1801282	49591	384	1902084	49591	404	2000785	49591	425	2104511	49591	445	2203232	49591	465	2302419	49591	485	2401588	49591	500	2475929	49591	505	2500862	49591	
21	104959	50128	41	204772	50128	61	304338	50128	81	404304	50128	101	504126	50128	121	603925	50128	141	703825	50128	161	803966	50128	180	901202	50128	200	1001195	50128	220	1101027	50128	240	1200705	50128	260	1300899	50128	280	1400883	50128	300	1500531	50128	320	1600528	50128	340	1700370	50128	361	1804903	50128	381	1904649	50128	401	2004481	50128	421	2105075	50128	441	2204707	50128	461	2304132	50128	481	2404757	50128	500	2499712	50128	501	2505101	50128	
21	103945	50437	41	204005	50437	61	303043	50437	81	402310	50437	101	501266	50437	121	600994	50437	141	700509	50437	162	804397	50437	182	903753	50437	202	1002707	50437	222	1101897	50437	242	1201045	50437	262	1300604	50437	283	1404638	50437	303	1503747	50437	323	1602728	50437	343	1701470	50437	363	1800791	50437	384	1905080	50437	404	2004071	50437	424	2103332	50437	444	2202552	50437	464	2301921	50437	484	2400682	50437	500	2480373	50437	504	2500428	50437	
21	104469	50327	41	203964	50327	61	303875	50327	81	403402	50327	101	503522	50327	121	603708	50327	141	703469	50327	161	802997	50327	181	902622	50327	201	1002565	50327	221	1102425	50327	241	1202000	50327	261	1301615	50327	281	1401790	50327	301	1501244	50327	321	1600979	50327	341	1702861	50327	361	1803655	50327	381	1903509	50327	401	2003312	50327	421	2103002	50327	441	2203015	50327	461	2302270	50327	481	2402046	50327	500	2497190	50327	501	2502683	50327	
21	104351	50194	41	203544	50194	61	302710	50194	81	401854	50194	101	501478	50194	121	601682	50194	141	703581	50194	161	802932	50194	181	902227	50194	201	1001858	50194	221	1101292	50194	241	1200790	50194	262	1305073	50194	282	1404373	50194	302	1503726	50194	322	1603016	50194	342	1702211	50194	362	1801290	50194	382	1900704	50194	403	2005000	50194	423	2104337	50194	443	2203900	50194	463	2304076	50194	483	2403102	50194	500	2487629	50194	503	2503006	50194	
21	104043	50329	41	202720	50329	61	301684	50329	81	400598	50329	102	504090	50329	122	602728	50329	142	701949	50329	162	801019	50329	183	904861	50329	203	1003762	50329	223	1102430	50329	243	1200987	50329	263	1300391	50329	284	1404513	50329	304	1503430	50329	324	1602068	50329	344	1701062	50329	365	1804935	50329	385	1903824	50329	405	2002597	50329	425	2101505	50329	446	2205001	50329	466	2303947	50329	486	2402578	50329	500	2471937	50329	506	2501811	50329	
