wersja nr 1;wspolczynnik mutacji 6.400000;wielkosc populacji 60
337	100171	78	658	200277	44	976	300235	44	1295	400066	44	1616	500035	44	1937	600176	44	2258	700242	44	2578	800045	44	2897	900056	44	3218	1000080	44	3538	1100170	44	3858	1200112	44	4179	1300202	44	4500	1400237	44	4818	1500071	44	5138	1600330	44	5457	1700187	44	5779	1800328	44	6100	1900227	44	6420	2000269	44	6739	2100083	44	7061	2200295	44	7382	2300276	44	7703	2400157	44	8024	2500330	44	8345	2600278	44	8666	2700240	44	8986	2800080	44	9307	2900204	44	9627	3000217	44	9947	3100280	44	10267	3200045	44	10587	3300151	44	10906	3400077	44	11227	3500321	44	
338	100078	70	661	200313	44	982	300032	44	1303	400024	44	1625	500225	44	1945	600095	44	2267	700305	44	2588	800045	44	2910	900288	44	3232	1000313	44	3553	1100054	44	3875	1200180	44	4196	1300072	44	4519	1400278	44	4840	1500079	44	5163	1600245	44	5482	1700189	44	5802	1800126	44	6124	1900033	44	6444	2000062	44	6765	2100049	44	7087	2200303	44	7408	2300332	44	7729	2400029	44	8050	2500248	44	8371	2600166	44	8692	2700052	44	9013	2800066	44	9335	2900141	44	9657	3000204	44	9979	3100298	44	10301	3200102	44	10623	3300125	44	10945	3400059	44	11267	3500056	44	
337	100149	60	657	200158	44	978	300078	44	1300	400219	44	1621	500077	44	1943	600292	44	2265	700283	44	2587	800222	44	2908	900128	44	3228	1000030	44	3550	1100316	44	3869	1200023	44	4192	1300228	44	4511	1400123	44	4831	1500269	44	5149	1600201	44	5471	1700110	44	5793	1800248	44	6115	1900153	44	6437	2000319	44	6758	2100231	44	7077	2200172	44	7398	2300037	44	7720	2400261	44	8041	2500119	44	8363	2600055	44	8685	2700103	44	9007	2800287	44	9329	2900255	44	9650	3000176	44	9971	3100056	44	10292	3200058	44	10613	3300140	44	10934	3400330	44	11252	3500097	44	
338	100313	76	658	200179	44	977	300310	44	1298	400316	44	1619	500294	44	1939	600061	44	2261	700102	44	2582	800196	44	2904	900181	44	3226	1000256	44	3548	1100160	44	3870	1200237	44	4191	1300107	44	4512	1400025	44	4833	1500043	44	5155	1600059	44	5476	1700279	44	5797	1800230	44	6117	1900153	44	6439	2000021	44	6762	2100223	44	7084	2200259	44	7405	2300104	44	7727	2400270	44	8047	2500124	44	8368	2600228	44	8688	2700061	44	9009	2800126	44	9330	2900327	44	9648	3000262	44	9970	3100255	44	10291	3200140	44	10614	3300278	44	10936	3400226	44	11258	3500170	44	
339	100324	63	660	200105	44	982	300160	44	1302	400069	44	1625	500297	44	1946	600046	44	2269	700309	44	2589	800328	44	2910	900097	44	3232	1000195	44	3555	1100195	44	3877	1200156	44	4198	1300077	44	4519	1400068	44	4841	1500111	44	5163	1600113	44	5482	1700277	44	5801	1800205	44	6122	1900204	44	6443	2000095	44	6763	2100153	44	7086	2200325	44	7407	2300277	44	7727	2400270	44	8048	2500067	44	8369	2600075	44	8689	2700030	44	9011	2800168	44	9333	2900082	44	9654	3000100	44	9975	3100258	44	10295	3200295	44	10615	3300131	44	10937	3400334	44	11258	3500268	44	
345	100116	63	679	200096	46	1013	300068	46	1347	400159	46	1681	500090	46	2014	600130	46	2348	700217	46	2681	800075	46	3016	900159	46	3350	1000117	46	3683	1100023	46	4017	1200290	46	4349	1300031	46	4680	1400279	46	5014	1500246	46	5348	1600206	46	5682	1700110	46	6016	1800075	46	6350	1900112	46	6685	2000283	46	7018	2100186	46	7351	2200167	46	7685	2300303	46	8017	2400146	46	8351	2500200	46	8685	2600253	46	9019	2700180	46	9349	2800112	46	9683	2900079	46	10016	3000299	46	10347	3100028	46	10681	3200097	46	11014	3300046	46	11346	3400190	46	11679	3500292	46	
344	100234	79	677	200078	46	1010	300046	46	1342	400042	46	1673	500292	46	2005	600075	46	2339	700050	46	2673	800266	46	3007	900253	46	3341	1000140	46	3672	1100311	46	4005	1200192	46	4339	1300205	46	4673	1400154	46	5006	1500161	46	5340	1600171	46	5671	1700176	46	6005	1800216	46	6338	1900114	46	6672	2000086	46	7006	2100306	46	7339	2200135	46	7673	2300175	46	8005	2400208	46	8336	2500021	46	8669	2600089	46	9002	2700250	46	9334	2800172	46	9668	2900168	46	10001	3000021	46	10336	3100252	46	10670	3200244	46	11002	3300146	46	11335	3400315	46	11668	3500043	46	
344	100071	63	678	200149	46	1010	300063	46	1344	400157	46	1678	500162	46	2013	600217	46	2347	700175	46	2681	800174	46	3015	900129	46	3349	1000101	46	3683	1100046	46	4016	1200091	46	4349	1300111	46	4683	1400096	46	5017	1500095	46	5350	1600284	46	5684	1700128	46	6018	1800177	46	6352	1900087	46	6686	2000216	46	7015	2100061	46	7345	2200295	46	7676	2300164	46	8009	2400139	46	8343	2500050	46	8677	2600160	46	9010	2700039	46	9345	2800234	46	9678	2900153	46	10012	3000213	46	10345	3100131	46	10678	3200106	46	11010	3300038	46	11344	3400110	46	11676	3500260	46	
344	100151	64	673	200189	46	1003	300253	46	1335	400182	46	1668	500112	46	2002	600047	46	2336	700290	46	2669	800315	46	3002	900249	46	3335	1000040	46	3668	1100184	46	4002	1200184	46	4335	1300044	46	4669	1400068	46	5004	1500161	46	5339	1600314	46	5672	1700195	46	6005	1800065	46	6339	1900136	46	6673	2000087	46	7007	2100283	46	7341	2200071	46	7676	2300299	46	8009	2400293	46	8342	2500204	46	8676	2600109	46	9008	2700045	46	9340	2800139	46	9673	2900314	46	10007	3000227	46	10341	3100278	46	10674	3200316	46	11007	3300092	46	11342	3400108	46	11675	3500179	46	
346	100100	67	678	200260	46	1009	300255	46	1342	400153	46	1674	500073	46	2008	600300	46	2341	700061	46	2674	800091	46	3009	900287	46	3342	1000108	46	3676	1100027	46	4011	1200238	46	4342	1300045	46	4677	1400317	46	5011	1500164	46	5344	1600061	46	5678	1700267	46	6010	1800158	46	6344	1900236	46	6678	2000249	46	7012	2100110	46	7347	2200276	46	7678	2300043	46	8012	2400185	46	8345	2500084	46	8678	2600101	46	9010	2700068	46	9341	2800261	46	9675	2900296	46	10009	3000171	46	10343	3100075	46	10676	3200237	46	11008	3300268	46	11341	3400234	46	11675	3500197	46	
131	100551	3946	261	200592	2940	391	300754	2186	520	400565	1659	647	500205	1272	774	600478	960	899	700288	722	1022	800199	541	1144	900535	429	1264	1000645	346	1383	1100552	272	1500	1200278	236	1618	1300710	209	1735	1400903	202	1851	1500392	200	1968	1600800	200	2084	1700154	200	2201	1800410	200	2318	1900898	200	2434	2000420	200	2551	2100274	200	2668	2200377	200	2785	2300571	200	2902	2400643	200	3018	2500561	200	3135	2600596	200	3251	2700288	200	3367	2800200	200	3484	2900151	200	3601	3000487	200	3718	3100629	200	3833	3200353	200	3950	3300744	200	4067	3400923	200	4184	3500654	200	
131	100264	3955	261	200455	2983	392	300392	2283	522	400507	1768	650	500583	1332	777	600679	991	903	700423	729	1027	800851	552	1149	900767	420	1269	1000957	335	1388	1100870	270	1506	1200449	231	1624	1300719	210	1742	1400906	202	1858	1500208	200	1975	1600760	200	2091	1700535	200	2208	1800657	200	2325	1900706	200	2442	2000619	200	2558	2100184	200	2675	2200165	200	2792	2300567	200	2909	2400383	200	3026	2500826	200	3142	2600182	200	3259	2700184	200	3376	2800310	200	3493	2900238	200	3610	3000368	200	3727	3100292	200	3844	3200192	200	3961	3300797	200	4078	3400796	200	4195	3500853	200	
131	100535	3954	262	200598	2980	393	300485	2239	522	400743	1736	650	500706	1291	777	600263	950	902	700237	705	1026	800883	534	1148	900754	396	1269	1000824	297	1387	1100667	238	1504	1200175	220	1622	1300893	210	1739	1400861	208	1855	1500600	205	1971	1600196	200	2088	1700156	200	2205	1800414	200	2322	1900940	200	2438	2000528	200	2555	2100517	200	2671	2200253	200	2788	2300116	200	2905	2400133	200	3022	2500249	200	3139	2600621	200	3256	2700575	200	3373	2800871	200	3490	2900812	200	3607	3000718	200	3723	3100590	200	3840	3200636	200	3957	3300553	200	4074	3400525	200	4190	3500457	200	
131	100333	3939	262	200706	2958	392	300780	2267	521	400804	1716	649	500299	1274	777	600570	933	903	700689	694	1026	800196	528	1148	900779	420	1269	1000452	324	1389	1100647	254	1507	1200314	221	1624	1300121	209	1742	1400482	201	1859	1500321	200	1975	1600461	200	2091	1700268	200	2208	1800441	200	2325	1900540	200	2442	2000584	200	2559	2100638	200	2676	2200861	200	2793	2300721	200	2910	2400716	200	3027	2500430	200	3144	2600785	200	3260	2700642	200	3377	2800845	200	3493	2900377	200	3610	3000238	200	3727	3100103	200	3844	3200155	200	3961	3300530	200	4078	3400205	200	4195	3500620	200	
131	100809	3939	261	200396	2937	392	300820	2219	521	400479	1690	649	500506	1262	776	600459	928	902	700888	686	1025	800200	495	1147	900538	363	1266	1000664	294	1384	1100403	248	1501	1200534	227	1618	1300836	215	1734	1400190	205	1852	1500839	200	1969	1600589	200	2085	1700388	200	2201	1800127	200	2319	1900893	200	2436	2000490	200	2553	2100665	200	2669	2200095	200	2786	2300931	200	2902	2400639	200	3019	2500642	200	3136	2600490	200	3253	2700674	200	3370	2800619	200	3487	2900439	200	3604	3000360	200	3721	3100562	200	3837	3200833	200	3954	3300778	200	4071	3400614	200	4188	3500263	200	
135	100232	3774	269	200335	2622	402	300327	1519	534	400489	747	662	500256	444	785	600122	334	907	700879	264	1027	800562	221	1147	900884	208	1267	1000840	205	1386	1100790	205	1505	1200324	205	1625	1300617	205	1745	1400899	205	1864	1500516	205	1984	1600821	205	2102	1700493	205	2222	1800764	205	2341	1900498	205	2461	2000852	205	2580	2100585	205	2700	2200823	205	2819	2300279	205	2939	2400231	205	3059	2500701	205	3178	2600383	205	3297	2700373	205	3417	2800891	205	3536	2900512	205	3656	3000818	205	3775	3100306	205	3894	3200342	205	4014	3300710	205	4133	3400147	205	4253	3500902	205	
135	100579	3731	269	200262	2611	402	300129	1476	535	400810	770	663	500284	451	787	600219	328	909	700877	269	1029	800420	232	1149	900344	210	1268	1000123	205	1388	1100493	205	1507	1200247	205	1626	1300107	205	1746	1400636	205	1865	1500197	205	1984	1600823	205	2103	1700170	205	2222	1800187	205	2341	1900292	205	2460	2000436	205	2579	2100572	205	2698	2200616	205	2817	2300141	205	2937	2400221	205	3057	2500520	205	3176	2600213	205	3296	2700302	205	3416	2800534	205	3535	2900103	205	3655	3000395	205	3774	3100222	205	3893	3200136	205	4013	3300338	205	4132	3400092	205	4252	3500639	205	
135	100760	3720	267	200503	2593	400	300116	1511	532	400266	746	661	500860	446	785	600574	320	907	700698	254	1027	800707	222	1147	900704	207	1266	1000131	205	1385	1100235	205	1505	1200851	205	1624	1300544	205	1743	1400429	205	1862	1500329	205	1981	1600115	205	2101	1700409	205	2220	1800324	205	2340	1900758	205	2459	2000712	205	2578	2100790	205	2697	2200683	205	2816	2300342	205	2936	2400842	205	3055	2500477	205	3174	2600304	205	3294	2700851	205	3413	2800826	205	3531	2900372	205	3650	3000369	205	3769	3100673	205	3888	3200586	205	4006	3300185	205	4126	3400682	205	4245	3500715	205	
135	100401	3724	270	200699	2587	403	300093	1504	535	400302	741	664	500484	432	789	600765	302	909	700385	251	1029	800199	229	1150	900763	215	1270	1000731	209	1389	1100131	205	1509	1200452	205	1629	1300891	205	1748	1400549	205	1868	1500707	205	1987	1600307	205	2107	1700668	205	2227	1800903	205	2346	1900479	205	2465	2000321	205	2585	2100428	205	2705	2200910	205	2824	2300658	205	2943	2400388	205	3062	2500129	205	3181	2600409	205	3300	2700212	205	3420	2800758	205	3540	2900613	205	3660	3000760	205	3780	3100849	205	3899	3200345	205	4019	3300573	205	4138	3400371	205	4258	3500732	205	
135	100267	3703	269	200244	2531	403	300561	1442	535	400182	746	664	500470	432	788	600392	310	910	700716	254	1030	800400	222	1150	900586	206	1270	1000881	205	1389	1100497	205	1507	1200587	205	1627	1300888	205	1746	1400497	205	1865	1500246	205	1984	1600113	205	2104	1700840	205	2223	1800445	205	2342	1900118	205	2462	2000826	205	2582	2100830	205	2702	2200808	205	2821	2300616	205	2939	2400475	205	3058	2500791	205	3178	2600887	205	3296	2700319	205	3416	2800695	205	3535	2900355	205	3655	3000829	205	3774	3100770	205	3893	3200296	205	4012	3300088	205	4132	3400371	205	4252	3500685	205	
30	103479	24196	59	203105	23191	88	300976	22194	118	402290	21222	147	501088	20320	177	603166	19421	206	702319	18586	235	800700	17756	265	903790	17018	294	1003691	16272	323	1103645	15685	351	1200968	15161	380	1302017	14672	408	1400692	14268	437	1503762	13901	464	1601123	13565	492	1701804	13253	520	1803272	12926	548	1903977	12590	575	2001639	12258	602	2102431	12064	628	2200744	11878	655	2302131	11676	682	2403043	11485	708	2501425	11331	735	2603646	11182	761	2700709	11003	788	2802897	10867	814	2901780	10717	841	3003316	10552	867	3102138	10450	893	3201711	10326	919	3300789	10240	945	3400579	10127	972	3504006	9997	
30	103116	24150	59	201580	23167	89	303635	22129	118	402006	21201	148	502843	20225	177	601203	19314	207	703310	18440	236	801304	17615	266	903357	16864	295	1003438	16200	324	1102563	15576	352	1200768	15065	381	1301057	14561	409	1400903	14166	437	1501030	13726	465	1601341	13349	493	1700939	12996	521	1802141	12646	549	1902811	12372	576	2001919	12079	603	2103398	11842	630	2201531	11624	657	2302434	11430	684	2403084	11218	710	2500735	11011	737	2602916	10853	763	2700948	10665	789	2800535	10535	816	2902889	10418	842	3002358	10286	868	3102715	10221	894	3203247	10123	920	3302401	10052	946	3402239	9947	972	3502926	9881	
30	102632	24187	60	203840	23148	89	301690	22193	119	402871	21252	148	501342	20365	177	600896	19564	207	702837	18732	236	801666	18001	266	903643	17180	295	1002372	16491	324	1101293	15893	354	1203676	15276	382	1301135	14766	411	1401999	14298	439	1500803	13882	467	1600887	13533	495	1701500	13175	523	1802273	12837	550	1901579	12497	577	2001938	12222	604	2102030	12004	631	2202216	11805	658	2302522	11588	684	2400906	11429	711	2501124	11243	738	2603179	11111	764	2701898	10956	790	2801073	10796	817	2903966	10694	843	3002705	10553	869	3102665	10469	895	3202487	10351	921	3302036	10245	947	3401792	10185	973	3502002	10111	
30	103615	24160	59	202734	23139	88	301261	22161	118	403442	21201	147	502337	20255	176	601075	19442	206	703135	18627	235	802038	17878	264	900829	17183	294	1002885	16503	323	1102264	15913	352	1201624	15388	381	1301804	14890	410	1402798	14418	438	1501861	14020	466	1602806	13665	494	1702409	13308	522	1803008	12992	549	1901648	12699	576	2001144	12466	603	2101270	12251	630	2202163	12047	657	2303717	11871	683	2401799	11709	710	2503679	11541	736	2602607	11408	763	2704112	11185	789	2802305	11038	815	2901423	10941	842	3002775	10778	868	3101792	10622	894	3201521	10546	921	3303985	10444	947	3402788	10311	973	3500823	10139	
30	103159	24185	59	202136	23181	88	300780	22232	118	402218	21310	147	500547	20418	177	601857	19585	206	701272	18831	236	803101	18072	265	902714	17422	294	1002075	16798	323	1102832	16190	352	1202740	15627	381	1302791	15070	410	1403090	14539	438	1500940	14150	466	1600832	13830	494	1702933	13497	521	1800894	13180	549	1901803	12880	577	2004003	12619	604	2102143	12316	631	2202239	12098	658	2301706	11866	685	2402191	11690	712	2500960	11407	740	2603474	11175	766	2700962	10973	793	2803251	10786	819	2901005	10556	846	3003913	10397	872	3102131	10277	898	3201314	10155	925	3304288	9983	951	3403782	9872	977	3503642	9762	
30	103014	24360	59	200782	23601	89	302831	22662	119	403757	21781	149	503174	20877	179	603770	19967	208	701193	19106	238	801803	18230	268	901179	17308	298	1000616	16383	329	1103654	15413	359	1203253	14578	389	1303193	13656	419	1403633	12839	448	1500979	12017	478	1601253	11130	508	1701235	10281	538	1801634	9455	568	1902041	8720	598	2003273	8001	627	2101365	7415	656	2200715	6880	685	2303505	6399	713	2404199	6020	740	2500998	5721	768	2601154	5394	796	2702798	5114	823	2802648	4845	849	2900569	4664	876	3002537	4515	902	3101458	4412	929	3203597	4310	955	3301668	4177	981	3400877	4111	1008	3504243	4036	
30	103600	24412	59	201641	23640	89	303492	22787	118	401743	21972	148	503323	21055	177	601603	20148	207	702202	19240	237	803448	18343	266	900495	17561	297	1003766	16622	327	1103560	15755	357	1203188	14887	387	1303421	14038	417	1403427	13175	446	1500858	12353	476	1601047	11541	506	1700833	10812	536	1801791	9984	566	1902554	9204	596	2003518	8411	626	2103761	7789	655	2200574	7178	685	2303893	6611	713	2401900	6053	742	2503890	5629	770	2603622	5323	797	2700866	5055	824	2801473	4831	851	2901769	4645	878	3003167	4465	904	3100525	4297	931	3201366	4152	958	3303617	4049	984	3402388	4001	1010	3501230	3922	
30	102672	24296	59	201399	23482	88	300581	22695	118	402841	21926	147	501988	21093	177	603008	20161	207	702943	19153	237	802697	18198	267	902881	17234	297	1003637	16386	327	1103307	15574	357	1202453	14706	387	1302264	13825	417	1402484	12984	447	1502318	12131	477	1602366	11275	507	1702559	10463	536	1800674	9694	566	1903505	8987	595	2001544	8364	625	2103279	7796	654	2201725	7140	684	2303550	6596	713	2403528	6107	741	2502342	5777	769	2603030	5444	796	2701962	5232	823	2803016	5102	850	2903495	4906	876	3001550	4709	903	3102272	4510	929	3201921	4454	955	3300903	4335	982	3402801	4240	1008	3501757	4186	
30	102628	24399	60	203578	23483	89	301176	22607	119	403210	21785	148	501515	21008	177	601907	20264	207	702211	19423	237	801879	18604	267	902106	17763	297	1002932	16986	327	1102799	16130	357	1201734	15286	387	1300875	14455	418	1403249	13501	448	1503159	12684	478	1603523	11823	507	1700554	11018	537	1801326	10118	567	1901849	9361	597	2002021	8624	627	2103044	7941	656	2201151	7258	686	2303823	6680	715	2403616	6221	743	2502969	5812	770	2600564	5519	798	2703107	5202	825	2801132	4961	852	2901148	4784	879	3002029	4625	906	3103428	4449	932	3201434	4334	959	3303034	4197	985	3400730	4090	1012	3503202	3977	
30	103910	24455	59	203453	23619	88	301237	22788	118	403337	21948	147	501962	21164	176	601022	20439	206	701774	19437	236	801082	18469	266	901218	17531	296	1002423	16684	326	1102365	15827	356	1203242	15021	386	1303315	14166	415	1401242	13387	445	1500952	12627	475	1602640	11790	505	1703377	10993	534	1801223	10251	564	1901693	9533	594	2003540	8856	623	2102642	8248	652	2201678	7658	681	2300772	7097	710	2400609	6569	739	2501421	6160	768	2603362	5729	796	2702749	5377	823	2800934	5126	850	2901528	4946	877	3001739	4759	904	3104188	4588	930	3200836	4470	957	3301452	4326	984	3402757	4186	1011	3504146	4102	
377	100026	47	754	200037	47	1131	300087	47	1506	400167	47	1882	500102	47	2259	600146	47	2634	700035	47	3008	800123	47	3382	900024	47	3759	1000018	47	4136	1100252	47	4512	1200195	47	4887	1300146	47	5263	1400073	47	5640	1500253	47	6012	1600023	47	6386	1700083	47	6757	1800236	47	7132	1900056	47	7509	2000225	47	7885	2100250	47	8261	2200213	47	8636	2300229	47	9012	2400055	47	9389	2500089	47	9766	2600080	47	10141	2700165	47	10517	2800223	47	10892	2900145	47	11267	3000227	47	11643	3100016	47	12020	3200264	47	12396	3300210	47	12773	3400246	47	13149	3500141	47	
374	100019	47	751	200215	47	1126	300106	47	1500	400233	47	1876	500080	47	2252	600225	47	2628	700155	47	3001	800126	47	3376	900219	47	3753	1000151	47	4128	1100204	47	4505	1200263	47	4878	1300118	47	5251	1400053	47	5625	1500153	47	6001	1600270	47	6377	1700022	47	6755	1800192	47	7128	1900079	47	7505	2000088	47	7882	2100109	47	8259	2200118	47	8635	2300192	47	9011	2400208	47	9389	2500254	47	9765	2600277	47	10140	2700166	47	10517	2800163	47	10894	2900206	47	11271	3000064	47	11649	3100113	47	12025	3200055	47	12400	3300218	47	12776	3400197	47	13152	3500157	47	
378	100229	47	755	200261	47	1131	300177	47	1508	400085	47	1884	500069	47	2262	600174	47	2637	700269	47	3013	800278	47	3386	900056	47	3760	1000079	47	4137	1100140	47	4514	1200205	47	4890	1300048	47	5267	1400153	47	5644	1500030	47	6021	1600106	47	6398	1700121	47	6771	1800111	47	7145	1900194	47	7522	2000212	47	7899	2100274	47	8276	2200221	47	8652	2300090	47	9029	2400197	47	9406	2500147	47	9783	2600253	47	10158	2700231	47	10534	2800037	47	10909	2900091	47	11286	3000206	47	11663	3100020	47	12040	3200088	47	12416	3300069	47	12792	3400019	47	13168	3500063	47	
377	100123	47	754	200246	47	1130	300110	47	1506	400107	47	1882	500231	47	2259	600277	47	2634	700114	47	3010	800100	47	3386	900018	47	3763	1000146	47	4140	1100152	47	4516	1200046	47	4892	1300265	47	5267	1400017	47	5642	1500133	47	6019	1600153	47	6396	1700269	47	6772	1800154	47	7149	1900109	47	7527	2000211	47	7904	2100080	47	8281	2200183	47	8654	2300085	47	9026	2400188	47	9400	2500026	47	9777	2600096	47	10154	2700220	47	10530	2800208	47	10906	2900187	47	11283	3000164	47	11659	3100254	47	12033	3200172	47	12409	3300162	47	12782	3400124	47	13157	3500094	47	
374	100088	47	751	200099	47	1123	300044	47	1498	400048	47	1875	500259	47	2251	600157	47	2627	700053	47	3003	800250	47	3377	900230	47	3752	1000173	47	4128	1100050	47	4505	1200136	47	4881	1300120	47	5258	1400254	47	5633	1500132	47	6009	1600283	47	6385	1700121	47	6761	1800095	47	7135	1900114	47	7509	2000105	47	7885	2100181	47	8261	2200083	47	8638	2300085	47	9014	2400086	47	9390	2500233	47	9764	2600037	47	10141	2700139	47	10516	2800196	47	10890	2900032	47	11265	3000281	47	11640	3100034	47	12017	3200150	47	12392	3300089	47	12768	3400044	47	13145	3500162	47	
404	100039	53	812	200149	53	1218	300086	53	1625	400125	53	2033	500207	53	2441	600209	53	2848	700182	53	3253	800229	53	3659	900038	53	4064	1000134	53	4470	1100037	53	4879	1200250	53	5285	1300140	53	5691	1400117	53	6099	1500218	53	6507	1600248	53	6914	1700088	53	7323	1800211	53	7730	1900110	53	8137	2000061	53	8543	2100244	53	8948	2200112	53	9356	2300222	53	9762	2400185	53	10169	2500233	53	10576	2600096	53	10984	2700079	53	11391	2800164	53	11797	2900095	53	12205	3000152	53	12610	3100118	53	13018	3200203	53	13426	3300090	53	13834	3400215	53	14240	3500080	53	
404	100190	53	810	200056	53	1216	300118	53	1622	400098	53	2029	500136	53	2432	600216	53	2838	700047	53	3245	800129	53	3652	900102	53	4058	1000069	53	4464	1100037	53	4869	1200166	53	5273	1300047	53	5680	1400037	53	6087	1500109	53	6492	1600048	53	6900	1700140	53	7306	1800062	53	7713	1900075	53	8120	2000111	53	8527	2100095	53	8932	2200052	53	9340	2300080	53	9747	2400044	53	10154	2500111	53	10559	2600146	53	10966	2700184	53	11373	2800246	53	11780	2900126	53	12188	3000183	53	12595	3100024	53	13003	3200095	53	13410	3300077	53	13817	3400196	53	14221	3500052	53	
404	100060	53	810	200123	53	1216	300051	53	1623	400162	53	2030	500129	53	2438	600222	53	2845	700146	53	3252	800022	53	3659	900156	53	4064	1000110	53	4470	1100113	53	4876	1200173	53	5282	1300136	53	5689	1400093	53	6097	1500252	53	6502	1600222	53	6909	1700128	53	7313	1800236	53	7719	1900017	53	8126	2000043	53	8533	2100110	53	8939	2200179	53	9346	2300247	53	9751	2400159	53	10158	2500147	53	10565	2600039	53	10972	2700129	53	11380	2800178	53	11787	2900155	53	12194	3000127	53	12601	3100148	53	13006	3200147	53	13414	3300147	53	13819	3400055	53	14227	3500258	53	
406	100141	53	814	200219	53	1221	300084	53	1629	400220	53	2035	500099	53	2442	600253	53	2847	700236	53	3254	800161	53	3662	900202	53	4069	1000093	53	4475	1100021	53	4877	1200178	53	5284	1300142	53	5690	1400071	53	6097	1500065	53	6503	1600043	53	6909	1700195	53	7315	1800151	53	7722	1900115	53	8129	2000030	53	8538	2100205	53	8945	2200069	53	9351	2300194	53	9757	2400104	53	10164	2500074	53	10571	2600236	53	10976	2700232	53	11383	2800237	53	11786	2900099	53	12193	3000022	53	12600	3100082	53	13008	3200166	53	13414	3300117	53	13817	3400091	53	14225	3500172	53	
407	100144	53	811	200148	53	1216	300183	53	1622	400145	53	2029	500016	53	2437	600180	53	2844	700065	53	3250	800107	53	3657	900158	53	4057	1000164	53	4460	1100096	53	4866	1200120	53	5272	1300205	53	5679	1400241	53	6084	1500117	53	6491	1600086	53	6898	1700021	53	7306	1800108	53	7713	1900153	53	8120	2000085	53	8526	2100123	53	8931	2200138	53	9337	2300039	53	9743	2400017	53	10151	2500254	53	10557	2600202	53	10960	2700178	53	11364	2800073	53	11771	2900203	53	12178	3000058	53	12586	3100077	53	12993	3200132	53	13397	3300016	53	13803	3400229	53	14210	3500046	53	
132	100663	191	258	200599	191	385	300627	191	512	400621	191	639	500732	191	765	600130	191	891	700220	191	1018	800595	191	1145	900814	191	1272	1000588	191	1398	1100380	191	1524	1200129	191	1651	1300304	191	1778	1400519	191	1905	1500559	191	2032	1600585	191	2157	1700329	191	2283	1800086	191	2410	1900167	191	2537	2000740	191	2664	2100549	191	2790	2200607	191	2917	2300740	191	3043	2400324	191	3170	2500782	191	3295	2600491	191	3421	2700290	191	3547	2800311	191	3674	2900622	191	3801	3000694	191	3928	3100781	191	4054	3200155	191	4182	3300761	191	4308	3400460	191	4435	3500419	191	
132	100084	195	260	200568	191	387	300649	191	513	400107	191	640	500090	191	767	600674	191	894	700629	191	1021	800740	191	1147	900496	191	1274	1000640	191	1401	1100563	191	1527	1200309	191	1653	1300144	191	1780	1400307	191	1907	1500090	191	2035	1600675	191	2162	1700476	191	2288	1800316	191	2415	1900808	191	2542	2000839	191	2668	2100235	191	2795	2200650	191	2921	2300297	191	3048	2400269	191	3176	2500752	191	3302	2600096	191	3430	2700664	191	3556	2800175	191	3683	2900284	191	3810	3000496	191	3936	3100505	191	4063	3200472	191	4189	3300187	191	4316	3400774	191	4443	3500807	191	
132	100165	191	260	200753	191	386	300429	191	512	400111	191	639	500143	191	766	600180	191	893	700225	191	1020	800369	191	1147	900422	191	1274	1000528	191	1401	1100418	191	1528	1200185	191	1655	1300391	191	1782	1400426	191	1909	1500268	191	2036	1600126	191	2162	1700320	191	2288	1800382	191	2415	1900558	191	2542	2000788	191	2668	2100506	191	2795	2200426	191	2922	2300766	191	3048	2400221	191	3175	2500289	191	3302	2600355	191	3429	2700297	191	3555	2800121	191	3682	2900754	191	3809	3000783	191	3936	3100392	191	4063	3200430	191	4190	3300846	191	4317	3400754	191	4444	3500903	191	
132	100414	191	259	200509	191	386	300539	191	513	400560	191	640	500540	191	767	600635	191	894	700420	191	1020	800345	191	1147	900585	191	1274	1000777	191	1400	1100137	191	1527	1200554	191	1654	1300787	191	1780	1400228	191	1908	1500861	191	2034	1600238	191	2161	1700144	191	2288	1800275	191	2414	1900187	191	2541	2000489	191	2667	2100212	191	2793	2200345	191	2919	2300158	191	3046	2400200	191	3173	2500398	191	3300	2600325	191	3427	2700131	191	3554	2800633	191	3680	2900267	191	3807	3000458	191	3933	3100252	191	4060	3200632	191	4186	3300869	191	4312	3400385	191	4439	3500435	191	
132	100278	194	259	200224	191	386	300413	191	513	400595	191	640	500485	191	767	600541	191	894	700595	191	1020	800626	191	1146	900114	191	1273	1000266	191	1401	1100779	191	1528	1200738	191	1655	1300744	191	1781	1400116	191	1908	1500733	191	2033	1600185	191	2159	1700211	191	2286	1800547	191	2412	1900372	191	2539	2000444	191	2666	2100278	191	2793	2200387	191	2920	2300827	191	3046	2400244	191	3173	2500515	191	3299	2600414	191	3425	2700670	191	3552	2800631	191	3679	2900815	191	3806	3000744	191	3933	3100688	191	4060	3200787	191	4187	3300654	191	4313	3400384	191	4440	3500150	191	
142	100354	194	279	200141	194	417	300567	194	555	400659	194	692	500514	194	829	600218	194	966	700589	194	1103	800515	194	1240	900666	194	1377	1000180	194	1515	1100488	194	1652	1200440	194	1789	1300242	194	1927	1400737	194	2063	1500078	194	2201	1600405	194	2338	1700082	194	2475	1800290	194	2613	1900411	194	2750	2000787	194	2885	2100589	194	3021	2200662	194	3158	2300697	194	3295	2400585	194	3432	2500166	194	3570	2600719	194	3707	2700284	194	3844	2800084	194	3982	2900271	194	4118	3000326	194	4254	3100295	194	4392	3200709	194	4529	3300323	194	4666	3400367	194	4803	3500574	194	
142	100302	195	280	200587	194	418	300749	194	555	400561	194	692	500463	194	829	600477	194	966	700335	194	1103	800635	194	1239	900210	194	1376	1000093	194	1513	1100379	194	1650	1200259	194	1788	1300694	194	1925	1400508	194	2062	1500374	194	2199	1600165	194	2337	1700601	194	2474	1800340	194	2611	1900423	194	2748	2000151	194	2886	2100769	194	3022	2200358	194	3160	2300721	194	3297	2400631	194	3433	2500390	194	3570	2600115	194	3707	2700108	194	3845	2800218	194	3981	2900126	194	4119	3000187	194	4257	3100553	194	4395	3200762	194	4532	3300394	194	4669	3400793	194	4806	3500671	194	
143	100472	194	280	200459	194	417	300250	194	554	400203	194	692	500379	194	829	600232	194	966	700384	194	1104	800701	194	1241	900611	194	1377	1000469	194	1513	1100737	194	1649	1200149	194	1787	1300360	194	1924	1400152	194	2062	1500645	194	2199	1600245	194	2335	1700773	194	2472	1800549	194	2609	1900437	194	2746	2000418	194	2884	2100564	194	3021	2200623	194	3158	2300384	194	3295	2400204	194	3432	2500355	194	3570	2600804	194	3707	2700470	194	3845	2800721	194	3982	2900314	194	4120	3000746	194	4257	3100226	194	4394	3200476	194	4531	3300523	194	4669	3400598	194	4807	3500792	194	
142	100330	194	280	200519	194	417	300526	194	554	400125	194	692	500610	194	828	600225	194	965	700149	194	1103	800502	194	1240	900106	194	1378	1000503	194	1516	1100505	194	1653	1200119	194	1791	1300464	194	1929	1400754	194	2066	1500222	194	2204	1600547	194	2340	1700134	194	2477	1800306	194	2614	1900207	194	2752	2000777	194	2889	2100539	194	3025	2200314	194	3161	2300107	194	3298	2400199	194	3436	2500520	194	3573	2600382	194	3710	2700114	194	3847	2800191	194	3984	2900285	194	4121	3000378	194	4258	3100117	194	4396	3200547	194	4533	3300163	194	4671	3400417	194	4808	3500237	194	
142	100459	195	278	200241	194	416	300532	194	553	400590	194	689	500093	194	827	600315	194	965	700529	194	1102	800538	194	1239	900453	194	1377	1000627	194	1514	1100263	194	1651	1200409	194	1788	1300367	194	1925	1400271	194	2062	1500126	194	2200	1600699	194	2337	1700170	194	2475	1800369	194	2612	1900152	194	2750	2000379	194	2887	2100125	194	3025	2200427	194	3163	2300725	194	3300	2400297	194	3437	2500421	194	3574	2600655	194	3710	2700348	194	3847	2800541	194	3984	2900132	194	4122	3000369	194	4260	3100684	194	4397	3200517	194	4534	3300150	194	4672	3400433	194	4810	3500781	194	
32	103632	1803	62	200648	1774	93	300659	1753	124	401126	1753	155	501362	1753	186	602588	1753	217	703025	1753	248	803052	1738	279	903282	1706	310	1002967	1690	341	1103074	1690	372	1203128	1670	403	1303157	1651	434	1403397	1651	465	1503512	1651	495	1601220	1651	526	1701614	1651	557	1802213	1651	588	1902515	1651	619	2002746	1613	650	2102772	1588	681	2203379	1588	711	2300573	1588	742	2400663	1577	773	2501480	1554	804	2602582	1545	835	2703210	1545	865	2800402	1545	896	2900795	1545	927	3000969	1545	958	3100706	1534	989	3201471	1534	1020	3302172	1519	1051	3402548	1519	1082	3503144	1519	
31	100517	1803	62	200742	1803	93	300712	1788	124	401146	1776	155	501709	1748	186	601882	1748	217	702245	1748	248	802507	1729	279	902903	1723	310	1003488	1710	340	1101850	1710	371	1202249	1700	402	1302447	1683	433	1402777	1683	464	1503353	1683	494	1600415	1683	525	1701048	1670	556	1801559	1670	587	1901779	1654	618	2002004	1654	649	2102357	1616	680	2202971	1616	711	2303504	1616	741	2400499	1616	772	2500833	1616	803	2601188	1616	834	2701343	1604	865	2801701	1604	896	2902301	1604	927	3003398	1604	957	3100576	1604	988	3201958	1604	1019	3302065	1594	1050	3402622	1594	1081	3502778	1594	
32	103178	1779	63	203336	1779	94	303426	1779	125	403402	1759	156	503335	1759	187	603396	1759	217	700762	1759	248	800621	1759	279	900979	1759	310	1000924	1759	341	1100627	1759	372	1200884	1759	403	1300841	1759	434	1400851	1759	465	1500799	1759	496	1601668	1759	527	1702030	1759	558	1802354	1759	589	1902334	1759	620	2002469	1759	651	2102388	1759	682	2202424	1759	713	2302793	1759	744	2402780	1721	775	2503005	1696	806	2603446	1684	836	2700763	1667	867	2801398	1667	898	2901915	1667	929	3002373	1667	960	3102208	1629	991	3202744	1629	1022	3302783	1613	1052	3400491	1613	1083	3501349	1613	
32	103278	1767	63	203313	1767	94	303702	1750	124	400765	1750	155	500743	1750	186	600722	1750	217	700921	1750	248	800932	1739	279	900874	1721	310	1001349	1721	341	1101302	1721	372	1201515	1721	403	1302182	1721	434	1402560	1721	465	1502780	1701	496	1602942	1691	527	1703025	1681	558	1803072	1681	588	1900435	1671	620	2003655	1671	650	2101616	1671	681	2202135	1671	712	2302902	1643	743	2403441	1643	774	2503338	1632	805	2603258	1632	836	2703359	1632	867	2803431	1603	898	2903573	1603	928	3000475	1591	959	3100740	1591	990	3201121	1591	1021	3301530	1591	1052	3402322	1591	1083	3502778	1591	
32	103292	1803	62	200421	1803	94	303533	1803	125	403505	1803	155	500951	1803	186	601804	1779	217	701956	1762	248	802215	1762	279	902899	1762	310	1003138	1762	341	1102992	1740	372	1203562	1740	402	1300465	1721	433	1401092	1721	464	1501542	1721	495	1602063	1721	526	1702781	1721	557	1802990	1701	587	1900860	1680	618	2000853	1648	649	2101222	1648	680	2201738	1648	711	2302086	1629	742	2402566	1614	773	2502853	1614	803	2600697	1614	834	2701288	1614	865	2801913	1614	896	2902390	1586	927	3002555	1569	958	3102787	1556	989	3203579	1556	1019	3300664	1556	1050	3401166	1556	1081	3501907	1556	
34	100735	1754	68	201501	1746	102	302318	1746	135	400578	1746	169	502057	1746	202	600565	1746	236	701535	1746	270	802763	1746	303	901275	1746	337	1002238	1746	370	1100675	1746	404	1201598	1746	438	1302587	1746	471	1400670	1746	505	1501441	1746	539	1602673	1746	573	1703188	1746	606	1801361	1746	640	1902332	1746	673	2000561	1746	707	2101631	1746	741	2202473	1746	774	2300558	1746	808	2401121	1746	842	2502736	1746	875	2601284	1746	909	2702218	1746	943	2803260	1746	976	2901656	1746	1010	3002583	1746	1043	3100772	1746	1077	3202269	1746	1110	3300897	1746	1144	3401818	1746	1178	3503044	1724	
34	101347	1754	68	202325	1754	101	301031	1754	135	401829	1739	169	502688	1739	202	600568	1739	236	701940	1739	270	802671	1739	303	900753	1739	337	1001775	1739	371	1103143	1739	404	1201558	1739	438	1302562	1739	471	1400449	1739	505	1501546	1739	539	1602976	1730	572	1700637	1730	606	1801920	1730	640	1902964	1730	673	2000886	1730	707	2101898	1730	741	2203328	1730	774	2301508	1730	808	2402669	1730	841	2501047	1730	875	2602142	1730	909	2702863	1730	942	2800690	1730	976	2901321	1730	1010	3002307	1730	1043	3100429	1730	1077	3201922	1730	1111	3303328	1730	1144	3401694	1710	1178	3502665	1710	
34	100977	1754	68	201855	1754	102	302473	1754	135	400801	1754	169	501505	1754	203	602327	1754	237	703292	1754	270	801350	1754	304	902515	1754	337	1000377	1754	371	1101213	1754	405	1201701	1754	439	1302472	1754	472	1400789	1754	506	1501916	1754	540	1602825	1754	573	1700986	1754	607	1801633	1754	641	1902831	1741	674	2001006	1741	708	2102507	1741	741	2200938	1741	775	2302010	1741	809	2403066	1741	842	2501385	1741	876	2602426	1741	909	2700854	1741	943	2802009	1725	976	2900561	1725	1010	3001586	1725	1044	3102737	1725	1077	3200896	1725	1111	3301981	1725	1145	3402660	1725	1178	3501347	1725	
34	101091	1754	68	201978	1754	102	302819	1754	135	401477	1754	169	502581	1754	202	600521	1754	236	701244	1742	270	802192	1742	304	903027	1742	337	1001195	1742	371	1102360	1742	405	1203302	1742	438	1301185	1742	472	1402289	1742	506	1503008	1742	539	1600952	1742	573	1701635	1742	607	1802504	1742	640	1900849	1742	674	2002453	1742	707	2100487	1742	741	2201407	1742	775	2302378	1742	809	2403120	1742	842	2501057	1742	876	2602117	1742	910	2703143	1742	943	2801202	1742	977	2901960	1742	1011	3002630	1742	1044	3100737	1728	1078	3201837	1728	1112	3302702	1728	1145	3400552	1728	1179	3501195	1728	
34	100708	1754	68	201588	1754	102	302659	1754	135	400414	1754	169	502035	1754	203	603146	1754	236	701509	1754	270	802773	1754	303	901417	1754	337	1002560	1754	370	1100654	1754	404	1201369	1754	438	1302071	1733	472	1403210	1733	505	1501063	1733	539	1602292	1733	573	1703248	1733	606	1801516	1733	640	1902511	1733	674	2003254	1726	707	2101153	1726	741	2202226	1726	775	2303131	1726	808	2401578	1726	842	2502600	1726	875	2600510	1726	909	2701710	1726	943	2802986	1726	976	2901233	1711	1010	3002092	1711	1044	3103374	1711	1077	3201111	1711	1111	3302083	1711	1145	3402999	1711	1178	3501295	1711	
358	100264	232	699	200034	50	1038	300044	50	1374	400178	50	1712	500097	50	2052	600303	50	2391	700132	50	2730	800182	50	3067	900061	50	3407	1000298	50	3745	1100078	50	4084	1200159	50	4423	1300287	50	4760	1400086	50	5099	1500293	50	5438	1600248	50	5777	1700281	50	6116	1800186	50	6454	1900116	50	6794	2000240	50	7133	2100127	50	7473	2200273	50	7812	2300259	50	8151	2400143	50	8490	2500250	50	8828	2600088	50	9166	2700183	50	9505	2800308	50	9843	2900202	50	10181	3000155	50	10519	3100079	50	10858	3200148	50	11195	3300206	50	11534	3400280	50	11873	3500299	50	
358	100069	255	698	200132	50	1035	300143	50	1374	400207	50	1712	500274	50	2051	600272	50	2390	700219	50	2728	800140	50	3065	900039	50	3404	1000034	50	3744	1100170	50	4084	1200126	50	4424	1300207	50	4762	1400040	50	5100	1500117	50	5439	1600116	50	5778	1700177	50	6117	1800154	50	6456	1900203	50	6795	2000118	50	7134	2100188	50	7472	2200086	50	7812	2300202	50	8151	2400061	50	8489	2500171	50	8824	2600263	50	9161	2700242	50	9500	2800171	50	9840	2900093	50	10179	3000105	50	10518	3100217	50	10857	3200250	50	11196	3300208	50	11535	3400095	50	11873	3500148	50	
357	100110	236	700	200285	50	1037	300184	50	1376	400306	50	1710	500058	50	2050	600273	50	2390	700242	50	2729	800199	50	3069	900292	50	3406	1000272	50	3745	1100036	50	4085	1200119	50	4424	1300150	50	4762	1400194	50	5100	1500119	50	5440	1600187	50	5779	1700083	50	6119	1800304	50	6457	1900144	50	6795	2000302	50	7134	2100236	50	7473	2200239	50	7812	2300149	50	8151	2400263	50	8489	2500160	50	8828	2600074	50	9168	2700194	50	9507	2800262	50	9846	2900130	50	10185	3000171	50	10523	3100253	50	10862	3200206	50	11200	3300173	50	11540	3400147	50	11880	3500162	50	
359	100284	241	697	200165	50	1035	300268	50	1373	400132	50	1711	500179	50	2049	600277	50	2388	700066	50	2724	800033	50	3063	900085	50	3401	1000119	50	3740	1100124	50	4080	1200151	50	4419	1300237	50	4758	1400271	50	5097	1500254	50	5434	1600037	50	5772	1700278	50	6105	1800281	50	6439	1900199	50	6777	2000157	50	7116	2100126	50	7456	2200283	50	7794	2300029	50	8134	2400292	50	8473	2500305	50	8810	2600077	50	9148	2700053	50	9487	2800239	50	9826	2900308	50	10164	3000190	50	10503	3100218	50	10842	3200199	50	11181	3300213	50	11520	3400185	50	11858	3500082	50	
358	100132	230	699	200258	50	1038	300037	50	1377	400038	50	1715	500144	50	2054	600134	50	2393	700296	50	2732	800320	50	3070	900127	50	3409	1000038	50	3748	1100290	50	4086	1200143	50	4424	1300295	50	4763	1400292	50	5101	1500058	50	5440	1600123	50	5779	1700179	50	6118	1800250	50	6456	1900038	50	6795	2000161	50	7134	2100112	50	7473	2200228	50	7812	2300278	50	8149	2400220	50	8487	2500091	50	8824	2600049	50	9164	2700306	50	9503	2800036	50	9843	2900177	50	10182	3000041	50	10521	3100072	50	10860	3200185	50	11199	3300020	50	11538	3400179	50	11877	3500276	50	
132	100547	8752	264	200765	7491	395	300208	6285	526	400596	5083	657	500338	3864	788	600120	2712	919	700374	1809	1050	800453	1129	1178	900563	745	1303	1000640	504	1425	1100415	389	1544	1200422	328	1663	1300425	283	1782	1400806	249	1899	1500389	225	2017	1600656	213	2134	1700542	206	2252	1800873	204	2369	1900612	204	2486	2000729	204	2603	2100301	204	2720	2200645	204	2836	2300236	204	2954	2400641	204	3071	2500896	204	3187	2600462	204	3304	2700509	204	3421	2800664	204	3538	2900681	204	3655	3000634	204	3772	3100767	204	3888	3200254	204	4005	3300150	204	4122	3400814	204	4239	3500373	204	
132	100513	8765	263	200245	7545	396	300786	6335	528	400468	5141	659	500427	3939	791	600203	2812	923	700390	1836	1053	800307	1125	1181	900340	696	1306	1000548	476	1428	1100779	347	1547	1200616	277	1665	1300368	234	1782	1400174	217	1899	1500852	208	2016	1600627	204	2133	1700837	204	2250	1800615	204	2367	1900489	204	2484	2000281	204	2601	2100377	204	2718	2200508	204	2835	2300361	204	2952	2400145	204	3069	2500914	204	3185	2600876	204	3300	2700151	204	3417	2800292	204	3534	2900296	204	3652	3000834	204	3768	3100276	204	3885	3200427	204	4002	3300334	204	4119	3400773	204	4236	3500473	204	
132	100207	8783	265	200727	7544	397	300397	6351	529	400393	5168	661	500263	3989	792	600407	2881	923	700495	1916	1053	800160	1165	1183	900715	748	1307	1000314	527	1429	1100270	396	1550	1200599	312	1669	1300652	266	1787	1400534	231	1905	1500668	213	2022	1600607	205	2139	1700396	204	2256	1800360	204	2374	1900923	204	2490	2000108	204	2608	2100761	204	2725	2200748	204	2841	2300463	204	2958	2400343	204	3075	2500219	204	3193	2600696	204	3310	2700570	204	3426	2800141	204	3543	2900160	204	3661	3000611	204	3778	3100691	204	3895	3200626	204	4011	3300183	204	4128	3400500	204	4245	3500917	204	
133	100718	8749	264	200176	7502	396	300201	6332	528	400282	5084	660	500647	3873	791	600416	2770	922	700615	1849	1052	800552	1130	1181	900720	689	1305	1000108	478	1427	1100443	367	1546	1200181	290	1665	1300374	250	1783	1400791	232	1900	1500583	220	2018	1600712	209	2135	1700492	204	2252	1800589	204	2368	1900175	204	2485	2000175	204	2602	2100224	204	2719	2200353	204	2836	2300618	204	2953	2400538	204	3070	2500401	204	3187	2600239	204	3305	2700791	204	3422	2800811	204	3539	2900408	204	3657	3000781	204	3774	3100365	204	3892	3200796	204	4009	3300854	204	4125	3400231	204	4243	3500779	204	
132	100090	8755	264	200254	7525	396	300650	6273	527	400264	5090	660	500612	3885	791	600590	2779	922	700824	1883	1052	800366	1195	1181	900186	718	1307	1000571	496	1429	1100700	375	1548	1200785	317	1665	1300128	276	1783	1400309	241	1900	1500580	218	2017	1600156	205	2135	1700495	204	2252	1800315	204	2369	1900527	204	2486	2000740	204	2603	2100467	204	2720	2200186	204	2838	2300739	204	2954	2400365	204	3071	2500170	204	3189	2600713	204	3306	2700583	204	3423	2800292	204	3540	2900808	204	3657	3000917	204	3774	3100776	204	3890	3200172	204	4008	3300391	204	4126	3400770	204	4243	3500603	204	
30	100894	49276	60	200505	48205	90	300831	47046	120	400682	45921	151	502797	44871	181	601921	43842	211	701522	42848	241	800884	41770	271	900538	40710	301	1000527	39681	331	1100526	38613	362	1203903	37533	392	1303622	36482	421	1400770	35501	451	1501102	34444	481	1601998	33343	511	1702332	32255	541	1802664	31182	571	1902281	30208	601	2002558	29241	631	2102533	28313	661	2201538	27296	691	2301426	26258	721	2401576	25215	751	2502496	24152	781	2602018	23074	811	2701847	22027	841	2802382	20981	871	2902130	19933	901	3001122	18906	931	3101184	17887	961	3201537	16895	991	3301492	15920	1021	3402345	14950	1051	3503294	13989	
30	101502	49349	60	202379	48241	90	302718	47151	120	402248	46060	150	501253	44978	180	601164	43889	210	701198	42853	240	801408	41767	270	901690	40713	300	1002336	39663	330	1102340	38655	360	1202491	37638	390	1302149	36646	420	1401656	35648	450	1501553	34618	480	1600830	33613	511	1703201	32535	541	1802411	31516	571	1902499	30491	601	2002606	29442	631	2102622	28354	661	2201921	27304	691	2301409	26263	721	2400612	25187	752	2503142	24076	781	2600655	23047	812	2703387	21952	841	2800774	20971	871	2901104	19983	901	3001017	18992	931	3101131	17917	961	3201165	16938	991	3301375	15938	1021	3401305	14998	1051	3501286	14031	
30	100751	49338	60	201311	48268	90	300739	47151	121	403656	46071	150	501409	45168	180	602024	44216	210	702357	43183	240	802974	42159	270	903772	41098	299	1001150	40150	329	1100994	39178	359	1201719	38132	389	1302191	37079	419	1401803	36126	449	1501147	35092	479	1601349	34101	509	1700974	33077	539	1800663	32055	569	1901073	31012	599	2001039	29945	629	2100872	28888	660	2203687	27760	690	2303084	26740	719	2400562	25760	750	2503120	24682	780	2602497	23614	810	2701833	22542	840	2801863	21486	870	2901717	20492	900	3001189	19386	930	3100980	18350	960	3200615	17306	990	3300863	16256	1020	3401155	15245	1050	3501759	14217	
30	101613	49328	60	201627	48214	90	302063	47159	120	402152	46088	150	502197	45069	180	602965	44038	210	703055	42967	240	802928	41897	270	902966	40861	300	1003168	39809	330	1103586	38714	360	1203261	37651	390	1303191	36612	420	1402621	35580	450	1502976	34551	480	1602639	33477	510	1703193	32407	539	1801555	31384	569	1901614	30338	599	2001657	29276	629	2101346	28263	659	2201115	27191	690	2303637	26112	719	2400904	25052	750	2502806	23920	780	2601504	22847	810	2701080	21753	840	2801240	20664	870	2901578	19570	900	3002339	18473	930	3103253	17412	960	3203477	16379	990	3303726	15316	1019	3401457	14320	1049	3502675	13347	
30	100870	49386	60	201011	48363	90	302176	47337	120	402417	46378	150	502262	45340	180	602029	44335	210	701185	43359	240	801712	42315	270	901224	41329	300	1001038	40372	330	1100723	39366	361	1203872	38346	390	1301276	37333	420	1400591	36263	451	1503700	35173	480	1600732	34150	510	1701313	33077	540	1800780	32061	571	1903427	30951	601	2002331	29918	631	2102134	28908	661	2202813	27830	691	2303460	26807	721	2402669	25796	751	2501912	24736	781	2601398	23711	811	2701454	22678	841	2802187	21626	871	2902662	20611	901	3002429	19555	931	3102838	18540	961	3203139	17489	991	3303235	16498	1021	3403400	15493	1051	3503667	14489	
