wersja nr 2;wspolczynnik mutacji 0.100000;wielkosc populacji 10
1519	100014	1420	3039	200055	1420	4560	300050	1420	6078	400012	1420	7585	500011	1420	9099	600015	1420	10622	700036	1420	12145	800032	1420	13670	900051	1420	15193	1000055	1420	16708	1100018	1420	18223	1200013	1420	19727	1300041	1420	21242	1400054	1420	22768	1500017	1420	24295	1600021	1420	25816	1700061	1420	27327	1800040	1420	28848	1900054	1419	30362	2000060	1419	31883	2100007	1419	33407	2200035	1419	34924	2300023	1418	36452	2400069	1418	37969	2500004	1418	39488	2600032	1418	41009	2700015	1418	42526	2800052	1418	44019	2900031	1418	45542	3000024	1418	47074	3100061	1418	48595	3200006	1418	50112	3300061	1418	51637	3400005	1418	53156	3500019	1418	
1527	100041	1420	3054	200057	1420	4578	300023	1419	6103	400049	1419	7611	500046	1419	9137	600052	1418	10667	700068	1418	12189	800039	1418	13711	900016	1418	15229	1000053	1418	16734	1100062	1417	18254	1200033	1417	19787	1300043	1417	21312	1400027	1417	22842	1500046	1417	24358	1600014	1417	25872	1700046	1417	27388	1800016	1417	28911	1900021	1417	30436	2000043	1417	31968	2100057	1417	33498	2200019	1417	35011	2300024	1417	36530	2400018	1417	38043	2500026	1417	39566	2600043	1417	41097	2700036	1417	42622	2800039	1417	44154	2900050	1417	45680	3000033	1417	47203	3100024	1417	48724	3200022	1417	50254	3300003	1417	51773	3400050	1417	53306	3500059	1417	
1526	100040	1420	3053	200027	1419	4579	300022	1419	6110	400034	1418	7622	500023	1418	9143	600029	1418	10644	700009	1418	12167	800056	1418	13694	900032	1418	15220	1000033	1418	16742	1100018	1418	18262	1200023	1418	19788	1300058	1418	21314	1400006	1418	22842	1500069	1418	24372	1600068	1418	25892	1700042	1418	27418	1800021	1418	28935	1900008	1418	30452	2000052	1418	31974	2100056	1418	33499	2200013	1418	35023	2300047	1418	36550	2400050	1418	38066	2500013	1418	39593	2600025	1418	41117	2700008	1418	42644	2800038	1418	44172	2900041	1418	45691	3000047	1417	47199	3100047	1417	48704	3200024	1417	50215	3300019	1417	51747	3400029	1416	53272	3500034	1416	
1522	100035	1420	3029	200069	1420	4550	300047	1420	6072	400022	1420	7592	500050	1420	9114	600031	1420	10642	700054	1420	12172	800023	1420	13691	900061	1420	15220	1000007	1420	16746	1100015	1420	18277	1200066	1419	19804	1300022	1419	21335	1400010	1419	22863	1500008	1419	24393	1600069	1419	25884	1700028	1419	27402	1800027	1419	28927	1900061	1419	30451	2000028	1419	31972	2100015	1419	33491	2200008	1419	35018	2300033	1419	36535	2400043	1419	38053	2500007	1419	39585	2600047	1419	41114	2700014	1419	42638	2800049	1419	44162	2900035	1419	45681	3000027	1419	47190	3100050	1419	48724	3200045	1419	50253	3300027	1419	51776	3400069	1419	53300	3500020	1419	
1519	100039	1420	3041	200057	1420	4569	300031	1420	6100	400021	1420	7607	500065	1420	9132	600061	1420	10646	700053	1420	12168	800017	1420	13680	900042	1420	15205	1000052	1420	16729	1100005	1420	18242	1200017	1420	19760	1300003	1420	21277	1400048	1420	22786	1500068	1420	24313	1600018	1419	25839	1700028	1419	27354	1800068	1419	28881	1900044	1419	30395	2000051	1418	31915	2100045	1418	33427	2200013	1418	34939	2300057	1418	36459	2400035	1418	37964	2500004	1418	39496	2600038	1418	41015	2700032	1418	42533	2800035	1418	44060	2900039	1418	45580	3000030	1418	47091	3100029	1418	48613	3200030	1418	50138	3300059	1418	51667	3400053	1418	53191	3500031	1418	
1571	100049	1354	3146	200040	1354	4721	300043	1354	6296	400030	1354	7881	500020	1354	9464	600039	1354	11043	700018	1354	12613	800017	1354	14203	900056	1354	15791	1000052	1354	17372	1100018	1354	18942	1200022	1354	20515	1300062	1354	22099	1400059	1354	23669	1500032	1354	25247	1600058	1354	26828	1700059	1354	28402	1800029	1354	29981	1900042	1354	31557	2000042	1353	33134	2100047	1353	34716	2200031	1353	36298	2300013	1353	37883	2400037	1352	39475	2500051	1352	41067	2600039	1352	42644	2700058	1352	44225	2800023	1352	45807	2900048	1352	47398	3000055	1352	48963	3100063	1352	50530	3200056	1352	52116	3300020	1352	53692	3400005	1352	55273	3500036	1352	
1579	100019	1354	3164	200037	1354	4752	300030	1353	6338	400048	1353	7913	500024	1353	9500	600066	1352	11070	700013	1352	12638	800063	1352	14221	900025	1352	15788	1000055	1352	17366	1100055	1352	18954	1200023	1351	20542	1300007	1351	22117	1400013	1351	23684	1500026	1351	25267	1600028	1351	26854	1700059	1351	28436	1800053	1351	29996	1900039	1351	31574	2000018	1351	33165	2100066	1351	34746	2200039	1351	36314	2300040	1351	37897	2400060	1351	39484	2500007	1351	41076	2600045	1351	42662	2700049	1351	44248	2800063	1351	45836	2900056	1351	47419	3000016	1351	49004	3100047	1351	50597	3200041	1351	52175	3300021	1351	53751	3400011	1351	55336	3500009	1351	
1588	100018	1354	3169	200005	1353	4749	300007	1353	6330	400040	1352	7901	500023	1352	9483	600068	1352	11058	700011	1352	12640	800034	1352	14226	900040	1352	15795	1000032	1352	17373	1100019	1352	18959	1200022	1352	20537	1300024	1352	22120	1400041	1352	23689	1500009	1352	25264	1600065	1352	26844	1700004	1352	28431	1800049	1352	30019	1900058	1352	31598	2000035	1352	33168	2100005	1352	34720	2200059	1352	36291	2300047	1352	37879	2400053	1352	39460	2500019	1352	41043	2600058	1352	42611	2700036	1352	44192	2800011	1352	45773	2900042	1352	47357	3000040	1352	48930	3100011	1351	50514	3200007	1351	52096	3300008	1351	53669	3400065	1351	55243	3500050	1351	
1577	100006	1354	3162	200013	1354	4743	300014	1354	6329	400009	1354	7915	500035	1354	9496	600059	1354	11063	700048	1354	12652	800053	1354	14239	900046	1354	15832	1000004	1354	17418	1100016	1354	19007	1200013	1354	20581	1300004	1353	22148	1400047	1353	23731	1500061	1353	25307	1600050	1353	26887	1700030	1353	28467	1800017	1353	30048	1900056	1353	31635	2000038	1353	33219	2100017	1353	34798	2200005	1353	36369	2300010	1353	37935	2400064	1353	39520	2500039	1353	41107	2600052	1353	42688	2700044	1353	44264	2800009	1353	45835	2900054	1353	47415	3000041	1353	48995	3100032	1353	50574	3200037	1353	52152	3300027	1353	53729	3400054	1353	55314	3500063	1353	
1582	100025	1354	3170	200039	1354	4752	300031	1354	6335	400053	1354	7901	500015	1354	9489	600007	1354	11079	700043	1354	12662	800017	1354	14248	900021	1354	15827	1000027	1354	17396	1100031	1354	18980	1200037	1354	20567	1300008	1354	22151	1400065	1354	23720	1500026	1354	25295	1600064	1354	26858	1700057	1353	28439	1800006	1353	30022	1900047	1353	31603	2000040	1353	33194	2100045	1352	34788	2200060	1352	36360	2300051	1352	37933	2400019	1352	39521	2500020	1352	41112	2600064	1352	42694	2700041	1352	44274	2800015	1352	45858	2900039	1352	47435	3000053	1352	49010	3100004	1352	50600	3200030	1352	52186	3300031	1352	53777	3400066	1352	55349	3500032	1352	
493	100144	5189	983	200142	5189	1473	300075	5189	1964	400032	5189	2458	500205	5189	2947	600148	5189	3434	700113	5189	3920	800175	5189	4409	900045	5189	4901	1000044	5189	5392	1100131	5189	5885	1200198	5189	6376	1300132	5189	6852	1400126	5189	7342	1500021	5188	7832	1600179	5188	8322	1700045	5188	8814	1800042	5187	9305	1900105	5187	9794	2000073	5187	10286	2100132	5187	10777	2200164	5187	11267	2300128	5187	11756	2400024	5187	12248	2500155	5187	12739	2600053	5187	13231	2700210	5187	13715	2800134	5187	14203	2900076	5187	14688	3000034	5187	15179	3100137	5187	15669	3200046	5187	16158	3300126	5187	16642	3400075	5187	17129	3500084	5186	
489	100040	5189	976	200126	5189	1466	300163	5188	1956	400203	5188	2442	500134	5187	2927	600100	5187	3408	700171	5187	3896	800126	5187	4388	900153	5186	4879	1000117	5186	5369	1100098	5186	5857	1200128	5186	6338	1300135	5186	6824	1400218	5186	7313	1500078	5186	7804	1600061	5186	8297	1700120	5186	8784	1800126	5186	9270	1900206	5186	9756	2000109	5186	10236	2100198	5186	10717	2200032	5186	11204	2300083	5186	11692	2400055	5186	12177	2500027	5186	12666	2600086	5186	13151	2700160	5186	13636	2800101	5185	14128	2900177	5185	14614	3000153	5185	15104	3100155	5185	15590	3200130	5185	16076	3300145	5184	16566	3400174	5184	17053	3500063	5184	
490	100051	5189	973	200041	5188	1459	300053	5187	1950	400186	5187	2436	500087	5187	2927	600078	5187	3404	700203	5187	3892	800181	5187	4377	900138	5187	4861	1000181	5187	5350	1100078	5187	5840	1200030	5187	6331	1300070	5187	6824	1400069	5187	7312	1500148	5187	7801	1600144	5187	8287	1700214	5187	8767	1800031	5187	9259	1900158	5187	9747	2000198	5187	10238	2100028	5187	10722	2200201	5187	11210	2300133	5187	11695	2400045	5186	12180	2500087	5186	12672	2600091	5186	13154	2700202	5185	13644	2800166	5185	14132	2900072	5184	14619	3000028	5184	15108	3100197	5184	15582	3200063	5184	16068	3300196	5184	16552	3400163	5184	17040	3500054	5184	
487	100050	5189	967	200020	5189	1448	300184	5189	1932	400144	5189	2422	500058	5189	2905	600194	5189	3396	700151	5189	3886	800165	5189	4374	900062	5189	4863	1000193	5188	5355	1100184	5188	5843	1200075	5188	6336	1300195	5188	6830	1400193	5188	7318	1500180	5188	7806	1600112	5188	8299	1700145	5188	8779	1800183	5188	9261	1900129	5188	9746	2000092	5188	10238	2100033	5188	10717	2200068	5188	11210	2300121	5188	11701	2400095	5188	12192	2500141	5188	12679	2600172	5188	13165	2700182	5188	13652	2800194	5188	14141	2900200	5188	14630	3000208	5187	15114	3100131	5187	15605	3200069	5187	16091	3300174	5185	16576	3400135	5184	17060	3500016	5184	
490	100059	5189	978	200056	5189	1459	300135	5189	1939	400051	5189	2425	500053	5189	2917	600073	5189	3405	700162	5189	3894	800099	5189	4384	900208	5189	4867	1000058	5189	5356	1100088	5189	5838	1200170	5189	6325	1300147	5188	6815	1400056	5188	7309	1500138	5188	7799	1600192	5187	8280	1700072	5187	8769	1800075	5187	9257	1900130	5187	9747	2000150	5187	10236	2100017	5187	10715	2200154	5187	11205	2300196	5187	11696	2400177	5187	12184	2500064	5187	12675	2600121	5187	13151	2700051	5187	13630	2800156	5187	14122	2900023	5187	14613	3000093	5187	15098	3100150	5187	15582	3200060	5187	16072	3300060	5187	16563	3400141	5187	17054	3500161	5186	
492	100018	5037	982	200054	5037	1476	300018	5037	1968	400066	5037	2464	500188	5037	2959	600019	5037	3456	700140	5037	3954	800032	5037	4445	900093	5037	4941	1000123	5037	5439	1100103	5037	5931	1200212	5037	6426	1300094	5037	6918	1400085	5037	7415	1500166	5036	7905	1600036	5036	8394	1700186	5036	8884	1800095	5035	9377	1900035	5035	9872	2000132	5035	10371	2100137	5035	10870	2200126	5035	11367	2300124	5035	11858	2400140	5035	12351	2500058	5035	12846	2600197	5035	13336	2700047	5035	13829	2800164	5035	14325	2900021	5035	14819	3000103	5035	15315	3100022	5035	15810	3200116	5035	16304	3300200	5035	16801	3400105	5035	17298	3500189	5034	
493	100159	5037	992	200220	5037	1474	300063	5036	1963	400041	5036	2453	500171	5035	2945	600134	5035	3441	700123	5035	3937	800047	5035	4436	900168	5034	4931	1000082	5034	5426	1100080	5034	5926	1200035	5034	6424	1300053	5034	6914	1400191	5034	7409	1500084	5034	7905	1600092	5034	8404	1700050	5034	8903	1800188	5034	9398	1900154	5034	9894	2000207	5034	10392	2100121	5034	10891	2200062	5034	11383	2300150	5034	11873	2400102	5034	12367	2500195	5034	12862	2600131	5034	13360	2700178	5034	13858	2800021	5034	14354	2900117	5033	14849	3000020	5033	15343	3100134	5033	15838	3200045	5033	16332	3300073	5032	16828	3400170	5032	17325	3500100	5032	
493	100102	5037	986	200118	5036	1471	300060	5035	1968	400115	5035	2464	500143	5035	2963	600134	5035	3460	700207	5035	3958	800018	5035	4457	900128	5035	4952	1000130	5035	5447	1100054	5035	5943	1200142	5035	6439	1300148	5035	6935	1400025	5035	7428	1500142	5035	7920	1600149	5035	8419	1700169	5035	8915	1800143	5035	9410	1900205	5035	9905	2000138	5035	10399	2100204	5035	10897	2200110	5035	11394	2300071	5035	11893	2400050	5034	12390	2500123	5034	12888	2600138	5034	13379	2700090	5033	13874	2800066	5033	14372	2900158	5033	14867	3000136	5031	15354	3100144	5031	15852	3200116	5031	16349	3300058	5031	16842	3400141	5031	17336	3500053	5031	
492	100112	5037	990	200095	5037	1489	300038	5037	1987	400092	5037	2485	500037	5037	2975	600109	5037	3472	700053	5037	3968	800044	5037	4463	900180	5037	4951	1000146	5036	5448	1100117	5036	5945	1200118	5036	6442	1300041	5036	6938	1400106	5036	7430	1500186	5036	7923	1600025	5036	8416	1700113	5036	8913	1800064	5036	9410	1900067	5036	9905	2000149	5036	10403	2100088	5036	10901	2200113	5036	11398	2300068	5036	11897	2400132	5036	12394	2500062	5036	12893	2600179	5036	13375	2700084	5036	13868	2800192	5036	14365	2900090	5036	14862	3000187	5035	15358	3100072	5035	15851	3200070	5035	16347	3300040	5033	16843	3400053	5032	17335	3500075	5032	
499	100120	5037	993	200096	5037	1486	300209	5037	1982	400111	5037	2471	500023	5037	2963	600206	5037	3448	700146	5037	3942	800178	5037	4436	900075	5037	4929	1000029	5037	5424	1100099	5037	5920	1200038	5037	6419	1300140	5036	6917	1400067	5036	7409	1500187	5036	7903	1600201	5035	8394	1700146	5035	8883	1800136	5035	9376	1900140	5035	9866	2000016	5035	10362	2100121	5035	10852	2200041	5035	11349	2300043	5035	11846	2400039	5035	12342	2500138	5035	12839	2600119	5035	13334	2700220	5035	13826	2800180	5035	14323	2900095	5035	14818	3000058	5035	15313	3100116	5035	15802	3200201	5035	16295	3300051	5035	16789	3400151	5035	17285	3500022	5034	
106	100648	25272	210	200885	25272	313	300485	25272	417	400359	25272	522	500360	25272	627	600417	25272	732	700494	25272	838	800826	25272	943	900846	25272	1048	1000712	25272	1153	1100153	25272	1259	1200134	25272	1364	1300423	25272	1470	1400808	25271	1574	1500299	25271	1680	1600657	25271	1785	1700312	25270	1890	1800113	25270	1995	1900511	25270	2099	2001024	25270	2202	2100562	25270	2305	2200997	25270	2410	2300980	25270	2515	2400121	25270	2621	2500717	25270	2725	2600216	25270	2830	2700312	25270	2933	2800260	25270	3037	2900360	25270	3142	3000109	25270	3248	3100970	25270	3351	3200164	25270	3456	3300589	25269	3561	3400868	25269	3666	3500760	25269	
106	100856	25272	210	200780	25271	313	300176	25271	417	400983	25270	520	500336	25270	625	600505	25270	730	700257	25270	837	801006	25270	940	900110	25270	1045	1000213	25270	1150	1100326	25270	1255	1200544	25270	1360	1300623	25270	1464	1400828	25270	1569	1500920	25270	1673	1600253	25270	1779	1700965	25270	1884	1800916	25270	1987	1900422	25270	2090	2000431	25270	2195	2100844	25270	2299	2200783	25270	2403	2300920	25270	2507	2400770	25270	2611	2500466	25270	2715	2600278	25270	2818	2700396	25270	2923	2800309	25270	3028	2900507	25270	3133	3000352	25270	3238	3100500	25269	3344	3200748	25269	3448	3300112	25269	3552	3400388	25269	3657	3500146	25269	
105	100136	25272	210	200889	25271	312	300527	25270	417	400387	25270	522	500368	25270	627	600316	25270	733	700958	25270	838	800397	25270	942	900394	25270	1047	1000376	25270	1151	1100190	25270	1256	1200419	25270	1360	1300398	25270	1465	1400855	25270	1570	1500485	25270	1674	1600155	25270	1779	1700167	25270	1884	1800401	25270	1988	1900628	25270	2092	2000287	25270	2197	2100600	25270	2301	2200523	25269	2404	2300082	25269	2509	2400274	25269	2615	2500915	25268	2719	2600131	25268	2824	2700258	25268	2929	2801072	25267	3033	2900907	25267	3137	3000884	25267	3240	3100342	25267	3343	3200560	25267	3447	3300804	25267	3552	3400654	25267	3656	3500116	25267	
105	100196	25272	211	200389	25272	316	300882	25272	420	400174	25272	525	500745	25272	630	600409	25272	735	700116	25272	840	800284	25272	944	900278	25271	1048	1000271	25271	1153	1100364	25271	1258	1200093	25271	1363	1300234	25271	1469	1400962	25271	1572	1500111	25271	1678	1600942	25271	1781	1700319	25271	1886	1800727	25271	1990	1900738	25271	2095	2000666	25271	2198	2100919	25271	2302	2200210	25271	2407	2300701	25271	2512	2400725	25271	2617	2500765	25271	2721	2600173	25271	2825	2700541	25271	2930	2800619	25270	3033	2900600	25270	3137	3000438	25270	3243	3100998	25268	3348	3200510	25267	3453	3300484	25267	3558	3401032	25267	3662	3500131	25267	
106	100414	25272	212	200784	25272	317	301000	25272	421	400396	25272	525	500461	25272	629	600332	25272	733	700846	25272	837	800674	25272	941	900734	25272	1045	1000079	25272	1150	1100165	25272	1255	1200297	25271	1361	1300870	25271	1466	1400669	25271	1570	1500297	25271	1676	1600854	25271	1780	1700482	25271	1883	1800124	25271	1989	1900923	25271	2093	2000330	25271	2198	2100778	25271	2303	2200780	25271	2408	2300707	25271	2513	2400238	25271	2619	2500685	25271	2724	2600440	25271	2829	2700677	25271	2933	2800498	25271	3037	2900587	25271	3142	3000475	25271	3247	3100132	25271	3352	3200457	25271	3457	3300093	25270	3563	3400560	25270	3668	3500714	25270	
106	100519	25176	212	200987	25176	317	300680	25176	423	400635	25176	529	500169	25176	634	600345	25176	740	700703	25176	844	800130	25176	950	900591	25176	1056	1000638	25176	1162	1101035	25176	1268	1201005	25176	1374	1300863	25176	1480	1400881	25175	1584	1500711	25175	1689	1600969	25175	1792	1700203	25174	1897	1800137	25174	2004	1900873	25174	2102	2000681	25174	2208	2100492	25174	2314	2200494	25174	2420	2300693	25174	2525	2400129	25174	2630	2500588	25174	2735	2600540	25174	2841	2700107	25174	2948	2800658	25174	3054	2900645	25174	3160	3000209	25174	3267	3100564	25174	3372	3200965	25174	3478	3300898	25173	3583	3400875	25172	3687	3500133	25172	
106	100364	25176	211	200653	25175	317	300772	25175	423	400140	25174	529	500160	25174	636	601053	25174	741	700440	25174	848	800986	25174	952	900093	25174	1058	1000822	25174	1164	1100852	25174	1270	1200592	25174	1375	1300586	25174	1481	1400306	25174	1586	1500582	25174	1690	1600887	25174	1795	1700381	25174	1899	1800428	25174	2005	1900779	25174	2109	2000347	25174	2214	2100087	25174	2322	2200739	25174	2427	2300814	25174	2532	2400103	25174	2640	2500925	25174	2746	2600281	25174	2852	2700273	25173	2956	2800192	25173	3062	2900778	25173	3167	3000697	25173	3273	3100412	25172	3379	3200137	25172	3485	3300137	25172	3591	3400423	25172	3698	3500917	25172	
106	100398	25176	212	200889	25175	317	300567	25175	423	400618	25175	528	500850	25175	634	600316	25175	741	700158	25175	847	800536	25175	954	900565	25175	1060	1000788	25175	1166	1100438	25175	1272	1200599	25175	1377	1300506	25175	1482	1400487	25175	1588	1500236	25175	1694	1600883	25175	1798	1700431	25175	1903	1800094	25175	2010	1900988	25175	2115	2001014	25175	2218	2100911	25175	2323	2200988	25174	2429	2300943	25174	2534	2400117	25174	2639	2500170	25173	2746	2600751	25173	2852	2700712	25173	2957	2800609	25172	3063	2900681	25172	3170	3000880	25172	3273	3100235	25172	3378	3200433	25172	3483	3300270	25172	3588	3400120	25172	3694	3500441	25172	
105	100310	25176	211	200878	25176	316	300513	25176	422	400255	25176	528	500209	25176	633	600953	25176	737	700646	25176	842	800091	25176	948	900102	25175	1055	1000489	25175	1162	1101010	25175	1268	1200631	25175	1374	1300819	25175	1480	1400761	25175	1585	1500352	25175	1692	1600519	25175	1798	1700484	25175	1904	1800726	25175	2010	1900685	25175	2117	2000989	25175	2223	2100605	25175	2329	2200655	25175	2435	2300709	25175	2541	2400132	25175	2647	2500712	25175	2752	2600910	25175	2855	2700182	25175	2962	2800461	25174	3068	2900538	25174	3172	3000476	25174	3276	3100957	25171	3382	3200383	25170	3488	3300232	25170	3594	3400823	25170	3700	3500297	25170	
108	100829	25176	213	200162	25176	318	300178	25176	423	400343	25176	528	500768	25176	634	600109	25176	741	700908	25176	846	800123	25176	952	900623	25176	1057	1000094	25176	1163	1100281	25176	1268	1200599	25176	1374	1300923	25176	1480	1400463	25176	1587	1500910	25175	1692	1600151	25175	1799	1700752	25175	1905	1800346	25175	2012	1900978	25175	2118	2000776	25175	2223	2100128	25175	2328	2200634	25175	2433	2300810	25175	2539	2401005	25175	2644	2500487	25175	2748	2600709	25175	2852	2700671	25175	2958	2800563	25175	3064	2900162	25175	3169	3000439	25175	3276	3100638	25175	3381	3200831	25175	3488	3300915	25174	3594	3400989	25174	3700	3500764	25174	
1819	100039	87	3649	200041	87	5475	300025	87	7309	400033	87	9142	500026	87	10974	600027	87	12786	700039	87	14616	800017	87	16444	900035	87	18263	1000008	87	20089	1100053	87	21915	1200010	87	23728	1300015	87	25544	1400038	87	27363	1500024	87	29183	1600012	87	31003	1700018	87	32823	1800041	87	34652	1900022	87	36468	2000014	87	38287	2100005	87	40109	2200027	87	41930	2300013	87	43744	2400023	87	45576	2500051	87	47399	2600031	87	49212	2700025	87	51019	2800034	87	52839	2900027	87	54657	3000010	87	56491	3100035	87	58316	3200022	87	60109	3300020	87	61898	3400006	87	63726	3500052	87	
1814	100005	87	3627	200022	87	5447	300056	85	7263	400032	85	9089	500041	85	10905	600006	85	12724	700017	85	14544	800046	85	16361	900033	85	18189	1000039	85	20005	1100025	85	21818	1200015	85	23637	1300012	84	25458	1400045	84	27289	1500032	84	29099	1600016	84	30916	1700018	84	32737	1800046	84	34562	1900009	84	36365	2000017	84	38149	2100005	84	39963	2200051	84	41780	2300059	84	43594	2400042	84	45420	2500042	84	47230	2600030	84	49058	2700046	84	50879	2800012	84	52701	2900056	84	54501	3000026	84	56314	3100050	84	58131	3200007	84	59935	3300045	84	61763	3400010	84	63588	3500024	84	
1835	100046	87	3659	200042	87	5483	300057	87	7307	400019	86	9126	500059	86	10949	600036	86	12776	700036	86	14605	800045	86	16421	900040	86	18232	1000022	86	20057	1100031	86	21885	1200036	86	23699	1300028	86	25523	1400050	86	27339	1500013	86	29168	1600036	86	30985	1700036	86	32816	1800039	86	34633	1900023	86	36461	2000023	86	38287	2100005	86	40110	2200022	86	41937	2300003	86	43746	2400014	86	45562	2500024	86	47374	2600022	86	49187	2700038	86	50996	2800033	86	52807	2900042	86	54623	3000006	86	56443	3100018	86	58271	3200057	86	60100	3300012	86	61914	3400015	86	63746	3500052	86	
1811	100035	87	3633	200034	87	5439	300043	87	7260	400003	87	9088	500011	87	10916	600031	87	12736	700015	87	14559	800057	87	16372	900037	87	18200	1000046	87	20027	1100035	87	21855	1200028	87	23684	1300032	86	25506	1400043	86	27332	1500015	86	29149	1600029	86	30980	1700035	86	32796	1800011	86	34616	1900022	86	36419	2000031	86	38239	2100030	86	40072	2200028	86	41881	2300034	86	43696	2400051	86	45523	2500032	86	47340	2600055	86	49157	2700017	86	50990	2800050	86	52818	2900038	86	54650	3000023	86	56470	3100006	86	58292	3200055	86	60107	3300052	86	61927	3400028	86	63756	3500024	86	
1825	100019	87	3647	200032	87	5464	300009	87	7285	400023	87	9117	500033	87	10948	600007	87	12781	700030	87	14593	800015	87	16411	900025	87	18239	1000031	87	20061	1100019	87	21891	1200048	87	23717	1300053	87	25538	1400009	87	27364	1500004	87	29197	1600035	87	31030	1700017	87	32859	1800007	86	34684	1900014	86	36504	2000053	86	38333	2100038	86	40157	2200027	84	41983	2300013	84	43803	2400043	84	45630	2500003	84	47448	2600023	84	49276	2700044	84	51106	2800038	84	52917	2900031	84	54734	3000032	84	56558	3100020	84	58384	3200046	84	60208	3300012	84	62024	3400015	84	63855	3500055	84	
2006	100012	92	4005	200047	92	6022	300021	92	8048	400006	92	10081	500019	92	12096	600024	92	14124	700019	92	16149	800017	92	18181	900045	92	20196	1000022	92	22219	1100042	92	24257	1200049	92	26274	1300030	92	28290	1400027	92	30318	1500023	92	32352	1600012	92	34387	1700031	92	36415	1800038	92	38429	1900004	92	40446	2000006	92	42450	2100027	92	44475	2200029	91	46484	2300019	91	48489	2400029	91	50518	2500028	91	52543	2600003	91	54580	2700015	90	56607	2800008	90	58626	2900008	90	60660	3000020	90	62690	3100035	90	64716	3200035	90	66733	3300026	90	68762	3400011	90	70788	3500030	90	
2020	100033	92	4046	200003	92	6075	300007	92	8106	400027	91	10137	500022	91	12170	600049	91	14193	700005	87	16219	800002	87	18231	900040	87	20259	1000019	87	22297	1100013	87	24340	1200044	87	26366	1300032	86	28381	1400005	86	30399	1500017	86	32419	1600039	86	34438	1700034	86	36460	1800022	86	38474	1900010	86	40495	2000033	86	42523	2100020	86	44562	2200026	86	46587	2300031	86	48615	2400008	86	50645	2500034	86	52681	2600013	86	54714	2700029	86	56733	2800044	86	58761	2900030	86	60786	3000047	86	62817	3100045	86	64843	3200025	86	66859	3300035	86	68885	3400010	86	70914	3500016	86	
2015	100101	92	4039	200025	92	6066	300003	91	8078	400009	91	10102	500017	91	12125	600027	91	14149	700043	91	16168	800043	91	18191	900044	91	20210	1000022	91	22232	1100046	91	24255	1200014	91	26272	1300020	91	28294	1400019	91	30323	1500040	91	32344	1600010	91	34379	1700037	91	36401	1800009	91	38422	1900036	91	40439	2000020	91	42446	2100005	91	44463	2200042	91	46493	2300021	91	48516	2400012	91	50532	2500026	91	52546	2600007	91	54573	2700047	91	56587	2800048	91	58604	2900049	91	60633	3000014	91	62655	3100047	91	64684	3200015	91	66714	3300011	91	68744	3400013	91	70766	3500051	89	
2012	100006	92	4033	200032	92	6047	300046	92	8076	400010	92	10109	500040	92	12143	600020	92	14163	700019	92	16186	800015	92	18208	900030	92	20238	1000047	92	22262	1100006	92	24288	1200019	92	26320	1300022	92	28337	1400048	88	30363	1500047	88	32386	1600024	88	34404	1700046	88	36432	1800035	88	38458	1900008	88	40486	2000047	88	42520	2100021	88	44525	2200028	88	46556	2300042	88	48583	2400003	88	50610	2500023	88	52634	2600031	88	54670	2700048	88	56693	2800048	88	58711	2900049	88	60732	3000050	88	62764	3100030	88	64785	3200041	88	66795	3300031	88	68823	3400029	88	70840	3500049	88	
2038	100006	92	4075	200023	92	6105	300011	92	8113	400024	92	10136	500049	92	12162	600005	92	14190	700047	92	16211	800040	92	18230	900032	92	20252	1000050	92	22275	1100012	92	24293	1200002	92	26319	1300027	92	28323	1400018	92	30355	1500002	92	32373	1600045	92	34388	1700031	92	36427	1800014	92	38448	1900021	91	40472	2000043	91	42490	2100028	91	44507	2200040	91	46539	2300038	90	48567	2400039	90	50594	2500017	90	52605	2600046	90	54617	2700028	90	56638	2800036	90	58652	2900012	90	60665	3000006	90	62669	3100016	90	64696	3200002	90	66721	3300051	90	68738	3400015	90	70759	3500043	90	
537	100196	355	1068	200181	355	1594	300015	355	2127	400188	355	2663	500125	355	3196	600015	355	3731	700203	355	4264	800047	355	4797	900127	355	5329	1000146	355	5864	1100086	355	6394	1200037	355	6925	1300148	355	7460	1400044	355	7991	1500082	355	8521	1600166	355	9055	1700055	355	9586	1800081	354	10107	1900221	354	10639	2000055	354	11173	2100023	354	11703	2200040	354	12235	2300198	354	12767	2400194	354	13304	2500173	354	13839	2600082	354	14367	2700120	354	14899	2800191	354	15432	2900169	354	15968	3000067	354	16498	3100148	354	17032	3200114	354	17565	3300113	354	18099	3400175	354	18635	3500070	354	
534	100085	355	1064	200032	355	1597	300116	355	2123	400174	355	2655	500123	355	3181	600140	355	3714	700051	355	4250	800192	355	4783	900032	354	5317	1000019	354	5847	1100118	354	6379	1200087	354	6912	1300039	354	7443	1400090	354	7977	1500187	354	8513	1600134	354	9040	1700091	354	9573	1800186	354	10108	1900101	354	10644	2000183	354	11162	2100083	354	11692	2200154	354	12227	2300107	354	12762	2400054	354	13290	2500038	354	13820	2600075	354	14354	2700118	354	14888	2800164	354	15420	2900194	353	15954	3000021	353	16490	3100189	353	17026	3200160	353	17557	3300044	352	18094	3400098	352	18631	3500163	352	
533	100147	355	1066	200088	355	1593	300183	354	2126	400155	354	2660	500098	354	3194	600137	354	3727	700135	354	4257	800143	354	4788	900071	354	5320	1000053	354	5845	1100108	354	6377	1200190	354	6906	1300120	354	7439	1400110	354	7957	1500108	354	8491	1600102	354	9020	1700138	354	9556	1800166	354	10090	1900106	354	10625	2000067	354	11160	2100117	354	11694	2200124	354	12231	2300115	354	12766	2400134	353	13300	2500081	353	13833	2600056	353	14364	2700123	352	14894	2800049	352	15427	2900058	352	15964	3000142	352	16487	3100120	352	17013	3200202	352	17549	3300179	352	18084	3400149	352	18612	3500154	352	
529	100017	355	1058	200048	355	1593	300187	355	2128	400194	355	2657	500107	355	3192	600073	355	3731	700060	355	4265	800151	355	4792	900161	355	5324	1000139	354	5857	1100154	354	6384	1200122	354	6920	1300103	354	7454	1400085	354	7985	1500034	354	8517	1600125	354	9049	1700184	354	9576	1800175	354	10105	1900059	354	10641	2000169	354	11173	2100197	354	11703	2200066	354	12235	2300189	354	12767	2400148	354	13301	2500144	354	13832	2600059	354	14365	2700119	354	14895	2800041	354	15426	2900133	354	15958	3000128	353	16495	3100125	353	17026	3200168	353	17554	3300161	350	18084	3400042	349	18615	3500099	349	
533	100091	355	1062	200146	355	1591	300173	355	2127	400113	355	2663	500162	355	3191	600057	355	3730	700127	355	4262	800037	355	4795	900177	355	5324	1000027	355	5855	1100071	355	6384	1200035	355	6904	1300046	354	7437	1400175	354	7961	1500049	354	8495	1600057	353	9032	1700057	353	9564	1800123	353	10096	1900109	353	10613	2000129	353	11147	2100023	353	11681	2200183	353	12211	2300140	353	12735	2400040	353	13268	2500105	353	13804	2600068	353	14340	2700078	353	14876	2800066	353	15413	2900034	353	15947	3000168	353	16479	3100028	353	17017	3200019	353	17554	3300089	353	18086	3400178	353	18619	3500137	352	
577	100120	365	1153	200089	365	1728	300055	365	2305	400121	365	2884	500030	365	3461	600049	365	4040	700031	365	4599	800061	365	5168	900081	365	5744	1000032	365	6323	1100073	365	6897	1200079	365	7468	1300167	365	8043	1400017	365	8623	1500182	364	9191	1600052	364	9758	1700077	364	10333	1800060	364	10913	1900126	363	11490	2000096	363	12070	2100153	363	12646	2200075	363	13224	2300076	363	13802	2400168	363	14370	2500137	363	14943	2600169	363	15515	2700047	363	16087	2800157	363	16660	2900131	363	17239	3000166	363	17813	3100146	363	18385	3200089	363	18964	3300051	363	19544	3400085	363	20121	3500118	362	
577	100118	365	1150	200088	365	1729	300100	365	2308	400125	365	2879	500147	364	3457	600030	364	4036	700043	364	4615	800172	364	5191	900024	363	5766	1000052	363	6334	1100149	363	6906	1200018	363	7483	1300180	363	8054	1400174	363	8632	1500047	363	9211	1600014	363	9793	1700174	363	10368	1800137	363	10943	1900013	363	11521	2000047	363	12093	2100142	363	12670	2200174	363	13245	2300046	363	13826	2400140	363	14399	2500086	363	14979	2600045	363	15546	2700029	363	16119	2800142	363	16691	2900027	361	17267	3000108	361	17844	3100038	361	18424	3200012	361	19001	3300162	360	19573	3400012	360	20151	3500090	360	
574	100070	365	1147	200016	364	1709	300014	363	2284	400026	363	2864	500058	363	3441	600135	363	4014	700042	363	4585	800035	363	5157	900041	363	5736	1000131	363	6311	1100043	363	6885	1200077	363	7467	1300121	363	8043	1400179	363	8619	1500029	363	9190	1600064	363	9758	1700088	363	10332	1800117	363	10909	1900023	363	11482	2000138	363	12055	2100036	363	12635	2200128	363	13212	2300016	363	13789	2400104	362	14366	2500149	362	14934	2600053	362	15508	2700173	361	16080	2800177	361	16651	2900132	361	17225	3000115	361	17800	3100173	361	18377	3200178	361	18951	3300154	361	19521	3400137	361	20100	3500051	361	
573	100016	365	1155	200111	365	1728	300062	365	2306	400178	365	2884	500070	365	3460	600103	365	4036	700154	365	4608	800163	365	5189	900054	365	5766	1000077	363	6348	1100116	363	6927	1200068	363	7499	1300133	363	8076	1400161	363	8657	1500168	363	9231	1600076	363	9808	1700080	363	10381	1800189	363	10955	1900131	363	11529	2000034	363	12090	2100016	363	12656	2200148	363	13234	2300112	363	13814	2400047	363	14396	2500170	363	14974	2600169	363	15555	2700157	363	16131	2800027	363	16703	2900028	363	17283	3000147	361	17860	3100181	361	18437	3200126	361	19006	3300024	361	19586	3400164	360	20159	3500050	359	
576	100163	365	1152	200161	365	1730	300095	365	2309	400157	365	2882	500109	365	3461	600145	365	4037	700083	365	4613	800034	365	5190	900147	365	5764	1000052	365	6340	1100166	365	6917	1200033	365	7491	1300173	364	8067	1400088	364	8638	1500046	364	9213	1600014	363	9793	1700143	363	10371	1800035	363	10948	1900071	363	11525	2000027	363	12105	2100027	363	12673	2200150	363	13249	2300173	363	13827	2400154	363	14398	2500175	363	14973	2600033	363	15550	2700122	363	16122	2800040	363	16694	2900034	363	17267	3000016	363	17846	3100134	363	18420	3200140	363	18981	3300053	363	19556	3400115	363	20131	3500113	363	
125	100553	1803	247	200347	1803	371	300555	1803	495	400150	1803	618	500278	1803	742	600301	1803	866	700127	1803	990	800761	1803	1113	900795	1803	1233	1000522	1803	1356	1100457	1803	1479	1200747	1803	1601	1300200	1803	1724	1400196	1803	1848	1500329	1803	1973	1600665	1803	2096	1700435	1802	2220	1800655	1802	2344	1900831	1802	2466	2000141	1802	2590	2100334	1802	2713	2200223	1802	2837	2300512	1802	2961	2400268	1802	3085	2500343	1802	3209	2600363	1802	3334	2700694	1802	3457	2800099	1802	3579	2900385	1802	3700	3000187	1802	3823	3100106	1802	3946	3200136	1802	4071	3300732	1802	4193	3400079	1802	4317	3500755	1802	
125	100085	1803	249	200686	1802	373	300323	1802	496	400391	1801	620	500172	1801	743	600583	1801	866	700853	1801	988	800309	1801	1112	900816	1800	1235	1000734	1800	1359	1100767	1800	1481	1200194	1800	1604	1300442	1800	1728	1400133	1800	1853	1500548	1800	1976	1600193	1800	2099	1700565	1800	2222	1800125	1800	2346	1900639	1800	2469	2000086	1800	2593	2100221	1800	2716	2200186	1800	2840	2300394	1800	2963	2400250	1800	3087	2500815	1800	3209	2600802	1800	3331	2700519	1798	3451	2800067	1798	3575	2900508	1798	3697	3000071	1798	3821	3100313	1798	3943	3200162	1798	4067	3300719	1798	4190	3400229	1798	4313	3500295	1798	
123	100690	1803	248	200598	1803	371	300359	1802	495	400547	1802	617	500253	1802	740	600497	1802	864	700321	1802	988	800633	1802	1110	900144	1802	1234	1000277	1802	1359	1100798	1802	1483	1200765	1802	1607	1300099	1802	1730	1400132	1802	1855	1500463	1802	1980	1600591	1802	2103	1700283	1802	2227	1800585	1802	2351	1900790	1802	2473	2000124	1802	2595	2100551	1802	2717	2200403	1802	2839	2300350	1802	2962	2400436	1802	3086	2500811	1802	3208	2600354	1802	3332	2700298	1802	3454	2800297	1801	3577	2900733	1801	3700	3000727	1801	3824	3100540	1801	3948	3200714	1801	4072	3300304	1801	4196	3400558	1801	4320	3500296	1801	
124	100683	1803	248	200604	1803	371	300717	1803	494	400528	1803	616	500194	1803	738	600296	1803	860	700397	1803	983	800339	1803	1105	900216	1802	1229	1000102	1802	1352	1100433	1802	1476	1200681	1802	1598	1300774	1802	1721	1400432	1802	1845	1500671	1802	1968	1600911	1802	2091	1700519	1802	2215	1800569	1802	2338	1900079	1802	2460	2000260	1802	2584	2100671	1802	2706	2200160	1802	2830	2300705	1802	2954	2400559	1802	3077	2500523	1802	3200	2600778	1802	3323	2700320	1802	3445	2800081	1801	3568	2900672	1801	3689	3000186	1801	3814	3100671	1800	3937	3200256	1797	4060	3300199	1797	4184	3400292	1797	4306	3500226	1797	
125	100245	1803	249	200221	1803	373	300600	1803	497	400305	1803	619	500193	1803	743	600576	1803	867	700702	1803	989	800406	1803	1112	900840	1803	1237	1000809	1803	1360	1100388	1803	1485	1200776	1800	1607	1300124	1800	1731	1400471	1800	1855	1500295	1798	1977	1600298	1798	2101	1700503	1798	2225	1800520	1798	2348	1900128	1798	2470	2000078	1798	2593	2100094	1798	2718	2200741	1798	2841	2300787	1798	2965	2400523	1798	3088	2500343	1798	3211	2600223	1798	3335	2700733	1798	3456	2800597	1798	3579	2900159	1798	3701	3000226	1798	3825	3100232	1798	3949	3200884	1798	4073	3300850	1798	4195	3400315	1798	4318	3500769	1798	
136	100545	1754	270	200137	1754	405	300431	1754	541	400769	1754	674	500704	1754	808	600505	1754	943	700660	1754	1078	800680	1754	1212	900296	1754	1348	1000568	1754	1482	1100396	1754	1616	1200420	1754	1751	1300684	1754	1883	1400102	1754	2018	1500516	1754	2153	1600672	1754	2286	1700391	1753	2421	1800456	1753	2552	1900518	1753	2686	2000501	1753	2821	2100796	1753	2953	2200087	1753	3089	2300577	1753	3224	2400458	1753	3357	2500070	1753	3493	2600716	1753	3627	2700374	1753	3761	2800451	1753	3895	2900147	1753	4031	3000754	1753	4164	3100182	1753	4299	3200217	1753	4435	3300149	1753	4571	3400633	1753	4706	3500615	1753	
133	100087	1754	268	200501	1754	403	300187	1754	538	400193	1754	672	500517	1754	805	600299	1754	938	700078	1754	1073	800497	1754	1206	900566	1754	1340	1000497	1754	1474	1100081	1754	1609	1200152	1754	1744	1300168	1754	1879	1400605	1754	2013	1500169	1754	2148	1600264	1754	2283	1700564	1754	2417	1800514	1754	2551	1900535	1754	2685	2000770	1754	2818	2100365	1754	2952	2200489	1754	3086	2300233	1754	3221	2400268	1754	3356	2500822	1754	3488	2600518	1754	3622	2700275	1753	3757	2800245	1753	3892	2900227	1753	4027	3000704	1753	4162	3100417	1753	4297	3200652	1753	4432	3300519	1753	4566	3400465	1753	4701	3500463	1753	
134	100358	1754	267	200129	1753	401	300189	1753	536	400069	1753	672	500377	1753	808	600640	1753	942	700547	1753	1075	800151	1753	1210	900581	1753	1345	1000334	1753	1479	1100269	1753	1613	1200221	1753	1748	1300581	1753	1882	1400266	1753	2017	1500286	1753	2152	1600474	1753	2287	1700572	1753	2421	1800406	1753	2555	1900694	1753	2690	2000642	1753	2823	2100099	1753	2958	2200316	1753	3093	2300105	1753	3228	2400404	1753	3362	2500783	1752	3496	2600115	1752	3630	2700115	1752	3765	2800705	1752	3899	2900114	1752	4033	3000071	1752	4168	3100624	1752	4301	3200718	1752	4434	3300187	1752	4569	3400515	1752	4704	3500466	1752	
135	100171	1754	270	200386	1754	405	300096	1754	540	400380	1754	674	500224	1754	809	600376	1754	943	700270	1754	1077	800706	1754	1212	900400	1754	1346	1000295	1754	1481	1100608	1754	1617	1200586	1754	1750	1300067	1754	1885	1400714	1754	2018	1500270	1754	2151	1600266	1754	2286	1700731	1754	2420	1800590	1754	2552	1900405	1754	2686	2000075	1754	2822	2100645	1754	2955	2200359	1754	3091	2300596	1754	3225	2400359	1754	3360	2500340	1754	3495	2600594	1754	3630	2700321	1754	3766	2800553	1754	3901	2900499	1754	4036	3000598	1754	4170	3100479	1753	4303	3200576	1752	4436	3300671	1752	4570	3400836	1752	4703	3500219	1752	
136	100734	1754	269	200071	1754	404	300233	1754	539	400392	1754	675	500645	1754	810	600338	1754	943	700169	1754	1079	800755	1754	1211	900199	1754	1346	1000721	1754	1481	1100560	1754	1615	1200175	1753	1749	1300176	1753	1883	1400589	1753	2017	1500187	1752	2152	1600716	1752	2285	1700428	1752	2417	1800154	1752	2552	1900165	1752	2688	2000528	1752	2823	2100266	1752	2956	2200226	1752	3091	2300429	1752	3225	2400334	1752	3359	2500274	1752	3495	2600571	1752	3631	2700655	1752	3766	2800271	1752	3901	2900073	1752	4036	3000127	1752	4172	3100601	1752	4308	3200776	1752	4443	3300478	1752	4579	3400596	1752	4712	3500298	1752	
1625	100061	2611	3242	200006	2611	4853	300007	2611	6475	400056	2611	8089	500062	2611	9711	600006	2611	11312	700060	2611	12885	800019	2611	14506	900065	2611	16113	1000022	2611	17720	1100040	2611	19344	1200030	2611	20967	1300039	2611	22573	1400022	2611	24167	1500009	2611	25767	1600027	2611	27389	1700047	2611	29013	1800027	2611	30626	1900058	2610	32250	2000023	2610	33878	2100020	2610	35498	2200033	2610	37107	2300035	2610	38720	2400005	2609	40338	2500010	2609	41963	2600055	2609	43578	2700007	2609	45195	2800025	2609	46805	2900047	2609	48424	3000016	2609	50050	3100063	2609	51664	3200062	2609	53271	3300029	2609	54900	3400028	2609	56516	3500018	2609	
1602	100022	2611	3219	200050	2611	4826	300021	2610	6438	400012	2610	8051	500016	2610	9652	600046	2609	11265	700041	2609	12879	800047	2609	14501	900031	2609	16125	1000040	2609	17738	1100058	2609	19357	1200021	2608	20971	1300061	2608	22591	1400017	2608	24208	1500046	2608	25829	1600033	2608	27442	1700057	2608	29050	1800047	2608	30662	1900045	2608	32276	2000031	2608	33896	2100019	2608	35500	2200016	2608	37120	2300020	2608	38739	2400012	2608	40350	2500010	2608	41956	2600027	2608	43576	2700045	2608	45195	2800017	2608	46803	2900063	2608	48407	3000029	2608	50019	3100044	2608	51629	3200009	2608	53241	3300019	2608	54861	3400029	2608	56483	3500051	2608	
1628	100035	2611	3235	200004	2610	4860	300014	2610	6477	400011	2609	8093	500047	2609	9702	600010	2609	11321	700011	2609	12938	800004	2609	14559	900060	2609	16180	1000007	2609	17789	1100013	2609	19396	1200016	2609	21021	1300051	2609	22637	1400011	2609	24248	1500017	2609	25868	1600031	2609	27476	1700007	2609	29095	1800008	2609	30717	1900050	2609	32331	2000048	2609	33957	2100062	2609	35583	2200030	2609	37202	2300044	2609	38818	2400030	2609	40441	2500040	2609	42051	2600054	2609	43654	2700044	2609	45271	2800009	2609	46894	2900038	2609	48521	3000046	2609	50146	3100043	2608	51768	3200020	2608	53390	3300051	2608	55005	3400060	2608	56612	3500022	2607	
1619	100027	2611	3225	200006	2611	4843	300003	2611	6450	400063	2611	8068	500032	2611	9679	600026	2611	11304	700005	2611	12929	800043	2611	14549	900025	2611	16176	1000054	2611	17803	1100018	2611	19428	1200043	2611	21045	1300041	2610	22669	1400039	2610	24284	1500032	2610	25886	1600052	2610	27500	1700037	2610	29130	1800048	2610	30756	1900042	2610	32380	2000051	2610	34003	2100019	2610	35616	2200029	2610	37221	2300042	2610	38830	2400003	2610	40458	2500060	2610	42087	2600016	2610	43712	2700037	2610	45337	2800015	2610	46953	2900023	2610	48568	3000042	2610	50168	3100030	2610	51782	3200051	2610	53403	3300013	2610	55028	3400066	2610	56643	3500064	2610	
1611	100044	2611	3221	200057	2611	4842	300046	2611	6460	400062	2611	8071	500050	2611	9696	600019	2611	11314	700053	2611	12932	800013	2611	14561	900067	2611	16183	1000008	2611	17811	1100061	2611	19424	1200047	2611	21044	1300025	2611	22671	1400016	2611	24269	1500018	2611	25881	1600038	2610	27496	1700052	2610	29115	1800026	2610	30735	1900054	2610	32363	2000040	2609	33991	2100057	2609	35600	2200005	2609	37226	2300007	2609	38842	2400018	2609	40458	2500035	2609	42090	2600022	2609	43715	2700034	2609	45327	2800014	2609	46953	2900010	2609	48575	3000017	2609	50198	3100056	2609	51803	3200058	2609	53421	3300030	2609	55030	3400050	2609	56657	3500022	2609	
492	100152	10027	982	200022	10027	1471	300191	10027	1962	400046	10027	2452	500031	10027	2942	600179	10027	3432	700144	10027	3921	800197	10027	4412	900034	10027	4906	1000183	10027	5391	1100147	10027	5873	1200083	10027	6358	1300175	10027	6847	1400086	10027	7330	1500051	10026	7816	1600061	10026	8305	1700193	10026	8796	1800023	10025	9277	1900172	10025	9772	2000041	10025	10265	2100211	10025	10752	2200052	10025	11244	2300208	10025	11731	2400150	10025	12224	2500018	10025	12719	2600193	10025	13208	2700250	10025	13697	2800034	10025	14189	2900042	10025	14679	3000174	10025	15173	3100185	10025	15665	3200191	10025	16160	3300081	10025	16645	3400035	10024	17136	3500172	10024	
485	100062	10027	973	200217	10027	1460	300104	10026	1946	400183	10026	2438	500192	10025	2926	600184	10025	3416	700112	10025	3907	800141	10025	4392	900041	10024	4883	1000041	10024	5374	1100121	10024	5861	1200133	10024	6349	1300122	10024	6841	1400029	10024	7338	1500131	10024	7829	1600170	10024	8319	1700114	10024	8807	1800046	10024	9300	1900038	10024	9792	2000067	10024	10282	2100155	10024	10768	2200041	10024	11257	2300075	10024	11750	2400044	10024	12239	2500050	10024	12727	2600192	10024	13219	2700211	10024	13711	2800184	10023	14201	2900172	10023	14693	3000038	10023	15183	3100183	10023	15675	3200242	10023	16167	3300196	10022	16656	3400138	10022	17150	3500170	10022	
494	100197	10027	980	200036	10026	1474	300039	10025	1969	400183	10025	2463	500092	10025	2955	600051	10025	3446	700221	10025	3937	800188	10025	4427	900108	10025	4921	1000105	10025	5414	1100090	10025	5902	1200019	10025	6396	1300121	10025	6886	1400072	10025	7375	1500209	10025	7867	1600104	10025	8361	1700108	10025	8853	1800198	10025	9340	1900150	10025	9831	2000064	10025	10326	2100195	10025	10818	2200040	10025	11311	2300087	10024	11805	2400067	10024	12297	2500165	10024	12783	2600181	10023	13271	2700210	10023	13761	2800116	10023	14253	2900059	10022	14747	3000031	10022	15232	3100054	10022	15723	3200182	10022	16212	3300194	10022	16696	3400111	10022	17188	3500041	10022	
493	100041	10027	985	200112	10027	1474	300223	10027	1965	400194	10027	2455	500175	10027	2939	600164	10027	3424	700216	10027	3913	800128	10027	4400	900062	10027	4887	1000048	10026	5375	1100204	10026	5867	1200134	10026	6360	1300137	10026	6851	1400038	10026	7338	1500212	10026	7819	1600044	10026	8310	1700171	10026	8798	1800091	10026	9290	1900110	10026	9782	2000065	10026	10269	2100081	10026	10760	2200211	10026	11251	2300036	10026	11736	2400098	10026	12223	2500192	10026	12711	2600103	10026	13197	2700104	10026	13690	2800159	10026	14184	2900196	10026	14677	3000056	10025	15164	3100132	10025	15655	3200196	10025	16144	3300174	10023	16634	3400131	10022	17114	3500158	10022	
486	100126	10027	979	200211	10027	1457	300051	10027	1945	400064	10027	2439	500104	10027	2929	600063	10027	3415	700016	10027	3905	800206	10027	4394	900188	10027	4883	1000210	10027	5358	1100016	10027	5848	1200208	10027	6335	1300113	10026	6822	1400059	10026	7299	1500126	10026	7784	1600092	10026	8274	1700205	10026	8765	1800140	10026	9256	1900159	10026	9745	2000072	10026	10236	2100173	10026	10726	2200185	10026	11217	2300183	10026	11705	2400021	10026	12199	2500182	10026	12690	2600116	10026	13181	2700137	10026	13674	2800101	10026	14158	2900109	10026	14649	3000023	10026	15136	3100157	10026	15627	3200187	10026	16116	3300027	10026	16609	3400172	10026	17090	3500094	10025	
108	100822	50414	213	200174	50414	320	300725	50414	427	400268	50414	535	500524	50414	643	600696	50414	750	700953	50414	856	800145	50414	963	900585	50414	1069	1000806	50414	1175	1100534	50414	1280	1200876	50414	1387	1300412	50414	1494	1400499	50413	1601	1501011	50413	1707	1600343	50413	1814	1701016	50413	1917	1800523	50413	2024	1900536	50413	2131	2000874	50413	2237	2100487	50413	2342	2200491	50413	2450	2301012	50413	2557	2400941	50413	2664	2500560	50413	2772	2600583	50413	2878	2700365	50413	2985	2800393	50413	3091	2900328	50413	3198	3000497	50413	3305	3100933	50413	3410	3200136	50413	3518	3300802	50412	3625	3400903	50411	3732	3500450	50411	
106	100454	50414	212	200955	50412	317	300080	50412	424	400397	50411	530	500218	50411	638	600666	50411	744	700369	50411	852	800783	50411	958	900139	50410	1064	1000355	50410	1171	1100726	50410	1277	1200511	50410	1383	1300243	50410	1490	1400191	50410	1598	1500742	50410	1704	1600262	50410	1811	1700770	50410	1916	1800220	50410	2021	1900167	50410	2129	2000691	50410	2235	2100237	50410	2342	2200190	50410	2449	2300694	50410	2555	2400587	50410	2662	2500885	50410	2768	2600475	50410	2874	2700173	50409	2979	2800319	50409	3086	2900383	50409	3192	3000566	50409	3299	3100120	50408	3406	3201003	50408	3512	3300178	50408	3618	3400181	50408	3725	3500760	50408	
107	100163	50414	213	200563	50413	319	300325	50412	426	400521	50412	533	500663	50412	639	600238	50412	747	700975	50412	852	800094	50412	959	900628	50412	1066	1001011	50412	1171	1101066	50412	1276	1200524	50412	1382	1300451	50412	1488	1400979	50412	1594	1500971	50412	1698	1600724	50412	1803	1701034	50412	1908	1800414	50412	2015	1900305	50412	2122	2000934	50412	2228	2100674	50412	2334	2200546	50411	2438	2300674	50411	2541	2400141	50411	2649	2500868	50410	2756	2600246	50410	2863	2700314	50410	2970	2800474	50409	3077	2900087	50409	3185	3000331	50409	3292	3101009	50409	3399	3200957	50409	3505	3300436	50409	3611	3401009	50409	3717	3500532	50409	
109	100983	50414	215	200300	50414	322	300238	50414	428	400078	50414	535	500676	50414	641	600448	50414	747	700467	50414	853	800334	50414	960	900162	50413	1068	1000509	50413	1173	1100954	50413	1278	1200390	50413	1384	1300324	50413	1490	1400200	50413	1598	1500740	50413	1704	1600287	50413	1811	1700363	50413	1917	1800602	50413	2024	1900786	50413	2131	2000854	50413	2238	2100817	50413	2344	2200758	50413	2450	2301000	50413	2553	2400429	50413	2659	2500939	50413	2765	2600484	50413	2873	2700905	50413	2980	2800404	50413	3088	2900611	50413	3194	3000424	50413	3301	3100361	50411	3408	3200708	50410	3514	3300692	50410	3620	3400151	50410	3726	3500148	50410	
107	100691	50414	214	200744	50414	321	300974	50414	427	400722	50414	534	500996	50414	640	600795	50414	746	700706	50414	853	800697	50414	959	900344	50414	1066	1000596	50414	1173	1100873	50414	1280	1200770	50413	1386	1300471	50413	1493	1400995	50413	1600	1500995	50412	1705	1600922	50412	1810	1700094	50412	1916	1800206	50412	2023	1900291	50412	2129	2000107	50412	2236	2100952	50412	2343	2200741	50412	2447	2300432	50412	2554	2400913	50412	2660	2500207	50412	2766	2600286	50412	2872	2700537	50412	2977	2800783	50412	3083	2900729	50412	3190	3000535	50412	3296	3100902	50412	3402	3200484	50412	3508	3300724	50411	3615	3400386	50411	3722	3500587	50411	
