wersja nr 1;wspolczynnik mutacji 1.600000;wielkosc populacji 60
332	100117	558	656	200232	143	972	300158	44	1289	400327	44	1604	500024	44	1921	600129	44	2239	700137	44	2555	800057	44	2872	900300	44	3188	1000167	44	3505	1100073	44	3823	1200314	44	4141	1300244	44	4457	1400317	44	4773	1500230	44	5091	1600204	44	5408	1700218	44	5726	1800303	44	6044	1900240	44	6359	2000141	44	6677	2100111	44	6993	2200308	44	7309	2300109	44	7625	2400048	44	7942	2500307	44	8259	2600221	44	8575	2700196	44	8892	2800194	44	9208	2900252	44	9525	3000302	44	9842	3100235	44	10159	3200296	44	10476	3300268	44	10793	3400240	44	11111	3500148	44	
333	100245	556	659	200098	168	978	300135	44	1296	400240	44	1611	500060	44	1928	600149	44	2245	700069	44	2562	800096	44	2880	900203	44	3197	1000102	44	3515	1100225	44	3832	1200062	44	4149	1300051	44	4466	1400242	44	4783	1500177	44	5100	1600036	44	5418	1700302	44	5735	1800242	44	6052	1900129	44	6370	2000210	44	6687	2100048	44	7006	2200284	44	7322	2300074	44	7640	2400236	44	7958	2500243	44	8275	2600087	44	8592	2700084	44	8909	2800115	44	9225	2900085	44	9543	3000209	44	9860	3100134	44	10178	3200178	44	10495	3300214	44	10812	3400288	44	11129	3500055	44	
333	100186	552	658	200075	153	976	300122	44	1293	400270	44	1610	500133	44	1926	600118	44	2244	700161	44	2559	800225	44	2876	900096	44	3193	1000082	44	3510	1100136	44	3827	1200297	44	4143	1300092	44	4460	1400150	44	4777	1500170	44	5093	1600064	44	5411	1700265	44	5728	1800237	44	6045	1900323	44	6362	2000061	44	6680	2100238	44	6997	2200190	44	7315	2300311	44	7630	2400102	44	7947	2500253	44	8264	2600296	44	8581	2700055	44	8899	2800230	44	9216	2900123	44	9533	3000042	44	9850	3100303	44	10166	3200303	44	10483	3300292	44	10798	3400020	44	11116	3500069	44	
334	100296	535	658	200197	144	974	300225	44	1290	400216	44	1608	500317	44	1925	600089	44	2242	700132	44	2560	800295	44	2876	900148	44	3195	1000309	44	3513	1100323	44	3830	1200046	44	4148	1300162	44	4464	1400096	44	4782	1500145	44	5100	1600175	44	5416	1700170	44	5734	1800176	44	6051	1900131	44	6369	2000144	44	6686	2100142	44	7004	2200098	44	7322	2300196	44	7639	2400246	44	7953	2500096	44	8266	2600029	44	8581	2700091	44	8898	2800204	44	9215	2900228	44	9533	3000192	44	9850	3100131	44	10167	3200146	44	10484	3300048	44	10802	3400047	44	11119	3500244	44	
331	100209	561	652	200139	165	970	300088	44	1286	400195	44	1601	500136	44	1919	600289	44	2237	700191	44	2554	800263	44	2871	900184	44	3189	1000325	44	3506	1100169	44	3823	1200144	44	4140	1300060	44	4458	1400166	44	4775	1500163	44	5093	1600184	44	5411	1700287	44	5726	1800072	44	6042	1900313	44	6356	2000106	44	6673	2100091	44	6990	2200238	44	7306	2300070	44	7622	2400247	44	7937	2500147	44	8253	2600060	44	8571	2700238	44	8889	2800303	44	9206	2900312	44	9523	3000139	44	9841	3100331	44	10158	3200165	44	10475	3300213	44	10792	3400310	44	11108	3500027	44	
338	100107	562	674	200224	106	1001	300151	46	1331	400236	46	1660	500084	46	1988	600113	46	2316	700215	46	2645	800045	46	2974	900283	46	3303	1000228	46	3633	1100125	46	3961	1200054	46	4291	1300248	46	4617	1400251	46	4945	1500164	46	5274	1600284	46	5603	1700113	46	5930	1800235	46	6259	1900042	46	6589	2000152	46	6918	2100061	46	7245	2200068	46	7573	2300109	46	7904	2400282	46	8233	2500021	46	8562	2600113	46	8892	2700202	46	9222	2800248	46	9551	2900187	46	9880	3000142	46	10208	3100252	46	10534	3200292	46	10861	3300261	46	11190	3400295	46	11518	3500056	46	
337	100311	589	671	200146	146	999	300291	46	1328	400231	46	1656	500217	46	1985	600149	46	2313	700111	46	2642	800231	46	2971	900232	46	3300	1000026	46	3629	1100302	46	3958	1200147	46	4287	1300165	46	4615	1400115	46	4944	1500057	46	5273	1600155	46	5602	1700134	46	5932	1800078	46	6262	1900214	46	6591	2000215	46	6919	2100319	46	7247	2200172	46	7575	2300021	46	7904	2400184	46	8232	2500068	46	8560	2600116	46	8887	2700133	46	9215	2800266	46	9541	2900129	46	9870	3000273	46	10198	3100061	46	10527	3200046	46	10857	3300230	46	11182	3400075	46	11512	3500273	46	
339	100249	580	672	200053	145	1000	300207	46	1329	400100	46	1659	500072	46	1988	600042	46	2316	700258	46	2645	800317	46	2974	900226	46	3303	1000284	46	3632	1100099	46	3961	1200046	46	4289	1300024	46	4616	1400223	46	4944	1500136	46	5273	1600298	46	5599	1700024	46	5927	1800174	46	6256	1900278	46	6584	2000041	46	6914	2100269	46	7242	2200067	46	7571	2300291	46	7900	2400221	46	8228	2500261	46	8557	2600175	46	8884	2700084	46	9214	2800232	46	9543	2900022	46	9873	3000103	46	10201	3100084	46	10528	3200243	46	10856	3300027	46	11186	3400281	46	11513	3500066	46	
338	100273	574	671	200220	147	1000	300074	46	1329	400255	46	1656	500092	46	1985	600060	46	2315	700328	46	2643	800317	46	2971	900245	46	3299	1000176	46	3628	1100104	46	3957	1200259	46	4286	1300152	46	4615	1400210	46	4943	1500162	46	5272	1600088	46	5601	1700027	46	5931	1800120	46	6260	1900169	46	6589	2000065	46	6918	2100072	46	7247	2200244	46	7575	2300252	46	7901	2400253	46	8230	2500232	46	8559	2600075	46	8888	2700275	46	9215	2800227	46	9544	2900276	46	9871	3000053	46	10201	3100172	46	10528	3200142	46	10857	3300067	46	11186	3400183	46	11514	3500237	46	
339	100110	560	672	200273	131	1001	300122	46	1331	400291	46	1660	500066	46	1983	600098	46	2309	700289	46	2636	800053	46	2964	900073	46	3292	1000210	46	3620	1100026	46	3950	1200263	46	4279	1300138	46	4609	1400116	46	4939	1500178	46	5268	1600115	46	5597	1700096	46	5925	1800184	46	6254	1900141	46	6583	2000249	46	6908	2100065	46	7237	2200188	46	7566	2300281	46	7895	2400176	46	8223	2500087	46	8552	2600220	46	8881	2700154	46	9209	2800249	46	9535	2900158	46	9863	3000211	46	10191	3100136	46	10521	3200323	46	10850	3300295	46	11178	3400105	46	11506	3500050	46	
129	100599	4714	257	200591	4282	384	300141	3886	512	400573	3496	638	500427	3121	764	600407	2785	891	700788	2479	1016	800730	2184	1141	900181	1899	1266	1000548	1645	1390	1100451	1415	1515	1200670	1200	1638	1300594	1005	1760	1400195	826	1883	1500725	650	2005	1600542	501	2126	1700817	383	2244	1800379	296	2362	1900829	225	2475	2000188	200	2589	2100756	200	2702	2200849	200	2814	2300272	200	2926	2400101	200	3038	2500172	200	3152	2600796	200	3265	2700806	200	3377	2800291	200	3490	2900732	200	3603	3000498	200	3715	3100413	200	3828	3200853	200	3940	3300284	200	4053	3400449	200	4166	3500683	200	
129	100777	4730	257	200416	4298	385	300653	3881	512	400440	3500	640	500767	3141	766	600349	2785	892	700231	2471	1017	800345	2177	1143	900807	1897	1267	1000335	1636	1391	1100108	1407	1516	1200793	1184	1640	1300810	982	1763	1400489	787	1886	1500901	617	2006	1600246	475	2127	1700754	350	2245	1800782	271	2362	1900719	216	2475	2000444	200	2588	2100910	200	2700	2200311	200	2813	2300693	200	2925	2400224	200	3039	2500929	200	3151	2600501	200	3264	2700895	200	3376	2800955	200	3488	2900324	200	3600	3000395	200	3710	3100888	200	3820	3200432	200	3933	3300322	200	4046	3400395	200	4159	3500488	200	
129	100321	4734	257	200095	4307	384	300303	3900	511	400493	3532	638	500493	3181	764	600536	2835	890	700530	2522	1015	800189	2236	1140	900253	1957	1265	1000206	1702	1389	1100241	1464	1513	1200568	1223	1637	1300756	1004	1760	1400589	812	1882	1500573	650	2003	1600568	513	2123	1700241	395	2243	1800870	302	2360	1900543	228	2474	2000244	200	2587	2100607	200	2699	2200559	200	2811	2300105	200	2924	2400127	200	3038	2500905	200	3150	2600468	200	3263	2700879	200	3376	2800951	200	3488	2900385	200	3601	3000614	200	3714	3100291	200	3827	3200371	200	3940	3300162	200	4054	3400915	200	4167	3500861	200	
129	100243	4718	257	200134	4293	385	300832	3899	512	400804	3514	639	500563	3131	765	600176	2796	892	700699	2478	1017	800304	2185	1142	900351	1914	1267	1000438	1648	1390	1100291	1410	1514	1200272	1190	1638	1300455	974	1760	1400096	787	1881	1500361	629	2003	1600584	492	2124	1700582	380	2242	1800469	292	2360	1900915	230	2474	2000771	204	2587	2100540	200	2700	2200289	200	2813	2300360	200	2926	2400771	200	3039	2500166	200	3153	2600831	200	3266	2700739	200	3378	2800104	200	3492	2900952	200	3604	3000205	200	3717	3100647	200	3829	3200131	200	3943	3300732	200	4055	3400358	200	4168	3500320	200	
130	100411	4702	258	200268	4295	387	300695	3878	514	400356	3479	641	500722	3117	766	600167	2787	891	700094	2482	1017	800311	2187	1142	900094	1908	1268	1000622	1647	1393	1100852	1410	1517	1200617	1190	1640	1300253	984	1764	1400758	790	1886	1500539	624	2006	1600745	498	2124	1700236	396	2244	1800633	296	2360	1900474	226	2474	2000889	200	2586	2100552	200	2699	2200709	200	2812	2300673	200	2925	2400737	200	3038	2500717	200	3151	2600363	200	3264	2700701	200	3377	2800813	200	3490	2900819	200	3603	3000434	200	3716	3100350	200	3829	3200300	200	3942	3300544	200	4055	3400246	200	4169	3500850	200	
132	100376	4571	264	200450	4115	395	300561	3693	526	400731	3274	657	500495	2854	788	600528	2429	919	700515	2003	1049	800320	1591	1178	900530	1233	1307	1000188	897	1434	1100399	651	1560	1200633	459	1684	1300358	313	1806	1400652	230	1923	1500303	205	2039	1600776	205	2154	1700443	205	2270	1800533	205	2386	1900755	205	2501	2000207	205	2616	2100191	205	2731	2200255	205	2847	2300671	205	2962	2400411	205	3078	2500629	205	3193	2600170	205	3309	2700773	205	3424	2800364	205	3540	2900645	205	3655	3000489	205	3771	3100796	205	3886	3200290	205	4001	3300392	205	4117	3400796	205	4232	3500464	205	
132	100455	4569	263	200331	4119	394	300294	3700	525	400566	3288	656	500670	2859	786	600151	2448	917	700299	2045	1044	800568	1657	1173	900179	1288	1302	1000376	966	1430	1100578	689	1555	1200165	490	1680	1300746	337	1801	1400440	252	1919	1500324	205	2035	1600657	205	2150	1700382	205	2265	1800189	205	2381	1900944	205	2496	2000435	205	2612	2100945	205	2727	2200898	205	2842	2300724	205	2958	2400929	205	3073	2500421	205	3188	2600388	205	3304	2700797	205	3419	2800686	205	3535	2900855	205	3650	3000312	205	3765	3100590	205	3880	3200204	205	3995	3300355	205	4110	3400612	205	4225	3500868	205	
132	100669	4545	263	200379	4084	394	300196	3655	526	400491	3224	657	500262	2794	789	600780	2364	919	700618	1970	1048	800149	1583	1177	900130	1209	1305	1000199	887	1432	1100795	638	1558	1200136	432	1683	1300647	281	1802	1400818	215	1916	1500957	205	2030	1600449	205	2145	1700398	205	2260	1800133	205	2376	1900917	205	2491	2000710	205	2607	2100859	205	2722	2200643	205	2837	2300900	205	2952	2400428	205	3067	2500353	205	3182	2600762	205	3297	2700374	205	3412	2800159	205	3528	2900395	205	3644	3000826	205	3759	3100761	205	3874	3200409	205	3989	3300187	205	4104	3400340	205	4219	3500613	205	
131	100294	4576	263	200602	4118	394	300355	3677	525	400694	3244	655	500244	2818	785	600344	2407	917	700809	1983	1047	800755	1583	1176	900483	1217	1305	1000783	881	1432	1100368	620	1558	1200409	437	1681	1300850	327	1801	1400757	249	1918	1500360	210	2033	1600234	205	2149	1700679	205	2264	1800885	205	2378	1900281	205	2494	2000454	205	2610	2100821	205	2725	2200724	205	2840	2300189	205	2956	2400447	205	3072	2500939	205	3187	2600121	205	3303	2700515	205	3418	2800280	205	3533	2900109	205	3649	3000413	205	3765	3100935	205	3880	3200332	205	3996	3300546	205	4111	3400336	205	4227	3500634	205	
130	100746	4570	261	200554	4109	392	300654	3668	522	400330	3252	653	500114	2840	784	600548	2411	915	700666	2010	1045	800782	1608	1175	900428	1240	1304	1000656	926	1431	1100394	682	1557	1200416	488	1681	1300668	346	1801	1400241	251	1919	1500794	209	2034	1600700	205	2149	1700446	205	2265	1800671	205	2380	1900641	205	2495	2000302	205	2610	2100704	205	2725	2200400	205	2841	2300680	205	2956	2400728	205	3071	2500487	205	3186	2600335	205	3302	2700675	205	3417	2800307	205	3532	2900114	205	3648	3000701	205	3763	3100099	205	3879	3200638	205	3994	3300455	205	4109	3400496	205	4225	3500408	205	
30	103739	24930	59	202226	24589	89	303702	24253	118	401309	23943	148	503021	23602	177	601476	23296	206	700501	22976	236	801960	22663	266	903495	22353	295	1001676	22049	325	1103473	21738	354	1202784	21435	383	1302159	21134	412	1402445	20842	441	1501036	20549	471	1603173	20233	500	1701580	19932	530	1803949	19606	559	1902817	19320	588	2001636	19032	617	2100492	18750	647	2203308	18457	676	2302010	18181	706	2403318	17901	735	2502153	17621	765	2603783	17342	794	2702748	17064	823	2801069	16796	853	2903198	16520	882	3001775	16250	911	3100934	15998	941	3202818	15747	970	3301107	15507	1000	3403522	15258	1029	3501655	15035	
30	102633	24929	59	201240	24608	89	303021	24266	118	401509	23942	147	500598	23622	177	602940	23271	206	702267	22970	235	801054	22653	265	902718	22345	294	1001636	22046	324	1103771	21741	353	1202999	21430	382	1301780	21142	412	1403694	20826	441	1502094	20514	470	1601913	20206	499	1701133	19895	529	1803721	19584	558	1903021	19280	587	2003126	18998	616	2103452	18714	645	2202688	18439	674	2301784	18153	703	2401041	17861	733	2503421	17587	762	2602635	17309	791	2701438	17044	820	2800725	16788	850	2903023	16525	879	3001922	16274	908	3100644	16016	938	3202744	15761	967	3301123	15521	996	3400806	15290	1026	3502965	15027	
30	102710	24929	59	201778	24600	88	301294	24271	118	403392	23938	147	502089	23615	176	602736	23287	205	701249	22968	235	802716	22629	264	900992	22309	294	1003192	21984	323	1102993	21678	352	1202486	21368	381	1301482	21060	410	1401049	20770	439	1501354	20470	468	1601860	20168	497	1701180	19869	527	1802889	19567	556	1901343	19281	586	2003173	18981	615	2101807	18699	644	2200651	18416	674	2302655	18123	703	2401066	17863	733	2503130	17579	762	2601988	17317	791	2702084	17050	820	2801222	16799	849	2900951	16532	879	3002773	16266	908	3100694	16004	938	3202498	15743	967	3301414	15508	997	3402277	15267	1027	3503094	15016	
30	102824	24906	59	200951	24572	89	302387	24245	118	401124	23914	148	503849	23572	177	603228	23252	206	702054	22929	235	802313	22606	264	900950	22298	294	1003506	21981	323	1102367	21670	352	1201623	21367	381	1301013	21061	411	1403587	20750	440	1502356	20440	469	1600911	20141	498	1700623	19851	528	1802738	19534	557	1901794	19249	586	2001136	18959	616	2103369	18666	645	2203184	18379	674	2301975	18093	703	2400988	17816	732	2500489	17537	762	2602492	17246	791	2701581	16977	821	2803925	16707	850	2902710	16443	879	3001163	16162	909	3103215	15886	938	3201709	15636	968	3303474	15361	997	3402286	15116	1026	3501259	14867	
30	103247	24926	59	202350	24596	88	300907	24262	118	403278	23932	146	500927	23620	176	603399	23271	205	701763	22954	235	803724	22637	264	902585	22329	293	1002054	22013	322	1102124	21686	351	1201015	21386	380	1300510	21075	410	1403132	20758	439	1501838	20455	468	1600674	20156	497	1700786	19873	527	1802608	19563	556	1901095	19269	586	2002846	18967	615	2102116	18669	644	2201727	18400	673	2300522	18112	703	2403079	17839	732	2501966	17575	761	2601106	17305	791	2703040	17033	820	2802270	16778	849	2900934	16519	879	3002804	16253	908	3101874	16005	937	3201061	15753	967	3303551	15488	996	3403266	15246	1025	3501953	15001	
30	100608	24832	61	202676	24483	91	302453	24157	121	402074	23843	151	502025	23517	181	600959	23192	212	703578	22849	241	800556	22528	271	901384	22202	301	1001146	21861	331	1101232	21534	361	1200865	21215	392	1303423	20886	421	1400685	20585	452	1503131	20255	482	1602725	19926	512	1702478	19609	542	1801972	19283	572	1901807	18975	602	2001615	18672	632	2102098	18364	662	2202892	18035	692	2302366	17712	722	2402588	17385	752	2503433	17071	782	2603515	16742	811	2700545	16423	842	2803354	16097	872	2902986	15760	901	3000712	15463	931	3101846	15139	961	3201846	14820	991	3301585	14502	1021	3401736	14184	1051	3500975	13882	
30	101307	24862	60	201334	24531	90	301229	24200	120	400762	23888	150	503423	23560	180	602975	23228	210	702663	22899	240	802720	22566	270	902706	22227	300	1002491	21891	330	1102206	21577	360	1202031	21254	390	1301754	20918	420	1402064	20594	450	1502513	20276	480	1602652	19943	510	1702242	19625	540	1802360	19312	570	1902528	18991	600	2001957	18671	630	2101127	18363	660	2200595	18050	691	2303778	17725	721	2403285	17421	751	2503427	17107	781	2603252	16798	811	2702214	16489	841	2802023	16177	871	2901422	15866	901	3000822	15558	932	3103399	15245	962	3203396	14912	992	3303022	14602	1021	3400566	14299	1052	3503256	13966	
30	100767	24855	61	203093	24510	91	302819	24178	121	403276	23843	151	502947	23521	181	602392	23192	211	702551	22858	241	802094	22511	271	901617	22191	301	1000727	21870	331	1100937	21550	361	1201132	21223	391	1300836	20898	422	1403565	20584	452	1502728	20278	482	1603035	19963	512	1702751	19669	542	1802287	19355	572	1902505	19042	602	2002745	18720	632	2103070	18414	662	2202590	18107	692	2303536	17789	722	2403502	17475	752	2503067	17157	782	2603476	16836	812	2703093	16512	842	2802376	16191	872	2902744	15889	902	3003128	15576	932	3103115	15264	962	3202886	14956	992	3303151	14639	1022	3403268	14320	1052	3503592	14010	
30	100716	24838	61	203441	24490	90	301180	24173	120	400967	23845	150	501142	23505	180	601435	23178	210	701405	22855	240	800666	22528	271	903630	22182	300	1000782	21855	331	1103589	21514	360	1200614	21192	391	1303194	20846	421	1403418	20523	451	1503593	20188	480	1600621	19886	510	1701771	19569	540	1801173	19248	570	1900979	18933	601	2003638	18615	630	2101005	18308	660	2201429	17983	690	2301336	17642	720	2400873	17316	751	2503634	16982	781	2603363	16661	811	2703957	16353	841	2803765	16046	870	2900694	15743	901	3003578	15422	931	3103512	15113	960	3200853	14791	990	3301708	14472	1020	3402059	14154	1050	3502427	13828	
31	103554	24834	60	200471	24522	90	300648	24188	120	400585	23880	150	501600	23562	180	600759	23246	210	700802	22930	240	800994	22614	271	903496	22282	301	1003314	21965	331	1103367	21629	360	1200564	21312	390	1300697	20984	421	1403320	20644	451	1502737	20321	481	1603478	20010	510	1700750	19685	540	1800933	19358	570	1900980	19038	600	2000846	18715	631	2103730	18393	660	2201269	18082	690	2301231	17765	720	2401551	17447	750	2501872	17134	780	2601768	16817	810	2701638	16491	840	2802283	16169	870	2901933	15842	900	3001397	15525	930	3100895	15218	960	3201462	14908	990	3301986	14590	1020	3402401	14274	1050	3503057	13961	
373	100232	47	745	200091	47	1120	300117	47	1493	400054	47	1867	500157	47	2241	600171	47	2616	700099	47	2991	800215	47	3365	900192	47	3740	1000184	47	4114	1100017	47	4488	1200172	47	4863	1300155	47	5238	1400215	47	5612	1500062	47	5987	1600181	47	6362	1700131	47	6734	1800111	47	7109	1900271	47	7483	2000016	47	7859	2100236	47	8233	2200264	47	8607	2300271	47	8976	2400140	47	9350	2500019	47	9725	2600166	47	10100	2700181	47	10475	2800264	47	10849	2900089	47	11221	3000159	47	11596	3100247	47	11968	3200070	47	12342	3300078	47	12716	3400127	47	13091	3500130	47	
375	100184	47	751	200271	47	1124	300112	47	1498	400071	47	1873	500085	47	2249	600105	47	2623	700193	47	2998	800257	47	3373	900270	47	3747	1000201	47	4121	1100091	47	4496	1200097	47	4871	1300148	47	5246	1400127	47	5621	1500207	47	5995	1600238	47	6369	1700231	47	6741	1800203	47	7115	1900123	47	7489	2000031	47	7864	2100088	47	8238	2200041	47	8610	2300167	47	8984	2400277	47	9360	2500235	47	9735	2600250	47	10108	2700019	47	10481	2800079	47	10856	2900225	47	11231	3000227	47	11606	3100152	47	11981	3200134	47	12355	3300062	47	12729	3400242	47	13104	3500235	47	
375	100065	47	750	200057	47	1121	300229	47	1495	400090	47	1870	500064	47	2245	600158	47	2618	700112	47	2990	800029	47	3363	900170	47	3738	1000239	47	4112	1100245	47	4486	1200222	47	4858	1300116	47	5231	1400198	47	5604	1500028	47	5979	1600175	47	6354	1700195	47	6728	1800232	47	7100	1900148	47	7474	2000184	47	7848	2100153	47	8222	2200071	47	8595	2300238	47	8969	2400025	47	9343	2500089	47	9718	2600205	47	10092	2700231	47	10464	2800250	47	10838	2900064	47	11212	3000123	47	11586	3100038	47	11960	3200131	47	12333	3300219	47	12706	3400151	47	13081	3500222	47	
373	100170	47	747	200222	47	1121	300063	47	1495	400092	47	1870	500144	47	2245	600201	47	2619	700066	47	2993	800141	47	3367	900155	47	3741	1000134	47	4115	1100047	47	4490	1200158	47	4864	1300067	47	5239	1400224	47	5612	1500100	47	5987	1600234	47	6361	1700022	47	6735	1800023	47	7108	1900149	47	7483	2000142	47	7857	2100135	47	8231	2200220	47	8604	2300032	47	8977	2400237	47	9351	2500143	47	9726	2600230	47	10100	2700039	47	10475	2800064	47	10848	2900270	47	11222	3000271	47	11595	3100079	47	11970	3200054	47	12341	3300128	47	12714	3400074	47	13089	3500070	47	
371	100127	47	741	200051	47	1113	300041	47	1486	400057	47	1859	500202	47	2233	600172	47	2607	700098	47	2982	800190	47	3356	900094	47	3730	1000108	47	4104	1100076	47	4479	1200132	47	4854	1300202	47	5227	1400281	47	5601	1500272	47	5975	1600108	47	6349	1700035	47	6724	1800262	47	7098	1900102	47	7469	2000017	47	7843	2100275	47	8216	2200025	47	8589	2300218	47	8960	2400122	47	9334	2500130	47	9708	2600071	47	10082	2700074	47	10457	2800185	47	10830	2900220	47	11205	3000197	47	11579	3100035	47	11954	3200179	47	12327	3300239	47	12700	3400226	47	13074	3500258	47	
404	100158	53	808	200075	53	1211	300055	53	1615	400247	53	2016	500077	53	2420	600113	53	2823	700027	53	3228	800137	53	3630	900206	53	4033	1000216	53	4436	1100093	53	4835	1200249	53	5238	1300121	53	5638	1400191	53	6039	1500244	53	6443	1600131	53	6846	1700095	53	7247	1800039	53	7651	1900080	53	8055	2000238	53	8458	2100053	53	8860	2200151	53	9264	2300216	53	9667	2400200	53	10068	2500131	53	10472	2600175	53	10873	2700105	53	11268	2800050	53	11667	2900061	53	12070	3000255	53	12473	3100152	53	12877	3200173	53	13281	3300122	53	13685	3400226	53	14086	3500167	53	
404	100054	53	808	200251	53	1210	300055	53	1601	400148	53	2004	500090	53	2408	600067	53	2812	700024	53	3216	800097	53	3619	900069	53	4021	1000140	53	4425	1100109	53	4829	1200153	53	5227	1300187	53	5631	1400079	53	6036	1500244	53	6439	1600059	53	6843	1700242	53	7244	1800138	53	7647	1900249	53	8048	2000193	53	8450	2100083	53	8855	2200198	53	9256	2300103	53	9660	2400036	53	10064	2500092	53	10466	2600108	53	10867	2700128	53	11267	2800156	53	11670	2900160	53	12074	3000201	53	12477	3100209	53	12881	3200233	53	13282	3300030	53	13686	3400109	53	14089	3500070	53	
403	100041	53	806	200056	53	1210	300045	53	1614	400021	53	2019	500254	53	2422	600171	53	2826	700097	53	3229	800112	53	3632	900183	53	4029	1000165	53	4430	1100126	53	4834	1200172	53	5238	1300027	53	5642	1400136	53	6045	1500151	53	6447	1600023	53	6851	1700254	53	7255	1800130	53	7659	1900170	53	8064	2000200	53	8467	2100036	53	8871	2200076	53	9276	2300173	53	9678	2400144	53	10081	2500200	53	10484	2600253	53	10888	2700162	53	11289	2800163	53	11693	2900166	53	12096	3000156	53	12500	3100244	53	12901	3200167	53	13304	3300221	53	13707	3400092	53	14112	3500227	53	
397	100188	53	800	200034	53	1204	300143	53	1607	400215	53	2011	500234	53	2414	600034	53	2818	700112	53	3222	800090	53	3627	900236	53	4029	1000042	53	4432	1100032	53	4836	1200085	53	5241	1300181	53	5645	1400075	53	6049	1500127	53	6453	1600056	53	6857	1700245	53	7261	1800179	53	7664	1900094	53	8067	2000028	53	8471	2100174	53	8873	2200122	53	9276	2300264	53	9679	2400186	53	10083	2500226	53	10487	2600029	53	10891	2700175	53	11294	2800087	53	11699	2900146	53	12102	3000077	53	12505	3100019	53	12906	3200228	53	13307	3300180	53	13708	3400228	53	14111	3500241	53	
404	100174	53	807	200073	53	1211	300042	53	1616	400253	53	2021	500125	53	2427	600233	53	2830	700156	53	3234	800096	53	3639	900022	53	4042	1000129	53	4440	1100044	53	4839	1200039	53	5245	1300058	53	5649	1400136	53	6053	1500083	53	6459	1600245	53	6863	1700038	53	7269	1800144	53	7675	1900165	53	8080	2000192	53	8485	2100078	53	8891	2200164	53	9294	2300049	53	9696	2400220	53	10096	2500180	53	10502	2600246	53	10905	2700248	53	11310	2800098	53	11715	2900183	53	12120	3000078	53	12526	3100173	53	12929	3200082	53	13334	3300070	53	13738	3400166	53	14143	3500137	53	
132	100606	193	254	200544	191	377	300819	191	499	400577	191	621	500211	191	743	600345	191	866	700487	191	989	800530	191	1112	900804	191	1234	1000868	191	1356	1100435	191	1479	1200604	191	1602	1300654	191	1725	1400845	191	1847	1500749	191	1969	1600400	191	2091	1700173	191	2213	1800150	191	2336	1900271	191	2460	2000714	191	2582	2100665	191	2705	2200710	191	2828	2300805	191	2950	2400314	191	3073	2500376	191	3196	2600619	191	3318	2700575	191	3441	2800601	191	3563	2900329	191	3686	3000771	191	3808	3100763	191	3930	3200425	191	4053	3300703	191	4175	3400321	191	4298	3500612	191	
131	100168	193	254	200573	191	376	300116	191	500	400897	191	622	500420	191	745	600876	191	867	700298	191	990	800888	191	1112	900881	191	1234	1000730	191	1355	1100650	191	1477	1200281	191	1599	1300110	191	1722	1400693	191	1844	1500497	191	1966	1600376	191	2089	1700291	191	2212	1800855	191	2334	1900166	191	2457	2000234	191	2580	2100574	191	2702	2200346	191	2824	2300472	191	2947	2400873	191	3069	2500300	191	3192	2600422	191	3315	2700813	191	3437	2800568	191	3559	2900205	191	3681	3000434	191	3803	3100659	191	3925	3200415	191	4048	3300388	191	4170	3400451	191	4293	3500608	191	
132	100480	192	255	200718	191	377	300094	191	500	400681	191	622	500596	191	745	600853	191	867	700836	191	989	800555	191	1112	900821	191	1233	1000178	191	1355	1100328	191	1477	1200767	191	1598	1300206	191	1721	1400531	191	1844	1500751	191	1967	1600566	191	2089	1700166	191	2212	1800119	191	2335	1900360	191	2458	2000287	191	2581	2100498	191	2703	2200241	191	2826	2300407	191	2949	2400703	191	3072	2500908	191	3194	2600695	191	3316	2700658	191	3438	2800147	191	3561	2900801	191	3684	3000866	191	3806	3100337	191	3929	3200259	191	4052	3300433	191	4174	3400140	191	4297	3500441	191	
132	100497	193	254	200745	191	376	300312	191	499	400447	191	622	500810	191	744	600335	191	866	700130	191	989	800850	191	1111	900321	191	1234	1000540	191	1356	1100248	191	1479	1200688	191	1601	1300134	191	1724	1400762	191	1846	1500308	191	1969	1600350	191	2092	1700367	191	2215	1800662	191	2337	1900218	191	2460	2000387	191	2583	2100654	191	2705	2200411	191	2828	2300797	191	2950	2400101	191	3073	2500387	191	3196	2600497	191	3319	2700839	191	3441	2800812	191	3563	2900348	191	3686	3000613	191	3808	3100298	191	3931	3200829	191	4052	3300321	191	4175	3400518	191	4297	3500338	191	
131	100406	192	254	200885	191	376	300377	191	499	400587	191	621	500268	191	744	600637	191	866	700301	191	989	800825	191	1111	900344	191	1233	1000188	191	1356	1100303	191	1479	1200449	191	1602	1300510	191	1724	1400077	191	1847	1500712	191	1969	1600124	191	2092	1700465	191	2215	1800908	191	2337	1900567	191	2460	2000577	191	2583	2100818	191	2705	2200307	191	2828	2300233	191	2951	2400509	191	3073	2500740	191	3195	2600824	191	3317	2700083	191	3440	2800429	191	3562	2900343	191	3684	3000143	191	3807	3100818	191	3929	3200149	191	4052	3300467	191	4175	3400704	191	4298	3500763	191	
141	100409	194	274	200215	194	407	300266	194	540	400512	194	673	500621	194	805	600098	194	938	700146	194	1071	800678	194	1203	900131	194	1336	1000469	194	1469	1100737	194	1602	1200757	194	1735	1300801	194	1868	1400765	194	2001	1500730	194	2134	1600508	194	2266	1700099	194	2399	1800214	194	2532	1900805	194	2664	2000354	194	2796	2100484	194	2929	2200565	194	3062	2300501	194	3195	2400535	194	3328	2500603	194	3461	2600303	194	3594	2700146	194	3727	2800309	194	3860	2900477	194	3992	3000180	194	4125	3100472	194	4258	3200727	194	4390	3300725	194	4523	3400638	194	4655	3500210	194	
141	100325	194	274	200819	194	406	300572	194	535	400439	194	667	500404	194	799	600219	194	932	700110	194	1065	800418	194	1198	900798	194	1331	1000628	194	1463	1100199	194	1596	1200179	194	1729	1300272	194	1862	1400766	194	1994	1500788	194	2127	1600725	194	2259	1700210	194	2393	1800673	194	2526	1900759	194	2659	2000797	194	2792	2100698	194	2924	2200614	194	3057	2300808	194	3189	2400506	194	3321	2500337	194	3453	2600268	194	3585	2700755	194	3717	2800214	194	3850	2900370	194	3982	3000088	194	4116	3100697	194	4249	3200696	194	4382	3300717	194	4514	3400210	194	4646	3500532	194	
140	100715	194	272	200220	194	405	300103	194	538	400169	194	670	500285	194	802	600386	194	934	700311	194	1066	800084	194	1199	900197	194	1332	1000250	194	1464	1100339	194	1597	1200607	194	1729	1300145	194	1862	1400446	194	1994	1500298	194	2127	1600468	194	2260	1700562	194	2393	1800559	194	2525	1900329	194	2658	2000800	194	2789	2100071	194	2922	2200455	194	3055	2300524	194	3188	2400683	194	3321	2500796	194	3453	2600379	194	3585	2700270	194	3717	2800246	194	3850	2900555	194	3983	3000674	194	4115	3100569	194	4248	3200661	194	4380	3300143	194	4513	3400182	194	4646	3500308	194	
141	100514	194	273	200253	194	406	300636	194	539	400716	194	672	500334	194	804	600230	194	937	700659	194	1069	800561	194	1202	900783	194	1335	1000824	194	1467	1100160	194	1600	1200558	194	1732	1300607	194	1865	1400698	194	1997	1500120	194	2129	1600289	194	2262	1700505	194	2394	1800642	194	2526	1900436	194	2658	2000532	194	2791	2100610	194	2923	2200191	194	3057	2300629	194	3189	2400155	194	3322	2500082	194	3455	2600426	194	3588	2700724	194	3720	2800288	194	3853	2900496	194	3985	3000289	194	4118	3100571	194	4250	3200269	194	4383	3300498	194	4516	3400792	194	4649	3500555	194	
141	100245	194	274	200733	194	406	300231	194	539	400601	194	671	500117	194	804	600575	194	936	700233	194	1068	800091	194	1201	900082	194	1334	1000527	194	1466	1100518	194	1598	1200558	194	1730	1300140	194	1863	1400352	194	1996	1500379	194	2129	1600524	194	2262	1700761	194	2395	1800734	194	2527	1900311	194	2660	2000762	194	2792	2100440	194	2924	2200280	194	3057	2300660	194	3189	2400594	194	3321	2500185	194	3455	2600778	194	3587	2700094	194	3720	2800415	194	3851	2900162	194	3983	3000366	194	4116	3100793	194	4247	3200139	194	4380	3300746	194	4513	3400429	194	4645	3500278	194	
34	102496	1666	67	201781	1564	100	300769	1472	133	401120	1395	166	502041	1309	199	603377	1237	230	700515	1192	262	801966	1151	294	901754	1118	326	1003373	1089	357	1102304	1064	389	1203262	1045	420	1302598	1033	451	1401704	1023	482	1501117	1012	513	1601378	999	544	1701399	990	575	1801567	984	606	1901465	981	637	2001485	977	668	2102176	976	699	2202487	975	730	2302511	975	761	2402631	970	792	2502865	970	823	2602890	970	854	2703405	970	885	2803456	967	915	2900408	966	946	3000541	966	977	3101336	966	1008	3202087	966	1039	3302541	966	1070	3402942	965	1100	3500449	965	
34	100629	1695	68	202462	1566	101	303251	1475	133	400874	1389	166	500888	1312	199	601179	1244	231	701204	1193	264	803290	1155	296	902218	1122	328	1003221	1094	359	1101123	1073	391	1202644	1052	422	1301319	1038	454	1403437	1015	485	1502662	1006	516	1602043	995	547	1702808	993	578	1802255	987	609	1902249	984	640	2002248	978	671	2102591	976	702	2202781	972	733	2303273	971	764	2403358	969	794	2500566	969	825	2600751	967	856	2701442	967	887	2802088	967	918	2902748	965	949	3003104	965	980	3103190	965	1010	3200433	965	1041	3300915	965	1072	3401093	965	1103	3501552	965	
34	100666	1681	68	202308	1584	101	302025	1490	134	401350	1406	167	502179	1335	200	603263	1280	232	702935	1234	264	802141	1190	296	901954	1157	328	1002579	1121	360	1103313	1095	391	1202197	1079	422	1300827	1063	454	1402097	1039	485	1500765	1026	517	1603147	1019	548	1702347	1010	579	1802107	1004	610	1901286	994	641	2001389	985	672	2100947	978	703	2200639	976	734	2301074	972	765	2401090	968	796	2501188	967	827	2601754	967	858	2702105	967	889	2802706	967	920	2902743	967	951	3003068	967	982	3103155	967	1013	3203047	967	1043	3300614	967	1074	3401284	967	1105	3501368	966	
35	103132	1668	68	201389	1544	101	300750	1444	135	403197	1366	167	501284	1298	200	602183	1246	232	701990	1201	264	802302	1165	296	902932	1131	327	1001140	1100	359	1102960	1076	390	1201862	1056	421	1300756	1032	453	1403214	1025	484	1503150	1013	515	1603232	1006	546	1702933	999	577	1803485	994	608	1903482	989	639	2003580	989	669	2100920	989	700	2201173	989	731	2301306	984	762	2402356	982	793	2502402	978	824	2602155	973	855	2702695	972	886	2803514	971	917	2903447	968	948	3003482	967	978	3100989	965	1009	3201562	965	1040	3301989	965	1071	3402196	965	1102	3502480	965	
34	102051	1694	68	202916	1588	101	302282	1494	134	400984	1420	167	501235	1355	200	601992	1289	232	701601	1233	265	803232	1180	296	902239	1146	327	1000644	1117	359	1101143	1095	391	1202961	1074	422	1302636	1065	453	1402048	1048	484	1501878	1040	515	1601775	1031	546	1701638	1018	577	1801117	1011	608	1901025	1005	639	2000571	1000	671	2103311	990	702	2203549	982	732	2300733	981	763	2401553	979	794	2501252	978	825	2600915	975	856	2701134	974	887	2801514	973	918	2901604	971	949	3001424	967	980	3102072	967	1011	3202674	966	1042	3303421	966	1072	3401217	966	1103	3501238	966	
37	101799	1616	73	201074	1500	109	301217	1396	145	401441	1302	180	501602	1223	215	601050	1166	250	700622	1122	285	801825	1072	320	902909	1045	354	1001643	1014	388	1101279	993	422	1201737	978	455	1300536	973	489	1401610	956	523	1503435	950	556	1602131	945	589	1701134	943	623	1802946	939	656	1901342	936	690	2002662	936	723	2101828	935	756	2200625	934	790	2302568	933	823	2400939	933	857	2502667	933	890	2601743	933	923	2700554	932	957	2802256	932	990	2900999	932	1024	3002808	932	1057	3101603	932	1090	3200699	932	1124	3302936	932	1157	3401930	932	1190	3501204	932	
36	102634	1635	72	200646	1523	108	301719	1431	144	402273	1337	179	500589	1257	214	601226	1187	249	702005	1132	284	803002	1085	319	902880	1053	353	1002256	1021	387	1101973	999	421	1201580	973	455	1302605	964	489	1403086	952	522	1501585	946	556	1602829	941	589	1700423	936	623	1802621	936	656	1901755	936	689	2000770	934	723	2102671	933	756	2201532	932	789	2300635	932	823	2402654	932	856	2501188	932	890	2602853	932	923	2701701	932	956	2800590	932	990	2902052	932	1023	3000865	932	1057	3102656	932	1090	3201575	932	1123	3300559	932	1157	3402129	932	1190	3500841	932	
37	102134	1632	74	202855	1500	110	302806	1392	146	403145	1294	181	502548	1213	216	600710	1141	251	701237	1091	286	801912	1051	320	900885	1032	354	1001094	1016	389	1102754	983	423	1202394	968	457	1303303	953	490	1401192	946	524	1502539	939	557	1600571	935	591	1701973	934	624	1800417	933	658	1902148	933	691	2000886	933	725	2102565	933	758	2201605	933	792	2303391	932	825	2402439	932	858	2501941	932	891	2601045	932	925	2702847	932	958	2801613	932	992	2903156	932	1025	3001621	932	1059	3103257	932	1092	3201940	932	1125	3300453	932	1159	3402846	932	1192	3501983	932	
37	102142	1614	73	202564	1523	109	302114	1408	145	402518	1317	180	500551	1234	216	601839	1164	251	702730	1114	286	802451	1058	320	901170	1029	355	1002918	999	389	1103103	986	423	1202699	970	456	1300996	959	490	1402295	952	523	1500956	947	557	1602053	938	590	1701164	937	624	1803020	936	657	1902167	934	690	2001585	934	723	2100649	934	757	2202587	933	790	2300934	932	824	2402613	932	857	2501410	932	890	2600556	932	924	2702297	932	957	2800911	932	990	2900427	932	1024	3003017	932	1057	3101998	932	1090	3200878	932	1124	3303274	932	1157	3402197	932	1190	3501676	932	
36	100389	1634	73	202044	1497	109	302216	1388	145	401768	1287	181	501809	1197	216	601464	1137	251	701086	1092	286	802761	1056	320	901779	1026	354	1001730	1007	388	1102405	990	422	1202508	975	456	1302807	962	489	1401248	954	523	1502639	948	556	1600769	941	590	1702232	939	623	1801636	937	657	1903378	937	690	2001854	936	723	2100549	935	757	2202606	935	790	2301375	933	823	2400904	933	857	2503208	933	890	2602054	933	923	2700671	933	957	2802443	933	990	2901239	932	1024	3003066	932	1057	3102021	932	1090	3200875	932	1124	3302527	932	1157	3402107	932	1190	3501820	932	
355	100178	1003	698	200220	413	1036	300099	52	1370	400145	50	1705	500125	50	2041	600273	50	2376	700241	50	2710	800172	50	3044	900204	50	3379	1000124	50	3714	1100137	50	4049	1200035	50	4385	1300309	50	4717	1400230	50	5051	1500042	50	5387	1600292	50	5722	1700120	50	6057	1800268	50	6392	1900198	50	6727	2000092	50	7061	2100127	50	7395	2200148	50	7730	2300165	50	8063	2400020	50	8398	2500041	50	8733	2600154	50	9068	2700257	50	9404	2800239	50	9739	2900071	50	10074	3000050	50	10409	3100032	50	10745	3200164	50	11081	3300119	50	11414	3400161	50	11749	3500236	50	
355	100103	1017	698	200050	421	1038	300189	50	1372	400319	50	1703	500253	50	2037	600183	50	2371	700294	50	2705	800083	50	3039	900160	50	3374	1000188	50	3709	1100195	50	4044	1200229	50	4377	1300213	50	4710	1400204	50	5046	1500282	50	5379	1600170	50	5712	1700107	50	6046	1800300	50	6378	1900205	50	6712	2000315	50	7047	2100088	50	7383	2200065	50	7719	2300292	50	8054	2400258	50	8390	2500237	50	8724	2600313	50	9057	2700155	50	9392	2800261	50	9726	2900264	50	10060	3000115	50	10395	3100304	50	10729	3200215	50	11064	3300295	50	11399	3400199	50	11734	3500106	50	
355	100040	994	698	200217	412	1037	300195	50	1372	400244	50	1705	500060	50	2041	600308	50	2376	700055	50	2710	800046	50	3045	900079	50	3379	1000020	50	3714	1100113	50	4047	1200035	50	4381	1300146	50	4716	1400202	50	5049	1500133	50	5384	1600102	50	5720	1700223	50	6055	1800231	50	6390	1900214	50	6725	2000174	50	7060	2100240	50	7393	2200075	50	7729	2300182	50	8063	2400171	50	8396	2500279	50	8728	2600197	50	9062	2700122	50	9396	2800117	50	9729	2900117	50	10064	3000028	50	10400	3100166	50	10734	3200068	50	11069	3300065	50	11405	3400225	50	11738	3500101	50	
355	100152	1024	698	200039	453	1037	300085	63	1372	400115	50	1708	500239	50	2043	600116	50	2378	700021	50	2714	800289	50	3049	900109	50	3383	1000076	50	3718	1100044	50	4053	1200052	50	4387	1300158	50	4722	1400184	50	5056	1500281	50	5390	1600066	50	5724	1700058	50	6058	1800291	50	6392	1900298	50	6726	2000212	50	7061	2100301	50	7397	2200274	50	7732	2300154	50	8068	2400293	50	8403	2500195	50	8738	2600207	50	9073	2700121	50	9407	2800052	50	9741	2900225	50	10075	3000180	50	10409	3100047	50	10745	3200223	50	11080	3300051	50	11415	3400120	50	11751	3500261	50	
356	100268	1047	699	200209	430	1038	300194	57	1373	400102	50	1708	500183	50	2042	600171	50	2378	700313	50	2712	800251	50	3045	900039	50	3381	1000282	50	3715	1100080	50	4051	1200301	50	4387	1300296	50	4722	1400117	50	5057	1500080	50	5388	1600286	50	5721	1700272	50	6056	1800165	50	6387	1900178	50	6721	2000259	50	7055	2100209	50	7389	2200230	50	7723	2300134	50	8059	2400215	50	8394	2500114	50	8728	2600156	50	9062	2700291	50	9397	2800031	50	9734	2900298	50	10069	3000113	50	10403	3100240	50	10738	3200163	50	11072	3300047	50	11403	3400237	50	11736	3500027	50	
130	100655	9559	259	200379	9104	389	300719	8649	519	400407	8203	649	500626	7772	778	600251	7335	908	700492	6913	1037	800450	6490	1165	900141	6072	1295	1000666	5629	1425	1100822	5197	1554	1200797	4776	1683	1300736	4347	1812	1400875	3916	1941	1500480	3512	2070	1600220	3097	2199	1700487	2700	2327	1800166	2317	2455	1900120	1960	2583	2000827	1643	2708	2100395	1349	2833	2200231	1092	2958	2300507	842	3082	2400897	651	3204	2500480	491	3326	2600445	367	3445	2700298	279	3561	2800576	219	3674	2900124	204	3788	3000873	204	3901	3100296	204	4015	3200945	204	4128	3300592	204	4241	3400610	204	4354	3500262	204	
130	100294	9573	260	200180	9127	390	300405	8665	520	400640	8213	649	500232	7770	778	600304	7324	907	700254	6899	1036	800213	6467	1166	900272	6036	1296	1000694	5607	1425	1100261	5186	1555	1200342	4760	1685	1300577	4338	1814	1400779	3935	1943	1500636	3516	2072	1600631	3121	2200	1700282	2726	2329	1800819	2348	2456	1900637	1985	2583	2000236	1649	2710	2100146	1335	2837	2200329	1070	2963	2300823	821	3087	2400715	639	3210	2500827	491	3331	2600337	374	3451	2700536	283	3568	2800316	216	3681	2900139	204	3794	3000675	204	3907	3100445	204	4020	3200225	204	4134	3300794	204	4247	3400896	204	4360	3500923	204	
130	100366	9574	260	200760	9110	389	300242	8657	519	400302	8224	649	500476	7790	779	600700	7356	908	700605	6946	1037	800179	6519	1166	900221	6083	1296	1000757	5631	1425	1100533	5197	1553	1200510	4776	1682	1300614	4367	1811	1400839	3960	1938	1500178	3540	2067	1600733	3131	2195	1700679	2731	2322	1800149	2362	2450	1900706	1993	2577	2000688	1651	2704	2100743	1346	2829	2200369	1074	2954	2300198	841	3078	2400518	643	3201	2500670	497	3322	2600321	396	3442	2700780	311	3559	2800415	253	3676	2900720	216	3789	3000135	204	3902	3100535	204	4015	3200864	204	4128	3300918	204	4241	3400780	204	4353	3500146	204	
130	100515	9562	259	200218	9115	388	300264	8683	517	400098	8238	646	500173	7792	776	600860	7369	905	700587	6920	1033	800169	6488	1162	900128	6053	1291	1000335	5608	1420	1100599	5172	1549	1200334	4742	1678	1300540	4305	1807	1400285	3881	1937	1500850	3463	2065	1600345	3058	2194	1700865	2664	2322	1800542	2289	2449	1900700	1938	2575	2000492	1605	2701	2100130	1323	2826	2200694	1088	2949	2300347	872	3072	2400222	677	3196	2500684	516	3317	2600190	378	3438	2700905	284	3554	2800546	231	3668	2900628	204	3781	3000501	204	3894	3100877	204	4007	3200814	204	4119	3300467	204	4231	3400184	204	4344	3500457	204	
130	100624	9555	258	200111	9110	388	300361	8642	517	400092	8193	647	500862	7772	776	600432	7341	906	700613	6907	1036	800826	6470	1165	900342	6038	1295	1000783	5600	1424	1100593	5169	1554	1200628	4725	1683	1300794	4291	1812	1400812	3872	1940	1500406	3463	2069	1600502	3055	2198	1700757	2646	2325	1800373	2281	2452	1900102	1925	2579	2000350	1600	2705	2100472	1287	2831	2200445	1011	2956	2300467	772	3080	2400481	588	3202	2500854	452	3322	2600235	347	3441	2700242	265	3558	2800251	219	3672	2900773	204	3785	3000759	204	3897	3100433	204	4010	3200283	204	4123	3300524	204	4234	3400240	204	4346	3500243	204	
30	101551	50062	60	203263	49723	89	300863	49380	119	400846	49021	150	503252	48658	180	602888	48311	210	703128	47978	240	802977	47630	270	903002	47300	300	1002605	46963	330	1102530	46612	360	1203008	46267	390	1302806	45928	420	1403039	45574	450	1502938	45244	480	1602158	44913	510	1701655	44587	540	1801454	44212	570	1901191	43863	600	2001072	43525	630	2102343	43187	660	2202842	42852	690	2303645	42511	720	2403473	42177	750	2502966	41832	780	2603133	41482	810	2703293	41147	840	2803673	40800	869	2901323	40477	899	3001755	40140	929	3102610	39787	959	3203190	39449	988	3300645	39117	1018	3400854	38784	1048	3500932	38440	
30	101405	50068	60	202396	49724	90	303248	49398	120	403666	49064	149	500561	48725	179	600630	48397	209	701390	48051	239	802807	47689	268	900891	47356	298	1001060	46992	328	1101082	46648	358	1201621	46309	388	1301879	45961	418	1401915	45612	448	1501805	45281	478	1601138	44932	508	1701420	44598	538	1801750	44246	568	1901787	43905	598	2002224	43576	628	2102416	43222	658	2202899	42881	688	2302264	42526	718	2401829	42189	748	2501440	41852	778	2601763	41517	808	2701625	41177	838	2801561	40846	868	2901722	40494	898	3001423	40167	928	3101141	39815	958	3201083	39477	988	3300606	39132	1019	3403675	38784	1048	3501435	38454	
31	103564	50068	60	200790	49734	90	300564	49383	120	400819	49026	151	503505	48677	181	603571	48333	211	702815	47987	241	802503	47651	271	902347	47294	301	1001449	46943	331	1101648	46605	361	1202033	46283	391	1302317	45933	421	1402489	45596	451	1501575	45263	481	1600722	44919	511	1700641	44592	542	1803539	44243	572	1903237	43900	602	2003178	43555	632	2102600	43234	662	2202780	42900	692	2303228	42580	722	2401985	42249	752	2501450	41932	782	2602640	41592	812	2701940	41264	842	2801629	40932	872	2901379	40609	902	3001800	40258	932	3102164	39918	962	3201254	39596	992	3300893	39270	1022	3401056	38939	1052	3501559	38594	
30	100656	50062	60	200536	49721	90	300529	49373	121	403702	49017	151	503189	48667	181	601915	48320	211	701387	47988	241	801587	47639	271	901916	47319	301	1001713	46976	331	1101415	46647	361	1200679	46322	391	1300595	45988	421	1401020	45655	451	1501389	45307	481	1601184	44998	511	1700844	44647	541	1800621	44327	571	1900552	43988	602	2003541	43654	632	2103257	43325	662	2202922	42968	692	2302639	42641	722	2402565	42319	752	2502636	41982	782	2602165	41658	812	2702220	41312	842	2802697	40972	872	2902533	40618	902	3002488	40283	932	3101923	39956	962	3202025	39615	992	3301351	39281	1022	3401025	38959	1053	3503588	38623	
31	103609	50036	61	202798	49725	91	302804	49374	121	403262	49053	150	500922	48705	180	601006	48369	210	700619	48031	240	800709	47674	270	901596	47320	300	1002481	46957	330	1103438	46626	360	1203499	46288	390	1303796	45952	419	1400656	45627	449	1500761	45272	480	1603600	44913	509	1700514	44572	539	1801223	44215	569	1901029	43887	599	2001377	43548	629	2101735	43229	659	2201540	42907	689	2301749	42566	719	2402535	42220	749	2502715	41885	779	2603714	41545	809	2703549	41201	839	2803060	40854	869	2902367	40529	899	3002432	40196	929	3102384	39856	959	3202370	39515	988	3300516	39184	1018	3401364	38847	1048	3502049	38500	
