wersja nr 3;wspolczynnik mutacji 0.800000;wielkosc populacji 5
3535	100016	126	7050	200017	87	10544	300016	77	14044	400006	74	17555	500002	69	21092	600003	68	24641	700026	68	28170	800009	64	31702	900019	62	35231	1000023	62	38738	1100011	62	42270	1200006	62	45803	1300008	62	49333	1400006	60	52868	1500015	60	56403	1600005	60	59921	1700005	59	63466	1800017	58	67012	1900019	58	70556	2000026	58	74087	2100025	58	77618	2200010	58	81147	2300013	57	84689	2400016	57	88215	2500012	57	91773	2600018	57	95311	2700029	57	98841	2800006	56	102384	2900020	56	105908	3000024	56	109432	3100031	56	112965	3200003	56	116501	3300002	56	120012	3400033	56	123530	3500017	56	
3531	100006	91	7052	200013	64	10561	300005	60	14070	400004	53	17592	500027	53	21109	600018	53	24636	700022	53	28168	800024	53	31688	900014	51	35223	1000021	50	38750	1100010	50	42284	1200023	50	45819	1300015	50	49348	1400023	50	52865	1500013	50	56396	1600018	50	59944	1700006	50	63485	1800030	50	67024	1900015	50	70531	2000014	50	74055	2100015	50	77565	2200026	49	81081	2300022	49	84612	2400020	49	88140	2500012	49	91664	2600004	49	95174	2700009	49	98683	2800016	49	102222	2900025	49	105759	3000010	49	109296	3100032	49	112808	3200017	49	116338	3300019	49	119867	3400015	49	123405	3500009	49	
3525	100008	90	7058	200031	75	10583	300005	66	14116	400023	57	17641	500005	54	21184	600018	54	24726	700018	54	28258	800019	52	31782	900029	52	35311	1000002	50	38828	1100007	48	42326	1200007	48	45839	1300012	48	49376	1400011	48	52895	1500017	48	56414	1600022	48	59957	1700006	48	63492	1800015	48	67036	1900012	48	70574	2000019	48	74097	2100017	47	77639	2200022	47	81157	2300007	47	84672	2400005	47	88191	2500017	47	91735	2600027	47	95234	2700003	45	98764	2800006	45	102293	2900016	45	105810	3000003	44	109360	3100010	44	112899	3200021	44	116439	3300026	44	119984	3400011	44	123518	3500002	44	
3538	100026	105	7061	200014	69	10579	300017	57	14122	400019	52	17665	500005	47	21197	600018	47	24734	700008	44	28258	800004	44	31769	900028	44	35289	1000023	44	38824	1100020	44	42363	1200013	44	45885	1300015	44	49407	1400026	44	52916	1500005	44	56448	1600013	44	59995	1700006	44	63536	1800003	44	67083	1900016	44	70617	2000027	44	74130	2100002	44	77654	2200017	44	81179	2300025	44	84707	2400006	44	88227	2500022	44	91763	2600029	44	95302	2700025	44	98840	2800025	44	102378	2900018	44	105909	3000016	44	109409	3100009	44	112917	3200007	44	116447	3300011	44	119983	3400031	44	123532	3500028	44	
3516	100015	79	7063	200029	60	10602	300020	60	14130	400027	60	17662	500004	55	21198	600004	52	24720	700006	52	28247	800002	48	31787	900016	48	35298	1000002	48	38835	1100023	48	42351	1200007	47	45879	1300024	47	49400	1400019	47	52917	1500021	47	56440	1600003	47	59923	1700025	47	63456	1800019	47	66986	1900021	47	70503	2000006	46	74032	2100003	46	77569	2200004	46	81101	2300015	46	84636	2400017	45	88180	2500005	45	91700	2600023	45	95220	2700016	45	98753	2800020	45	102277	2900005	45	105790	3000002	45	109320	3100026	45	112841	3200022	45	116363	3300026	45	119897	3400018	45	123406	3500010	45	
3666	100013	80	7326	200018	73	10982	300024	65	14641	400015	64	18314	500010	63	21987	600017	61	25675	700016	61	29333	800019	58	33005	900021	57	36664	1000005	57	40339	1100014	56	44010	1200024	55	47680	1300012	55	51347	1400003	51	55009	1500027	51	58692	1600019	49	62359	1700024	48	66028	1800020	48	69702	1900027	48	73362	2000018	48	77041	2100022	47	80683	2200031	46	84337	2300005	46	88013	2400017	46	91689	2500027	46	95322	2600010	46	98971	2700014	46	102640	2800010	46	106306	2900023	46	109954	3000020	46	113584	3100010	46	117213	3200009	46	120853	3300029	46	124507	3400002	46	128190	3500019	46	
3681	100016	58	7346	200009	50	11003	300015	48	14666	400005	48	18338	500010	47	21992	600009	47	25652	700014	47	29316	800007	47	32978	900009	46	36659	1000012	46	40317	1100003	46	43987	1200004	46	47653	1300005	46	51315	1400011	46	54978	1500021	46	58663	1600007	46	62336	1700020	46	65996	1800008	46	69643	1900018	46	73295	2000021	46	76942	2100006	46	80597	2200008	46	84245	2300008	46	87858	2400025	46	91486	2500021	46	95151	2600008	46	98807	2700028	46	102461	2800002	46	106132	2900002	46	109819	3000024	46	113476	3100006	46	117142	3200020	46	120808	3300009	46	124480	3400024	46	128134	3500009	46	
3700	100019	66	7396	200004	58	11073	300021	55	14746	400009	54	18421	500006	51	22096	600027	49	25752	700018	49	29429	800014	49	33073	900020	49	36736	1000027	49	40398	1100025	48	44058	1200015	48	47728	1300023	47	51385	1400008	46	55052	1500024	46	58721	1600003	46	62396	1700026	46	66054	1800004	46	69699	1900027	46	73349	2000024	46	77013	2100014	46	80646	2200010	46	84311	2300003	46	87971	2400020	46	91650	2500030	46	95293	2600021	46	98959	2700019	46	102625	2800013	46	106281	2900024	46	109926	3000023	46	113584	3100014	46	117257	3200003	46	120918	3300006	46	124584	3400024	46	128240	3500002	46	
3678	100031	77	7339	200004	55	10995	300011	55	14674	400012	54	18331	500007	52	22016	600018	49	25661	700016	48	29318	800016	48	32962	900011	48	36647	1000003	48	40317	1100025	48	43986	1200021	48	47652	1300026	47	51317	1400026	47	54979	1500010	47	58652	1600006	47	62339	1700013	46	66021	1800015	46	69685	1900011	46	73361	2000014	46	77019	2100018	46	80702	2200019	46	84352	2300016	46	87986	2400011	46	91609	2500003	46	95269	2600015	46	98935	2700028	46	102598	2800006	46	106267	2900019	46	109927	3000009	46	113583	3100021	46	117244	3200009	46	120902	3300025	46	124560	3400023	46	128207	3500017	46	
3671	100005	63	7345	200018	61	11017	300007	61	14675	400014	60	18322	500007	59	21969	600024	59	25630	700004	59	29298	800013	59	32968	900004	59	36633	1000011	59	40291	1100004	59	43948	1200017	59	47611	1300021	58	51275	1400005	56	54947	1500003	55	58591	1600008	55	62250	1700029	54	65909	1800004	54	69578	1900020	54	73245	2000027	54	76917	2100014	54	80575	2200004	54	84242	2300006	54	87909	2400017	53	91563	2500016	53	95204	2600005	53	98876	2700021	53	102526	2800003	52	106164	2900004	52	109792	3000026	52	113473	3100007	52	117126	3200018	52	120796	3300003	51	124443	3400011	50	128115	3500002	50	
1244	100038	2538	2480	200047	2501	3714	300010	2375	4954	400023	2344	6187	500074	2344	7422	600012	2344	8657	700054	2344	9880	800056	2309	11098	900068	2309	12324	1000071	2309	13556	1100079	2309	14796	1200058	2309	16023	1300048	2309	17259	1400090	2309	18489	1500073	2309	19722	1600066	2309	20939	1700068	2309	22171	1800061	2309	23409	1900047	2309	24643	2000075	2309	25882	2100030	2309	27101	2200066	2309	28331	2300008	2309	29558	2400060	2309	30786	2500028	2309	32019	2600019	2309	33248	2700008	2309	34483	2800016	2309	35713	2900067	2309	36937	3000029	2309	38179	3100065	2309	39420	3200025	2309	40663	3300034	2309	41902	3400018	2309	43115	3500040	2309	
1226	100014	2725	2472	200044	2548	3711	300067	2504	4956	400089	2504	6192	500026	2504	7439	600078	2504	8683	700034	2504	9925	800043	2504	11148	900084	2504	12379	1000074	2504	13609	1100078	2456	14838	1200013	2456	16082	1300013	2383	17322	1400029	2340	18543	1500025	2340	19775	1600065	2340	21015	1700016	2340	22255	1800084	2340	23491	1900080	2340	24726	2000013	2302	25959	2100076	2302	27189	2200092	2302	28418	2300056	2302	29658	2400011	2302	30904	2500062	2302	32143	2600029	2302	33379	2700018	2302	34602	2800065	2302	35846	2900037	2302	37090	3000080	2302	38319	3100049	2302	39556	3200037	2302	40785	3300086	2302	42005	3400067	2302	43225	3500029	2302	
1253	100039	2709	2491	200050	2667	3724	300012	2630	4968	400025	2587	6205	500088	2485	7436	600038	2445	8663	700074	2445	9894	800045	2445	11137	900078	2445	12362	1000061	2445	13593	1100018	2404	14826	1200060	2404	16067	1300055	2404	17308	1400017	2404	18548	1500084	2366	19785	1600013	2366	21026	1700032	2366	22265	1800052	2366	23500	1900013	2299	24732	2000049	2274	25965	2100025	2200	27206	2200073	2160	28439	2300072	2160	29664	2400067	2119	30894	2500068	2119	32130	2600012	2119	33369	2700066	2119	34593	2800054	2085	35807	2900084	2085	37045	3000018	2085	38281	3100081	2085	39503	3200045	2085	40736	3300023	2085	41976	3400039	2085	43204	3500009	2085	
1234	100037	2629	2470	200009	2509	3711	300058	2429	4933	400010	2278	6175	500040	2278	7408	600058	2202	8644	700033	2202	9883	800042	2202	11123	900079	2162	12360	1000061	2122	13591	1100078	2084	14827	1200063	2084	16049	1300088	2084	17277	1400059	1971	18492	1500029	1971	19723	1600081	1899	20955	1700069	1899	22194	1800088	1862	23434	1900048	1862	24675	2000025	1862	25917	2100030	1862	27157	2200031	1862	28390	2300047	1862	29626	2400079	1862	30859	2500081	1826	32094	2600070	1826	33334	2700037	1826	34572	2800008	1826	35803	2900088	1826	37032	3000065	1789	38266	3100032	1789	39493	3200022	1789	40733	3300034	1789	41961	3400085	1789	43190	3500075	1789	
1242	100018	2546	2480	200041	2502	3704	300015	2426	4944	400054	2387	6177	500052	2387	7404	600023	2387	8644	700030	2387	9881	800067	2315	11120	900037	2236	12352	1000064	2236	13582	1100015	2236	14816	1200078	2202	16057	1300073	2202	17286	1400040	2202	18516	1500083	2202	19746	1600015	2202	20980	1700064	2202	22223	1800054	2202	23455	1900023	2202	24694	2000079	2202	25914	2100070	2202	27136	2200035	2202	28369	2300057	2165	29593	2400009	2165	30824	2500040	2165	32050	2600068	2165	33275	2700015	2165	34518	2800040	2165	35753	2900080	2165	36983	3000023	2165	38211	3100012	2165	39452	3200025	2165	40689	3300059	2165	41923	3400033	2165	43150	3500077	2165	
1259	100026	940	2513	200037	940	3762	300032	940	5017	400064	899	6276	500056	899	7530	600019	899	8783	700067	899	10037	800037	899	11291	900087	899	12549	1000070	899	13794	1100057	899	15053	1200064	899	16308	1300027	899	17568	1400072	899	18833	1500051	899	20085	1600025	899	21343	1700074	899	22602	1800020	899	23853	1900031	899	25111	2000032	899	26355	2100061	899	27598	2200067	899	28853	2300067	899	30098	2400018	899	31351	2500047	899	32602	2600047	899	33859	2700026	899	35104	2800053	899	36351	2900079	899	37595	3000013	899	38849	3100067	899	40107	3200076	899	41364	3300079	899	42627	3400022	899	43879	3500088	899	
1259	100017	1116	2521	200076	1116	3772	300084	1116	5026	400037	1116	6281	500034	1116	7542	600014	1116	8801	700055	1116	10064	800056	1116	11305	900059	1077	12567	1000020	1077	13830	1100033	1077	15091	1200083	1023	16348	1300032	1023	17617	1400057	984	18874	1500079	984	20135	1600062	984	21390	1700022	984	22652	1800049	984	23914	1900031	984	25181	2000074	984	26441	2100012	984	27698	2200088	984	28952	2300041	984	30210	2400056	984	31459	2500046	984	32723	2600051	984	33987	2700080	955	35244	2800084	955	36495	2900036	955	37746	3000046	955	38990	3100056	955	40243	3200051	955	41500	3300066	955	42765	3400079	955	44027	3500046	955	
1268	100069	1104	2509	200060	1072	3749	300063	1072	4995	400085	1072	6247	500075	1072	7485	600075	1072	8736	700031	1072	9992	800038	1072	11251	900049	983	12507	1000085	983	13764	1100043	983	15021	1200049	983	16286	1300056	983	17536	1400058	983	18790	1500061	983	20044	1600066	983	21300	1700072	983	22554	1800038	983	23782	1900023	983	25031	2000026	983	26277	2100062	983	27534	2200089	983	28789	2300053	983	30046	2400044	983	31298	2500014	983	32548	2600019	983	33808	2700015	983	35070	2800025	983	36319	2900033	983	37569	3000087	983	38826	3100034	983	40089	3200007	983	41342	3300048	983	42590	3400012	983	43852	3500045	983	
1260	100015	1068	2514	200062	1032	3776	300081	994	5038	400016	994	6297	500012	958	7554	600047	958	8820	700054	958	10084	800041	958	11351	900074	958	12616	1000041	958	13879	1100052	958	15142	1200071	958	16397	1300020	958	17659	1400039	958	18919	1500068	958	20175	1600019	923	21430	1700051	923	22687	1800027	923	23951	1900018	923	25206	2000049	923	26464	2100078	923	27714	2200015	923	28974	2300022	923	30228	2400052	923	31486	2500058	923	32752	2600077	888	34012	2700027	888	35259	2800030	888	36502	2900072	888	37748	3000085	888	39002	3100017	888	40257	3200063	888	41511	3300021	888	42760	3400080	888	44010	3500072	888	
1263	100072	1033	2520	200018	1033	3782	300011	1033	5035	400072	1033	6296	500071	1033	7542	600038	1033	8803	700032	1033	10068	800066	1033	11330	900059	1033	12591	1000019	1033	13853	1100082	1002	15107	1200053	1002	16360	1300049	1002	17612	1400043	955	18856	1500049	918	20117	1600009	918	21357	1700027	918	22610	1800049	882	23863	1900052	882	25120	2000018	882	26380	2100034	882	27636	2200046	882	28880	2300019	882	30123	2400064	882	31374	2500072	882	32631	2600061	882	33875	2700039	882	35121	2800022	882	36361	2900031	882	37619	3000033	882	38883	3100038	842	40140	3200071	842	41389	3300080	842	42650	3400089	842	43903	3500089	842	
277	100089	22621	548	200240	22346	823	300223	21824	1100	400306	21824	1372	500070	21824	1645	600047	21824	1920	700392	21310	2195	800059	21310	2472	900366	21310	2748	1000183	21047	3026	1100342	21047	3302	1200399	21047	3578	1300172	20508	3854	1400287	20508	4131	1500200	20256	4405	1600104	19705	4684	1700252	19435	4961	1800136	19435	5240	1900215	19435	5514	2000322	19435	5790	2100041	19435	6068	2200241	19435	6345	2300081	19435	6623	2400385	19435	6902	2500409	19435	7178	2600361	19163	7453	2700365	18914	7730	2800386	18914	8007	2900372	18914	8284	3000329	18914	8556	3100285	18914	8833	3200091	18914	9109	3300051	18914	9384	3400199	18667	9659	3500178	18667	
279	100305	23235	555	200110	21829	830	300109	20711	1104	400182	20711	1375	500041	20711	1649	600323	20152	1922	700083	20152	2199	800386	20152	2476	900303	20152	2753	1000229	20152	3028	1100140	20152	3303	1200277	20152	3578	1300377	20152	3855	1400362	20152	4131	1500084	20152	4408	1600370	20152	4684	1700291	20152	4962	1800361	20152	5238	1900168	20152	5513	2000072	20152	5789	2100290	20152	6065	2200229	20152	6340	2300351	20152	6617	2400148	20152	6894	2500235	20152	7169	2600249	20152	7444	2700205	20152	7719	2800070	20152	7995	2900217	20152	8267	3000060	20152	8542	3100149	20152	8818	3200317	20152	9095	3300266	20152	9371	3400238	20152	9647	3500116	20152	
271	100405	21607	546	200329	20798	820	300288	20798	1096	400245	20798	1372	500080	20798	1649	600121	20520	1925	700065	20520	2201	800287	19732	2478	900381	19732	2755	1000174	19732	3031	1100082	19732	3306	1200206	19732	3582	1300048	19732	3857	1400240	19732	4133	1500169	19455	4406	1600199	19455	4683	1700058	19455	4957	1800347	19455	5234	1900218	19455	5510	2000236	19455	5784	2100191	19455	6062	2200237	19455	6339	2300260	19455	6612	2400133	19455	6889	2500097	19455	7164	2600215	19455	7437	2700166	19455	7712	2800139	19455	7985	2900118	19455	8261	3000150	19455	8535	3100308	19455	8809	3200184	19455	9086	3300376	19455	9363	3400329	19455	9639	3500187	19455	
277	100257	22695	555	200080	22415	834	300230	22415	1112	400130	22415	1391	500146	22415	1668	600248	22415	1948	700273	22415	2225	800283	22415	2503	900310	22415	2780	1000202	22415	3059	1100372	22415	3335	1200258	22415	3613	1300044	22415	3893	1400149	22145	4167	1500164	22145	4444	1600130	22145	4721	1700151	22145	4999	1800078	21871	5276	1900074	21871	5552	2000157	21871	5828	2100341	21871	6103	2200241	21871	6377	2300181	21871	6653	2400060	21871	6930	2500071	21871	7208	2600041	21871	7487	2700314	21871	7764	2800209	21871	8036	2900053	21576	8313	3000215	21576	8588	3100269	21576	8865	3200352	21576	9140	3300196	21576	9414	3400371	21576	9687	3500294	20746	
274	100226	21863	546	200126	21588	820	300314	21047	1096	400112	21047	1373	500096	20264	1649	600061	20264	1925	700203	19984	2197	800085	19731	2472	900086	19731	2746	1000154	19731	3024	1100100	19731	3301	1200105	19731	3580	1300101	19731	3855	1400258	19731	4131	1500174	19731	4408	1600244	19467	4684	1700322	19467	4961	1800332	19467	5230	1900227	19467	5499	2000354	19467	5774	2100101	19467	6054	2200387	19467	6329	2300118	19467	6603	2400240	19467	6880	2500204	19467	7157	2600312	19467	7434	2700071	19467	7708	2800393	19467	7980	2900075	19467	8255	3000268	19467	8529	3100060	19467	8804	3200076	19467	9082	3300052	19467	9359	3400353	19467	9633	3500320	19467	
283	100358	25176	568	200363	25176	849	300201	25176	1132	400403	25176	1408	500172	25176	1690	600275	25176	1971	700132	25176	2254	800255	25176	2537	900376	25176	2819	1000279	25176	3097	1100090	25176	3376	1200378	25176	3657	1300089	25176	3942	1400377	24866	4221	1500148	24866	4500	1600101	24866	4778	1700252	24866	5056	1800296	24270	5340	1900199	24270	5624	2000180	23979	5904	2100362	23384	6186	2200342	23096	6469	2300130	23096	6755	2400357	23096	7036	2500274	23096	7317	2600380	22821	7600	2700149	22821	7884	2800261	22821	8167	2900318	22821	8448	3000070	22821	8733	3100365	22821	9015	3200045	22821	9300	3300258	22821	9581	3400111	22821	9863	3500082	22821	
281	100358	25176	561	200077	25176	844	300304	25176	1126	400209	25176	1407	500166	25176	1687	600087	25176	1969	700257	25176	2252	800070	25176	2535	900116	25176	2819	1000271	25176	3102	1100354	25176	3385	1200207	25176	3667	1300238	25176	3949	1400359	25176	4231	1500275	25176	4511	1600113	25176	4790	1700068	25176	5072	1800162	25176	5356	1900311	25176	5638	2000128	25176	5921	2100294	25176	6205	2200379	25176	6487	2300248	25176	6770	2400249	25176	7053	2500301	25176	7336	2600261	25176	7615	2700048	25176	7899	2800232	25176	8183	2900382	25176	8460	3000248	24887	8736	3100120	24887	9017	3200214	24887	9296	3300231	24887	9576	3400204	24887	9856	3500167	24887	
281	100127	25176	564	200213	25176	847	300359	25176	1131	400233	25176	1410	500158	25176	1691	600126	25176	1972	700070	25176	2255	800203	25176	2535	900076	25176	2819	1000144	25176	3100	1100292	25176	3382	1200163	25176	3664	1300224	25176	3947	1400251	25176	4229	1500245	25176	4513	1600266	25176	4793	1700297	25176	5074	1800064	25176	5356	1900370	25176	5638	2000154	25176	5919	2100175	25176	6202	2200117	25176	6483	2300055	25176	6765	2400162	25176	7049	2500107	25176	7332	2600112	25176	7615	2700222	25176	7898	2800208	25176	8180	2900067	25176	8459	3000059	25176	8743	3100299	25176	9027	3200329	25176	9309	3300337	25176	9588	3400251	25176	9869	3500243	25176	
284	100149	25176	567	200332	25176	848	300095	24873	1131	400166	24873	1410	500165	24873	1691	600252	24873	1972	700166	24873	2255	800231	24873	2537	900385	24873	2817	1000231	24873	3098	1100275	24873	3380	1200271	24873	3658	1300252	24873	3935	1400212	24873	4209	1500109	24873	4491	1600294	24873	4769	1700335	24873	5050	1800056	24873	5335	1900049	24873	5616	2000327	24873	5897	2100320	24600	6177	2200162	24600	6459	2300218	24325	6739	2400297	23716	7019	2500176	23716	7296	2600301	23408	7575	2700331	22826	7858	2800085	22826	8140	2900059	22826	8422	3000179	22532	8703	3100189	22232	8986	3200335	22232	9270	3300324	22232	9551	3400254	22232	9834	3500341	21614	
282	100394	25176	565	200248	25176	848	300177	25176	1132	400082	25176	1415	500145	25176	1697	600292	25176	1978	700224	25176	2262	800351	25176	2546	900108	25176	2829	1000332	25176	3112	1100289	25176	3395	1200261	25176	3679	1300180	25176	3962	1400259	25176	4244	1500236	25176	4525	1600297	25176	4807	1700241	25176	5089	1800097	25176	5370	1900111	25176	5651	2000376	25176	5935	2100135	25176	6220	2200076	25176	6504	2300331	25176	6787	2400231	25176	7067	2500103	25176	7349	2600063	25176	7628	2700379	25176	7909	2800260	25176	8191	2900377	25176	8475	3000269	24867	8760	3100305	24867	9043	3200206	24867	9326	3300113	24867	9607	3400120	24867	9891	3500225	24867	
4166	100002	47	8332	200011	47	12481	300019	47	16616	400019	47	20766	500024	47	24894	600015	47	29048	700009	47	33185	800015	47	37358	900012	47	41534	1000019	47	45694	1100002	47	49853	1200015	47	54004	1300006	47	58151	1400031	47	62305	1500008	47	66451	1600019	47	70616	1700016	47	74778	1800012	47	78895	1900024	47	82981	2000020	47	87056	2100003	47	91187	2200020	47	95339	2300002	47	99470	2400021	47	103622	2500004	47	107771	2600018	47	111917	2700016	47	116092	2800021	47	120254	2900006	47	124409	3000002	47	128562	3100011	47	132719	3200008	47	136882	3300017	47	141030	3400021	47	145162	3500004	47	
4161	100002	47	8307	200009	47	12469	300021	47	16609	400004	47	20760	500023	47	24911	600012	47	29039	700015	47	33216	800010	47	37376	900019	47	41526	1000003	47	45667	1100014	47	49822	1200006	47	53996	1300014	47	58135	1400011	47	62305	1500014	47	66484	1600017	47	70632	1700001	47	74766	1800003	47	78927	1900018	47	83076	2000013	47	87219	2100016	47	91379	2200005	47	95539	2300026	47	99690	2400015	47	103839	2500018	47	108005	2600005	47	112138	2700004	47	116290	2800014	47	120438	2900014	47	124588	3000019	47	128744	3100013	47	132893	3200010	47	136999	3300006	47	141170	3400021	47	145330	3500021	47	
4090	100012	47	8225	200012	47	12373	300003	47	16527	400010	47	20681	500005	47	24856	600003	47	28995	700013	47	33146	800021	47	37316	900011	47	41479	1000021	47	45649	1100009	47	49796	1200016	47	53946	1300017	47	58086	1400010	47	62194	1500009	47	66344	1600015	47	70509	1700022	47	74657	1800017	47	78802	1900010	47	82942	2000014	47	87056	2100002	47	91219	2200019	47	95376	2300004	47	99538	2400005	47	103691	2500003	47	107841	2600021	47	112007	2700015	47	116164	2800021	47	120307	2900012	47	124473	3000012	47	128618	3100019	47	132789	3200016	47	136934	3300016	47	141079	3400020	47	145214	3500008	47	
4146	100012	47	8267	200026	47	12409	300022	47	16579	400014	47	20737	500017	47	24891	600014	47	29058	700017	47	33217	800006	47	37391	900023	47	41534	1000023	47	45684	1100022	47	49852	1200026	47	54015	1300006	47	58170	1400003	47	62274	1500027	47	66374	1600022	47	70536	1700019	47	74690	1800016	47	78821	1900019	47	82967	2000014	47	87114	2100010	47	91257	2200009	47	95418	2300024	47	99569	2400011	47	103746	2500006	47	107877	2600022	47	112040	2700019	47	116151	2800021	47	120298	2900005	47	124440	3000009	47	128588	3100013	47	132743	3200015	47	136879	3300003	47	141038	3400021	47	145185	3500017	47	
4168	100010	47	8315	200008	47	12476	300010	47	16622	400015	47	20779	500017	47	24936	600007	47	29081	700021	47	33252	800015	47	37403	900016	47	41571	1000028	47	45704	1100008	47	49856	1200002	47	54014	1300010	47	58176	1400012	47	62329	1500010	47	66433	1600004	47	70575	1700014	47	74741	1800017	47	78893	1900019	47	83062	2000014	47	87231	2100001	47	91376	2200019	47	95549	2300007	47	99696	2400008	47	103866	2500015	47	108045	2600014	47	112219	2700025	47	116378	2800015	47	120535	2900027	47	124690	3000010	47	128852	3100014	47	133018	3200015	47	137183	3300011	47	141343	3400007	47	145493	3500002	47	
4555	100011	53	9117	200007	53	13676	300019	53	18222	400010	53	22775	500020	53	27342	600010	53	31912	700001	53	36472	800012	53	41022	900005	53	45588	1000012	53	50121	1100006	53	54673	1200021	53	59208	1300009	53	63713	1400019	53	68237	1500011	53	72772	1600011	53	77330	1700002	53	81850	1800021	53	86388	1900021	53	90960	2000013	53	95512	2100017	53	100062	2200005	53	104628	2300017	53	109210	2400007	53	113793	2500008	53	118361	2600010	53	122912	2700010	53	127470	2800016	53	132016	2900007	53	136581	3000002	53	141140	3100009	53	145714	3200008	53	150277	3300014	53	154838	3400018	53	159381	3500012	53	
4542	100015	53	9088	200014	53	13668	300010	53	18215	400006	53	22743	500012	53	27295	600007	53	31846	700022	53	36423	800019	53	40986	900002	53	45573	1000004	53	50143	1100025	53	54718	1200005	53	59266	1300009	53	63830	1400017	53	68401	1500008	53	72975	1600001	53	77549	1700019	53	82113	1800007	53	86674	1900010	53	91250	2000008	53	95797	2100014	53	100337	2200009	53	104913	2300020	53	109484	2400001	53	114044	2500020	53	118610	2600001	53	123146	2700015	53	127701	2800006	53	132267	2900014	53	136837	3000010	53	141406	3100002	53	145971	3200011	53	150514	3300010	53	155045	3400009	53	159628	3500012	53	
4544	100007	53	9114	200017	53	13682	300021	53	18234	400010	53	22804	500015	53	27355	600019	53	31892	700014	53	36453	800010	53	41015	900019	53	45585	1000020	53	50132	1100015	53	54679	1200013	53	59244	1300006	53	63814	1400022	53	68390	1500016	53	72959	1600014	53	77511	1700007	53	82052	1800018	53	86605	1900004	53	91184	2000018	53	95744	2100001	53	100291	2200017	53	104871	2300016	53	109416	2400011	53	113978	2500017	53	118546	2600013	53	123119	2700007	53	127696	2800004	53	132269	2900013	53	136834	3000006	53	141391	3100014	53	145947	3200009	53	150512	3300026	53	155096	3400013	53	159659	3500009	53	
4568	100019	53	9108	200015	53	13661	300005	53	18200	400020	53	22746	500003	53	27255	600020	53	31796	700014	53	36337	800008	53	40892	900012	53	45431	1000009	53	49949	1100009	53	54519	1200015	53	59065	1300008	53	63602	1400019	53	68150	1500016	53	72703	1600018	53	77248	1700014	53	81796	1800011	53	86351	1900008	53	90896	2000014	53	95458	2100013	53	100028	2200016	53	104601	2300005	53	109167	2400023	53	113729	2500007	53	118290	2600021	53	122831	2700019	53	127394	2800015	53	131958	2900013	53	136525	3000009	53	141083	3100020	53	145653	3200004	53	150215	3300015	53	154773	3400005	53	159351	3500018	53	
4569	100002	53	9111	200012	53	13668	300006	53	18221	400006	53	22777	500009	53	27324	600020	53	31885	700012	53	36443	800007	53	41013	900012	53	45590	1000012	53	50143	1100004	53	54707	1200005	53	59272	1300014	53	63795	1400024	53	68359	1500020	53	72906	1600002	53	77454	1700005	53	82026	1800019	53	86601	1900002	53	91151	2000022	53	95691	2100007	53	100222	2200007	53	104769	2300016	53	109308	2400010	53	113852	2500005	53	118387	2600005	53	122934	2700018	53	127493	2800011	53	132057	2900004	53	136637	3000008	53	141192	3100004	53	145736	3200020	53	150305	3300005	53	154866	3400004	53	159443	3500005	53	
1364	100032	355	2727	200034	355	4083	300055	355	5439	400051	355	6789	500041	355	8158	600072	355	9499	700060	355	10858	800079	355	12195	900074	355	13559	1000044	355	14924	1100030	355	16272	1200038	355	17621	1300006	355	18972	1400023	355	20328	1500068	355	21670	1600050	355	23024	1700057	355	24386	1800019	355	25750	1900063	355	27114	2000053	355	28474	2100015	355	29840	2200021	355	31190	2300029	355	32537	2400040	355	33888	2500047	355	35242	2600027	355	36595	2700066	355	37954	2800042	355	39313	2900070	355	40671	3000064	355	42036	3100058	355	43401	3200029	355	44745	3300020	355	46102	3400031	355	47461	3500026	355	
1349	100011	355	2716	200021	355	4077	300039	355	5431	400066	355	6792	500036	355	8150	600064	355	9509	700022	355	10859	800028	355	12200	900042	355	13552	1000024	355	14903	1100062	355	16261	1200048	355	17617	1300036	355	18980	1400067	355	20332	1500047	355	21697	1600016	355	23066	1700042	355	24431	1800067	355	25793	1900028	355	27157	2000060	355	28510	2100072	355	29860	2200072	355	31216	2300080	355	32575	2400064	355	33917	2500013	355	35279	2600035	355	36638	2700070	355	37998	2800038	355	39360	2900032	355	40719	3000042	355	42067	3100050	355	43428	3200025	355	44792	3300073	323	46157	3400019	323	47501	3500036	323	
1351	100062	355	2701	200022	355	4070	300016	355	5428	400058	355	6792	500039	355	8155	600037	355	9507	700044	355	10867	800031	355	12227	900066	355	13587	1000023	355	14947	1100030	355	16307	1200066	355	17666	1300070	355	19022	1400016	306	20382	1500075	306	21709	1600063	306	23064	1700052	306	24415	1800061	306	25770	1900031	306	27124	2000056	306	28473	2100057	306	29820	2200011	306	31175	2300010	306	32529	2400075	306	33889	2500074	306	35246	2600073	306	36602	2700028	306	37954	2800011	306	39307	2900039	306	40658	3000062	306	42016	3100018	306	43370	3200021	306	44725	3300025	306	46084	3400014	306	47432	3500065	306	
1355	100045	355	2716	200036	355	4069	300053	355	5433	400027	355	6790	500065	355	8141	600067	355	9494	700009	355	10849	800034	355	12204	900071	355	13557	1000047	355	14921	1100033	355	16284	1200030	355	17641	1300064	355	19001	1400045	355	20367	1500073	355	21723	1600059	320	23082	1700013	320	24433	1800009	320	25782	1900078	320	27138	2000073	320	28483	2100011	320	29838	2200040	320	31194	2300055	320	32553	2400052	320	33904	2500064	320	35258	2600022	320	36619	2700063	320	37964	2800073	320	39304	2900019	320	40666	3000069	320	42016	3100014	320	43377	3200059	320	44735	3300011	320	46089	3400014	320	47449	3500012	320	
1351	100057	355	2698	200024	355	4057	300020	355	5419	400012	355	6787	500075	355	8143	600050	355	9505	700064	355	10872	800064	355	12232	900080	355	13578	1000014	355	14947	1100048	355	16309	1200031	355	17653	1300077	355	19010	1400029	309	20372	1500059	309	21730	1600042	309	23081	1700063	309	24436	1800047	309	25789	1900034	309	27148	2000049	309	28507	2100062	309	29849	2200056	309	31205	2300038	309	32567	2400067	309	33927	2500028	309	35285	2600026	309	36632	2700026	309	37977	2800063	309	39319	2900069	309	40674	3000070	309	42038	3100067	309	43392	3200069	309	44752	3300056	309	46112	3400025	309	47471	3500044	309	
1462	100072	365	2938	200059	365	4397	300073	318	5836	400051	318	7293	500075	318	8736	600060	318	10177	700043	318	11631	800030	318	13095	900025	318	14548	1000015	318	16009	1100073	318	17474	1200049	318	18924	1300037	318	20374	1400012	318	21836	1500064	318	23288	1600070	318	24750	1700052	318	26212	1800027	318	27673	1900043	318	29131	2000019	318	30578	2100070	318	32034	2200057	318	33494	2300020	318	34954	2400011	318	36413	2500062	318	37863	2600064	318	39318	2700065	275	40758	2800042	275	42206	2900051	275	43642	3000056	275	45071	3100047	275	46521	3200038	275	47966	3300066	275	49382	3400021	275	50809	3500074	275	
1478	100045	365	2916	200076	318	4362	300021	318	5822	400015	318	7268	500062	318	8714	600012	318	10168	700066	318	11627	800068	318	13087	900073	318	14518	1000066	318	15967	1100034	318	17431	1200040	318	18887	1300008	318	20348	1400016	318	21803	1500034	318	23258	1600062	318	24724	1700076	318	26163	1800026	318	27608	1900019	318	29057	2000055	318	30517	2100049	318	31971	2200006	318	33433	2300043	318	34898	2400038	318	36354	2500049	318	37813	2600063	318	39264	2700011	318	40706	2800021	318	42151	2900007	318	43599	3000070	318	45053	3100069	318	46511	3200007	318	47965	3300011	318	49413	3400070	318	50874	3500073	318	
1465	100031	365	2900	200031	365	4379	300061	365	5843	400015	365	7313	500027	365	8794	600058	365	10261	700019	316	11703	800021	316	13155	900026	316	14612	1000057	316	16080	1100067	316	17538	1200042	316	18989	1300066	316	20441	1400072	316	21880	1500045	316	23333	1600027	316	24790	1700023	316	26235	1800040	316	27697	1900030	316	29156	2000049	316	30595	2100068	316	32059	2200033	316	33514	2300030	316	34975	2400016	316	36437	2500021	316	37888	2600007	316	39344	2700066	316	40782	2800020	316	42222	2900013	316	43681	3000070	316	45140	3100030	316	46594	3200016	316	48056	3300032	316	49518	3400047	316	50980	3500031	316	
1473	100032	365	2944	200074	365	4413	300032	365	5880	400041	365	7350	500071	365	8794	600007	365	10268	700049	365	11737	800045	365	13193	900052	314	14630	1000054	314	16074	1100028	314	17527	1200069	314	18986	1300042	314	20438	1400019	314	21904	1500023	314	23368	1600060	314	24825	1700008	314	26286	1800057	314	27737	1900060	314	29186	2000073	314	30638	2100048	314	32095	2200070	314	33548	2300011	314	35000	2400071	314	36444	2500033	314	37891	2600021	314	39338	2700067	314	40791	2800042	314	42239	2900018	314	43699	3000065	314	45151	3100046	314	46589	3200055	314	48042	3300037	314	49498	3400020	314	50956	3500064	314	
1464	100043	365	2935	200046	365	4410	300061	365	5867	400010	309	7311	500060	309	8759	600016	309	10208	700049	309	11668	800058	309	13116	900057	309	14562	1000045	309	16012	1100012	309	17457	1200019	309	18917	1300030	309	20373	1400011	274	21823	1500040	274	23207	1600007	274	24656	1700066	274	26096	1800022	274	27552	1900064	274	29005	2000007	274	30446	2100038	274	31902	2200069	274	33354	2300049	274	34803	2400007	274	36262	2500054	274	37717	2600057	274	39166	2700013	274	40615	2800070	274	42071	2900050	274	43514	3000065	274	44953	3100013	274	46400	3200074	274	47846	3300022	274	49299	3400057	274	50749	3500071	274	
329	100071	1803	656	200084	1803	986	300154	1803	1315	400078	1803	1645	500274	1803	1974	600288	1803	2301	700161	1803	2627	800133	1803	2952	900140	1803	3276	1000239	1803	3600	1100054	1803	3926	1200238	1803	4256	1300133	1803	4584	1400050	1803	4909	1500198	1803	5235	1600038	1803	5562	1700313	1803	5886	1800060	1803	6214	1900178	1803	6537	2000090	1803	6866	2100074	1803	7194	2200256	1803	7521	2300087	1803	7848	2400301	1803	8176	2500135	1803	8504	2600272	1803	8830	2700199	1803	9153	2800053	1803	9480	2900224	1803	9804	3000149	1803	10128	3100170	1803	10456	3200083	1803	10783	3300171	1803	11112	3400246	1803	11438	3500046	1803	
328	100073	1803	655	200070	1803	987	300261	1803	1314	400169	1803	1644	500298	1803	1972	600268	1803	2298	700171	1803	2625	800042	1803	2952	900216	1803	3278	1000331	1803	3604	1100057	1803	3933	1200037	1803	4262	1300130	1803	4588	1400063	1803	4915	1500227	1803	5240	1600295	1803	5565	1700225	1803	5892	1800076	1803	6219	1900150	1803	6546	2000141	1803	6871	2100224	1803	7197	2200318	1803	7523	2300188	1803	7848	2400116	1803	8173	2500191	1803	8498	2600050	1803	8825	2700126	1803	9152	2800039	1803	9480	2900099	1803	9809	3000267	1803	10133	3100286	1803	10455	3200164	1803	10779	3300346	1803	11102	3400227	1803	11431	3500112	1803	
330	100240	1803	659	200252	1803	988	300333	1803	1314	400214	1803	1642	500191	1803	1970	600332	1803	2295	700231	1803	2619	800333	1803	2943	900172	1803	3270	1000100	1803	3596	1100059	1803	3925	1200037	1803	4255	1300255	1803	4584	1400125	1803	4914	1500271	1803	5241	1600078	1803	5565	1700140	1803	5889	1800188	1803	6215	1900124	1803	6542	2000301	1803	6867	2100263	1803	7193	2200263	1803	7522	2300136	1803	7851	2400069	1803	8179	2500289	1803	8505	2600258	1803	8834	2700248	1803	9159	2800274	1803	9486	2900304	1803	9814	3000149	1803	10142	3100301	1803	10471	3200161	1803	10799	3300325	1803	11123	3400278	1803	11452	3500062	1803	
326	100129	1803	653	200096	1803	983	300334	1803	1310	400122	1803	1638	500048	1803	1965	600051	1803	2290	700098	1803	2614	800120	1803	2942	900123	1803	3271	1000066	1803	3597	1100311	1803	3922	1200044	1803	4248	1300238	1803	4574	1400172	1803	4899	1500113	1803	5228	1600311	1803	5557	1700235	1803	5877	1800276	1803	6198	1900115	1803	6528	2000219	1803	6855	2100083	1803	7182	2200138	1803	7506	2300315	1803	7832	2400223	1803	8161	2500151	1803	8488	2600112	1803	8817	2700127	1803	9143	2800089	1803	9470	2900231	1803	9798	3000323	1803	10126	3100244	1803	10454	3200152	1803	10780	3300166	1803	11104	3400311	1803	11429	3500118	1803	
327	100082	1803	652	200122	1803	980	300306	1803	1309	400266	1803	1635	500072	1803	1962	600157	1803	2289	700258	1803	2615	800097	1803	2942	900104	1803	3269	1000266	1803	3597	1100148	1803	3926	1200126	1803	4252	1300198	1803	4574	1400077	1803	4902	1500101	1803	5225	1600125	1803	5551	1700048	1803	5872	1800298	1803	6194	1900262	1803	6518	2000226	1803	6844	2100119	1803	7170	2200226	1803	7497	2300269	1803	7825	2400210	1803	8153	2500234	1803	8482	2600108	1803	8811	2700178	1803	9139	2800124	1803	9463	2900063	1803	9790	3000114	1803	10117	3100061	1803	10443	3200133	1803	10768	3300042	1803	11091	3400080	1803	11418	3500179	1803	
358	100162	1754	713	200175	1754	1071	300280	1754	1429	400181	1754	1787	500287	1754	2141	600149	1754	2499	700190	1754	2853	800138	1754	3206	900207	1754	3563	1000256	1754	3918	1100224	1754	4274	1200194	1754	4633	1300086	1754	4992	1400158	1754	5348	1500131	1754	5702	1600163	1754	6060	1700059	1754	6419	1800264	1754	6769	1900192	1754	7125	2000178	1754	7478	2100295	1754	7836	2200268	1754	8195	2300117	1754	8555	2400244	1754	8913	2500309	1754	9270	2600185	1754	9628	2700205	1754	9986	2800288	1754	10335	2900123	1754	10694	3000123	1754	11053	3100048	1754	11413	3200075	1754	11770	3300281	1754	12126	3400161	1754	12486	3500120	1754	
357	100301	1754	711	200286	1754	1068	300240	1754	1426	400105	1754	1786	500283	1754	2140	600072	1754	2497	700049	1754	2854	800271	1754	3208	900031	1754	3564	1000162	1754	3921	1100234	1754	4277	1200091	1754	4627	1300312	1754	4978	1400240	1754	5336	1500273	1754	5695	1600259	1754	6052	1700038	1754	6411	1800150	1754	6767	1900071	1754	7123	2000217	1754	7479	2100226	1754	7837	2200202	1754	8196	2300218	1754	8553	2400180	1754	8912	2500301	1754	9269	2600231	1754	9624	2700168	1754	9979	2800225	1754	10334	2900201	1754	10692	3000046	1754	11046	3100112	1754	11402	3200048	1754	11756	3300208	1754	12112	3400288	1754	12469	3500218	1754	
351	100097	1754	710	200263	1754	1068	300279	1754	1425	400078	1754	1782	500308	1754	2129	600312	1754	2483	700166	1754	2839	800311	1754	3194	900046	1754	3549	1000037	1754	3902	1100041	1754	4257	1200168	1754	4614	1300136	1754	4967	1400088	1754	5323	1500251	1754	5679	1600280	1754	6036	1700178	1754	6393	1800039	1754	6747	1900041	1754	7102	2000049	1754	7455	2100305	1754	7811	2200114	1754	8166	2300095	1754	8524	2400309	1754	8879	2500262	1754	9234	2600155	1754	9592	2700271	1754	9948	2800248	1754	10302	2900034	1754	10659	3000109	1754	11014	3100098	1754	11371	3200059	1754	11728	3300236	1754	12085	3400201	1754	12440	3500038	1754	
358	100180	1754	715	200126	1754	1071	300297	1754	1426	400277	1754	1781	500289	1754	2138	600218	1754	2497	700255	1754	2854	800202	1754	3209	900186	1754	3567	1000037	1754	3919	1100127	1754	4273	1200059	1754	4630	1300324	1754	4989	1400181	1754	5344	1500123	1754	5701	1600272	1754	6056	1700066	1754	6413	1800083	1754	6772	1900220	1754	7131	2000034	1754	7489	2100295	1754	7846	2200085	1754	8202	2300092	1754	8558	2400111	1754	8918	2500226	1754	9276	2600229	1754	9633	2700303	1754	9991	2800199	1754	10345	2900047	1754	10704	3000301	1754	11061	3100281	1754	11417	3200084	1754	11775	3300063	1754	12133	3400198	1754	12493	3500279	1754	
357	100153	1754	715	200265	1754	1069	300224	1754	1424	400139	1754	1781	500251	1754	2137	600193	1754	2494	700128	1754	2846	800057	1754	3198	900157	1754	3551	1000068	1754	3906	1100228	1754	4262	1200104	1754	4621	1300268	1754	4973	1400266	1754	5331	1500166	1754	5687	1600165	1754	6043	1700124	1754	6402	1800085	1754	6762	1900273	1754	7120	2000064	1754	7479	2100246	1754	7831	2200062	1754	8188	2300284	1754	8547	2400076	1754	8903	2500039	1754	9261	2600109	1754	9616	2700059	1754	9972	2800130	1754	10330	2900105	1754	10688	3000045	1754	11047	3100146	1754	11403	3200110	1754	11760	3300047	1754	12119	3400190	1754	12475	3500190	1754	
3742	100019	117	7470	200002	90	11206	300009	90	14961	400005	90	18721	500029	89	22449	600008	85	26182	700014	85	29937	800024	84	33681	900008	84	37443	1000009	81	41206	1100025	80	44950	1200023	80	48685	1300025	80	52440	1400016	80	56182	1500025	79	59909	1600022	79	63663	1700015	79	67377	1800025	79	71080	1900004	79	74802	2000006	79	78536	2100002	79	82279	2200016	79	86027	2300013	76	89760	2400001	76	93506	2500016	73	97250	2600013	73	100993	2700018	72	104713	2800009	72	108438	2900016	72	112158	3000024	70	115884	3100012	69	119627	3200025	69	123368	3300006	69	127093	3400018	69	130825	3500014	69	
3732	100025	138	7445	200023	101	11165	300006	93	14889	400025	86	18607	500016	82	22349	600004	76	26082	700021	76	29787	800014	76	33491	900026	76	37226	1000005	76	40965	1100019	76	44686	1200005	76	48441	1300014	76	52202	1400017	76	55947	1500002	76	59668	1600013	76	63394	1700017	76	67159	1800020	76	70914	1900004	76	74647	2000019	76	78381	2100027	76	82125	2200025	76	85872	2300018	76	89600	2400014	75	93340	2500021	75	97093	2600020	75	100858	2700003	72	104621	2800015	72	108371	2900024	72	112123	3000011	72	115868	3100007	72	119613	3200027	72	123352	3300009	72	127103	3400018	72	130841	3500019	72	
3756	100024	74	7482	200007	66	11219	300013	66	14939	400021	65	18686	500018	64	22401	600003	63	26123	700021	63	29873	800011	63	33631	900005	62	37386	1000021	61	41135	1100013	61	44884	1200018	61	48603	1300003	59	52299	1400007	59	56041	1500019	58	59774	1600005	58	63522	1700020	58	67268	1800019	58	70997	1900029	56	74754	2000014	56	78490	2100014	56	82239	2200024	56	85964	2300024	56	89700	2400011	56	93443	2500025	56	97167	2600010	56	100909	2700013	56	104647	2800015	54	108386	2900021	53	112106	3000011	53	115841	3100010	52	119578	3200020	51	123346	3300023	51	127105	3400021	51	130833	3500006	51	
3742	100009	105	7487	200010	88	11189	300002	88	14891	400008	88	18632	500017	88	22345	600012	86	26083	700023	82	29818	800017	79	33561	900001	76	37299	1000005	72	41047	1100003	69	44779	1200019	69	48531	1300013	69	52254	1400009	68	55994	1500017	63	59716	1600007	63	63431	1700020	63	67169	1800023	63	70897	1900002	63	74637	2000002	63	78357	2100011	63	82102	2200020	63	85829	2300002	63	89554	2400004	63	93312	2500029	63	97067	2600008	63	100804	2700015	63	104553	2800018	63	108286	2900010	63	112018	3000004	63	115765	3100021	63	119524	3200027	63	123271	3300008	63	127006	3400002	63	130740	3500010	63	
3755	100023	109	7497	200017	109	11229	300017	109	14974	400012	109	18728	500020	105	22486	600007	103	26240	700012	103	29999	800024	101	33753	900009	101	37522	1000012	99	41258	1100005	99	45007	1200013	96	48772	1300026	96	52523	1400002	96	56263	1500026	96	59955	1600020	93	63699	1700003	93	67459	1800026	90	71210	1900009	90	74969	2000008	90	78733	2100015	90	82474	2200024	87	86215	2300009	87	89938	2400030	85	93650	2500002	84	97396	2600004	84	101127	2700028	77	104854	2800025	77	108583	2900021	77	112314	3000021	77	116064	3100019	77	119803	3200012	77	123559	3300010	77	127288	3400017	77	131026	3500012	77	
1252	100065	1562	2482	200041	1413	3733	300075	1413	4979	400062	1413	6220	500046	1413	7470	600046	1413	8709	700085	1413	9956	800057	1413	11201	900052	1413	12438	1000088	1413	13683	1100043	1413	14924	1200063	1413	16170	1300033	1373	17415	1400052	1373	18658	1500085	1373	19879	1600086	1373	21116	1700011	1373	22355	1800053	1335	23586	1900072	1335	24811	2000039	1335	26053	2100010	1335	27288	2200088	1335	28528	2300026	1335	29769	2400033	1335	31012	2500040	1335	32255	2600066	1335	33496	2700013	1335	34730	2800014	1335	35959	2900020	1335	37197	3000032	1335	38439	3100084	1335	39676	3200010	1335	40912	3300022	1335	42144	3400050	1335	43368	3500015	1335	
1253	100036	1653	2487	200081	1450	3719	300026	1406	4947	400069	1336	6178	500067	1309	7404	600068	1309	8634	700048	1309	9866	800071	1309	11098	900049	1309	12333	1000028	1309	13558	1100054	1309	14789	1200067	1276	16020	1300063	1276	17258	1400047	1276	18501	1500070	1276	19748	1600070	1276	20985	1700049	1276	22228	1800066	1276	23461	1900076	1276	24699	2000052	1276	25928	2100069	1244	27166	2200020	1244	28402	2300087	1244	29633	2400089	1244	30862	2500062	1244	32098	2600019	1244	33336	2700049	1244	34564	2800013	1244	35782	2900076	1244	37011	3000027	1244	38249	3100011	1244	39482	3200069	1244	40722	3300069	1244	41952	3400035	1244	43192	3500034	1244	
1242	100023	1847	2482	200027	1727	3715	300033	1605	4939	400063	1572	6176	500085	1455	7407	600089	1413	8633	700046	1383	9879	800045	1383	11125	900039	1383	12358	1000014	1383	13599	1100010	1352	14838	1200052	1352	16083	1300065	1352	17324	1400075	1352	18566	1500008	1311	19790	1600071	1274	21027	1700071	1234	22272	1800080	1191	23513	1900013	1191	24748	2000086	1154	25988	2100082	1114	27228	2200013	1114	28461	2300040	1114	29699	2400082	1114	30922	2500044	1114	32157	2600020	1114	33399	2700031	1114	34620	2800019	1114	35848	2900008	1114	37084	3000044	1114	38330	3100057	1114	39572	3200046	1114	40806	3300013	1114	42040	3400061	1114	43271	3500041	1114	
1253	100063	1415	2493	200016	1368	3728	300074	1368	4972	400041	1325	6207	500068	1244	7444	600076	1194	8656	700016	1194	9888	800036	1194	11114	900087	1159	12345	1000061	1159	13585	1100029	1159	14824	1200033	1159	16060	1300057	1121	17304	1400028	1088	18547	1500047	1088	19784	1600059	1088	21023	1700071	1088	22262	1800034	1088	23495	1900014	1088	24733	2000016	1088	25976	2100058	1088	27217	2200043	1088	28447	2300041	1088	29681	2400049	1088	30920	2500089	1088	32159	2600027	1088	33392	2700051	1088	34621	2800029	1088	35848	2900029	1088	37079	3000041	1088	38308	3100079	1088	39547	3200044	1088	40791	3300036	1088	42008	3400066	1088	43250	3500062	1088	
1236	100062	1561	2468	200014	1455	3697	300036	1410	4944	400043	1410	6183	500076	1410	7420	600048	1410	8664	700031	1410	9910	800075	1410	11158	900028	1376	12392	1000063	1376	13628	1100067	1376	14860	1200016	1376	16099	1300007	1376	17340	1400008	1376	18585	1500023	1376	19823	1600045	1376	21062	1700040	1376	22302	1800080	1376	23543	1900015	1376	24790	2000037	1376	26023	2100037	1376	27254	2200012	1376	28488	2300007	1376	29717	2400074	1376	30942	2500008	1376	32168	2600072	1376	33405	2700044	1376	34644	2800077	1376	35886	2900009	1376	37129	3000047	1376	38362	3100011	1376	39594	3200052	1376	40823	3300072	1376	42061	3400027	1376	43289	3500022	1376	
282	100316	47143	567	200313	45980	850	300278	41286	1130	400357	36871	1411	500095	33202	1694	600366	31392	1975	700152	31114	2254	800268	30530	2534	900353	30530	2817	1000152	28502	3099	1100257	27331	3381	1200247	26735	3666	1300224	24048	3947	1400179	23753	4228	1500221	23753	4509	1600158	22282	4791	1700068	20184	5074	1800254	18118	5357	1900164	16956	5642	2000107	16389	5927	2100343	15828	6210	2200152	15243	6493	2300205	14955	6775	2400304	14673	7057	2500116	14406	7340	2600316	14406	7620	2700248	14406	7898	2800369	14406	8176	2900355	14406	8456	3000227	14406	8736	3100195	14406	9018	3200237	14406	9301	3300333	14406	9585	3400327	14406	9863	3500109	14406	
283	100122	49186	565	200280	44482	849	300112	39386	1133	400205	37281	1416	500284	37281	1700	600274	34566	1981	700102	30276	2262	800328	28799	2546	900279	28224	2829	1000222	27035	3111	1100379	20475	3393	1200168	15816	3674	1300358	14380	3953	1400208	14380	4234	1500184	14380	4513	1600255	14380	4794	1700071	14380	5079	1800368	14380	5362	1900348	14109	5639	2000106	14109	5920	2100376	14109	6200	2200222	14109	6481	2300199	14109	6760	2400344	14109	7039	2500192	14109	7319	2600269	14109	7601	2700303	14109	7881	2800378	14109	8160	2900051	14109	8437	3000223	14109	8717	3100256	13829	8997	3200319	13559	9277	3300056	13303	9557	3400310	13303	9839	3500101	13303	
283	100221	46900	566	200280	40924	848	300086	38768	1131	400337	35601	1415	500232	34719	1696	600159	33567	1977	700310	32337	2260	800241	31093	2542	900053	29874	2822	1000047	28995	3104	1100247	28108	3386	1200095	26639	3670	1300046	26639	3956	1400314	22464	4238	1500157	19467	4521	1600089	19160	4805	1700105	18578	5086	1800084	15100	5366	1900183	14268	5642	2000116	14268	5927	2100295	14268	6210	2200359	13968	6494	2300309	13386	6777	2400229	13386	7057	2500222	13386	7339	2600083	13386	7621	2700222	13386	7905	2800286	13386	8188	2900314	13386	8469	3000049	13386	8752	3100142	13386	9035	3200320	13386	9320	3300260	13386	9602	3400175	13386	9886	3500248	13386	
283	100173	48951	567	200176	44857	851	300063	40486	1135	400273	34321	1419	500252	32562	1702	600316	32254	1980	700307	31091	2260	800251	29633	2542	900127	26702	2827	1000161	24854	3112	1100378	23398	3394	1200213	21357	3677	1300264	21061	3958	1400071	17835	4231	1500080	14921	4512	1600374	14086	4794	1700351	12714	5075	1800277	11940	5355	1900124	10877	5633	2000076	10877	5911	2100302	10877	6187	2200343	10625	6469	2300355	10625	6748	2400285	10625	7027	2500306	10625	7306	2600042	10625	7587	2700376	10625	7868	2800126	10625	8150	2900069	10625	8433	3000162	10380	8713	3100046	10380	8996	3200106	10380	9274	3300108	10380	9552	3400084	10380	9834	3500372	10380	
284	100274	49573	562	200316	49573	843	300302	46834	1125	400351	45972	1410	500248	44186	1692	600136	43873	1977	700278	42668	2257	800170	41152	2539	900219	41152	2821	1000211	39902	3103	1100160	36312	3385	1200136	35697	3669	1300050	33579	3952	1400330	32677	4236	1500259	32363	4517	1600373	32077	4799	1700350	31799	5079	1800257	31799	5361	1900377	31203	5642	2000292	29396	5923	2100101	28560	6207	2200128	27726	6491	2300104	27140	6776	2400336	26842	7061	2500280	25665	7344	2600283	25665	7627	2700326	25362	7913	2800385	25362	8198	2900387	25055	8481	3000285	25055	8765	3100315	25055	9048	3200377	25055	9334	3300201	25055	9618	3400334	25055	9900	3500328	25055	
