wersja nr 1;wspolczynnik mutacji 3.200000;wielkosc populacji 30
696	100115	44	1386	200063	44	2074	300061	44	2763	400054	44	3452	500126	44	4140	600023	44	4831	700103	44	5519	800149	44	6207	900066	44	6896	1000016	44	7586	1100084	44	8276	1200018	44	8965	1300068	44	9655	1400137	44	10344	1500103	44	11033	1600051	44	11721	1700131	44	12406	1800154	44	13093	1900048	44	13780	2000105	44	14469	2100042	44	15157	2200034	44	15847	2300149	44	16536	2400138	44	17223	2500080	44	17915	2600147	44	18603	2700081	44	19292	2800070	44	19973	2900037	44	20662	3000072	44	21351	3100037	44	22039	3200153	44	22723	3300123	44	23411	3400066	44	24097	3500024	44	
697	100101	44	1386	200146	44	2073	300035	44	2760	400032	44	3444	500099	44	4124	600125	44	4809	700017	44	5498	800083	44	6185	900077	44	6868	1000122	44	7555	1100126	44	8242	1200039	44	8932	1300108	44	9620	1400013	44	10311	1500035	44	11001	1600028	44	11692	1700068	44	12381	1800044	44	13071	1900134	44	13757	2000039	44	14444	2100034	44	15133	2200084	44	15822	2300116	44	16510	2400059	44	17200	2500110	44	17889	2600032	44	18579	2700061	44	19264	2800017	44	19953	2900107	44	20641	3000077	44	21323	3100110	44	22005	3200027	44	22691	3300086	44	23380	3400090	44	24067	3500059	44	
698	100156	44	1384	200029	44	2072	300036	44	2762	400088	44	3449	500018	44	4135	600128	44	4823	700084	44	5511	800084	44	6199	900045	44	6888	1000132	44	7578	1100135	44	8268	1200018	44	8958	1300106	44	9647	1400022	44	10334	1500139	44	11019	1600012	44	11710	1700067	44	12400	1800108	44	13090	1900121	44	13780	2000092	44	14470	2100071	44	15150	2200131	44	15839	2300146	44	16527	2400016	44	17217	2500042	44	17902	2600042	44	18593	2700143	44	19282	2800039	44	19969	2900068	44	20655	3000121	44	21344	3100094	44	22031	3200018	44	22719	3300065	44	23407	3400026	44	24096	3500084	44	
694	100031	44	1384	200122	44	2072	300111	44	2760	400047	44	3450	500111	44	4140	600087	44	4827	700043	44	5517	800076	44	6206	900026	44	6893	1000095	44	7580	1100095	44	8271	1200154	44	8961	1300135	44	9650	1400073	44	10339	1500042	44	11029	1600039	44	11719	1700150	44	12407	1800075	44	13095	1900030	44	13783	2000102	44	14469	2100119	44	15151	2200063	44	15841	2300143	44	16531	2400121	44	17219	2500129	44	17907	2600096	44	18597	2700015	44	19286	2800144	44	19975	2900145	44	20664	3000107	44	21349	3100099	44	22039	3200123	44	22726	3300149	44	23412	3400092	44	24094	3500059	44	
696	100026	44	1386	200013	44	2074	300012	44	2763	400082	44	3452	500049	44	4134	600048	44	4825	700147	44	5512	800119	44	6201	900093	44	6890	1000148	44	7578	1100031	44	8266	1200122	44	8952	1300065	44	9640	1400082	44	10324	1500065	44	11010	1600136	44	11700	1700059	44	12389	1800134	44	13076	1900034	44	13763	2000049	44	14452	2100072	44	15141	2200063	44	15831	2300058	44	16517	2400040	44	17207	2500126	44	17894	2600046	44	18584	2700059	44	19274	2800020	44	19963	2900125	44	20652	3000119	44	21340	3100155	44	22026	3200015	44	22716	3300025	44	23405	3400050	44	24093	3500139	44	
716	100131	46	1428	200108	46	2143	300093	46	2855	400135	46	3566	500125	46	4277	600015	46	4993	700140	46	5708	800122	46	6423	900106	46	7134	1000149	46	7848	1100121	46	8562	1200042	46	9275	1300086	46	9990	1400066	46	10707	1500105	46	11423	1600094	46	12138	1700078	46	12853	1800121	46	13568	1900055	46	14283	2000029	46	14998	2100025	46	15715	2200077	46	16431	2300134	46	17145	2400080	46	17858	2500077	46	18572	2600023	46	19288	2700126	46	20003	2800128	46	20709	2900013	46	21424	3000128	46	22138	3100032	46	22850	3200052	46	23559	3300050	46	24272	3400029	46	24984	3500033	46	
717	100106	46	1428	200138	46	2141	300040	46	2856	400063	46	3573	500092	46	4287	600011	46	5004	700111	46	5719	800097	46	6434	900079	46	7149	1000076	46	7864	1100147	46	8578	1200097	46	9293	1300135	46	10007	1400073	46	10724	1500132	46	11437	1600075	46	12151	1700011	46	12865	1800054	46	13579	1900134	46	14293	2000051	46	15007	2100101	46	15719	2200033	46	16434	2300121	46	17147	2400017	46	17862	2500048	46	18575	2600023	46	19291	2700058	46	20005	2800098	46	20720	2900024	46	21434	3000080	46	22150	3100082	46	22864	3200023	46	23578	3300114	46	24291	3400120	46	25002	3500051	46	
715	100048	46	1429	200134	46	2143	300146	46	2859	400025	46	3572	500039	46	4288	600097	46	5002	700092	46	5716	800068	46	6431	900066	46	7148	1000136	46	7861	1100130	46	8576	1200106	46	9290	1300036	46	10005	1400051	46	10720	1500129	46	11434	1600043	46	12146	1700027	46	12861	1800037	46	13575	1900098	46	14290	2000133	46	15003	2100015	46	15709	2200104	46	16425	2300098	46	17139	2400046	46	17853	2500050	46	18566	2600036	46	19281	2700103	46	19996	2800101	46	20707	2900059	46	21422	3000010	46	22133	3100109	46	22844	3200070	46	23559	3300141	46	24273	3400119	46	24985	3500068	46	
714	100080	46	1429	200136	46	2144	300065	46	2859	400038	46	3575	500033	46	4291	600022	46	4999	700107	46	5712	800038	46	6428	900023	46	7146	1000095	46	7862	1100015	46	8577	1200033	46	9293	1300142	46	10007	1400102	46	10723	1500140	46	11439	1600084	46	12151	1700040	46	12865	1800042	46	13576	1900116	46	14290	2000097	46	15004	2100068	46	15720	2200040	46	16436	2300123	46	17151	2400136	46	17866	2500058	46	18580	2600036	46	19295	2700145	46	20008	2800098	46	20723	2900101	46	21439	3000036	46	22155	3100124	46	22870	3200104	46	23587	3300061	46	24300	3400021	46	25018	3500046	46	
716	100075	46	1428	200023	46	2143	300163	46	2857	400050	46	3573	500119	46	4281	600060	46	4996	700138	46	5711	800062	46	6426	900040	46	7140	1000100	46	7853	1100088	46	8563	1200015	46	9279	1300124	46	9994	1400128	46	10710	1500088	46	11426	1600038	46	12142	1700076	46	12855	1800041	46	13570	1900054	46	14283	2000047	46	14997	2100043	46	15712	2200057	46	16424	2300063	46	17140	2400036	46	17857	2500145	46	18571	2600149	46	19281	2700076	46	19996	2800148	46	20710	2900113	46	21422	3000099	46	22136	3100049	46	22853	3200082	46	23565	3300025	46	24279	3400083	46	24993	3500020	46	
270	100363	3749	538	200251	2629	803	300076	1795	1066	400129	1168	1326	500138	718	1585	600394	417	1838	700114	250	2087	800241	200	2335	900448	200	2582	1000287	200	2830	1100244	200	3078	1200083	200	3327	1300321	200	3575	1400189	200	3823	1500288	200	4071	1600382	200	4319	1700401	200	4567	1800278	200	4815	1900319	200	5062	2000230	200	5311	2100415	200	5557	2200181	200	5804	2300270	200	6053	2400346	200	6301	2500425	200	6549	2600415	200	6797	2700127	200	7044	2800183	200	7288	2900071	200	7535	3000169	200	7784	3100352	200	8031	3200443	200	8278	3300223	200	8527	3400329	200	8774	3500148	200	
269	100420	3729	534	200200	2636	798	300292	1780	1062	400098	1168	1325	500162	694	1584	600106	382	1837	700187	232	2085	800198	200	2335	900436	200	2583	1000241	200	2830	1100152	200	3079	1200243	200	3327	1300367	200	3574	1400183	200	3821	1500234	200	4070	1600333	200	4318	1700179	200	4567	1800383	200	4815	1900416	200	5063	2000374	200	5310	2100364	200	5557	2200209	200	5805	2300121	200	6053	2400132	200	6300	2500111	200	6548	2600167	200	6797	2700316	200	7045	2800278	200	7293	2900102	200	7542	3000141	200	7790	3100210	200	8038	3200350	200	8285	3300155	200	8533	3400117	200	8781	3500409	200	
268	100071	3781	535	200289	2652	802	300122	1786	1066	400057	1154	1328	500374	681	1586	600384	397	1839	700286	244	2089	800394	200	2337	900209	200	2585	1000218	200	2832	1100112	200	3080	1200098	200	3329	1300392	200	3577	1400238	200	3824	1500219	200	4072	1600215	200	4320	1700152	200	4569	1800294	200	4817	1900251	200	5065	2000301	200	5313	2100232	200	5559	2200159	200	5806	2300060	200	6054	2400193	200	6302	2500187	200	6551	2600358	200	6799	2700235	200	7047	2800244	200	7295	2900124	200	7543	3000088	200	7790	3100071	200	8039	3200404	200	8285	3300147	200	8534	3400303	200	8780	3500153	200	
269	100145	3760	536	200414	2653	800	300145	1858	1063	400362	1216	1326	500301	701	1584	600179	376	1836	700252	221	2084	800321	200	2332	900090	200	2580	1000278	200	2828	1100405	200	3076	1200159	200	3323	1300046	200	3571	1400048	200	3820	1500439	200	4067	1600374	200	4314	1700091	200	4562	1800175	200	4810	1900126	200	5057	2000122	200	5306	2100307	200	5554	2200355	200	5801	2300214	200	6049	2400212	200	6296	2500156	200	6543	2600175	200	6790	2700047	200	7039	2800350	200	7287	2900128	200	7535	3000160	200	7784	3100391	200	8031	3200082	200	8279	3300096	200	8528	3400385	200	8776	3500292	200	
269	100208	3770	536	200294	2662	802	300385	1767	1067	400422	1088	1329	500293	609	1586	600267	337	1836	700328	215	2084	800443	200	2332	900412	200	2578	1000275	200	2824	1100226	200	3071	1200301	200	3319	1300294	200	3566	1400131	200	3815	1500358	200	4063	1600156	200	4311	1700324	200	4559	1800241	200	4807	1900391	200	5055	2000355	200	5303	2100224	200	5551	2200430	200	5798	2300333	200	6047	2400244	200	6295	2500113	200	6543	2600331	200	6791	2700207	200	7039	2800190	200	7287	2900201	200	7535	3000095	200	7783	3100166	200	8030	3200207	200	8278	3300306	200	8527	3400361	200	8775	3500178	200	
277	100342	3605	552	200343	2262	826	300329	1029	1095	400183	398	1353	500186	214	1606	600195	205	1858	700182	205	2111	800161	205	2364	900172	205	2618	1000203	205	2871	1100263	205	3124	1200200	205	3378	1300393	205	3630	1400181	205	3882	1500257	205	4133	1600080	205	4386	1700276	205	4639	1800138	205	4893	1900071	205	5147	2000281	205	5400	2100420	205	5653	2200237	205	5907	2300432	205	6160	2400275	205	6413	2500314	205	6666	2600098	205	6919	2700246	205	7170	2800338	205	7423	2900418	205	7676	3000253	205	7927	3100153	205	8180	3200310	205	8433	3300438	205	8686	3400258	205	8939	3500266	205	
276	100089	3511	548	200099	2147	820	300153	960	1090	400300	370	1348	500389	227	1599	600300	205	1851	700306	205	2103	800182	205	2356	900085	205	2608	1000217	205	2860	1100223	205	3111	1200163	205	3364	1300196	205	3617	1400064	205	3871	1500081	205	4125	1600296	205	4378	1700090	205	4632	1800309	205	4884	1900232	205	5137	2000187	205	5390	2100281	205	5643	2200094	205	5896	2300253	205	6149	2400086	205	6403	2500166	205	6657	2600181	205	6911	2700212	205	7164	2800057	205	7417	2900170	205	7671	3000426	205	7924	3100264	205	8178	3200363	205	8431	3300410	205	8683	3400113	205	8937	3500135	205	
275	100372	3556	551	200385	2213	823	300330	1041	1092	400271	413	1352	500095	215	1606	600391	205	1858	700402	205	2110	800436	205	2363	900352	205	2616	1000070	205	2870	1100364	205	3123	1200338	205	3375	1300290	205	3628	1400235	205	3881	1500073	205	4135	1600242	205	4388	1700243	205	4640	1800119	205	4893	1900429	205	5143	2000316	205	5392	2100102	205	5645	2200138	205	5898	2300068	205	6152	2400253	205	6405	2500163	205	6657	2600056	205	6911	2700168	205	7161	2800043	205	7415	2900350	205	7667	3000350	205	7920	3100319	205	8174	3200398	205	8427	3300320	205	8681	3400342	205	8934	3500190	205	
277	100176	3531	554	200339	2170	826	300085	1035	1093	400310	422	1352	500187	220	1605	600381	205	1857	700131	205	2110	800249	205	2362	900069	205	2615	1000215	205	2868	1100172	205	3121	1200064	205	3373	1300301	205	3625	1400271	205	3878	1500434	205	4130	1600420	205	4384	1700366	205	4637	1800291	205	4890	1900211	205	5143	2000164	205	5396	2100101	205	5650	2200364	205	5902	2300166	205	6155	2400123	205	6409	2500349	205	6658	2600374	205	6909	2700247	205	7162	2800342	205	7415	2900345	205	7668	3000064	205	7921	3100201	205	8174	3200191	205	8426	3300317	205	8679	3400430	205	8932	3500092	205	
276	100256	3550	551	200113	2196	824	300065	963	1093	400228	399	1352	500312	222	1605	600354	205	1856	700089	205	2110	800217	205	2363	900403	205	2616	1000314	205	2868	1100085	205	3122	1200426	205	3375	1300322	205	3629	1400400	205	3882	1500161	205	4136	1600275	205	4389	1700065	205	4643	1800102	205	4897	1900292	205	5151	2000187	205	5404	2100259	205	5657	2200354	205	5910	2300072	205	6164	2400379	205	6417	2500255	205	6670	2600061	205	6925	2700381	205	7178	2800055	205	7431	2900184	205	7685	3000373	205	7938	3100101	205	8190	3200081	205	8444	3300254	205	8698	3400197	205	8952	3500196	205	
61	101582	24072	120	200481	22966	181	300923	21887	242	401264	20787	303	501440	19732	364	601513	18753	425	701642	17802	486	801680	16892	547	900969	16022	609	1001449	15190	670	1100279	14490	732	1201581	13825	793	1301681	13207	853	1401156	12668	914	1501665	12129	974	1601214	11632	1034	1700814	11136	1094	1801471	10691	1153	1901106	10311	1211	2000766	9947	1270	2101142	9600	1328	2200526	9242	1387	2300836	8946	1446	2401894	8699	1504	2501453	8476	1562	2601646	8204	1620	2701867	7975	1677	2800511	7766	1734	2900386	7587	1791	3001968	7470	1847	3101038	7311	1905	3201644	7179	1962	3301605	7014	2018	3400298	6902	2075	3501083	6789	
61	100545	24069	122	200791	22959	183	301186	21862	244	400856	20817	305	500672	19711	366	601197	18674	427	700931	17747	488	800507	16808	550	901468	15946	611	1001034	15123	672	1101499	14388	733	1201531	13738	794	1301591	13061	855	1401670	12451	915	1500956	11912	975	1600461	11406	1035	1700283	10933	1095	1801665	10550	1154	1901165	10165	1213	2000928	9867	1272	2100791	9526	1331	2201832	9178	1389	2301132	8904	1446	2400368	8632	1504	2501139	8427	1562	2601244	8214	1620	2701625	8004	1677	2801607	7792	1734	2900918	7619	1792	3001720	7414	1849	3101370	7260	1906	3201722	7109	1963	3301535	6976	2020	3401844	6809	2077	3501690	6664	
61	101103	24098	122	200986	22936	183	301115	21803	243	400773	20725	304	501127	19686	365	600888	18680	426	701059	17728	487	800724	16849	549	901155	16023	610	1000475	15301	672	1101602	14659	733	1201888	13994	792	1300343	13409	853	1401793	12907	913	1501144	12391	973	1601153	11896	1033	1701013	11405	1093	1801563	11001	1152	1900886	10599	1211	2001480	10256	1270	2101435	9922	1328	2201242	9634	1387	2301648	9341	1445	2400742	9059	1503	2501110	8844	1561	2601102	8620	1618	2700867	8439	1676	2801943	8250	1733	2900520	8090	1790	3000305	7943	1848	3100638	7754	1905	3201336	7632	1962	3301615	7480	2018	3400375	7377	2076	3501898	7231	
61	100463	24076	122	200342	22946	184	301834	21810	244	400527	20747	306	501703	19684	367	601022	18669	428	700723	17687	490	801193	16708	551	900683	15817	612	1000287	15054	674	1101307	14343	735	1201369	13682	796	1301766	13109	856	1400464	12541	917	1501444	12026	977	1601773	11535	1036	1700251	11142	1096	1800789	10779	1156	1901859	10377	1214	2000715	10032	1272	2100938	9724	1330	2200679	9431	1388	2301140	9179	1446	2400966	8893	1504	2500800	8645	1561	2600261	8440	1619	2700308	8206	1677	2801421	8011	1734	2900532	7795	1791	3001004	7615	1848	3100858	7423	1905	3201021	7280	1962	3301662	7157	2019	3401372	7019	2076	3501103	6885	
62	101831	24043	123	201599	22886	184	301620	21806	244	400359	20747	306	500990	19671	367	600846	18657	429	701636	17724	490	801465	16831	551	900997	15984	612	1001053	15148	673	1101106	14396	734	1201553	13723	795	1301468	13124	855	1400685	12564	915	1500409	12047	975	1600861	11600	1035	1701176	11149	1094	1800472	10726	1153	1900390	10365	1212	2000559	10039	1271	2100626	9700	1329	2200629	9437	1387	2300559	9191	1445	2400411	8956	1504	2501087	8690	1562	2600534	8456	1620	2701255	8223	1678	2801432	8036	1736	2901692	7825	1793	3001167	7651	1850	3101609	7503	1907	3200995	7358	1964	3301611	7206	2021	3401696	7091	2078	3501924	6960	
63	101133	24062	126	201494	22907	189	301352	21791	251	400886	20768	313	500492	19671	377	601751	18626	440	701185	17608	503	801271	16516	565	900694	15448	628	1000931	14283	691	1101628	13112	753	1200420	12019	816	1301862	10885	878	1401222	9837	940	1500799	8855	1002	1600789	7939	1064	1700483	7044	1126	1801786	6307	1187	1900558	5667	1248	2000312	5170	1309	2101255	4718	1369	2201277	4346	1428	2301332	4081	1486	2400265	3829	1545	2501398	3612	1604	2601822	3395	1662	2701117	3209	1720	2801971	3085	1777	2900481	2958	1835	3001874	2890	1892	3100457	2821	1950	3200891	2726	2007	3300864	2698	2064	3400352	2642	2122	3501906	2586	
63	100788	24108	126	201313	22997	189	301089	21872	251	400377	20831	314	500374	19674	377	600542	18615	441	701707	17534	504	801727	16429	567	901177	15323	629	1000519	14348	692	1100679	13267	755	1200832	12221	818	1300862	11156	881	1401662	10150	943	1500632	9114	1006	1601384	8149	1069	1701726	7257	1131	1801502	6519	1192	1900254	5929	1253	2000380	5414	1314	2100366	4956	1374	2200284	4558	1434	2301024	4174	1493	2400346	3865	1552	2501322	3661	1610	2600769	3489	1669	2701646	3362	1726	2800958	3252	1784	2901610	3150	1841	3000636	3081	1899	3101382	3039	1956	3200381	2971	2014	3301741	2905	2072	3401620	2827	2129	3501638	2784	
63	101431	24102	126	201241	23006	189	301613	21832	251	400524	20674	314	501674	19554	376	600457	18429	439	700858	17266	503	801777	16106	566	901434	15026	628	1000987	13944	691	1101512	12837	753	1200743	11759	815	1300304	10689	878	1401436	9610	939	1501292	8654	1001	1601661	7783	1062	1700709	6990	1124	1800669	6301	1186	1901807	5692	1246	2000796	5178	1307	2101340	4680	1367	2201227	4288	1427	2301145	3923	1486	2400357	3679	1546	2501910	3446	1604	2601766	3294	1662	2701756	3149	1719	2801049	3037	1776	2900427	2930	1833	3000241	2840	1892	3101612	2729	1949	3200493	2630	2007	3301780	2599	2064	3401177	2559	2121	3500259	2533	
63	101365	24119	126	201600	23013	188	301207	21960	250	400277	20858	313	500925	19775	375	600591	18737	438	700631	17657	501	800743	16521	564	901420	15420	626	1001033	14380	689	1101884	13277	751	1201177	12208	813	1301643	11148	875	1401207	10150	937	1500583	9206	999	1600256	8419	1061	1700339	7581	1123	1800806	6767	1185	1901062	6051	1246	2000307	5422	1307	2101055	4963	1367	2200603	4553	1426	2300489	4208	1485	2400663	3932	1544	2501078	3685	1602	2601192	3489	1660	2701926	3358	1717	2800575	3207	1775	2901303	3090	1832	3000485	3004	1890	3101584	2928	1947	3201369	2858	2004	3300570	2775	2062	3401918	2726	2118	3500597	2670	
63	101555	24082	125	200717	22960	188	300465	21782	251	401515	20708	313	501714	19612	375	600895	18535	438	701081	17423	500	800531	16296	563	900634	15223	626	1001698	14137	688	1101426	13016	750	1200482	11957	814	1301621	10885	876	1400537	9875	939	1501327	8825	1001	1601393	7909	1063	1701245	7082	1125	1801195	6343	1186	1900916	5752	1247	2000785	5238	1307	2101148	4888	1366	2200750	4507	1425	2300559	4231	1484	2401291	3988	1542	2500305	3790	1600	2600992	3627	1658	2701442	3458	1715	2800330	3332	1773	2900888	3248	1831	3001523	3141	1888	3101350	3042	1945	3200671	2958	2003	3301610	2907	2060	3400678	2857	2117	3500459	2806	
811	100043	47	1624	200126	47	2434	300115	47	3244	400023	47	4054	500081	47	4861	600094	47	5671	700058	47	6481	800090	47	7291	900124	47	8099	1000068	47	8910	1100069	47	9718	1200132	47	10526	1300056	47	11334	1400081	47	12143	1500050	47	12954	1600072	47	13763	1700035	47	14564	1800086	47	15374	1900114	47	16185	2000093	47	16996	2100086	47	17806	2200125	47	18615	2300020	47	19424	2400036	47	20234	2500130	47	21045	2600131	47	21851	2700026	47	22652	2800050	47	23458	2900078	47	24268	3000070	47	25077	3100052	47	25889	3200104	47	26701	3300072	47	27514	3400114	47	28325	3500041	47	
807	100123	47	1611	200048	47	2422	300117	47	3231	400014	47	4042	500096	47	4853	600046	47	5664	700065	47	6474	800041	47	7285	900095	47	8095	1000030	47	8904	1100104	47	9712	1200037	47	10521	1300044	47	11328	1400012	47	12140	1500053	47	12951	1600125	47	13762	1700016	47	14573	1800073	47	15382	1900049	47	16192	2000125	47	17000	2100046	47	17806	2200079	47	18616	2300119	47	19425	2400108	47	20236	2500058	47	21047	2600104	47	21856	2700074	47	22666	2800098	47	23474	2900109	47	24283	3000104	47	25093	3100105	47	25898	3200024	47	26701	3300027	47	27510	3400059	47	28320	3500086	47	
810	100064	47	1620	200097	47	2430	300091	47	3239	400090	47	4049	500024	47	4854	600128	47	5653	700123	47	6461	800080	47	7272	900072	47	8081	1000103	47	8889	1100050	47	9698	1200066	47	10508	1300068	47	11318	1400049	47	12126	1500076	47	12934	1600022	47	13744	1700026	47	14541	1800037	47	15347	1900041	47	16157	2000018	47	16967	2100035	47	17775	2200056	47	18584	2300032	47	19394	2400087	47	20204	2500115	47	21015	2600102	47	21826	2700024	47	22633	2800086	47	23443	2900082	47	24253	3000028	47	25066	3100117	47	25875	3200036	47	26685	3300018	47	27495	3400083	47	28305	3500131	47	
810	100097	47	1619	200058	47	2420	300028	47	3228	400021	47	4036	500028	47	4847	600043	47	5657	700012	47	6469	800079	47	7279	900013	47	8090	1000013	47	8902	1100101	47	9711	1200100	47	10514	1300030	47	11323	1400108	47	12132	1500109	47	12941	1600027	47	13752	1700123	47	14561	1800064	47	15370	1900074	47	16180	2000058	47	16991	2100106	47	17801	2200091	47	18606	2300110	47	19412	2400027	47	20224	2500093	47	21031	2600028	47	21843	2700051	47	22651	2800024	47	23460	2900085	47	24269	3000069	47	25079	3100112	47	25889	3200116	47	26695	3300054	47	27504	3400104	47	28315	3500120	47	
802	100107	47	1611	200049	47	2418	300028	47	3223	400116	47	4030	500014	47	4838	600108	47	5647	700100	47	6448	800088	47	7257	900125	47	8064	1000042	47	8875	1100103	47	9686	1200115	47	10497	1300020	47	11307	1400081	47	12119	1500076	47	12930	1600056	47	13742	1700060	47	14551	1800097	47	15356	1900072	47	16162	2000038	47	16970	2100078	47	17776	2200025	47	18585	2300089	47	19394	2400125	47	20203	2500103	47	21013	2600109	47	21824	2700096	47	22632	2800015	47	23439	2900126	47	24241	3000062	47	25042	3100125	47	25850	3200100	47	26658	3300127	47	27462	3400072	47	28270	3500022	47	
867	100100	53	1729	200089	53	2603	300100	53	3478	400076	53	4353	500011	53	5228	600053	53	6105	700088	53	6978	800060	53	7854	900116	53	8725	1000088	53	9595	1100094	53	10455	1200074	53	11322	1300018	53	12198	1400104	53	13072	1500101	53	13947	1600082	53	14824	1700107	53	15691	1800040	53	16566	1900073	53	17437	2000115	53	18312	2100023	53	19187	2200108	53	20060	2300102	53	20932	2400015	53	21805	2500075	53	22680	2600062	53	23556	2700110	53	24425	2800049	53	25298	2900012	53	26170	3000007	53	27045	3100031	53	27919	3200055	53	28790	3300104	53	29664	3400115	53	30538	3500070	53	
873	100056	53	1747	200055	53	2621	300044	53	3497	400065	53	4369	500123	53	5244	600105	53	6119	700022	53	6994	800049	53	7869	900024	53	8747	1000090	53	9619	1100051	53	10495	1200097	53	11369	1300070	53	12246	1400073	53	13120	1500055	53	13994	1600009	53	14871	1700072	53	15747	1800048	53	16621	1900115	53	17494	2000052	53	18367	2100066	53	19240	2200069	53	20115	2300044	53	20989	2400055	53	21864	2500034	53	22735	2600021	53	23609	2700070	53	24479	2800111	53	25351	2900120	53	26228	3000026	53	27106	3100063	53	27981	3200083	53	28850	3300065	53	29725	3400074	53	30601	3500110	53	
872	100031	53	1747	200014	53	2619	300086	53	3493	400015	53	4369	500090	53	5245	600018	53	6121	700081	53	6993	800107	53	7864	900096	53	8725	1000069	53	9598	1100025	53	10473	1200035	53	11347	1300046	53	12222	1400068	53	13095	1500011	53	13970	1600100	53	14846	1700122	53	15709	1800050	53	16584	1900063	53	17455	2000040	53	18327	2100086	53	19199	2200022	53	20074	2300039	53	20945	2400100	53	21816	2500015	53	22693	2600031	53	23571	2700097	53	24447	2800048	53	25321	2900111	53	26194	3000065	53	27067	3100042	53	27944	3200102	53	28818	3300042	53	29693	3400080	53	30569	3500016	53	
875	100018	53	1752	200027	53	2622	300026	53	3499	400119	53	4375	500071	53	5249	600079	53	6123	700110	53	6992	800101	53	7866	900016	53	8742	1000023	53	9613	1100123	53	10484	1200058	53	11360	1300101	53	12234	1400106	53	13110	1500057	53	13988	1600090	53	14860	1700082	53	15733	1800061	53	16606	1900044	53	17481	2000104	53	18358	2100066	53	19235	2200067	53	20111	2300067	53	20985	2400025	53	21858	2500025	53	22734	2600081	53	23606	2700011	53	24480	2800114	53	25354	2900075	53	26225	3000048	53	27099	3100103	53	27976	3200055	53	28851	3300033	53	29726	3400036	53	30602	3500117	53	
865	100012	53	1736	200024	53	2610	300079	53	3479	400085	53	4342	500096	53	5212	600092	53	6088	700025	53	6960	800019	53	7836	900049	53	8710	1000082	53	9581	1100073	53	10452	1200009	53	11324	1300021	53	12200	1400107	53	13073	1500105	53	13948	1600075	53	14814	1700090	53	15685	1800056	53	16560	1900113	53	17435	2000013	53	18311	2100078	53	19183	2200009	53	20059	2300116	53	20930	2400085	53	21800	2500051	53	22675	2600064	53	23552	2700056	53	24426	2800051	53	25300	2900007	53	26177	3000031	53	27054	3100090	53	27926	3200011	53	28798	3300032	53	29667	3400026	53	30540	3500043	53	
273	100256	191	542	200264	191	810	300265	191	1078	400297	191	1346	500060	191	1614	600228	191	1882	700256	191	2150	800228	191	2419	900334	191	2688	1000347	191	2956	1100299	191	3224	1200111	191	3493	1300218	191	3760	1400185	191	4029	1500313	191	4297	1600326	191	4564	1700138	191	4831	1800260	191	5099	1900273	191	5365	2000144	191	5633	2100366	191	5901	2200241	191	6168	2300196	191	6435	2400091	191	6702	2500220	191	6971	2600387	191	7239	2700393	191	7505	2800224	191	7772	2900091	191	8040	3000066	191	8308	3100400	191	8576	3200283	191	8843	3300274	191	9111	3400156	191	9379	3500078	191	
274	100124	191	542	200353	191	810	300070	191	1079	400171	191	1348	500351	191	1615	600253	191	1883	700292	191	2151	800344	191	2418	900367	191	2686	1000308	191	2955	1100387	191	3223	1200191	191	3491	1300042	191	3759	1400177	191	4027	1500314	191	4293	1600173	191	4562	1700266	191	4831	1800396	191	5098	1900354	191	5366	2000265	191	5635	2100415	191	5902	2200127	191	6171	2300367	191	6439	2400201	191	6708	2500380	191	6977	2600384	191	7243	2700405	191	7511	2800272	191	7779	2900263	191	8047	3000072	191	8315	3100332	191	8581	3200176	191	8849	3300248	191	9117	3400236	191	9385	3500243	191	
272	100040	191	539	200103	191	808	300162	191	1075	400082	191	1344	500292	191	1611	600324	191	1878	700093	191	2147	800287	191	2415	900390	191	2682	1000253	191	2950	1100271	191	3217	1200090	191	3485	1300090	191	3754	1400294	191	4023	1500392	191	4290	1600389	191	4557	1700123	191	4822	1800065	191	5090	1900100	191	5359	2000258	191	5628	2100182	191	5895	2200078	191	6164	2300278	191	6432	2400111	191	6701	2500051	191	6969	2600170	191	7238	2700271	191	7506	2800221	191	7774	2900345	191	8042	3000353	191	8310	3100229	191	8577	3200084	191	8845	3300123	191	9114	3400113	191	9384	3500399	191	
273	100323	191	541	200404	191	808	300046	191	1076	400124	191	1344	500119	191	1612	600381	191	1878	700215	191	2146	800107	191	2414	900112	191	2683	1000157	191	2952	1100307	191	3219	1200226	191	3487	1300281	191	3755	1400296	191	4023	1500086	191	4292	1600065	191	4560	1700110	191	4829	1800361	191	5096	1900122	191	5364	2000063	191	5632	2100198	191	5900	2200245	191	6168	2300124	191	6436	2400333	191	6704	2500060	191	6974	2600407	191	7242	2700247	191	7510	2800387	191	7777	2900103	191	8047	3000391	191	8314	3100157	191	8583	3200344	191	8850	3300062	191	9119	3400241	191	9388	3500278	191	
273	100332	191	540	200282	191	808	300306	191	1077	400317	191	1345	500088	191	1615	600340	191	1882	700121	191	2150	800156	191	2418	900071	191	2686	1000381	191	2953	1100302	191	3220	1200134	191	3488	1300218	191	3756	1400208	191	4025	1500389	191	4293	1600063	191	4562	1700330	191	4830	1800181	191	5099	1900348	191	5367	2000233	191	5635	2100304	191	5903	2200125	191	6171	2300095	191	6439	2400235	191	6708	2500401	191	6976	2600180	191	7245	2700213	191	7513	2800344	191	7781	2900231	191	8049	3000101	191	8318	3100343	191	8586	3200248	191	8854	3300281	191	9123	3400236	191	9391	3500239	191	
294	100221	194	583	200175	194	874	300274	194	1164	400291	194	1454	500074	194	1745	600125	194	2037	700360	194	2327	800118	194	2618	900136	194	2909	1000281	194	3199	1100180	194	3489	1200062	194	3779	1300149	194	4068	1400132	194	4358	1500327	194	4647	1600109	194	4935	1700094	194	5226	1800082	194	5516	1900096	194	5807	2000258	194	6098	2100352	194	6389	2200260	194	6679	2300363	194	6969	2400309	194	7260	2500345	194	7550	2600041	194	7840	2700262	194	8130	2800278	194	8420	2900120	194	8711	3000384	194	9001	3100347	194	9291	3200361	194	9580	3300131	194	9871	3400293	194	10159	3500057	194	
294	100041	194	585	200221	194	876	300225	194	1166	400189	194	1456	500063	194	1745	600345	194	2035	700187	194	2327	800346	194	2618	900327	194	2907	1000112	194	3198	1100168	194	3489	1200242	194	3778	1300057	194	4069	1400044	194	4359	1500179	194	4650	1600297	194	4939	1700161	194	5229	1800193	194	5519	1900320	194	5807	2000141	194	6097	2100168	194	6387	2200303	194	6678	2300361	194	6969	2400370	194	7260	2500362	194	7549	2600262	194	7839	2700098	194	8129	2800132	194	8419	2900317	194	8708	3000359	194	8997	3100138	194	9286	3200196	194	9577	3300276	194	9868	3400371	194	10156	3500144	194	
296	100350	194	586	200242	194	876	300264	194	1166	400339	194	1456	500363	194	1747	600365	194	2037	700240	194	2328	800304	194	2619	900381	194	2909	1000064	194	3198	1100278	194	3488	1200191	194	3778	1300131	194	4070	1400274	194	4360	1500335	194	4651	1600356	194	4939	1700356	194	5229	1800124	194	5520	1900149	194	5811	2000249	194	6101	2100070	194	6392	2200309	194	6682	2300309	194	6972	2400322	194	7262	2500347	194	7552	2600310	194	7843	2700286	194	8132	2800067	194	8423	2900201	194	8714	3000279	194	9005	3100330	194	9295	3200057	194	9586	3300102	194	9877	3400246	194	10168	3500106	194	
294	100242	194	583	200186	194	874	300269	194	1164	400108	194	1456	500390	194	1745	600095	194	2036	700098	194	2328	800136	194	2618	900097	194	2909	1000171	194	3198	1100274	194	3489	1200244	194	3779	1300110	194	4070	1400375	194	4360	1500310	194	4650	1600279	194	4941	1700279	194	5231	1800163	194	5521	1900037	194	5813	2000276	194	6102	2100185	194	6393	2200107	194	6682	2300150	194	6974	2400333	194	7264	2500178	194	7554	2600165	194	7845	2700307	194	8136	2800119	194	8427	2900377	194	8715	3000044	194	9005	3100336	194	9296	3200194	194	9587	3300199	194	9876	3400086	194	10165	3500113	194	
293	100175	194	583	200084	194	874	300168	194	1165	400099	194	1456	500249	194	1746	600289	194	2035	700189	194	2326	800330	194	2617	900282	194	2908	1000048	194	3200	1100267	194	3491	1200303	194	3783	1300327	194	4073	1400374	194	4363	1500158	194	4653	1600249	194	4944	1700121	194	5235	1800179	194	5526	1900283	194	5816	2000043	194	6107	2100187	194	6398	2200196	194	6690	2300332	194	6981	2400330	194	7272	2500397	194	7560	2600135	194	7851	2700322	194	8141	2800161	194	8432	2900041	194	8722	3000181	194	9013	3100291	194	9303	3200297	194	9593	3300146	194	9883	3400230	194	10175	3500370	194	
68	101157	1673	136	201579	1561	203	301552	1473	270	401600	1405	336	500465	1353	403	601153	1323	470	700855	1302	537	801155	1277	604	901444	1252	670	1000232	1234	738	1100821	1217	805	1200848	1204	872	1300367	1170	940	1401655	1157	1007	1500838	1154	1073	1600249	1150	1140	1700607	1141	1208	1801346	1132	1275	1901008	1131	1342	2000246	1131	1410	2100952	1122	1477	2200534	1111	1544	2300438	1111	1612	2401187	1100	1679	2500440	1096	1746	2600359	1090	1813	2700285	1090	1881	2801729	1088	1948	2900905	1080	2015	3001379	1080	2081	3100401	1078	2148	3200460	1078	2215	3300757	1078	2282	3400963	1075	2350	3501522	1074	
68	100965	1632	135	200813	1545	202	300483	1483	269	400263	1432	336	500265	1388	404	601156	1319	471	701239	1296	537	800446	1285	604	900221	1259	671	1000307	1221	738	1100560	1201	805	1200932	1176	872	1300350	1166	940	1401521	1146	1006	1500502	1144	1073	1600424	1142	1140	1700338	1135	1207	1800770	1132	1275	1901548	1119	1342	2001017	1112	1410	2101565	1106	1477	2201427	1099	1544	2300902	1096	1612	2401279	1094	1679	2500898	1093	1746	2600308	1079	1814	2700833	1068	1882	2801643	1063	1949	2900799	1061	2016	3000770	1058	2083	3101305	1054	2150	3201196	1053	2217	3300767	1050	2285	3401295	1050	2352	3500661	1050	
68	101589	1657	135	200899	1573	202	300680	1456	269	401200	1354	336	501615	1305	403	601492	1263	469	700538	1246	536	800749	1231	603	900307	1205	670	1000679	1190	737	1100209	1169	804	1200293	1154	871	1301231	1154	938	1401480	1154	1005	1501700	1144	1071	1601374	1138	1138	1701491	1127	1205	1801509	1120	1272	1900854	1106	1339	2000577	1104	1407	2101436	1101	1474	2200629	1094	1541	2300435	1094	1609	2401196	1094	1676	2500278	1090	1744	2601382	1080	1811	2701015	1068	1879	2801542	1064	1946	2900695	1060	2013	3000788	1060	2080	3100286	1058	2148	3200861	1051	2215	3300749	1051	2282	3400314	1048	2350	3501061	1048	
68	100803	1643	135	200752	1463	202	300217	1358	270	401371	1302	337	500690	1258	404	601052	1223	471	700905	1208	537	800912	1196	603	900981	1192	670	1000783	1188	737	1100811	1185	804	1201326	1175	871	1301576	1171	938	1401315	1166	1005	1500749	1152	1072	1600471	1144	1139	1700853	1134	1206	1800859	1124	1273	1900503	1112	1340	2000767	1102	1407	2100626	1094	1474	2200868	1094	1541	2300498	1092	1609	2401297	1086	1676	2501313	1085	1743	2600899	1081	1809	2700290	1077	1877	2801173	1075	1944	2900335	1073	2012	3001602	1073	2079	3101077	1073	2146	3200771	1073	2213	3300543	1067	2280	3400257	1067	2347	3500466	1065	
68	100260	1643	136	200702	1536	203	300765	1434	270	401426	1343	336	501047	1314	402	600205	1263	470	701687	1235	536	800576	1219	603	900983	1207	670	1000727	1192	737	1100343	1181	805	1201653	1178	872	1301599	1166	939	1400855	1161	1006	1500560	1150	1074	1601718	1148	1141	1701663	1140	1208	1801253	1122	1275	1900442	1119	1343	2001141	1113	1411	2101601	1113	1478	2201282	1107	1545	2300326	1096	1613	2400724	1094	1680	2500634	1085	1748	2601198	1083	1815	2701633	1073	1882	2801344	1066	1949	2901385	1064	2016	3001080	1064	2083	3100574	1062	2151	3201458	1061	2218	3300335	1055	2286	3401537	1055	2353	3500679	1054	
74	101164	1691	147	201068	1576	220	301432	1461	292	400585	1375	364	500742	1347	437	601341	1289	509	700360	1208	581	801061	1155	653	900395	1120	726	1001343	1085	798	1100451	1075	871	1200662	1060	944	1300916	1051	1017	1400801	1036	1089	1500729	1027	1162	1600527	1015	1235	1700886	1013	1307	1800197	1013	1380	1900701	1012	1453	2000771	1006	1526	2101132	1004	1599	2201350	1001	1672	2301171	999	1745	2400964	997	1818	2501379	992	1891	2601347	992	1963	2700559	991	2036	2800277	984	2109	2900930	984	2182	3001522	980	2255	3101542	979	2328	3200732	977	2401	3300589	974	2474	3400631	972	2548	3501360	964	
74	100950	1672	147	200470	1528	220	300749	1431	293	400807	1352	365	500624	1290	438	601119	1235	510	700806	1196	582	800427	1176	655	901475	1155	728	1001457	1119	800	1100816	1110	872	1200318	1100	945	1300943	1084	1018	1401404	1065	1090	1500410	1051	1163	1600643	1046	1236	1700243	1036	1309	1800876	1035	1382	1900595	1024	1455	2000331	1024	1528	2100241	1016	1601	2200611	1009	1674	2300748	1009	1747	2400816	1007	1820	2500380	998	1893	2600335	996	1967	2701309	995	2040	2801252	994	2113	2900798	991	2186	3000955	990	2259	3101037	989	2332	3200425	989	2406	3301491	987	2479	3401088	983	2552	3500651	982	
74	101382	1662	147	200875	1536	220	301174	1451	292	400385	1352	365	500962	1265	437	600582	1199	510	701466	1167	581	800230	1144	654	901212	1127	726	1000534	1109	799	1100655	1085	872	1201062	1074	945	1301055	1061	1017	1400374	1060	1089	1500874	1058	1162	1600877	1056	1235	1700696	1053	1308	1801275	1049	1380	1900306	1043	1453	2000324	1034	1526	2100201	1032	1600	2201431	1028	1673	2300646	1020	1746	2400638	1019	1819	2500657	1010	1892	2600671	1008	1965	2700386	1000	2038	2800413	1000	2112	2901500	1000	2185	3001114	1000	2258	3100923	997	2331	3201096	997	2404	3300534	993	2477	3400658	991	2550	3500779	987	
74	101300	1662	146	200421	1590	219	300609	1436	292	401419	1316	364	500524	1238	436	600571	1198	509	701102	1164	582	801409	1125	653	900223	1115	725	1000852	1100	797	1100440	1089	870	1201402	1084	943	1301334	1065	1016	1401512	1059	1088	1500635	1036	1161	1600220	1033	1234	1701018	1029	1307	1800998	1026	1380	1900707	1024	1453	2001215	1016	1525	2100347	1010	1599	2201259	1007	1671	2300289	1007	1744	2400950	1007	1817	2500923	1005	1890	2601565	1003	1962	2700350	1003	2035	2800572	1000	2108	2900609	1000	2181	3001183	994	2253	3101313	993	2326	3200578	983	2399	3301457	983	2471	3400251	983	2545	3501404	982	
74	101518	1668	147	201043	1524	220	301176	1398	293	401227	1265	364	500315	1190	437	601299	1153	509	700507	1146	581	801197	1130	653	900217	1101	726	1000450	1081	799	1100728	1064	872	1200410	1054	946	1301077	1034	1019	1400968	1017	1093	1501482	1008	1165	1600317	1002	1238	1700917	998	1311	1801059	993	1384	1900986	991	1457	2000891	990	1530	2100516	988	1604	2201083	988	1677	2300904	988	1751	2401358	986	1824	2501240	981	1897	2601511	978	1969	2700359	978	2042	2800388	978	2116	2900975	976	2189	3001000	975	2262	3100819	974	2335	3200798	972	2408	3300557	969	2482	3401436	969	2555	3501166	969	
739	100121	80	1467	200036	50	2197	300125	50	2925	400011	50	3654	500030	50	4384	600023	50	5115	700048	50	5845	800051	50	6571	900095	50	7299	1000018	50	8029	1100138	50	8753	1200088	50	9482	1300090	50	10202	1400090	50	10930	1500059	50	11658	1600119	50	12388	1700083	50	13118	1800101	50	13844	1900087	50	14572	2000105	50	15299	2100070	50	16028	2200040	50	16758	2300038	50	17484	2400111	50	18210	2500095	50	18938	2600027	50	19670	2700122	50	20400	2800117	50	21124	2900118	50	21846	3000039	50	22575	3100122	50	23303	3200121	50	24031	3300068	50	24760	3400041	50	25491	3500095	50	
736	100070	52	1466	200125	50	2194	300068	50	2921	400118	50	3649	500020	50	4377	600061	50	5105	700031	50	5836	800052	50	6566	900125	50	7296	1000098	50	8026	1100048	50	8756	1200110	50	9486	1300104	50	10214	1400047	50	10943	1500122	50	11671	1600084	50	12398	1700085	50	13125	1800053	50	13855	1900050	50	14586	2000128	50	15313	2100052	50	16042	2200079	50	16772	2300131	50	17498	2400045	50	18227	2500078	50	18954	2600017	50	19684	2700103	50	20411	2800026	50	21136	2900048	50	21865	3000136	50	22594	3100141	50	23323	3200051	50	24051	3300123	50	24778	3400106	50	25505	3500046	50	
739	100104	57	1469	200108	50	2196	300025	50	2922	400089	50	3652	500090	50	4382	600053	50	5112	700030	50	5839	800103	50	6567	900077	50	7291	1000115	50	8019	1100121	50	8748	1200144	50	9476	1300129	50	10197	1400144	50	10927	1500132	50	11657	1600096	50	12387	1700036	50	13117	1800114	50	13846	1900114	50	14576	2000074	50	15300	2100134	50	16027	2200139	50	16756	2300141	50	17484	2400045	50	18215	2500129	50	18944	2600027	50	19676	2700130	50	20405	2800028	50	21135	2900039	50	21862	3000064	50	22592	3100097	50	23320	3200027	50	24051	3300123	50	24777	3400121	50	25502	3500029	50	
739	100046	68	1464	200047	50	2187	300052	50	2909	400087	50	3634	500136	50	4357	600038	50	5078	700034	50	5803	800056	50	6528	900027	50	7257	1000032	50	7984	1100037	50	8714	1200050	50	9442	1300048	50	10170	1400035	50	10897	1500052	50	11625	1600066	50	12353	1700015	50	13082	1800041	50	13810	1900039	50	14537	2000137	50	15265	2100025	50	15995	2200043	50	16717	2300049	50	17446	2400141	50	18173	2500040	50	18902	2600056	50	19629	2700099	50	20354	2800014	50	21084	2900009	50	21813	3000026	50	22540	3100146	50	23269	3200070	50	23994	3300020	50	24724	3400053	50	25451	3500117	50	
739	100045	54	1465	200118	50	2195	300128	50	2921	400070	50	3650	500077	50	4378	600047	50	5106	700141	50	5834	800122	50	6561	900051	50	7289	1000102	50	8016	1100079	50	8744	1200078	50	9472	1300016	50	10200	1400120	50	10929	1500059	50	11658	1600020	50	12388	1700075	50	13115	1800071	50	13845	1900051	50	14572	2000073	50	15299	2100123	50	16025	2200135	50	16751	2300067	50	17478	2400020	50	18207	2500039	50	18935	2600040	50	19666	2700103	50	20394	2800067	50	21123	2900054	50	21852	3000044	50	22579	3100092	50	23308	3200047	50	24036	3300124	50	24765	3400031	50	25494	3500046	50	
273	100410	8554	543	200381	7092	813	300066	5686	1085	400372	4285	1355	500261	2899	1624	600341	1676	1891	700358	821	2153	800140	396	2406	900140	253	2656	1000177	204	2904	1100311	204	3152	1200285	204	3399	1300054	204	3644	1400418	204	3890	1500100	204	4137	1600093	204	4386	1700365	204	4634	1800246	204	4881	1900193	204	5129	2000257	204	5377	2100323	204	5625	2200431	204	5873	2300234	204	6120	2400210	204	6367	2500349	204	6614	2600083	204	6862	2700090	204	7110	2800194	204	7359	2900355	204	7606	3000272	204	7854	3100409	204	8102	3200153	204	8351	3300336	204	8599	3400280	204	8847	3500299	204	
271	100062	8560	543	200233	7134	814	300124	5701	1085	400162	4315	1354	500295	2933	1621	600077	1737	1889	700350	894	2151	800391	451	2406	900397	274	2655	1000204	224	2904	1100260	204	3152	1200349	204	3401	1300440	204	3647	1400352	204	3894	1500361	204	4142	1600361	204	4391	1700331	204	4640	1800384	204	4888	1900084	204	5137	2000434	204	5384	2100122	204	5632	2200314	204	5880	2300156	204	6126	2400258	204	6374	2500321	204	6621	2600050	204	6870	2700235	204	7117	2800097	204	7364	2900421	204	7611	3000075	204	7859	3100076	204	8107	3200235	204	8355	3300320	204	8603	3400372	204	8850	3500408	204	
271	100238	8529	542	200150	7081	813	300190	5667	1083	400187	4260	1352	500380	2914	1620	600107	1699	1886	700377	888	2147	800059	458	2402	900252	293	2653	1000240	220	2901	1100067	204	3149	1200172	204	3398	1300339	204	3644	1400414	204	3891	1500081	204	4140	1600357	204	4388	1700411	204	4635	1800266	204	4884	1900345	204	5132	2000179	204	5380	2100212	204	5629	2200317	204	5877	2300313	204	6126	2400306	204	6374	2500135	204	6623	2600275	204	6871	2700061	204	7119	2800200	204	7366	2900239	204	7614	3000082	204	7863	3100278	204	8111	3200261	204	8358	3300081	204	8605	3400185	204	8854	3500404	204	
273	100071	8566	545	200225	7137	814	300056	5794	1084	400188	4395	1354	500059	3071	1623	600321	1906	1890	700107	1047	2154	800422	582	2411	900298	343	2664	1000295	233	2911	1100057	204	3160	1200208	204	3407	1300108	204	3656	1400375	204	3903	1500085	204	4152	1600198	204	4401	1700329	204	4650	1800332	204	4898	1900123	204	5146	2000183	204	5394	2100254	204	5643	2200165	204	5890	2300136	204	6139	2400355	204	6387	2500303	204	6635	2600237	204	6883	2700290	204	7131	2800187	204	7378	2900165	204	7625	3000218	204	7873	3100117	204	8120	3200250	204	8366	3300057	204	8614	3400261	204	8862	3500410	204	
270	100051	8573	541	200192	7133	813	300115	5720	1082	400303	4336	1353	500275	2970	1620	600087	1839	1887	700319	996	2151	800379	481	2405	900056	268	2656	1000219	204	2904	1100314	204	3153	1200404	204	3401	1300122	204	3650	1400251	204	3898	1500135	204	4147	1600385	204	4395	1700176	204	4643	1800404	204	4890	1900305	204	5139	2000248	204	5388	2100400	204	5635	2200294	204	5883	2300129	204	6132	2400438	204	6379	2500153	204	6626	2600067	204	6875	2700301	204	7123	2800193	204	7371	2900397	204	7619	3000375	204	7867	3100261	204	8116	3200414	204	8364	3300418	204	8611	3400073	204	8859	3500407	204	
62	100606	49267	124	200598	48085	187	301671	46864	248	400388	45645	311	501644	44412	373	600792	43191	435	700332	41989	498	801351	40784	561	901876	39627	623	1001433	38501	685	1101014	37292	747	1200548	36097	809	1301247	34969	871	1401025	33809	933	1500618	32669	996	1601776	31512	1058	1701080	30327	1121	1801774	29083	1183	1901544	27876	1245	2000668	26706	1308	2100993	25478	1371	2201142	24318	1433	2301090	23124	1496	2401796	21895	1558	2501367	20657	1619	2600782	19475	1681	2700665	18285	1743	2800862	17177	1806	2901788	16021	1868	3001551	14947	1930	3101154	13863	1992	3200743	12858	2054	3300927	11852	2116	3401735	10870	2177	3500270	9980	
63	101661	49192	125	200457	48031	188	301650	46765	250	400703	45530	312	500493	44319	374	600679	43071	436	700277	41893	499	800824	40636	561	900524	39406	623	1000368	38210	686	1101434	37005	748	1200679	35828	811	1301369	34644	873	1400831	33466	936	1501196	32266	998	1600339	31052	1061	1700598	29862	1124	1800649	28697	1187	1901208	27531	1250	2001413	26330	1312	2100799	25129	1375	2201604	23936	1437	2300265	22790	1500	2401143	21615	1563	2501476	20533	1626	2601871	19369	1687	2700320	18268	1749	2800676	17078	1811	2900971	15950	1874	3001759	14773	1935	3100976	13644	1997	3200453	12512	2059	3300385	11467	2122	3401501	10439	2184	3501006	9491	
63	100434	49183	126	201007	47934	189	300829	46654	252	401398	45483	314	500646	44310	377	601372	43133	440	701754	42010	502	801696	40806	564	900272	39649	627	1001050	38519	689	1100360	37379	752	1201094	36201	814	1301187	35007	876	1401086	33832	938	1501048	32680	1000	1601278	31490	1062	1700252	30346	1124	1800490	29218	1187	1901503	28014	1249	2001610	26769	1311	2100622	25617	1373	2200478	24467	1436	2301676	23231	1498	2401846	22033	1559	2500699	20886	1621	2600339	19705	1683	2700429	18524	1746	2801658	17316	1808	2900800	16166	1870	3000263	15038	1933	3101607	13928	1995	3200944	12843	2056	3300458	11902	2119	3402004	10966	2180	3500527	10080	
63	100746	49212	126	201627	48090	188	300949	46937	250	400907	45743	312	501636	44548	374	601524	43400	435	700721	42255	496	800721	41069	558	900277	39855	621	1001584	38600	683	1100852	37376	746	1200954	36165	809	1301279	34954	871	1400535	33755	933	1500912	32491	996	1601786	31289	1058	1701111	30116	1120	1800675	28967	1183	1901298	27779	1245	2000388	26633	1308	2101341	25454	1370	2201391	24233	1432	2300448	23058	1495	2401200	21877	1557	2500421	20725	1620	2601198	19530	1683	2701490	18345	1745	2800645	17164	1808	2901454	15993	1870	3001330	14861	1932	3101022	13739	1994	3200813	12612	2057	3301665	11571	2119	3401495	10655	2181	3501722	9798	
63	100813	49162	126	201186	47920	188	300451	46712	252	401795	45492	314	500706	44306	377	600700	43101	440	701568	41893	502	801003	40707	564	900674	39535	627	1001725	38325	689	1100952	37149	752	1200579	35944	815	1300951	34772	878	1401200	33644	941	1501623	32472	1004	1601469	31315	1066	1701049	30178	1128	1800288	28984	1191	1900929	27820	1254	2001080	26629	1317	2101376	25467	1379	2200528	24331	1442	2301063	23129	1505	2401794	21885	1567	2501653	20693	1629	2600649	19526	1691	2700258	18350	1754	2801818	17183	1816	2901415	16036	1878	3001563	14956	1940	3100667	13917	2003	3201400	12888	2065	3300497	11896	2127	3400417	11035	2190	3501853	10150	
