wersja nr 1;wspolczynnik mutacji 6.400000;wielkosc populacji 15
1493	100072	44	2976	200057	44	4470	300031	44	5955	400052	44	7447	500068	44	8943	600033	44	10430	700013	44	11926	800027	44	13422	900055	44	14914	1000047	44	16409	1100071	44	17900	1200011	44	19393	1300032	44	20880	1400012	44	22367	1500066	44	23855	1600043	44	25346	1700051	44	26842	1800023	44	28332	1900007	44	29830	2000019	44	31326	2100027	44	32823	2200060	44	34316	2300043	44	35812	2400050	44	37306	2500040	44	38798	2600024	44	40293	2700057	44	41786	2800044	44	43267	2900049	44	44757	3000065	44	46247	3100008	44	47744	3200042	44	49241	3300029	44	50729	3400020	44	52220	3500017	44	
1467	100068	44	2944	200016	44	4435	300006	44	5932	400017	44	7417	500006	44	8909	600016	44	10396	700013	44	11891	800042	44	13388	900049	44	14877	1000041	44	16371	1100014	44	17866	1200012	44	19357	1300029	44	20853	1400007	44	22341	1500043	44	23834	1600034	44	25329	1700022	44	26822	1800038	44	28319	1900033	44	29814	2000066	44	31305	2100025	44	32791	2200011	44	34282	2300027	44	35778	2400033	44	37273	2500025	44	38766	2600034	44	40263	2700057	44	41757	2800033	44	43253	2900063	44	44746	3000032	44	46229	3100050	44	47723	3200049	44	49214	3300050	44	50705	3400036	44	52200	3500060	44	
1493	100047	44	2985	200025	44	4480	300033	44	5974	400021	44	7468	500057	44	8959	600062	44	10454	700050	44	11943	800033	44	13438	900017	44	14926	1000051	44	16412	1100047	44	17892	1200007	44	19326	1300058	44	20810	1400041	44	22301	1500021	44	23793	1600066	44	25285	1700026	44	26776	1800056	44	28269	1900046	44	29741	2000028	44	31235	2100041	44	32731	2200025	44	34219	2300011	44	35717	2400072	44	37211	2500029	44	38710	2600066	44	40204	2700019	44	41697	2800064	44	43191	2900029	44	44682	3000029	44	46164	3100038	44	47655	3200023	44	49147	3300028	44	50644	3400028	44	52140	3500009	44	
1493	100061	44	2984	200007	44	4475	300067	44	5964	400023	44	7459	500017	44	8953	600036	44	10447	700010	44	11941	800018	44	13434	900066	44	14929	1000060	44	16424	1100062	44	17909	1200054	44	19388	1300017	44	20883	1400052	44	22377	1500017	44	23873	1600045	44	25360	1700056	44	26851	1800063	44	28344	1900012	44	29837	2000065	44	31327	2100032	44	32822	2200019	44	34311	2300024	44	35805	2400067	44	37293	2500026	44	38778	2600057	44	40268	2700064	44	41759	2800074	44	43255	2900009	44	44748	3000040	44	46242	3100025	44	47738	3200043	44	49229	3300043	44	50718	3400072	44	52201	3500011	44	
1475	100062	44	2929	200045	44	4416	300031	44	5902	400020	44	7395	500051	44	8876	600058	44	10367	700044	44	11856	800048	44	13339	900009	44	14823	1000031	44	16303	1100040	44	17783	1200067	44	19265	1300058	44	20753	1400047	44	22242	1500037	44	23731	1600068	44	25217	1700024	44	26711	1800007	44	28200	1900014	44	29690	2000010	44	31177	2100076	44	32660	2200025	44	34152	2300044	44	35642	2400010	44	37131	2500011	44	38615	2600037	44	40104	2700013	44	41591	2800048	44	43075	2900025	44	44564	3000026	44	46055	3100034	44	47543	3200013	44	49034	3300070	44	50513	3400030	44	52000	3500034	44	
1530	100033	46	3073	200055	46	4613	300011	46	6161	400032	46	7711	500063	46	9255	600018	46	10804	700017	46	12351	800016	46	13893	900014	46	15425	1000037	46	16969	1100012	46	18518	1200058	46	20066	1300017	46	21612	1400013	46	23164	1500056	46	24711	1600056	46	26264	1700071	46	27808	1800022	46	29358	1900036	46	30897	2000052	46	32450	2100045	46	34000	2200007	46	35549	2300017	46	37098	2400066	46	38641	2500035	46	40178	2600066	46	41726	2700013	46	43272	2800029	46	44818	2900052	46	46369	3000055	46	47913	3100008	46	49461	3200064	46	51007	3300029	46	52553	3400068	46	54102	3500018	46	
1533	100052	46	3077	200024	46	4624	300027	46	6172	400013	46	7721	500045	46	9268	600048	46	10806	700065	46	12352	800030	46	13896	900028	46	15446	1000069	46	16997	1100064	46	18540	1200017	46	20084	1300018	46	21631	1400065	46	23181	1500009	46	24731	1600018	46	26279	1700027	46	27829	1800063	46	29379	1900046	46	30926	2000049	46	32474	2100036	46	34021	2200055	46	35571	2300038	46	37118	2400034	46	38666	2500027	46	40216	2600053	46	41763	2700066	46	43304	2800013	46	44852	2900054	46	46401	3000030	46	47946	3100010	46	49491	3200061	46	51036	3300039	46	52576	3400049	46	54127	3500010	46	
1540	100022	46	3087	200029	46	4632	300025	46	6183	400007	46	7730	500027	46	9276	600027	46	10821	700015	46	12365	800014	46	13915	900044	46	15465	1000006	46	17010	1100059	46	18548	1200046	46	20090	1300007	46	21641	1400025	46	23184	1500007	46	24734	1600030	46	26275	1700048	46	27824	1800037	46	29373	1900037	46	30914	2000031	46	32460	2100064	46	34005	2200018	46	35555	2300055	46	37104	2400050	46	38653	2500052	46	40202	2600023	46	41746	2700008	46	43291	2800054	46	44840	2900007	46	46391	3000068	46	47943	3100062	46	49489	3200022	46	51037	3300024	46	52583	3400031	46	54130	3500028	46	
1540	100025	46	3087	200039	46	4630	300031	46	6174	400057	46	7725	500067	46	9273	600064	46	10818	700014	46	12367	800055	46	13914	900016	46	15461	1000010	46	17006	1100014	46	18554	1200038	46	20100	1300039	46	21650	1400032	46	23201	1500016	46	24757	1600060	46	26299	1700036	46	27847	1800047	46	29375	1900059	46	30895	2000045	46	32418	2100008	46	33952	2200055	46	35497	2300041	46	37044	2400034	46	38596	2500017	46	40147	2600037	46	41695	2700010	46	43241	2800049	46	44791	2900063	46	46341	3000013	46	47891	3100029	46	49438	3200007	46	50981	3300025	46	52529	3400057	46	54078	3500014	46	
1533	100016	46	3070	200067	46	4614	300009	46	6158	400053	46	7696	500034	46	9229	600039	46	10760	700024	46	12300	800011	46	13844	900025	46	15395	1000016	46	16943	1100068	46	18490	1200019	46	20027	1300042	46	21577	1400029	46	23127	1500059	46	24671	1600008	46	26220	1700059	46	27755	1800039	46	29303	1900046	46	30849	2000019	46	32401	2100036	46	33942	2200060	46	35488	2300050	46	37030	2400061	46	38569	2500073	46	40105	2600018	46	41642	2700064	46	43186	2800030	46	44727	2900016	46	46281	3000052	46	47832	3100023	46	49383	3200023	46	50930	3300048	46	52480	3400063	46	54030	3500060	46	
570	100031	1633	1135	200081	547	1697	300037	274	2248	400095	218	2799	500198	200	3352	600073	200	3906	700139	200	4456	800075	200	5010	900114	200	5561	1000206	200	6114	1100152	200	6665	1200043	200	7218	1300187	200	7772	1400157	200	8322	1500023	200	8875	1600027	200	9429	1700106	200	9980	1800069	200	10534	1900192	200	11087	2000068	200	11639	2100088	200	12191	2200107	200	12744	2300115	200	13295	2400134	200	13847	2500116	200	14400	2600152	200	14953	2700123	200	15507	2800194	200	16060	2900148	200	16612	3000136	200	17165	3100036	200	17716	3200042	200	18266	3300087	200	18819	3400090	200	19371	3500175	200	
570	100144	1605	1140	200150	536	1702	300132	294	2260	400143	218	2809	500205	203	3334	600173	200	3840	700137	200	4337	800186	200	4832	900220	200	5315	1000216	200	5797	1100105	200	6280	1200100	200	6763	1300177	200	7246	1400100	200	7736	1500099	200	8218	1600029	200	8701	1700194	200	9183	1800073	200	9671	1900171	200	10156	2000182	200	10637	2100088	200	11119	2200129	200	11608	2300227	200	12090	2400213	200	12572	2500182	200	13062	2600157	200	13544	2700229	200	14026	2800140	200	14518	2900083	200	15015	3000198	200	15512	3100092	200	16008	3200118	200	16504	3300047	200	17000	3400179	200	17505	3500033	200	
513	100073	1888	1023	200053	746	1529	300110	412	2042	400164	256	2543	500025	207	3048	600126	201	3549	700103	200	4049	800109	200	4555	900175	200	5053	1000178	200	5559	1100197	200	6056	1200083	200	6562	1300173	200	7063	1400050	200	7563	1500103	200	8070	1600200	200	8566	1700087	200	9072	1800097	200	9574	1900151	200	10076	2000190	200	10584	2100184	200	11082	2200141	200	11588	2300029	200	12091	2400155	200	12595	2500197	200	13102	2600209	200	13600	2700080	200	14106	2800035	200	14607	2900080	200	15108	3000075	200	15614	3100188	200	16113	3200150	200	16617	3300069	200	17120	3400195	200	17622	3500027	200	
521	100123	1849	1036	200040	628	1553	300129	320	2060	400099	229	2563	500189	213	3071	600058	202	3572	700131	200	4078	800067	200	4584	900187	200	5116	1000192	200	5666	1100097	200	6216	1200048	200	6769	1300055	200	7324	1400179	200	7876	1500060	200	8429	1600128	200	8980	1700206	200	9532	1800149	200	10084	1900075	200	10637	2000058	200	11191	2100191	200	11742	2200115	200	12293	2300160	200	12844	2400068	200	13396	2500195	200	13948	2600081	200	14500	2700027	200	15053	2800042	200	15604	2900101	200	16158	3000075	200	16710	3100150	200	17260	3200026	200	17811	3300066	200	18364	3400076	200	18917	3500069	200	
569	100068	1709	1139	200181	540	1702	300118	271	2252	400154	228	2807	500104	208	3360	600131	200	3912	700191	200	4464	800155	200	5018	900167	200	5568	1000056	200	6120	1100127	200	6674	1200162	200	7225	1300142	200	7778	1400153	200	8330	1500142	200	8883	1600101	200	9433	1700175	200	9984	1800124	200	10532	1900072	200	11076	2000035	200	11625	2100143	200	12173	2200158	200	12725	2300071	200	13277	2400139	200	13828	2500094	200	14381	2600174	200	14931	2700070	200	15481	2800033	200	16032	2900146	200	16584	3000075	200	17136	3100045	200	17688	3200140	200	18241	3300115	200	18793	3400191	200	19344	3500026	200	
580	100065	795	1151	200128	257	1717	300161	221	2281	400182	207	2844	500064	205	3409	600167	205	3974	700111	205	4537	800146	205	5100	900134	205	5665	1000062	205	6230	1100135	205	6792	1200065	205	7355	1300069	205	7919	1400159	205	8483	1500104	205	9048	1600071	205	9614	1700086	205	10177	1800120	205	10741	1900042	205	11305	2000034	205	11869	2100031	205	12431	2200169	205	12996	2300157	205	13559	2400096	205	14123	2500121	205	14685	2600037	205	15251	2700153	205	15815	2800140	205	16380	2900109	205	16945	3000173	205	17509	3100050	205	18072	3200155	205	18635	3300188	205	19197	3400100	205	19763	3500128	205	
581	100054	822	1157	200178	248	1714	300046	214	2276	400138	206	2841	500133	205	3401	600069	205	3963	700042	205	4528	800180	205	5091	900045	205	5651	1000085	205	6203	1100167	205	6765	1200054	205	7329	1300087	205	7894	1400077	205	8458	1500051	205	9019	1600080	205	9582	1700165	205	10144	1800040	205	10706	1900109	205	11271	2000059	205	11834	2100033	205	12398	2200098	205	12960	2300026	205	13525	2400154	205	14090	2500025	205	14655	2600053	205	15217	2700154	205	15780	2800046	205	16345	2900107	205	16910	3000129	205	17476	3100125	205	18040	3200088	205	18603	3300136	205	19167	3400071	205	19732	3500049	205	
582	100165	629	1155	200115	258	1718	300038	216	2284	400166	207	2849	500111	205	3413	600113	205	3978	700121	205	4541	800043	205	5105	900122	205	5669	1000156	205	6230	1100194	205	6792	1200072	205	7356	1300164	205	7922	1400197	205	8486	1500042	205	9052	1600086	205	9618	1700152	205	10181	1800115	205	10746	1900142	205	11310	2000059	205	11873	2100144	205	12434	2200085	205	12997	2300100	205	13563	2400196	205	14125	2500148	205	14688	2600072	205	15253	2700049	205	15817	2800064	205	16382	2900104	205	16946	3000158	205	17509	3100143	205	18070	3200129	205	18632	3300042	205	19197	3400039	205	19764	3500166	205	
582	100057	809	1158	200148	236	1722	300152	209	2286	400057	205	2851	500036	205	3417	600130	205	3980	700030	205	4542	800093	205	5107	900141	205	5669	1000068	205	6233	1100059	205	6797	1200048	205	7359	1300062	205	7923	1400083	205	8488	1500143	205	9046	1600139	205	9609	1700058	205	10169	1800196	205	10730	1900165	205	11290	2000044	205	11849	2100076	205	12409	2200184	205	12970	2300088	205	13533	2400081	205	14093	2500133	205	14652	2600048	205	15213	2700092	205	15776	2800046	205	16339	2900044	205	16899	3000110	205	17462	3100133	205	18024	3200083	205	18588	3300175	205	19153	3400142	205	19717	3500104	205	
581	100188	725	1153	200135	258	1720	300136	217	2285	400175	212	2850	500068	205	3413	600191	205	3977	700106	205	4539	800192	205	5103	900068	205	5669	1000043	205	6234	1100071	205	6799	1200043	205	7365	1300121	205	7928	1400115	205	8492	1500160	205	9055	1600182	205	9618	1700112	205	10183	1800107	205	10749	1900181	205	11312	2000116	205	11872	2100092	205	12437	2200046	205	13001	2300092	205	13564	2400070	205	14128	2500075	205	14694	2600045	205	15260	2700156	205	15823	2800121	205	16388	2900075	205	16954	3000056	205	17517	3100076	205	18081	3200035	205	18646	3300095	205	19209	3400078	205	19774	3500180	205	
129	100464	21157	259	200187	18144	390	300834	15523	518	400159	13886	646	500213	12817	772	600353	12017	898	700131	11453	1024	800877	11068	1149	900824	10762	1274	1000450	10443	1398	1100201	10199	1522	1200181	10029	1648	1300844	9776	1772	1400129	9549	1897	1500859	9432	2021	1600798	9325	2144	1700425	9277	2269	1800784	9101	2392	1900874	9012	2513	2000208	8976	2637	2100438	8802	2760	2200159	8788	2884	2300215	8713	3009	2400671	8601	3133	2500881	8585	3256	2600122	8574	3380	2700396	8547	3503	2800434	8547	3627	2900262	8477	3751	3000764	8442	3874	3100374	8372	3998	3200631	8336	4121	3300406	8322	4245	3400254	8322	4370	3500889	8304	
130	100265	21104	261	200731	17862	391	300808	15648	520	400905	14140	646	500748	13024	773	600900	12275	899	700289	11640	1025	800424	11269	1151	900588	10890	1276	1000419	10654	1400	1100134	10453	1525	1200893	10225	1648	1300618	10051	1772	1400199	9904	1897	1500339	9740	2021	1600566	9693	2144	1700251	9675	2269	1800740	9565	2393	1900226	9484	2517	2000177	9426	2641	2100520	9405	2765	2200432	9391	2889	2300181	9336	3014	2400567	9221	3138	2500672	9151	3262	2600843	9047	3386	2700634	8964	3510	2800453	8898	3634	2900259	8868	3758	3000173	8812	3883	3100886	8778	4006	3200393	8718	4130	3300325	8672	4254	3400501	8632	4378	3500722	8569	
131	100858	21049	261	200383	17652	392	300737	15426	520	400282	14205	648	500419	13323	775	600454	12637	902	700786	12095	1027	800235	11647	1152	900131	11242	1277	1000584	10906	1401	1100167	10681	1527	1200920	10418	1651	1300482	10265	1775	1400265	10115	1900	1500315	9955	2025	1600793	9805	2149	1700621	9688	2273	1800304	9570	2397	1900570	9493	2520	2000247	9428	2644	2100651	9310	2768	2200689	9218	2892	2300336	9017	3017	2400880	8903	3141	2500817	8886	3263	2600309	8852	3388	2700936	8774	3510	2800484	8715	3632	2900415	8678	3756	3000900	8662	3879	3100233	8642	4003	3200769	8618	4127	3300900	8618	4251	3400565	8602	4375	3500475	8594	
130	100306	21390	260	200557	18029	390	300411	15577	520	400885	14126	648	500620	12970	774	600867	12437	899	700217	11909	1025	800535	11591	1151	900931	11205	1274	1000496	10837	1400	1100929	10518	1524	1200238	10318	1648	1300176	10236	1773	1400441	10042	1896	1500180	9910	2022	1600746	9591	2146	1700878	9515	2270	1800904	9433	2394	1900668	9323	2518	2000415	9256	2643	2100702	9153	2766	2200282	9096	2891	2300792	9018	3014	2400327	8924	3136	2500185	8855	3260	2600471	8855	3384	2700228	8793	3508	2800188	8768	3632	2900354	8739	3755	3000284	8687	3877	3100154	8667	4002	3200852	8641	4125	3300236	8618	4248	3400532	8592	4372	3500811	8592	
130	100235	21134	261	200570	17759	391	300292	15529	520	400755	14276	647	500281	13327	776	600777	12422	902	700503	11839	1027	800366	11491	1153	900554	11191	1278	1000595	10833	1403	1100468	10517	1527	1200187	10319	1651	1300296	10130	1776	1400779	9948	1901	1500495	9772	2025	1600590	9680	2149	1700370	9529	2274	1800823	9452	2398	1900775	9382	2521	2000817	9325	2644	2100320	9211	2768	2200422	9142	2891	2300185	9106	3016	2400773	8989	3139	2500270	8967	3264	2600688	8890	3388	2700540	8844	3512	2800366	8753	3636	2900276	8688	3760	3000892	8660	3883	3100293	8573	4007	3200295	8523	4130	3300195	8486	4255	3400605	8469	4379	3500207	8381	
133	100213	22545	265	200238	19171	398	300573	15594	530	400169	12205	663	500766	9140	794	600848	6899	922	700147	5878	1049	800780	5508	1174	900876	5300	1300	1000717	5057	1426	1100810	4859	1551	1200885	4705	1676	1300413	4606	1802	1400358	4518	1928	1500251	4297	2055	1600596	4155	2182	1700858	4036	2308	1800766	4023	2433	1900421	3963	2559	2000440	3924	2685	2100319	3909	2811	2200153	3890	2937	2300378	3876	3063	2400879	3863	3189	2500655	3843	3315	2600513	3843	3441	2700662	3829	3567	2800876	3778	3692	2900530	3741	3818	3000526	3686	3944	3100750	3657	4070	3200451	3613	4196	3300399	3613	4322	3400213	3594	4449	3500679	3579	
134	100634	22357	267	200174	19323	400	300197	16001	534	400647	12752	666	500578	10090	798	600418	7878	930	700579	6355	1059	800438	5395	1187	900139	4889	1314	1000374	4496	1441	1100804	4309	1566	1200864	4202	1691	1300490	4096	1817	1400709	4009	1942	1500742	3920	2067	1600682	3898	2193	1700660	3837	2317	1800284	3754	2442	1900258	3754	2569	2000901	3688	2694	2100306	3644	2820	2200372	3623	2947	2300792	3556	3072	2400379	3556	3198	2500741	3510	3324	2600451	3498	3449	2700548	3481	3573	2800125	3467	3699	2900753	3457	3824	3000279	3457	3950	3100731	3446	4075	3200705	3446	4201	3300683	3446	4326	3400243	3446	4451	3500801	3446	
132	100208	22122	266	200810	18820	400	300841	15160	533	400672	11788	665	500249	8890	797	600159	6849	928	700457	5409	1057	800877	4703	1181	900661	4424	1306	1000668	4178	1432	1100843	3990	1557	1200440	3873	1682	1300227	3773	1808	1400863	3682	1933	1500524	3609	2057	1600185	3555	2182	1700196	3533	2308	1800376	3450	2433	1900237	3421	2558	2000611	3405	2683	2100180	3384	2809	2200190	3356	2935	2300559	3356	3060	2400307	3345	3186	2500404	3301	3312	2600558	3301	3437	2700707	3301	3561	2800277	3301	3686	2900238	3280	3812	3000900	3241	3937	3100316	3241	4063	3200194	3241	4190	3300861	3241	4315	3400314	3241	4441	3500489	3241	
132	100733	22393	264	200744	19092	396	300255	15733	529	400214	12440	661	500271	9270	793	600530	7164	923	700839	6046	1050	800378	5470	1177	900272	4962	1305	1000486	4532	1432	1100886	4382	1558	1200293	4237	1685	1300600	4109	1811	1400596	4004	1936	1500478	3966	2062	1600200	3922	2189	1700663	3894	2316	1800815	3809	2442	1900750	3790	2568	2000449	3738	2695	2100891	3728	2821	2200490	3673	2948	2300740	3629	3074	2400176	3564	3200	2500553	3564	3326	2600579	3528	3452	2700351	3515	3579	2800851	3468	3705	2900594	3454	3831	3000240	3454	3958	3100663	3435	4084	3200203	3435	4210	3300392	3405	4336	3400187	3393	4462	3500202	3378	
133	100771	22314	264	200158	19627	397	300685	16286	529	400300	13818	661	500807	11517	793	600576	9068	925	700328	6992	1056	800812	5360	1183	900520	4542	1308	1000140	4266	1434	1100902	4071	1559	1200302	3974	1686	1300631	3892	1812	1400459	3762	1939	1500540	3682	2065	1600217	3614	2192	1700475	3545	2318	1800441	3487	2444	1900685	3450	2569	2000211	3432	2695	2100186	3405	2822	2200418	3377	2948	2300901	3377	3074	2400382	3358	3201	2500848	3345	3327	2600430	3322	3453	2700173	3322	3580	2800898	3304	3706	2900233	3273	3832	3000136	3225	3958	3100386	3177	4084	3200792	3177	4210	3300838	3177	4336	3400639	3158	4462	3500419	3140	
1739	100010	47	3470	200042	47	5212	300015	47	6951	400005	47	8691	500027	47	10433	600059	47	12173	700013	47	13913	800004	47	15633	900041	47	17367	1000051	47	19101	1100039	47	20833	1200037	47	22566	1300028	47	24304	1400048	47	26045	1500048	47	27782	1600041	47	29523	1700021	47	31264	1800025	47	33005	1900036	47	34743	2000032	47	36483	2100027	47	38225	2200030	47	39954	2300026	47	41694	2400017	47	43433	2500043	47	45176	2600044	47	46916	2700039	47	48647	2800036	47	50380	2900030	47	52111	3000061	47	53852	3100044	47	55591	3200034	47	57325	3300014	47	59057	3400045	47	60796	3500051	47	
1732	100032	47	3467	200031	47	5182	300061	47	6907	400046	47	8646	500053	47	10386	600057	47	12128	700052	47	13864	800038	47	15605	900004	47	17349	1000055	47	19089	1100026	47	20829	1200035	47	22568	1300047	47	24304	1400041	47	26046	1500059	47	27780	1600018	47	29520	1700033	47	31256	1800048	47	32997	1900038	47	34738	2000031	47	36474	2100044	47	38217	2200043	47	39957	2300016	47	41698	2400026	47	43433	2500046	47	45171	2600019	47	46915	2700035	47	48652	2800005	47	50387	2900038	47	52126	3000060	47	53868	3100032	47	55605	3200058	47	57330	3300058	47	59059	3400023	47	60792	3500047	47	
1743	100044	47	3485	200041	47	5220	300041	47	6958	400015	47	8688	500021	47	10420	600016	47	12145	700022	47	13875	800028	47	15604	900039	47	17345	1000028	47	19090	1100030	47	20831	1200018	47	22569	1300047	47	24307	1400022	47	26049	1500005	47	27788	1600013	47	29529	1700048	47	31266	1800031	47	32999	1900039	47	34744	2000012	47	36483	2100015	47	38226	2200007	47	39969	2300004	47	41705	2400015	47	43448	2500036	47	45181	2600018	47	46925	2700056	47	48660	2800044	47	50401	2900027	47	52139	3000041	47	53880	3100025	47	55622	3200058	47	57360	3300015	47	59095	3400012	47	60832	3500048	47	
1736	100049	47	3463	200054	47	5193	300052	47	6928	400029	47	8670	500057	47	10409	600005	47	12154	700010	47	13896	800025	47	15632	900035	47	17368	1000056	47	19100	1100033	47	20840	1200050	47	22568	1300054	47	24301	1400036	47	26039	1500017	47	27778	1600041	47	29517	1700042	47	31259	1800012	47	32996	1900054	47	34733	2000038	47	36470	2100026	47	38204	2200036	47	39940	2300023	47	41681	2400033	47	43422	2500029	47	45162	2600050	47	46901	2700048	47	48638	2800042	47	50372	2900033	47	52113	3000034	47	53854	3100033	47	55577	3200020	47	57304	3300056	47	59040	3400017	47	60777	3500055	47	
1735	100020	47	3472	200033	47	5215	300045	47	6950	400018	47	8684	500020	47	10427	600059	47	12168	700033	47	13902	800055	47	15639	900016	47	17379	1000044	47	19120	1100061	47	20860	1200019	47	22600	1300037	47	24338	1400013	47	26077	1500038	47	27814	1600020	47	29551	1700005	47	31281	1800031	47	33014	1900023	47	34749	2000050	47	36474	2100013	47	38204	2200047	47	39945	2300039	47	41678	2400034	47	43407	2500009	47	45143	2600060	47	46885	2700034	47	48622	2800032	47	50363	2900061	47	52101	3000027	47	53840	3100053	47	55578	3200061	47	57318	3300017	47	59051	3400013	47	60791	3500023	47	
1870	100021	53	3741	200013	53	5604	300027	53	7473	400023	53	9336	500030	53	11199	600009	53	13073	700045	53	14940	800048	53	16803	900013	53	18665	1000052	53	20531	1100027	53	22401	1200036	53	24270	1300004	53	26135	1400025	53	27994	1500027	53	29868	1600034	53	31743	1700045	53	33613	1800039	53	35479	1900047	53	37351	2000038	53	39220	2100008	53	41090	2200033	53	42962	2300004	53	44833	2400046	53	46692	2500007	53	48565	2600029	53	50435	2700025	53	52298	2800031	53	54168	2900010	53	56039	3000018	53	57900	3100019	53	59771	3200051	53	61637	3300025	53	63505	3400052	53	65356	3500022	53	
1868	100022	53	3737	200008	53	5597	300056	53	7463	400017	53	9335	500037	53	11206	600013	53	13076	700043	53	14934	800013	53	16796	900047	53	18655	1000030	53	20517	1100010	53	22389	1200013	53	24254	1300015	53	26129	1400052	53	27994	1500046	53	29852	1600026	53	31716	1700016	53	33580	1800004	53	35453	1900056	53	37321	2000020	53	39185	2100017	53	41055	2200034	53	42920	2300041	53	44787	2400051	53	46653	2500047	53	48522	2600017	53	50392	2700036	53	52264	2800015	53	54124	2900015	53	55991	3000029	53	57844	3100005	53	59699	3200053	53	61553	3300009	53	63421	3400040	53	65288	3500018	53	
1871	100018	53	3737	200027	53	5605	300023	53	7471	400010	53	9332	500051	53	11188	600033	53	13056	700042	53	14909	800036	53	16776	900011	53	18645	1000042	53	20514	1100038	53	22374	1200023	53	24224	1300004	53	26085	1400006	53	27958	1500030	53	29812	1600017	53	31685	1700016	53	33555	1800011	53	35420	1900019	53	37273	2000017	53	39139	2100005	53	41005	2200022	53	42869	2300033	53	44740	2400011	53	46616	2500055	53	48477	2600011	53	50335	2700015	53	52185	2800049	53	54045	2900044	53	55919	3000036	53	57793	3100063	53	59663	3200018	53	61529	3300023	53	63396	3400044	53	65261	3500040	53	
1862	100033	53	3731	200033	53	5600	300027	53	7462	400021	53	9334	500030	53	11208	600009	53	13080	700018	53	14946	800003	53	16813	900028	53	18679	1000014	53	20542	1100014	53	22405	1200018	53	24260	1300035	53	26125	1400015	53	27992	1500015	53	29861	1600022	53	31731	1700028	53	33593	1800046	53	35458	1900053	53	37332	2000038	53	39204	2100024	53	41068	2200006	53	42940	2300047	53	44813	2400023	53	46685	2500052	53	48558	2600006	53	50430	2700031	53	52303	2800022	53	54173	2900028	53	56039	3000008	53	57908	3100007	53	59768	3200023	53	61631	3300007	53	63503	3400031	53	65374	3500016	53	
1862	100058	53	3725	200015	53	5596	300059	53	7462	400041	53	9323	500023	53	11188	600058	53	13049	700011	53	14915	800035	53	16783	900032	53	18651	1000028	53	20523	1100017	53	22387	1200029	53	24256	1300045	53	26126	1400010	53	28003	1500049	53	29875	1600039	53	31740	1700009	53	33600	1800035	53	35472	1900050	53	37342	2000043	53	39208	2100032	53	41078	2200014	53	42937	2300005	53	44805	2400029	53	46674	2500013	53	48545	2600055	53	50412	2700024	53	52279	2800010	53	54148	2900049	53	56014	3000056	53	57883	3100056	53	59753	3200039	53	61620	3300004	53	63492	3400006	53	65363	3500046	53	
601	100118	191	1200	200116	191	1797	300129	191	2395	400170	191	2992	500154	191	3591	600169	191	4183	700133	191	4781	800116	191	5378	900075	191	5977	1000097	191	6575	1100038	191	7173	1200082	191	7771	1300097	191	8370	1400160	191	8968	1500081	191	9566	1600156	191	10162	1700037	191	10757	1800033	191	11356	1900060	191	11955	2000147	191	12552	2100168	191	13150	2200075	191	13746	2300055	191	14342	2400050	191	14940	2500075	191	15538	2600054	191	16135	2700047	191	16731	2800139	191	17328	2900153	191	17926	3000125	191	18524	3100025	191	19123	3200042	191	19723	3300162	191	20321	3400168	191	20919	3500077	191	
602	100095	191	1188	200292	191	1761	300171	191	2357	400068	191	2954	500028	191	3547	600062	191	4141	700072	191	4738	800054	191	5336	900152	191	5932	1000109	191	6530	1100078	191	7125	1200111	191	7720	1300175	191	8316	1400105	191	8914	1500141	191	9512	1600105	191	10110	1700078	191	10709	1800115	191	11303	1900031	191	11901	2000040	191	12500	2100169	191	13098	2200141	191	13693	2300122	191	14291	2400125	191	14888	2500062	191	15486	2600173	191	16082	2700042	191	16681	2800045	191	17277	2900123	191	17874	3000038	191	18473	3100118	191	19071	3200113	191	19666	3300127	191	20262	3400169	191	20859	3500164	191	
602	100124	191	1199	200109	191	1797	300186	191	2392	400066	191	2989	500186	191	3584	600040	191	4180	700049	191	4774	800087	191	5371	900043	191	5968	1000054	191	6564	1100028	191	7159	1200050	191	7757	1300184	191	8354	1400159	191	8951	1500189	191	9548	1600133	191	10141	1700045	191	10735	1800105	191	11331	1900027	191	11929	2000074	191	12528	2100099	191	13124	2200049	191	13720	2300089	191	14317	2400157	191	14914	2500066	191	15511	2600135	191	16109	2700091	191	16706	2800112	191	17303	2900156	191	17898	3000114	191	18495	3100058	191	19093	3200112	191	19691	3300074	191	20289	3400100	191	20887	3500077	191	
603	100123	191	1200	200097	191	1796	300037	191	2392	400114	191	2991	500174	191	3589	600179	191	4187	700149	191	4785	800156	191	5382	900056	191	5980	1000037	191	6579	1100114	191	7176	1200046	191	7772	1300059	191	8367	1400164	191	8965	1500142	191	9563	1600050	191	10160	1700073	191	10757	1800057	191	11352	1900081	191	11951	2000033	191	12549	2100023	191	13146	2200149	191	13740	2300053	191	14336	2400071	191	14935	2500178	191	15533	2600051	191	16131	2700130	191	16728	2800076	191	17326	2900099	191	17924	3000096	191	18522	3100155	191	19112	3200083	191	19709	3300141	191	20304	3400070	191	20903	3500078	191	
601	100118	191	1198	200136	191	1796	300133	191	2392	400094	191	2990	500143	191	3589	600087	191	4188	700121	191	4787	800152	191	5383	900180	191	5980	1000171	191	6577	1100158	191	7174	1200027	191	7773	1300148	191	8370	1400025	191	8969	1500147	191	9568	1600108	191	10164	1700036	191	10761	1800141	191	11357	1900080	191	11954	2000050	191	12551	2100051	191	13149	2200039	191	13748	2300032	191	14345	2400090	191	14943	2500140	191	15541	2600148	191	16138	2700149	191	16734	2800106	191	17330	2900159	191	17923	3000072	191	18518	3100063	191	19110	3200060	191	19705	3300048	191	20303	3400131	191	20901	3500148	191	
649	100152	194	1297	200163	194	1945	300121	194	2591	400101	194	3239	500157	194	3886	600076	194	4533	700169	194	5178	800114	194	5823	900055	194	6469	1000128	194	7113	1100066	194	7757	1200060	194	8407	1300172	194	9054	1400064	194	9703	1500126	194	10349	1600047	194	10996	1700088	194	11644	1800146	194	12289	1900122	194	12936	2000114	194	13582	2100118	194	14230	2200060	194	14877	2300084	194	15523	2400083	194	16170	2500113	194	16816	2600034	194	17463	2700077	194	18109	2800033	194	18753	2900127	194	19399	3000108	194	20045	3100018	194	20695	3200145	194	21342	3300103	194	21989	3400147	194	22636	3500123	194	
649	100083	194	1293	200039	194	1939	300101	194	2582	400118	194	3229	500146	194	3876	600024	194	4523	700158	194	5165	800145	194	5811	900121	194	6458	1000113	194	7100	1100066	194	7744	1200074	194	8387	1300085	194	9031	1400149	194	9676	1500037	194	10322	1600026	194	10966	1700115	194	11614	1800164	194	12260	1900021	194	12906	2000021	194	13554	2100099	194	14202	2200173	194	14849	2300093	194	15496	2400135	194	16142	2500057	194	16787	2600036	194	17434	2700151	194	18080	2800082	194	18725	2900050	194	19372	3000106	194	20018	3100125	194	20664	3200107	194	21308	3300164	194	21953	3400103	194	22598	3500057	194	
650	100111	194	1297	200145	194	1946	300142	194	2592	400124	194	3238	500042	194	3884	600110	194	4528	700056	194	5172	800042	194	5820	900168	194	6464	1000139	194	7111	1100050	194	7756	1200026	194	8405	1300113	194	9052	1400165	194	9698	1500102	194	10346	1600139	194	10994	1700083	194	11640	1800073	194	12286	1900116	194	12928	2000035	194	13576	2100135	194	14220	2200116	194	14867	2300044	194	15510	2400100	194	16151	2500106	194	16793	2600127	194	17432	2700051	194	18075	2800084	194	18723	2900064	194	19368	3000094	194	20012	3100020	194	20659	3200170	194	21305	3300029	194	21951	3400168	194	22596	3500107	194	
650	100069	194	1296	200071	194	1942	300087	194	2587	400070	194	3231	500025	194	3878	600115	194	4523	700071	194	5168	800134	194	5815	900044	194	6462	1000102	194	7109	1100074	194	7753	1200094	194	8401	1300145	194	9047	1400124	194	9691	1500140	194	10337	1600046	194	10984	1700111	194	11632	1800083	194	12279	1900148	194	12926	2000041	194	13570	2100157	194	14214	2200032	194	14859	2300022	194	15506	2400107	194	16151	2500131	194	16797	2600151	194	17440	2700054	194	18085	2800057	194	18732	2900048	194	19378	3000032	194	20023	3100158	194	20668	3200070	194	21316	3300124	194	21962	3400038	194	22607	3500058	194	
650	100108	194	1296	200044	194	1942	300148	194	2588	400082	194	3235	500058	194	3882	600088	194	4530	700139	194	5176	800115	194	5823	900087	194	6471	1000073	194	7116	1100169	194	7763	1200111	194	8411	1300067	194	9058	1400069	194	9706	1500135	194	10353	1600143	194	10995	1700023	194	11641	1800136	194	12289	1900131	194	12937	2000163	194	13582	2100137	194	14229	2200070	194	14875	2300148	194	15521	2400068	194	16167	2500022	194	16815	2600054	194	17462	2700039	194	18108	2800105	194	18756	2900129	194	19404	3000137	194	20036	3100050	194	20655	3200025	194	21275	3300047	194	21897	3400105	194	22517	3500056	194	
148	100665	1803	295	200163	1774	444	300622	1753	592	400435	1753	741	500600	1753	889	600218	1753	1037	700448	1738	1185	800242	1706	1333	900150	1690	1481	1000352	1690	1629	1100499	1670	1777	1200606	1651	1925	1300228	1651	2073	1400578	1651	2220	1500335	1651	2367	1600124	1651	2516	1700479	1651	2664	1800621	1613	2811	1900668	1613	2958	2000263	1588	3104	2100164	1588	3251	2200299	1588	3400	2300591	1577	3548	2400581	1545	3695	2500265	1545	3843	2600189	1545	3990	2700204	1545	4139	2800469	1545	4286	2900331	1534	4434	3000111	1534	4582	3100454	1519	4728	3200159	1519	4875	3300239	1519	5024	3400757	1519	5171	3500532	1519	
148	100139	1803	297	200460	1803	445	300705	1788	593	400440	1776	741	500341	1748	889	600368	1748	1036	700461	1748	1184	800303	1723	1332	900452	1710	1480	1000519	1710	1628	1100750	1700	1774	1200333	1683	1921	1300231	1683	2069	1400365	1683	2217	1500152	1683	2364	1600704	1670	2511	1700702	1670	2659	1800723	1654	2807	1900561	1638	2954	2000498	1616	3101	2100129	1616	3249	2200387	1616	3396	2300596	1616	3542	2400527	1616	3690	2500588	1604	3838	2600469	1604	3985	2700305	1604	4133	2800553	1604	4280	2900616	1604	4427	3000462	1604	4575	3100426	1584	4723	3200309	1584	4871	3300298	1584	5019	3400099	1584	5168	3500562	1584	
149	100755	1779	297	200670	1779	445	300583	1759	593	400606	1759	740	500208	1759	888	600547	1759	1036	700419	1759	1183	800133	1759	1332	900563	1759	1480	1000268	1759	1629	1100434	1759	1777	1200672	1759	1925	1300531	1759	2072	1400774	1759	2219	1500496	1759	2367	1600456	1759	2516	1700674	1759	2664	1800751	1759	2811	1900382	1759	2960	2000738	1759	3107	2100505	1759	3255	2200522	1745	3403	2300521	1696	3550	2400248	1684	3696	2500235	1684	3845	2600743	1667	3992	2700206	1667	4140	2800295	1667	4288	2900340	1616	4435	3000119	1616	4581	3100416	1600	4729	3200412	1600	4876	3300249	1600	5024	3400269	1600	5172	3500615	1600	
149	100419	1767	297	200417	1767	446	300545	1750	595	400629	1750	743	500490	1750	892	600794	1750	1039	700483	1750	1187	800580	1721	1335	900771	1721	1482	1000446	1721	1628	1100237	1721	1776	1200146	1721	1925	1300551	1721	2072	1400244	1701	2220	1500355	1681	2368	1600730	1681	2516	1700679	1681	2663	1800285	1671	2812	1900724	1671	2959	2000242	1671	3108	2100270	1643	3255	2200436	1643	3402	2300198	1643	3551	2400722	1632	3699	2500333	1632	3847	2600187	1603	3995	2700258	1603	4143	2800796	1591	4290	2900446	1591	4438	3000576	1591	4585	3100653	1591	4732	3200125	1591	4881	3300723	1591	5028	3400295	1591	5177	3500692	1591	
149	100566	1803	297	200495	1803	444	300218	1803	591	400134	1803	740	500742	1803	887	600402	1762	1034	700224	1762	1183	800344	1762	1332	900703	1762	1480	1000103	1740	1628	1100214	1740	1776	1200318	1721	1922	1300162	1721	2070	1400288	1721	2218	1500343	1721	2365	1600132	1721	2513	1700409	1680	2661	1800403	1665	2808	1900616	1648	2956	2000668	1648	3103	2100281	1629	3251	2200412	1614	3398	2300512	1614	3546	2400732	1614	3694	2500759	1614	3841	2600483	1614	3987	2700290	1586	4135	2800518	1569	4283	2900373	1556	4430	3000211	1556	4577	3100735	1556	4724	3200270	1556	4871	3300198	1556	5019	3400642	1556	5165	3500317	1537	
163	100296	1754	325	200565	1746	487	300580	1746	648	400110	1746	810	500327	1746	972	600438	1746	1132	700352	1746	1292	800161	1746	1455	900489	1746	1617	1000368	1746	1779	1100574	1746	1940	1200426	1746	2102	1300233	1746	2265	1400717	1746	2426	1500190	1746	2588	1600250	1746	2750	1700486	1746	2911	1800517	1746	3073	1900660	1746	3235	2000580	1746	3397	2100465	1746	3559	2200694	1746	3721	2300573	1746	3881	2400471	1746	4043	2500551	1746	4205	2600488	1746	4366	2700229	1746	4528	2800359	1746	4690	2900301	1746	4852	3000380	1746	5014	3100452	1746	5176	3200244	1702	5337	3300230	1702	5497	3400736	1702	5658	3500591	1688	
163	100325	1754	326	200635	1754	487	300264	1739	649	400477	1739	811	500391	1739	973	600451	1739	1134	700176	1739	1296	800166	1739	1459	900540	1739	1621	1000442	1739	1783	1100168	1739	1945	1200152	1739	2107	1300277	1739	2269	1400525	1739	2430	1500096	1730	2592	1600565	1730	2754	1700407	1730	2915	1800152	1730	3077	1900202	1730	3238	2000110	1730	3400	2100677	1730	3561	2200284	1730	3722	2300571	1730	3884	2400579	1730	4046	2500702	1730	4207	2600471	1730	4367	2700153	1730	4528	2800432	1730	4690	2900420	1730	4852	3000303	1730	5014	3100632	1730	5176	3200515	1710	5337	3300627	1710	5498	3400304	1710	5660	3500558	1710	
163	100324	1754	324	200172	1754	485	300242	1754	647	400581	1754	808	500553	1754	970	600661	1754	1132	700472	1754	1295	800699	1754	1457	900299	1754	1620	1000346	1754	1782	1100429	1754	1944	1200547	1754	2105	1300230	1754	2268	1400596	1754	2429	1500269	1754	2591	1600330	1754	2753	1700191	1754	2914	1800192	1741	3077	1900687	1741	3238	2000267	1741	3400	2100500	1741	3562	2200490	1741	3722	2300161	1741	3883	2400316	1741	4045	2500305	1741	4206	2600230	1725	4367	2700567	1725	4528	2800462	1725	4689	2900243	1725	4851	3000352	1725	5013	3100679	1725	5174	3200236	1725	5335	3300610	1725	5496	3400195	1725	5657	3500663	1725	
162	100126	1754	325	200635	1754	486	300573	1754	648	400558	1754	810	500587	1754	971	600349	1754	1133	700683	1742	1294	800668	1742	1455	900620	1742	1616	1000375	1742	1777	1100200	1742	1939	1200333	1742	2101	1300430	1742	2263	1400638	1742	2425	1500640	1742	2587	1600468	1742	2749	1700497	1742	2911	1800543	1742	3073	1900684	1742	3235	2000505	1742	3397	2100653	1742	3559	2200710	1742	3720	2300553	1742	3882	2400358	1742	4044	2500689	1742	4204	2600420	1742	4366	2700262	1742	4529	2800673	1742	4690	2900267	1728	4852	3000514	1728	5014	3100556	1728	5176	3200608	1728	5337	3300295	1728	5499	3400515	1728	5660	3500272	1728	
162	100365	1754	325	200646	1754	486	300342	1754	648	400566	1754	810	500445	1754	972	600147	1754	1135	700599	1754	1297	800504	1754	1459	900458	1754	1621	1000300	1754	1782	1100495	1754	1944	1200651	1733	2105	1300504	1733	2266	1400425	1733	2427	1500467	1733	2589	1600646	1733	2751	1700461	1733	2913	1800512	1733	3075	1900500	1726	3237	2000584	1726	3399	2100449	1726	3561	2200174	1726	3724	2300591	1726	3885	2400142	1726	4047	2500165	1726	4209	2600497	1726	4371	2700613	1711	4532	2800213	1711	4694	2900293	1711	4856	3000486	1711	5017	3100375	1711	5179	3200410	1711	5340	3300141	1711	5502	3400540	1711	5663	3500473	1711	
1565	100051	50	3128	200005	50	4707	300024	50	6278	400063	50	7859	500029	50	9435	600060	50	11010	700013	50	12579	800005	50	14154	900049	50	15732	1000051	50	17310	1100046	50	18880	1200021	50	20449	1300052	50	22014	1400067	50	23584	1500010	50	25156	1600067	50	26725	1700032	50	28294	1800021	50	29864	1900042	50	31436	2000020	50	33014	2100067	50	34592	2200051	50	36157	2300031	50	37731	2400063	50	39303	2500036	50	40881	2600021	50	42458	2700019	50	44033	2800026	50	45608	2900012	50	47189	3000035	50	48768	3100028	50	50347	3200055	50	51923	3300021	50	53487	3400053	50	55058	3500056	50	
1571	100056	50	3148	200063	50	4722	300046	50	6296	400038	50	7871	500017	50	9443	600014	50	11007	700008	50	12583	800034	50	14165	900042	50	15738	1000052	50	17312	1100063	50	18885	1200012	50	20455	1300037	50	22033	1400045	50	23616	1500037	50	25192	1600031	50	26762	1700008	50	28340	1800023	50	29913	1900035	50	31486	2000059	50	33063	2100029	50	34639	2200044	50	36219	2300035	50	37795	2400063	50	39373	2500061	50	40947	2600029	50	42524	2700047	50	44091	2800067	50	45660	2900025	50	47229	3000056	50	48797	3100061	50	50367	3200007	50	51946	3300029	50	53525	3400016	50	55104	3500016	50	
1569	100064	50	3146	200028	50	4724	300055	50	6290	400014	50	7852	500043	50	9432	600036	50	11010	700026	50	12592	800048	50	14171	900019	50	15730	1000064	50	17300	1100025	50	18876	1200059	50	20449	1300026	50	22025	1400071	50	23601	1500041	50	25175	1600054	50	26754	1700014	50	28331	1800017	50	29912	1900042	50	31495	2000031	50	33074	2100029	50	34652	2200006	50	36230	2300048	50	37810	2400032	50	39387	2500007	50	40958	2600040	50	42537	2700025	50	44113	2800022	50	45686	2900059	50	47264	3000058	50	48840	3100055	50	50414	3200052	50	51983	3300037	50	53559	3400019	50	55137	3500047	50	
1560	100053	50	3139	200032	50	4712	300043	50	6293	400059	50	7874	500040	50	9451	600043	50	11029	700059	50	12609	800031	50	14182	900050	50	15754	1000059	50	17321	1100026	50	18900	1200039	50	20479	1300054	50	22053	1400058	50	23631	1500008	50	25208	1600020	50	26787	1700018	50	28364	1800055	50	29936	1900016	50	31514	2000054	50	33082	2100023	50	34660	2200065	50	36231	2300018	50	37804	2400025	50	39373	2500030	50	40952	2600050	50	42533	2700017	50	44109	2800039	50	45676	2900067	50	47255	3000023	50	48823	3100047	50	50403	3200025	50	51983	3300016	50	53557	3400008	50	55126	3500042	50	
1568	100039	50	3142	200018	50	4708	300062	50	6287	400034	50	7855	500055	50	9422	600062	50	10996	700040	50	12576	800051	50	14154	900025	50	15729	1000059	50	17294	1100050	50	18875	1200012	50	20455	1300023	50	22026	1400035	50	23602	1500035	50	25177	1600041	50	26750	1700039	50	28320	1800028	50	29898	1900063	50	31474	2000051	50	33051	2100021	50	34633	2200040	50	36204	2300022	50	37777	2400037	50	39353	2500050	50	40932	2600012	50	42506	2700056	50	44087	2800007	50	45662	2900018	50	47241	3000026	50	48816	3100008	50	50396	3200064	50	51965	3300031	50	53538	3400018	50	55109	3500013	50	
573	100097	5136	1145	200060	1129	1712	300101	424	2269	400082	284	2824	500068	232	3377	600131	224	3930	700154	216	4481	800087	209	5034	900052	205	5590	1000157	204	6143	1100157	204	6697	1200192	204	7249	1300040	204	7804	1400106	204	8358	1500197	204	8911	1600161	204	9463	1700199	204	10016	1800100	204	10568	1900134	204	11119	2000031	204	11672	2100167	204	12225	2200063	204	12781	2300199	204	13334	2400106	204	13886	2500097	204	14441	2600159	204	14995	2700172	204	15549	2800157	204	16102	2900127	204	16653	3000082	204	17206	3100062	204	17759	3200053	204	18312	3300082	204	18863	3400176	204	19416	3500177	204	
572	100070	5109	1143	200071	1174	1705	300191	370	2260	400061	231	2814	500195	214	3367	600179	204	3918	700119	204	4471	800161	204	5026	900104	204	5580	1000146	204	6134	1100133	204	6687	1200043	204	7242	1300085	204	7794	1400054	204	8349	1500159	204	8902	1600128	204	9453	1700169	204	10004	1800127	204	10555	1900082	204	11107	2000193	204	11659	2100097	204	12213	2200107	204	12766	2300134	204	13320	2400085	204	13873	2500040	204	14427	2600131	204	14981	2700092	204	15534	2800123	204	16087	2900175	204	16638	3000054	204	17192	3100088	204	17746	3200120	204	18300	3300096	204	18854	3400197	204	19405	3500091	204	
571	100075	5079	1144	200134	1147	1711	300033	330	2265	400170	240	2818	500074	204	3369	600026	204	3921	700094	204	4473	800165	204	5026	900101	204	5578	1000065	204	6129	1100191	204	6681	1200116	204	7233	1300025	204	7785	1400082	204	8336	1500135	204	8887	1600138	204	9440	1700180	204	9992	1800054	204	10546	1900190	204	11097	2000110	204	11650	2100182	204	12203	2200138	204	12754	2300042	204	13308	2400076	204	13860	2500104	204	14413	2600171	204	14964	2700028	204	15516	2800133	204	16067	2900120	204	16618	3000103	204	17169	3100022	204	17719	3200086	204	18270	3300047	204	18824	3400114	204	19375	3500122	204	
574	100041	5131	1147	200177	1097	1710	300136	432	2267	400098	258	2820	500055	211	3373	600150	204	3923	700030	204	4477	800154	204	5027	900194	204	5580	1000058	204	6135	1100168	204	6688	1200205	204	7242	1300164	204	7795	1400102	204	8349	1500064	204	8900	1600033	204	9450	1700113	204	10001	1800110	204	10554	1900085	204	11107	2000157	204	11661	2100130	204	12214	2200196	204	12765	2300169	204	13317	2400111	204	13868	2500154	204	14420	2600121	204	14972	2700074	204	15524	2800087	204	16076	2900108	204	16627	3000095	204	17180	3100127	204	17732	3200129	204	18286	3300050	204	18840	3400108	204	19394	3500145	204	
573	100123	5118	1142	200110	1105	1706	300163	381	2261	400168	265	2813	500125	232	3365	600092	214	3919	700150	206	4473	800120	204	5027	900178	204	5578	1000192	204	6130	1100096	204	6682	1200036	204	7233	1300117	204	7781	1400079	204	8333	1500131	204	8886	1600051	204	9438	1700130	204	9992	1800162	204	10546	1900178	204	11099	2000105	204	11652	2100173	204	12206	2200105	204	12759	2300074	204	13313	2400085	204	13867	2500186	204	14419	2600190	204	14973	2700033	204	15526	2800046	204	16082	2900039	204	16636	3000033	204	17189	3100034	204	17743	3200176	204	18297	3300197	204	18850	3400167	204	19401	3500126	204	
133	100544	46189	265	200460	42053	398	300559	38109	531	400336	34084	665	500270	30661	799	600801	27041	932	700188	23475	1065	800594	19532	1198	900693	15796	1330	1000751	12852	1462	1100814	10280	1592	1200693	8794	1721	1300402	7662	1848	1400177	7283	1975	1500629	6910	2099	1600717	6728	2223	1700928	6599	2348	1800735	6376	2473	1900348	6275	2599	2000478	6080	2724	2100471	5972	2849	2200546	5881	2975	2300868	5847	3100	2400388	5795	3227	2500823	5597	3352	2600403	5521	3479	2700295	5400	3605	2800406	5370	3731	2900926	5352	3856	3000264	5299	3982	3100509	5282	4107	3200308	5247	4232	3300533	5247	4358	3400550	5209	4484	3500649	5196	
133	100649	46324	264	200259	42189	397	300366	38032	530	400429	34255	663	500372	29925	796	600173	25732	929	700274	21625	1062	800529	17831	1194	900440	13992	1326	1000701	10771	1456	1100323	8749	1585	1200556	7642	1713	1300906	6985	1839	1400587	6566	1965	1500491	6195	2092	1600175	5841	2218	1700653	5783	2344	1800884	5672	2469	1900240	5556	2595	2000466	5450	2721	2100739	5430	2846	2200262	5320	2972	2300389	5263	3098	2400716	5231	3224	2500886	5188	3349	2600125	5137	3475	2700385	5082	3601	2800394	5044	3727	2900880	5029	3853	3000665	4937	3978	3100518	4937	4104	3200762	4915	4229	3300575	4875	4354	3400570	4875	4479	3500281	4862	
133	100276	46402	267	200626	42548	399	300576	38471	531	400256	34340	664	500457	30549	797	600705	26311	929	700477	22108	1062	800673	17964	1194	900819	14311	1326	1000638	11233	1457	1100140	9099	1586	1200766	8113	1714	1300305	7429	1841	1400306	6920	1968	1500736	6511	2093	1600340	6269	2217	1700370	6016	2344	1800825	5841	2470	1900649	5636	2596	2000261	5530	2722	2100759	5375	2847	2200238	5279	2972	2300536	5279	3097	2400535	5279	3222	2500489	5265	3347	2600446	5241	3473	2700880	5222	3599	2800615	5183	3725	2900910	5142	3851	3000843	5099	3977	3100760	5053	4102	3200208	5016	4228	3300731	5016	4353	3400435	4980	4480	3500846	4980	
133	100336	46130	266	200477	41987	399	300667	38192	531	400427	34239	664	500480	30188	797	600605	26268	930	700674	22026	1062	800347	17792	1195	900847	13710	1327	1000587	10513	1457	1100302	8913	1587	1200690	7656	1715	1300612	6982	1842	1400783	6649	1968	1500198	6212	2095	1600406	5974	2222	1700817	5723	2347	1800889	5685	2472	1900241	5624	2598	2000902	5458	2722	2100743	5409	2847	2200800	5274	2973	2300357	5192	3099	2400219	5108	3226	2500877	5056	3351	2600671	4981	3476	2700679	4916	3602	2800638	4873	3728	2900425	4841	3855	3000592	4737	3982	3100857	4705	4108	3200412	4692	4235	3300773	4678	4361	3400768	4678	4487	3500669	4662	
134	100713	46517	268	200710	42640	401	300138	39017	532	400649	35095	665	500470	31122	797	600335	26802	929	700461	22538	1062	800682	18650	1194	900863	15120	1326	1000585	11788	1458	1100305	9590	1587	1200385	8182	1715	1300253	7402	1842	1400788	6924	1967	1500441	6416	2093	1600729	6172	2219	1700505	6019	2346	1800854	5831	2471	1900216	5699	2597	2000246	5580	2721	2100847	5453	2846	2200618	5365	2971	2300640	5312	3095	2400621	5216	3220	2500688	5069	3344	2600528	5024	3466	2700597	4992	3588	2800380	4931	3712	2900201	4881	3837	3000395	4881	3963	3100574	4833	4088	3200674	4801	4212	3300784	4801	4337	3400489	4757	4462	3500760	4757	
