wersja nr 1;wspolczynnik mutacji 0.050000;wielkosc populacji 15
1371	100021	1024	2820	200042	672	4286	300055	466	5750	400022	303	7215	500032	144	8682	600060	66	10123	700072	47	11590	800046	44	13052	900022	44	14523	1000065	44	15990	1100050	44	17457	1200031	44	18912	1300030	44	20382	1400018	44	21850	1500014	44	23319	1600006	44	24784	1700013	44	26253	1800064	44	27695	1900024	44	29157	2000036	44	30621	2100016	44	32092	2200040	44	33560	2300044	44	35022	2400041	44	36474	2500061	44	37940	2600025	44	39412	2700028	44	40880	2800028	44	42349	2900018	44	43817	3000011	44	45270	3100051	44	46739	3200054	44	48209	3300047	44	49678	3400033	44	51147	3500031	44	
1454	100033	965	2881	200034	647	4346	300025	481	5808	400026	313	7263	500022	195	8726	600023	96	10200	700038	55	11642	800032	44	13109	900045	44	14576	1000066	44	16043	1100060	44	17508	1200032	44	18979	1300009	44	20421	1400038	44	21887	1500016	44	23355	1600006	44	24826	1700031	44	26291	1800007	44	27761	1900017	44	29210	2000030	44	30680	2100019	44	32146	2200067	44	33605	2300074	44	35069	2400019	44	36538	2500063	44	37987	2600049	44	39455	2700008	44	40919	2800038	44	42387	2900012	44	43854	3000050	44	45323	3100023	44	46772	3200043	44	48242	3300024	44	49709	3400005	44	51179	3500036	44	
1442	100024	958	2892	200067	669	4345	300006	476	5804	400059	314	7267	500049	168	8725	600047	80	10185	700055	51	11604	800045	49	13052	900074	44	14516	1000067	44	15981	1100060	44	17449	1200042	44	18917	1300070	44	20381	1400040	44	21833	1500024	44	23303	1600043	44	24765	1700062	44	26229	1800027	44	27689	1900035	44	29156	2000058	44	30606	2100019	44	32073	2200023	44	33539	2300037	44	35008	2400067	44	36475	2500009	44	37941	2600028	44	39393	2700046	44	40851	2800007	44	42318	2900063	44	43783	3000047	44	45247	3100020	44	46711	3200010	44	48155	3300066	44	49613	3400020	44	51074	3500023	44	
1459	100055	971	2882	200035	648	4337	300077	454	5777	400066	299	7234	500030	167	8696	600013	71	10161	700026	50	11626	800024	44	13092	900066	44	14558	1000053	44	16021	1100058	44	17474	1200037	44	18935	1300071	44	20399	1400073	44	21862	1500037	44	23328	1600056	44	24793	1700042	44	26257	1800049	44	27727	1900050	44	29191	2000018	44	30658	2100062	44	32124	2200027	44	33590	2300069	44	35049	2400020	44	36513	2500014	44	37977	2600057	44	39446	2700015	44	40917	2800031	44	42387	2900012	44	43852	3000016	44	45313	3100068	44	46681	3200029	44	48088	3300026	44	49552	3400048	44	51019	3500018	44	
1442	100056	948	2893	200061	654	4350	300143	476	5800	400024	311	7249	500068	163	8704	600053	72	10171	700017	44	11640	800013	44	13109	900061	44	14567	1000042	44	16035	1100059	44	17506	1200055	44	18975	1300055	44	20423	1400094	44	21725	1500049	44	23120	1600023	44	24476	1700029	44	25834	1800031	44	27293	1900051	44	28761	2000072	44	30229	2100039	44	31691	2200047	44	33140	2300017	44	34606	2400062	44	36073	2500039	44	37543	2600009	44	39009	2700038	44	40472	2800010	44	41915	2900012	44	43375	3000022	44	44837	3100060	44	46284	3200057	44	47701	3300047	44	49147	3400009	44	50594	3500055	44	
1489	100049	857	2982	200058	636	4468	300015	460	5974	400049	279	7478	500066	112	8992	600065	51	10495	700046	46	11991	800028	46	13497	900007	46	15001	1000057	46	16511	1100056	46	18024	1200012	46	19534	1300007	46	21044	1400019	46	22555	1500038	46	24064	1600016	46	25568	1700034	46	27081	1800063	46	28588	1900040	46	30098	2000019	46	31610	2100023	46	33121	2200016	46	34629	2300060	46	36130	2400050	46	37640	2500044	46	39150	2600034	46	40661	2700023	46	42170	2800017	46	43677	2900022	46	45185	3000008	46	46698	3100049	46	48200	3200068	46	49708	3300044	46	51217	3400027	46	52721	3500036	46	
1482	100063	849	2967	200018	647	4471	300049	484	5975	400066	318	7472	500058	162	8979	600048	70	10491	700057	49	12002	800023	46	13514	900029	46	15027	1000017	46	16541	1100050	46	18051	1200058	46	19559	1300062	46	21069	1400013	46	22578	1500068	46	24090	1600012	46	25594	1700012	46	27089	1800059	46	28599	1900005	46	30111	2000008	46	31621	2100060	46	33131	2200055	46	34637	2300040	46	36147	2400034	46	37656	2500010	46	39159	2600005	46	40666	2700052	46	42178	2800027	46	43685	2900034	46	45195	3000011	46	46705	3100034	46	48218	3200033	46	49732	3300053	46	51229	3400010	46	52734	3500059	46	
1495	100038	842	2993	200031	650	4498	300005	467	5993	400052	290	7484	500014	138	8992	600030	60	10501	700026	46	11995	800060	46	13508	900065	46	15015	1000042	46	16526	1100063	46	18032	1200011	46	19545	1300018	46	21050	1400013	46	22553	1500013	46	24064	1600050	46	25573	1700023	46	27075	1800028	46	28585	1900048	46	30092	2000043	46	31603	2100039	46	33117	2200016	46	34632	2300058	46	36140	2400045	46	37643	2500069	46	39153	2600042	46	40659	2700017	46	42165	2800030	46	43677	2900067	46	45181	3000011	46	46697	3100010	46	48210	3200040	46	49719	3300022	46	51229	3400037	46	52743	3500066	46	
1490	100025	870	2987	200054	670	4490	300058	482	5992	400056	328	7488	500065	182	8990	600038	92	10482	700062	50	11980	800061	46	13491	900017	46	15003	1000034	46	16516	1100057	46	18023	1200036	46	19522	1300033	46	21026	1400024	46	22519	1500051	46	24012	1600010	46	25518	1700049	46	27023	1800009	46	28538	1900038	46	30051	2000064	46	31559	2100060	46	33069	2200063	46	34580	2300045	46	36093	2400039	46	37602	2500056	46	39109	2600036	46	40619	2700069	46	42130	2800061	46	43643	2900065	46	45150	3000036	46	46661	3100024	46	48165	3200040	46	49667	3300017	46	51182	3400017	46	52696	3500026	46	
1483	100051	841	2982	200048	648	4486	300016	463	5976	400043	268	7470	500043	110	8974	600007	51	10480	700034	46	11989	800022	46	13496	900012	46	15003	1000034	46	16505	1100073	46	18016	1200052	46	19527	1300013	46	21036	1400055	46	22542	1500040	46	24035	1600007	46	25532	1700030	46	27039	1800040	46	28546	1900014	46	30054	2000051	46	31557	2100014	46	33068	2200071	46	34574	2300021	46	36083	2400043	46	37594	2500006	46	39100	2600023	46	40612	2700071	46	42125	2800037	46	43632	2900023	46	45135	3000011	46	46641	3100068	46	48147	3200028	46	49655	3300016	46	51165	3400044	46	52679	3500059	46	
528	100065	5008	1057	200172	4823	1585	300066	4639	2112	400161	4466	2639	500189	4299	3166	600185	4119	3690	700170	3953	4214	800063	3785	4737	900182	3611	5258	1000036	3438	5782	1100169	3272	6304	1200076	3120	6828	1300063	2959	7348	1400069	2826	7870	1500039	2683	8392	1600102	2538	8910	1700057	2403	9428	1800070	2272	9946	1900056	2141	10465	2000134	2020	10984	2100044	1886	11505	2200168	1760	12024	2300189	1635	12539	2400144	1531	13053	2500152	1430	13571	2600146	1318	14085	2700072	1208	14601	2800108	1120	15116	2900048	1022	15636	3000141	928	16149	3100046	856	16665	3200136	783	17183	3300105	715	17701	3400142	651	18216	3500120	589	
529	100192	5010	1053	200177	4842	1573	300067	4661	2097	400139	4499	2617	500086	4351	3122	600040	4187	3626	700048	4023	4130	800054	3867	4635	900200	3705	5136	1000136	3556	5639	1100158	3398	6141	1200086	3248	6641	1300101	3119	7142	1400039	2972	7644	1500049	2828	8144	1600151	2699	8646	1700200	2548	9146	1800058	2422	9647	1900096	2295	10147	2000141	2161	10647	2100134	2038	11144	2200085	1920	11642	2300059	1802	12140	2400173	1684	12637	2500190	1574	13130	2600046	1474	13625	2700124	1373	14120	2800089	1282	14615	2900160	1184	15111	3000043	1083	15610	3100080	981	16109	3200054	896	16605	3300042	832	17103	3400049	749	17598	3500038	680	
507	100058	5014	1013	200063	4844	1535	300027	4676	2060	400053	4498	2584	500047	4342	3110	600072	4180	3631	700205	4018	4153	800083	3854	4677	900177	3675	5199	1000108	3514	5722	1100130	3352	6243	1200055	3202	6763	1300160	3053	7283	1400054	2906	7806	1500212	2759	8326	1600186	2618	8847	1700177	2473	9365	1800036	2329	9883	1900082	2197	10402	2000181	2080	10917	2100085	1971	11436	2200202	1851	11952	2300107	1735	12468	2400100	1629	12985	2500148	1512	13501	2600120	1414	14016	2700035	1311	14531	2800198	1216	15046	2900070	1123	15559	3000092	1035	16075	3100084	945	16593	3200140	860	17111	3300111	783	17626	3400152	698	18144	3500143	612	
528	100153	5017	1053	200070	4840	1577	300061	4677	2103	400127	4514	2627	500203	4338	3151	600206	4175	3679	700098	3999	4202	800042	3841	4726	900125	3669	5247	1000127	3499	5769	1100173	3349	6288	1200078	3185	6809	1300100	3026	7330	1400190	2891	7850	1500194	2748	8368	1600069	2620	8888	1700188	2492	9408	1800084	2356	9927	1900209	2227	10447	2000162	2091	10965	2100189	1965	11481	2200184	1849	11998	2300112	1735	12515	2400040	1613	13033	2500197	1501	13550	2600053	1380	14071	2700097	1260	14588	2800153	1153	15106	2900121	1053	15626	3000025	949	16147	3100144	860	16666	3200217	768	17181	3300203	702	17697	3400086	634	18214	3500178	567	
529	100066	5007	1056	200131	4832	1582	300037	4653	2108	400096	4472	2633	500125	4285	3159	600064	4115	3685	700072	3940	4208	800038	3774	4729	900187	3618	5247	1000145	3465	5767	1100219	3323	6290	1200158	3166	6809	1300051	3010	7332	1400151	2857	7851	1500027	2724	8372	1600212	2574	8889	1700176	2432	9392	1800054	2316	9910	1900038	2197	10428	2000075	2076	10946	2100147	1948	11467	2200184	1808	11985	2300177	1686	12500	2400051	1566	13019	2500121	1446	13537	2600120	1332	14057	2700196	1218	14575	2800055	1120	15092	2900171	1035	15611	3000187	938	16125	3100043	853	16642	3200182	761	17160	3300077	685	17675	3400059	610	18193	3500086	553	
535	100060	4852	1071	200171	4666	1610	300164	4478	2148	400155	4288	2687	500085	4101	3224	600050	3917	3761	700140	3737	4297	800068	3572	4835	900137	3385	5374	1000122	3196	5910	1100179	3009	6447	1200031	2839	6979	1300080	2658	7514	1400161	2492	8050	1500092	2304	8586	1600137	2123	9117	1700105	1955	9651	1800207	1807	10184	1900050	1646	10714	2000127	1518	11244	2100157	1373	11771	2200101	1231	12300	2300160	1094	12829	2400029	973	13358	2500157	850	13888	2600191	724	14414	2700064	627	14938	2800092	541	15464	2900084	470	15990	3000123	402	16515	3100165	341	17038	3200115	303	17561	3300216	272	18082	3400144	256	18605	3500194	237	
532	100155	4857	1065	200160	4669	1600	300069	4501	2135	400078	4330	2670	500104	4168	3208	600150	3978	3742	700083	3799	4278	800112	3628	4815	900148	3446	5352	1000169	3261	5889	1100079	3073	6425	1200067	2881	6961	1300116	2706	7497	1400091	2520	8035	1500129	2323	8572	1600027	2132	9109	1700141	1944	9640	1800069	1782	10174	1900195	1617	10709	2000044	1451	11240	2100070	1287	11767	2200070	1151	12293	2300155	1006	12818	2400048	884	13344	2500025	754	13870	2600036	652	14397	2700106	560	14922	2800208	482	15448	2900115	412	15972	3000216	353	16495	3100143	303	17017	3200125	274	17539	3300078	245	18064	3400166	223	18589	3500065	207	
537	100144	4863	1075	200169	4683	1611	300105	4501	2147	400043	4328	2682	500072	4161	3218	600092	3990	3752	700194	3820	4290	800190	3636	4824	900129	3443	5361	1000097	3257	5896	1100198	3079	6432	1200038	2897	6968	1300117	2710	7506	1400186	2512	8045	1500076	2328	8582	1600165	2143	9116	1700057	1974	9652	1800130	1787	10183	1900201	1641	10716	2000103	1482	11247	2100189	1312	11778	2200135	1149	12308	2300184	1000	12835	2400199	878	13362	2500154	759	13892	2600092	644	14419	2700105	548	14943	2800033	461	15470	2900076	385	15997	3000159	320	16526	3100140	280	17053	3200137	250	17576	3300168	230	18099	3400132	222	18624	3500050	213	
539	100057	4865	1080	200141	4680	1615	300097	4510	2152	400102	4338	2688	500052	4164	3224	600203	3987	3762	700090	3800	4298	800194	3633	4831	900060	3440	5370	1000103	3235	5908	1100081	3049	6442	1200057	2860	6983	1300119	2667	7520	1400073	2487	8058	1500047	2298	8593	1600156	2130	9127	1700100	1970	9665	1800200	1795	10198	1900054	1629	10729	2000059	1473	11260	2100023	1320	11791	2200027	1175	12322	2300089	1038	12849	2400064	915	13373	2500038	786	13900	2600033	665	14424	2700204	562	14949	2800077	464	15477	2900078	397	16006	3000113	334	16533	3100092	283	17055	3200109	261	17581	3300068	232	18106	3400025	218	18630	3500067	211	
536	100133	4854	1072	200066	4675	1609	300051	4486	2147	400159	4306	2687	500026	4112	3226	600023	3926	3765	700076	3740	4302	800084	3561	4838	900153	3373	5373	1000074	3180	5909	1100078	3004	6447	1200048	2821	6982	1300134	2647	7521	1400167	2452	8055	1500024	2285	8592	1600112	2096	9121	1700201	1914	9651	1800150	1757	10183	1900024	1590	10711	2000084	1445	11243	2100065	1288	11774	2200154	1122	12303	2300207	978	12831	2400176	857	13357	2500108	729	13880	2600093	626	14406	2700033	525	14931	2800073	445	15457	2900052	366	15978	3000153	308	16504	3100109	265	17030	3200024	238	17554	3300179	223	18078	3400098	217	18603	3500114	205	
122	100572	25160	244	200605	25046	365	300388	24933	487	400500	24820	608	500127	24706	731	600667	24595	853	700690	24487	974	800623	24379	1096	900787	24265	1216	1000574	24160	1337	1100577	24057	1459	1200950	23953	1580	1300720	23843	1701	1400756	23742	1821	1500566	23635	1942	1600831	23530	2062	1700730	23424	2178	1800376	23322	2299	1900803	23226	2419	2000767	23128	2539	2100483	23025	2661	2200981	22926	2781	2300273	22816	2902	2400143	22717	3023	2500613	22620	3143	2600521	22523	3263	2700437	22420	3384	2800413	22314	3505	2900489	22211	3626	3000354	22114	3748	3100743	22010	3869	3200782	21916	3989	3300295	21812	4110	3400713	21705	4230	3500770	21601	
122	100878	25159	243	200909	25049	364	300742	24942	486	400960	24838	607	500397	24739	728	600325	24629	850	700427	24529	972	800894	24418	1093	900814	24318	1213	1000411	24202	1335	1100866	24096	1455	1200458	23989	1577	1300669	23878	1698	1400436	23765	1820	1500810	23656	1941	1600298	23549	2063	1700746	23441	2183	1800396	23334	2305	1900750	23225	2426	2000697	23122	2547	2100452	23027	2667	2200323	22925	2788	2300383	22821	2909	2400594	22723	3029	2500642	22623	3150	2600905	22526	3270	2700325	22417	3391	2800304	22316	3512	2900195	22213	3633	3000578	22110	3754	3100473	22009	3875	3200501	21904	3996	3300399	21799	4117	3400720	21695	4238	3500683	21592	
122	100793	25170	243	200275	25055	365	300433	24944	486	400240	24841	607	500480	24741	728	600426	24633	849	700201	24534	971	800396	24426	1092	900460	24322	1213	1000357	24214	1335	1100903	24109	1456	1200887	24002	1577	1300280	23895	1699	1400695	23783	1820	1500163	23681	1942	1600752	23570	2063	1700880	23464	2183	1800330	23362	2303	1900826	23250	2423	2000299	23146	2544	2100309	23052	2665	2200268	22941	2786	2300559	22845	2906	2400291	22754	3027	2500349	22652	3148	2600716	22555	3269	2700849	22451	3390	2800957	22344	3511	2900944	22239	3631	3000435	22132	3752	3100306	22031	3873	3200193	21928	3995	3300922	21825	4115	3400293	21729	4236	3500818	21633	
121	100666	25166	242	200402	25057	363	300583	24960	484	400360	24857	605	500139	24749	727	600524	24639	848	700663	24528	969	800738	24411	1091	900923	24301	1212	1000557	24190	1331	1100539	24076	1453	1200437	23970	1575	1300918	23871	1695	1400131	23765	1816	1500382	23665	1938	1600817	23560	2059	1700602	23454	2180	1800201	23353	2300	1900191	23244	2420	2000633	23154	2539	2100508	23051	2660	2200283	22947	2782	2300731	22837	2904	2400872	22723	3025	2500676	22622	3146	2600791	22515	3266	2700529	22408	3387	2800652	22295	3507	2900547	22194	3628	3000867	22091	3748	3100365	21984	3869	3201052	21886	3989	3300897	21791	4109	3400718	21689	4230	3500868	21593	
121	100572	25162	243	200916	25052	364	300960	24936	485	400434	24821	606	500763	24714	725	600432	24613	846	700670	24500	968	800825	24396	1089	900305	24289	1210	1000153	24188	1332	1100931	24083	1453	1200719	23976	1574	1300437	23864	1696	1400755	23754	1817	1500707	23653	1938	1600913	23552	2056	1700272	23459	2177	1800167	23356	2299	1900406	23247	2420	2000753	23134	2541	2100777	23027	2662	2200638	22921	2783	2300842	22809	2904	2400278	22708	3026	2500909	22598	3146	2600169	22494	3267	2700299	22387	3388	2800444	22275	3508	2900485	22177	3628	3000377	22077	3749	3100481	21969	3870	3200307	21868	3991	3300453	21767	4111	3400848	21674	4231	3500504	21563	
125	100837	25072	249	200660	24962	372	300253	24850	495	400265	24738	619	500243	24628	744	600873	24522	867	700465	24423	991	800615	24312	1113	900546	24203	1237	1000879	24093	1360	1100393	23980	1483	1200560	23875	1607	1300464	23754	1732	1400392	23651	1856	1500761	23535	1980	1600880	23427	2103	1700519	23328	2225	1800439	23223	2350	1900649	23105	2473	2000461	22995	2597	2100830	22888	2721	2200830	22774	2844	2300539	22663	2968	2400797	22562	3092	2500802	22464	3215	2600548	22353	3339	2700438	22244	3463	2800216	22137	3587	2900494	22041	3711	3000867	21939	3835	3100858	21830	3959	3200410	21722	4082	3300221	21616	4206	3400592	21507	4329	3500684	21397	
124	100397	25069	247	200652	24964	370	300880	24852	493	400283	24745	616	500387	24643	740	600134	24519	864	700684	24414	988	800487	24305	1112	900235	24192	1237	1000526	24085	1361	1100381	23978	1484	1200310	23868	1608	1300484	23762	1732	1400295	23647	1855	1500159	23542	1980	1600897	23428	2103	1700194	23310	2227	1800619	23202	2350	1900273	23099	2474	2000712	22989	2598	2100847	22882	2720	2200227	22774	2844	2300376	22666	2968	2400750	22554	3092	2500483	22443	3215	2600126	22335	3339	2700290	22226	3463	2800621	22128	3587	2900869	22030	3710	3000190	21921	3834	3100243	21809	3959	3200665	21690	4083	3300314	21590	4206	3400124	21477	4330	3500403	21362	
125	100766	25070	249	200348	24960	373	300896	24852	496	400664	24749	619	500879	24642	742	600499	24544	865	700346	24440	990	800711	24329	1114	900655	24220	1238	1000415	24117	1363	1100843	24005	1487	1200418	23901	1610	1300368	23801	1734	1400538	23684	1859	1500934	23573	1982	1600516	23468	2106	1700573	23365	2230	1800592	23242	2354	1900812	23129	2478	2000840	23024	2601	2100757	22919	2725	2200683	22805	2848	2300391	22702	2972	2400764	22594	3095	2500240	22487	3219	2600494	22385	3343	2700905	22281	3467	2800715	22172	3591	2900665	22061	3715	3000586	21947	3839	3100232	21832	3963	3200178	21720	4087	3300398	21620	4211	3400854	21511	4333	3500277	21412	
123	100866	25072	246	200545	24958	369	300579	24857	493	400927	24750	616	500698	24648	740	600206	24545	864	700438	24443	988	800507	24334	1113	900750	24223	1236	1000805	24120	1359	1100378	24007	1482	1200185	23904	1606	1300673	23798	1730	1400946	23686	1851	1500174	23588	1975	1600213	23479	2099	1700679	23378	2222	1800131	23269	2347	1900854	23164	2469	2000230	23062	2593	2100901	22956	2717	2200798	22843	2841	2300486	22725	2965	2400570	22616	3089	2500463	22504	3212	2600147	22394	3334	2700658	22291	3457	2800946	22183	3581	2900429	22073	3704	3000526	21971	3828	3100616	21863	3951	3200396	21761	4075	3300464	21646	4197	3400252	21544	4320	3500853	21441	
124	100746	25063	247	200234	24957	371	300489	24851	495	400859	24730	618	500465	24625	742	600440	24521	865	700299	24410	989	800872	24296	1112	900203	24190	1236	1000549	24089	1361	1100787	23968	1485	1200390	23858	1608	1300149	23749	1733	1400594	23638	1855	1500341	23531	1979	1600713	23432	2102	1700382	23329	2226	1800817	23219	2349	1900306	23103	2473	2000607	22989	2596	2100277	22877	2720	2200461	22758	2845	2300427	22649	2968	2400347	22551	3091	2500183	22441	3215	2600341	22330	3339	2700757	22219	3463	2800606	22109	3587	2900763	22003	3710	3000337	21905	3833	3100882	21804	3955	3200762	21700	4078	3300440	21588	4202	3400863	21481	4325	3500438	21372	
1714	100006	47	3429	200059	47	5150	300040	47	6867	400011	47	8589	500062	47	10301	600004	47	12021	700022	47	13738	800012	47	15458	900025	47	17179	1000046	47	18900	1100053	47	20612	1200018	47	22328	1300018	47	24039	1400028	47	25718	1500011	47	27428	1600033	47	29149	1700040	47	30867	1800023	47	32587	1900009	47	34304	2000050	47	36021	2100012	47	37734	2200044	47	39452	2300025	47	41165	2400009	47	42884	2500044	47	44602	2600040	47	46317	2700025	47	48037	2800018	47	49756	2900040	47	51473	3000026	47	53193	3100038	47	54903	3200032	47	56604	3300042	47	58324	3400061	47	60040	3500036	47	
1708	100027	47	3425	200038	47	5149	300031	47	6866	400006	47	8587	500039	47	10300	600007	47	12013	700037	47	13729	800017	47	15445	900049	47	17162	1000042	47	18886	1100048	47	20601	1200020	47	22319	1300036	47	24039	1400042	47	25755	1500016	47	27475	1600010	47	29186	1700014	47	30906	1800038	47	32617	1900055	47	34335	2000010	47	36049	2100033	47	37763	2200034	47	39477	2300007	47	41196	2400007	47	42913	2500058	47	44630	2600036	47	46343	2700030	47	48059	2800041	47	49778	2900007	47	51500	3000039	47	53219	3100007	47	54931	3200042	47	56630	3300057	47	58330	3400051	47	60046	3500004	47	
1695	100018	47	3401	200052	47	5107	300056	47	6824	400025	47	8542	500049	47	10251	600006	47	11971	700037	47	13688	800028	47	15404	900025	47	17123	1000063	47	18841	1100062	47	20558	1200046	47	22269	1300004	47	23988	1400042	47	25710	1500009	47	27431	1600047	47	29151	1700041	47	30872	1800056	47	32584	1900027	47	34303	2000027	47	36022	2100027	47	37740	2200027	47	39451	2300056	47	41171	2400028	47	42889	2500031	47	44606	2600017	47	46326	2700051	47	48043	2800038	47	49755	2900040	47	51468	3000055	47	53187	3100036	47	54907	3200036	47	56616	3300025	47	58332	3400028	47	60052	3500023	47	
1695	100055	47	3397	200014	47	5114	300022	47	6822	400036	47	8543	500041	47	10262	600061	47	11979	700025	47	13668	800043	47	15379	900041	47	17098	1000041	47	18798	1100035	47	20490	1200025	47	22210	1300054	47	23920	1400004	47	25641	1500021	47	27363	1600051	47	29080	1700016	47	30791	1800033	47	32508	1900045	47	34231	2000044	47	35948	2100054	47	37668	2200046	47	39386	2300036	47	41096	2400026	47	42811	2500031	47	44528	2600007	47	46247	2700049	47	47962	2800050	47	49679	2900060	47	51398	3000054	47	53107	3100040	47	54825	3200040	47	56545	3300024	47	58261	3400055	47	59978	3500039	47	
1711	100058	47	3431	200012	47	5154	300020	47	6863	400061	47	8571	500040	47	10291	600059	47	12014	700050	47	13733	800058	47	15453	900039	47	17164	1000047	47	18881	1100016	47	20601	1200059	47	22315	1300008	47	24025	1400034	47	25748	1500031	47	27459	1600029	47	29171	1700051	47	30876	1800048	47	32579	1900056	47	34292	2000027	47	35999	2100029	47	37717	2200036	47	39432	2300056	47	41134	2400021	47	42847	2500006	47	44560	2600032	47	46273	2700045	47	47991	2800021	47	49712	2900025	47	51427	3000057	47	53147	3100009	47	54866	3200036	47	56572	3300053	47	58283	3400040	47	60005	3500015	47	
1844	100056	53	3654	200027	53	5488	300037	53	7332	400046	53	9187	500004	53	11028	600008	53	12887	700009	53	14737	800022	53	16593	900036	53	18442	1000011	53	20299	1100028	53	22156	1200056	53	24004	1300055	53	25851	1400045	53	27708	1500013	53	29548	1600047	53	31402	1700055	53	33258	1800051	53	35110	1900027	53	36963	2000017	53	38822	2100049	53	40679	2200015	53	42529	2300016	53	44377	2400009	53	46227	2500020	53	48062	2600005	53	49917	2700045	53	51768	2800012	53	53622	2900038	53	55470	3000016	53	57321	3100053	53	59175	3200044	53	61021	3300051	53	62864	3400056	53	64717	3500021	53	
1834	100049	53	3680	200030	53	5536	300061	53	7379	400039	53	9227	500026	53	11082	600048	53	12934	700006	53	14788	800007	53	16636	900003	53	18490	1000053	53	20334	1100050	53	22182	1200021	53	24033	1300044	53	25879	1400033	53	27721	1500056	53	29577	1600051	53	31427	1700003	53	33282	1800039	53	35132	1900036	53	36988	2000057	53	38837	2100041	53	40687	2200013	53	42531	2300025	53	44385	2400018	53	46231	2500018	53	48081	2600013	53	49937	2700006	53	51789	2800043	53	53635	2900050	53	55487	3000041	53	57322	3100006	53	59172	3200037	53	61028	3300011	53	62882	3400023	53	64739	3500046	53	
1846	100015	53	3696	200015	53	5542	300047	53	7383	400018	53	9237	500038	53	11079	600010	53	12927	700029	53	14780	800022	53	16622	900057	53	18476	1000023	53	20320	1100054	53	22159	1200048	53	24000	1300045	53	25852	1400042	53	27703	1500005	53	29556	1600031	53	31400	1700028	53	33256	1800032	53	35114	1900014	53	36966	2000016	53	38823	2100014	53	40677	2200047	53	42531	2300006	53	44383	2400013	53	46239	2500013	53	48094	2600045	53	49938	2700042	53	51782	2800022	53	53622	2900038	53	55471	3000007	53	57324	3100004	53	59180	3200012	53	61031	3300012	53	62881	3400050	53	64714	3500046	53	
1849	100036	53	3694	200008	53	5551	300005	53	7408	400040	53	9265	500004	53	11116	600035	53	12964	700021	53	14808	800026	53	16653	900042	53	18502	1000019	53	20349	1100010	53	22189	1200013	53	24044	1300026	53	25893	1400051	53	27749	1500019	53	29607	1600027	53	31464	1700017	53	33307	1800005	53	35162	1900027	53	37016	2000038	53	38868	2100038	53	40713	2200016	53	42561	2300037	53	44413	2400032	53	46269	2500048	53	48127	2600043	53	49983	2700011	53	51840	2800053	53	53693	2900025	53	55550	3000029	53	57406	3100043	53	59253	3200008	53	61100	3300032	53	62951	3400003	53	64806	3500027	53	
1851	100036	53	3704	200051	53	5559	300003	53	7410	400031	53	9271	500059	53	11124	600014	53	12968	700017	53	14817	800036	53	16671	900035	53	18521	1000053	53	20380	1100058	53	22235	1200008	53	24076	1300029	53	25916	1400023	53	27766	1500015	53	29623	1600010	53	31475	1700038	53	33316	1800043	53	35162	1900023	53	37016	2000039	53	38859	2100043	53	40709	2200039	53	42561	2300012	53	44412	2400042	53	46263	2500037	53	48112	2600014	53	49963	2700031	53	51805	2800023	53	53660	2900047	53	55499	3000012	53	57341	3100040	53	59180	3200014	53	61030	3300005	53	62880	3400049	53	64735	3500026	53	
560	100131	262	1121	200069	202	1681	300159	191	2238	400147	191	2795	500083	191	3353	600163	191	3910	700066	191	4466	800183	191	5023	900113	191	5582	1000126	191	6141	1100197	191	6701	1200178	191	7257	1300081	191	7801	1400067	191	8359	1500059	191	8917	1600106	191	9477	1700164	191	10032	1800094	191	10591	1900176	191	11150	2000172	191	11709	2100081	191	12268	2200122	191	12826	2300126	191	13385	2400045	191	13941	2500019	191	14498	2600066	191	15056	2700025	191	15614	2800184	191	16172	2900050	191	16731	3000140	191	17287	3100082	191	17844	3200054	191	18399	3300056	191	18957	3400197	191	19515	3500111	191	
561	100076	255	1120	200084	203	1676	300113	191	2231	400053	191	2790	500171	191	3346	600185	191	3904	700159	191	4462	800031	191	5020	900055	191	5580	1000190	191	6138	1100144	191	6695	1200043	191	7252	1300124	191	7809	1400099	191	8367	1500161	191	8925	1600146	191	9483	1700077	191	10038	1800060	191	10596	1900151	191	11154	2000032	191	11713	2100043	191	12271	2200091	191	12828	2300059	191	13385	2400035	191	13942	2500110	191	14499	2600155	191	15056	2700077	191	15614	2800067	191	16172	2900139	191	16731	3000039	191	17288	3100119	191	17845	3200192	191	18402	3300023	191	18959	3400071	191	19517	3500081	191	
563	100165	241	1123	200024	201	1681	300190	194	2238	400166	191	2797	500166	191	3356	600081	191	3915	700052	191	4475	800186	191	5029	900088	191	5587	1000053	191	6145	1100083	191	6703	1200023	191	7261	1300061	191	7819	1400044	191	8376	1500097	191	8933	1600181	191	9491	1700050	191	10050	1800195	191	10605	1900066	191	11162	2000029	191	11720	2100053	191	12280	2200126	191	12837	2300045	191	13395	2400087	191	13953	2500130	191	14511	2600076	191	15070	2700113	191	15630	2800164	191	16186	2900184	191	16741	3000029	191	17300	3100148	191	17858	3200190	191	18413	3300027	191	18971	3400047	191	19528	3500155	191	
561	100146	256	1123	200123	199	1682	300176	192	2236	400068	191	2794	500119	191	3351	600038	191	3909	700103	191	4452	800155	191	5009	900078	191	5569	1000196	191	6127	1100062	191	6688	1200195	191	7246	1300122	191	7801	1400192	191	8360	1500184	191	8918	1600105	191	9477	1700089	191	10035	1800122	191	10594	1900191	191	11152	2000179	191	11708	2100044	191	12267	2200095	191	12825	2300084	191	13383	2400099	191	13939	2500035	191	14497	2600194	191	15053	2700020	191	15612	2800105	191	16171	2900179	191	16728	3000095	191	17285	3100041	191	17844	3200026	191	18400	3300172	191	18958	3400136	191	19514	3500183	191	
561	100187	257	1119	200025	210	1679	300033	193	2237	400122	191	2795	500137	191	3353	600153	191	3910	700081	191	4468	800130	191	5026	900189	191	5582	1000148	191	6141	1100122	191	6697	1200044	191	7252	1300191	191	7804	1400026	191	8362	1500119	191	8920	1600163	191	9479	1700186	191	10036	1800053	191	10589	1900100	191	11145	2000146	191	11698	2100166	191	12255	2200087	191	12815	2300160	191	13372	2400027	191	13931	2500150	191	14490	2600145	191	15049	2700061	191	15609	2800194	191	16166	2900036	191	16724	3000042	191	17283	3100128	191	17840	3200043	191	18399	3300147	191	18957	3400160	191	19512	3500067	191	
606	100175	252	1211	200091	198	1813	300105	195	2417	400055	194	3022	500039	194	3627	600160	194	4228	700133	194	4831	800020	194	5433	900055	194	6037	1000125	194	6642	1100060	194	7245	1200033	194	7848	1300092	194	8452	1400139	194	9056	1500095	194	9660	1600052	194	10264	1700083	194	10869	1800087	194	11471	1900177	194	12072	2000138	194	12674	2100117	194	13277	2200056	194	13881	2300086	194	14486	2400060	194	15091	2500084	194	15696	2600103	194	16300	2700072	194	16902	2800119	194	17505	2900047	194	18107	3000047	194	18712	3100067	194	19312	3200097	194	19916	3300102	194	20521	3400082	194	21126	3500043	194	
609	100035	235	1214	200140	201	1817	300061	196	2421	400136	194	3023	500052	194	3626	600085	194	4229	700161	194	4831	800067	194	5433	900087	194	6038	1000021	194	6643	1100157	194	7248	1200081	194	7850	1300088	194	8454	1400098	194	9055	1500048	194	9661	1600153	194	10266	1700108	194	10869	1800176	194	11472	1900022	194	12078	2000080	194	12679	2100095	194	13282	2200141	194	13887	2300125	194	14489	2400031	194	15092	2500130	194	15697	2600094	194	16303	2700158	194	16906	2800101	194	17510	2900083	194	18112	3000054	194	18712	3100150	194	19311	3200119	194	19911	3300127	194	20514	3400041	194	21113	3500087	194	
608	100119	247	1212	200078	200	1817	300177	194	2421	400084	194	3027	500186	194	3631	600130	194	4236	700120	194	4841	800178	194	5446	900047	194	6049	1000076	194	6654	1100079	194	7259	1200045	194	7860	1300172	194	8463	1400069	194	9068	1500024	194	9671	1600038	194	10276	1700056	194	10880	1800096	194	11484	1900122	194	12085	2000102	194	12689	2100042	194	13292	2200060	194	13895	2300078	194	14500	2400145	194	15105	2500049	194	15709	2600029	194	16314	2700114	194	16919	2800178	194	17520	2900113	194	18122	3000031	194	18725	3100160	194	19328	3200021	194	19933	3300070	194	20537	3400060	194	21141	3500112	194	
606	100120	248	1211	200072	201	1816	300100	194	2419	400154	194	3021	500028	194	3623	600057	194	4226	700165	194	4828	800034	194	5432	900165	194	6037	1000057	194	6641	1100153	194	7241	1200031	194	7844	1300176	194	8447	1400057	194	9052	1500062	194	9654	1600138	194	10258	1700140	194	10858	1800025	194	11461	1900039	194	12064	2000059	194	12665	2100104	194	13268	2200165	194	13867	2300038	194	14469	2400181	194	15073	2500153	194	15674	2600064	194	16276	2700082	194	16879	2800059	194	17483	2900063	194	18086	3000030	194	18691	3100127	194	19295	3200035	194	19898	3300021	194	20498	3400058	194	21100	3500054	194	
606	100180	249	1209	200120	195	1812	300118	194	2416	400106	194	3022	500137	194	3625	600174	194	4225	700173	194	4825	800113	194	5427	900094	194	6030	1000038	194	6632	1100144	194	7232	1200075	194	7832	1300023	194	8437	1400142	194	9042	1500112	194	9647	1600173	194	10249	1700105	194	10849	1800019	194	11451	1900038	194	12052	2000052	194	12655	2100055	194	13259	2200059	194	13861	2300089	194	14464	2400058	194	15069	2500052	194	15673	2600136	194	16276	2700046	194	16880	2800074	194	17481	2900084	194	18083	3000153	194	18686	3100070	194	19286	3200073	194	19890	3300129	194	20493	3400115	194	21098	3500139	194	
141	100818	1714	281	200701	1622	422	300551	1532	561	400193	1456	702	500491	1377	840	600443	1312	977	700403	1255	1115	800222	1203	1254	900780	1156	1392	1000303	1102	1530	1100599	1065	1666	1200497	1035	1803	1300268	1013	1936	1400414	998	2072	1500383	989	2208	1600193	979	2344	1700262	968	2480	1800175	965	2616	1900262	965	2753	2000726	965	2887	2100135	965	3023	2200298	965	3159	2300223	965	3295	2400601	965	3430	2500422	965	3565	2600646	965	3700	2700765	965	3835	2800541	965	3969	2900321	965	4105	3000428	965	4241	3100771	965	4376	3200826	965	4511	3300377	965	4645	3400133	965	4780	3500247	965	
141	100134	1721	281	200638	1644	421	300412	1554	562	400342	1472	702	500763	1403	841	600767	1320	979	700587	1260	1117	800602	1204	1256	900723	1147	1394	1000568	1103	1532	1100663	1057	1668	1200714	1032	1804	1300213	1012	1941	1400686	992	2076	1500486	982	2211	1600598	980	2346	1700271	978	2481	1800109	971	2617	1900300	968	2752	2000371	968	2887	2100369	967	3022	2200651	966	3157	2300261	965	3292	2400482	965	3427	2500636	965	3561	2600146	965	3697	2700457	965	3833	2800158	965	3968	2900778	965	4103	3000333	965	4239	3100686	965	4374	3200172	965	4510	3300245	965	4646	3400415	965	4782	3500668	965	
142	100130	1722	282	200597	1642	422	300430	1550	562	400793	1468	702	500647	1397	840	600721	1335	979	700610	1268	1117	800689	1216	1255	900858	1173	1393	1000827	1136	1531	1100569	1094	1669	1200630	1055	1806	1300376	1020	1944	1400446	1001	2080	1500117	983	2216	1600749	975	2351	1700498	970	2487	1800541	968	2622	1900363	968	2758	2000588	966	2893	2100187	965	3028	2200253	965	3164	2300556	965	3300	2400522	965	3435	2500765	965	3570	2600547	965	3705	2700427	965	3841	2800571	965	3977	2900555	965	4112	3000273	965	4247	3100370	965	4382	3200384	965	4518	3300843	965	4653	3400297	965	4788	3500190	965	
141	100315	1721	281	200183	1635	421	300298	1563	561	400386	1472	701	500497	1393	838	600553	1322	974	700472	1265	1113	800615	1208	1252	900533	1138	1389	1000408	1095	1526	1100561	1064	1663	1200258	1038	1800	1300767	1011	1937	1400577	996	2073	1500377	980	2209	1600530	976	2343	1700405	972	2479	1800677	968	2614	1900539	965	2749	2000609	965	2883	2100352	965	3018	2200709	965	3152	2300395	965	3287	2400669	965	3421	2500741	965	3555	2600452	965	3689	2700220	965	3825	2800455	965	3960	2900412	965	4096	3000608	965	4232	3100833	965	4367	3200355	965	4502	3300615	965	4637	3400461	965	4772	3500244	965	
141	100598	1714	281	200724	1641	420	300197	1541	560	400778	1464	699	500164	1390	837	600483	1325	974	700199	1271	1113	800268	1207	1250	900764	1162	1385	1000164	1120	1523	1100546	1076	1660	1200284	1037	1798	1300396	1003	1934	1400470	988	2070	1500583	984	2205	1600292	980	2341	1700232	973	2477	1800748	972	2613	1900838	966	2746	2000289	965	2881	2100292	965	3016	2200688	965	3150	2300802	965	3285	2400262	965	3421	2500485	965	3557	2600755	965	3691	2700109	965	3827	2800112	965	3963	2900320	965	4098	3000395	965	4231	3100272	965	4367	3200360	965	4502	3300378	965	4638	3400520	965	4773	3500134	965	
155	100532	1646	308	200370	1551	462	300589	1465	613	400292	1378	764	500184	1293	914	600106	1231	1065	700726	1167	1215	800700	1107	1365	900238	1045	1514	1000442	1004	1663	1100212	972	1812	1200320	946	1959	1300317	941	2105	1400403	934	2253	1500467	933	2400	1600615	932	2545	1700188	932	2693	1800397	932	2840	1900491	932	2987	2000212	932	3134	2100289	932	3281	2200125	932	3429	2300555	932	3575	2400658	932	3722	2500376	932	3869	2600267	932	4017	2700584	932	4165	2800713	932	4312	2900266	932	4459	3000235	932	4606	3100511	932	4753	3200387	932	4900	3300441	932	5047	3400271	932	5194	3500553	932	
155	100476	1650	308	200480	1550	461	300343	1453	613	400241	1360	764	500278	1280	915	600693	1208	1065	700202	1144	1216	800705	1088	1366	900249	1047	1516	1000517	1012	1665	1100220	985	1814	1200375	968	1962	1300136	952	2110	1400754	943	2255	1500290	942	2403	1600714	939	2550	1700148	936	2698	1800221	933	2846	1900392	932	2993	2000173	932	3141	2100651	932	3288	2200689	932	3435	2300543	932	3583	2400501	932	3730	2500565	932	3878	2600729	932	4025	2700494	932	4172	2800349	932	4319	2900509	932	4466	3000434	932	4613	3100297	932	4760	3200438	932	4907	3300562	932	5054	3400188	932	5201	3500610	932	
154	100269	1636	307	200563	1542	460	300518	1456	611	400117	1386	762	500201	1308	914	600720	1246	1063	700393	1189	1215	800667	1117	1365	900482	1061	1515	1000326	1021	1665	1100234	994	1814	1200298	972	1963	1300402	960	2110	1400446	953	2258	1500651	945	2405	1600476	941	2553	1700716	935	2700	1800630	933	2848	1900514	932	2994	2000137	932	3141	2100384	932	3289	2200711	932	3436	2300368	932	3583	2400464	932	3730	2500143	932	3878	2600429	932	4025	2700214	932	4173	2800436	932	4321	2900448	932	4468	3000148	932	4616	3100595	932	4763	3200657	932	4909	3300196	932	5056	3400287	932	5203	3500118	932	
154	100240	1665	308	200500	1562	461	300707	1466	613	400694	1384	764	500404	1295	913	600213	1225	1064	700305	1155	1213	800649	1104	1362	900312	1049	1509	1000276	1012	1658	1100155	981	1807	1200119	963	1955	1300372	949	2103	1400187	942	2251	1500294	938	2399	1600188	933	2546	1700360	933	2694	1800317	933	2842	1900513	933	2989	2000514	933	3136	2100400	932	3284	2200745	932	3430	2300675	932	3576	2400292	932	3723	2500444	932	3870	2600381	932	4018	2700652	932	4165	2800624	932	4311	2900442	932	4457	3000118	932	4604	3100516	932	4750	3200092	932	4898	3300483	932	5046	3400359	932	5193	3500480	932	
155	100484	1646	308	200556	1553	461	300363	1472	613	400325	1378	764	500431	1306	914	600196	1230	1065	700418	1166	1216	800441	1113	1366	900611	1070	1515	1000517	1032	1664	1100371	988	1812	1200691	972	1959	1300197	954	2108	1400348	934	2256	1500272	934	2403	1600562	932	2550	1700575	932	2697	1800433	932	2844	1900324	932	2992	2000633	932	3139	2100429	932	3286	2200724	932	3433	2300678	932	3580	2400411	932	3727	2500249	932	3874	2600616	932	4021	2700376	932	4168	2800314	932	4314	2900684	932	4461	3000253	932	4609	3100601	932	4757	3200679	932	4904	3300220	932	5051	3400177	932	5199	3500590	932	
1541	100023	1977	3082	200050	1320	4601	300059	830	6135	400006	621	7681	500057	423	9229	600053	232	10765	700045	97	12317	800052	53	13861	900059	50	15411	1000010	50	16927	1100024	50	18479	1200021	50	20026	1300008	50	21571	1400047	50	23120	1500068	50	24664	1600008	50	26215	1700039	50	27769	1800026	50	29319	1900031	50	30868	2000043	50	32401	2100050	50	33928	2200012	50	35469	2300060	50	37019	2400024	50	38570	2500018	50	40122	2600032	50	41677	2700034	50	43228	2800054	50	44770	2900033	50	46317	3000052	50	47868	3100043	50	49418	3200033	50	50970	3300051	50	52519	3400022	50	54072	3500020	50	
1545	100060	1939	3079	200046	1306	4600	300061	871	6137	400005	629	7691	500034	453	9242	600067	254	10786	700026	137	12329	800036	74	13871	900035	51	15421	1000013	50	16976	1100037	50	18531	1200052	50	20083	1300036	50	21636	1400030	50	23181	1500006	50	24732	1600067	50	26284	1700063	50	27837	1800006	50	29378	1900054	50	30930	2000039	50	32480	2100059	50	34027	2200017	50	35569	2300014	50	37113	2400010	50	38660	2500053	50	40211	2600029	50	41761	2700026	50	43313	2800005	50	44864	2900050	50	46418	3000029	50	47961	3100051	50	49504	3200035	50	51046	3300058	50	52583	3400007	50	54131	3500056	50	
1544	100036	1907	3093	200054	1323	4620	300032	852	6155	400038	613	7700	500022	422	9241	600044	293	10784	700010	154	12325	800019	74	13869	900059	50	15412	1000014	50	16958	1100048	50	18500	1200025	50	20048	1300041	50	21597	1400039	50	23150	1500038	50	24702	1600057	50	26249	1700022	50	27797	1800033	50	29347	1900028	50	30899	2000054	50	32446	2100055	50	33987	2200006	50	35529	2300057	50	37069	2400032	50	38626	2500061	50	40167	2600064	50	41717	2700060	50	43272	2800041	50	44821	2900005	50	46375	3000005	50	47930	3100059	50	49484	3200005	50	51039	3300032	50	52591	3400064	50	54140	3500056	50	
1546	100031	1937	3094	200061	1340	4621	300065	879	6150	400056	641	7694	500018	450	9241	600070	291	10776	700060	140	12321	800044	74	13863	900037	50	15407	1000044	50	16952	1100042	50	18501	1200063	50	20050	1300036	50	21600	1400033	50	23149	1500040	50	24694	1600064	50	26246	1700028	50	27794	1800058	50	29345	1900052	50	30891	2000047	50	32439	2100019	50	33988	2200066	50	35536	2300068	50	37085	2400009	50	38633	2500071	50	40179	2600056	50	41728	2700033	50	43280	2800047	50	44826	2900024	50	46375	3000056	50	47925	3100040	50	49474	3200019	50	51025	3300027	50	52578	3400035	50	54130	3500029	50	
1546	100067	1875	3088	200073	1278	4615	300068	817	6150	400056	584	7693	500070	400	9242	600042	208	10790	700061	84	12340	800022	50	13885	900067	50	15429	1000037	50	16981	1100061	50	18534	1200016	50	20088	1300039	50	21642	1400048	50	23189	1500063	50	24738	1600016	50	26292	1700036	50	27844	1800023	50	29398	1900045	50	30949	2000032	50	32496	2100012	50	34049	2200030	50	35596	2300053	50	37148	2400058	50	38692	2500020	50	40241	2600006	50	41795	2700013	50	43348	2800029	50	44901	2900047	50	46455	3000064	50	48002	3100044	50	49556	3200051	50	51107	3300022	50	52655	3400069	50	54200	3500023	50	
530	100072	9845	1062	200082	9656	1593	300081	9466	2123	400105	9290	2654	500129	9111	3186	600067	8928	3714	700025	8748	4245	800134	8568	4773	900181	8383	5304	1000109	8184	5835	1100033	7993	6366	1200160	7807	6898	1300057	7616	7428	1400080	7442	7959	1500145	7262	8489	1600107	7071	9018	1700124	6890	9545	1800049	6716	10075	1900062	6527	10604	2000093	6370	11135	2100172	6186	11667	2200083	5993	12198	2300105	5811	12726	2400150	5638	13256	2500025	5450	13790	2600177	5254	14319	2700145	5075	14850	2800137	4887	15376	2900054	4706	15907	3000110	4528	16438	3100208	4354	16966	3200075	4172	17495	3300057	4001	18026	3400125	3825	18552	3500145	3658	
530	100139	9846	1058	200141	9673	1588	300077	9484	2120	400049	9306	2650	500137	9140	3180	600093	8950	3708	700095	8772	4237	800029	8600	4768	900133	8421	5299	1000170	8235	5830	1100093	8053	6363	1200125	7862	6893	1300174	7679	7423	1400076	7489	7953	1500053	7301	8483	1600080	7105	9014	1700164	6930	9545	1800155	6748	10077	1900130	6563	10607	2000057	6368	11135	2100071	6193	11666	2200036	6001	12194	2300030	5820	12725	2400135	5633	13253	2500179	5450	13780	2600065	5269	14309	2700107	5090	14840	2800201	4901	15370	2900173	4716	15899	3000118	4534	16427	3100050	4361	16955	3200081	4192	17483	3300109	4015	18011	3400070	3840	18540	3500023	3656	
530	100149	9850	1062	200140	9657	1593	300080	9476	2123	400102	9294	2653	500122	9125	3182	600083	8955	3713	700198	8776	4242	800124	8588	4773	900116	8393	5304	1000110	8212	5834	1100148	8020	6365	1200149	7836	6895	1300062	7655	7425	1400080	7469	7958	1500145	7285	8487	1600023	7087	9018	1700131	6898	9548	1800155	6701	10078	1900030	6515	10608	2000042	6339	11139	2100114	6144	11669	2200184	5969	12200	2300153	5789	12730	2400182	5603	13259	2500036	5421	13789	2600149	5233	14319	2700165	5052	14843	2800206	4873	15370	2900119	4695	15901	3000071	4520	16430	3100119	4341	16962	3200159	4160	17491	3300196	3982	18022	3400117	3784	18548	3500137	3603	
531	100082	9853	1061	200136	9672	1589	300112	9504	2115	400207	9334	2643	500091	9145	3172	600074	8965	3703	700113	8771	4233	800073	8595	4762	900079	8410	5294	1000171	8208	5822	1100090	8033	6353	1200167	7855	6881	1300154	7676	7411	1400130	7488	7941	1500158	7307	8470	1600026	7129	9001	1700128	6948	9532	1800139	6751	10062	1900084	6573	10593	2000120	6398	11123	2100126	6216	11652	2200068	6047	12182	2300151	5871	12710	2400029	5687	13242	2500064	5488	13771	2600185	5296	14301	2700076	5103	14832	2800047	4906	15363	2900055	4722	15894	3000041	4542	16424	3100052	4358	16954	3200133	4169	17479	3300138	3994	18003	3400043	3822	18532	3500147	3640	
529	100115	9842	1060	200028	9666	1591	300147	9472	2122	400065	9283	2652	500133	9095	3182	600027	8918	3713	700136	8730	4242	800074	8560	4765	900131	8373	5287	1000160	8196	5816	1100096	8029	6347	1200159	7843	6874	1300064	7661	7403	1400149	7475	7932	1500215	7306	8461	1600122	7109	8985	1700183	6931	9513	1800067	6768	10041	1900193	6593	10571	2000061	6419	11101	2100183	6231	11631	2200030	6046	12162	2300171	5852	12690	2400103	5672	13222	2500153	5484	13749	2600166	5297	14276	2700027	5117	14807	2800110	4923	15335	2900070	4741	15863	3000149	4567	16394	3100145	4376	16925	3200067	4184	17456	3300078	3995	17988	3400037	3812	18519	3500032	3636	
125	100859	50303	249	200419	50185	373	300176	50077	497	400724	49956	621	500889	49845	744	600269	49734	868	700577	49628	991	800191	49523	1115	900540	49410	1239	1000179	49299	1364	1100720	49182	1486	1200400	49073	1610	1300655	48960	1734	1400770	48845	1857	1500238	48729	1981	1600427	48623	2105	1700621	48509	2228	1800349	48402	2352	1900846	48299	2475	2000208	48192	2598	2100167	48093	2722	2200243	47988	2846	2300221	47873	2970	2400494	47764	3093	2500404	47660	3217	2600823	47558	3340	2700352	47449	3464	2800912	47342	3587	2900764	47233	3711	3000681	47126	3835	3100360	47011	3959	3200349	46899	4084	3300671	46784	4208	3400904	46677	4332	3500743	46561	
123	100143	50305	247	200349	50198	371	300396	50087	494	400220	49983	618	500606	49876	741	600294	49763	865	700686	49655	988	800402	49546	1111	900626	49438	1235	1000848	49327	1359	1100908	49218	1482	1200343	49106	1607	1300721	48997	1731	1400790	48881	1855	1500684	48780	1979	1600878	48668	2102	1700808	48563	2225	1800682	48447	2349	1900856	48337	2472	2000772	48229	2595	2100526	48116	2717	2200545	47997	2839	2300287	47894	2963	2400296	47791	3087	2500780	47685	3208	2600131	47582	3331	2700387	47479	3455	2800745	47371	3577	2900745	47260	3700	3000931	47148	3823	3100484	47032	3945	3200181	46924	4069	3300449	46815	4193	3400899	46706	4317	3500748	46595	
124	100570	50307	248	200624	50191	371	300357	50081	495	400458	49980	618	500178	49881	743	600630	49777	866	700779	49671	988	800717	49566	1109	900542	49451	1232	1000364	49341	1356	1100320	49229	1480	1200204	49114	1605	1300930	49000	1728	1400759	48886	1850	1500261	48775	1975	1600505	48648	2099	1700613	48540	2223	1800919	48441	2347	1900436	48322	2471	2000739	48211	2594	2100411	48108	2717	2200178	48003	2841	2300682	47887	2964	2400200	47784	3088	2500583	47671	3212	2600545	47558	3336	2700194	47454	3459	2800145	47339	3583	2900899	47230	3707	3000489	47116	3831	3100249	47000	3955	3200273	46891	4078	3300282	46784	4201	3400856	46679	4323	3500301	46580	
124	100574	50301	247	200423	50188	370	300574	50090	492	400438	49983	615	500365	49872	740	600916	49750	864	700804	49640	986	800529	49520	1109	900677	49402	1232	1000623	49291	1355	1100250	49175	1479	1200708	49070	1602	1300678	48967	1726	1400428	48857	1850	1500874	48749	1973	1600275	48639	2097	1700518	48532	2221	1800380	48419	2345	1900139	48308	2469	2000879	48199	2592	2100169	48089	2716	2200266	47972	2840	2300506	47856	2963	2400932	47748	3087	2500520	47636	3210	2600448	47516	3334	2700696	47404	3459	2800866	47287	3582	2900853	47175	3705	3000536	47073	3828	3100737	46962	3951	3200501	46856	4074	3300152	46742	4199	3400788	46633	4321	3500790	46521	
125	100279	50295	249	200623	50190	373	300581	50076	498	400664	49963	622	500791	49854	745	600420	49744	869	700402	49629	994	800893	49514	1117	900786	49406	1241	1000712	49293	1365	1100527	49180	1489	1200747	49064	1613	1300941	48947	1736	1400586	48833	1860	1500711	48727	1983	1600685	48623	2104	1700318	48521	2227	1800285	48413	2352	1900688	48308	2476	2000838	48196	2599	2100825	48090	2722	2200753	47972	2846	2300586	47858	2970	2400460	47744	3094	2500415	47622	3216	2600283	47508	3339	2700482	47398	3463	2800402	47280	3587	2900555	47169	3711	3000741	47059	3835	3100603	46937	3959	3200826	46827	4083	3300757	46718	4207	3400712	46617	4331	3500329	46506	
