wersja nr 3;wspolczynnik mutacji 0.400000;wielkosc populacji 30
468	100203	44	927	200086	44	1383	300086	44	1838	400117	44	2295	500041	44	2755	600011	44	3217	700209	44	3679	800191	44	4137	900233	44	4596	1000071	44	5055	1100011	44	5516	1200033	44	5975	1300194	44	6436	1400073	44	6896	1500094	44	7354	1600168	44	7812	1700123	44	8273	1800192	44	8732	1900214	44	9191	2000192	44	9652	2100204	44	10111	2200038	44	10569	2300168	44	11030	2400044	44	11492	2500213	44	11949	2600054	44	12406	2700113	44	12867	2800042	44	13327	2900207	44	13784	3000098	44	14246	3100178	44	14707	3200120	44	15169	3300104	44	15631	3400123	44	16090	3500135	44	
467	100022	44	929	200160	44	1390	300140	44	1849	400053	44	2310	500024	44	2771	600164	44	3231	700145	44	3691	800044	44	4150	900091	44	4609	1000039	44	5071	1100033	44	5533	1200121	44	5995	1300161	44	6454	1400064	44	6914	1500069	44	7375	1600089	44	7837	1700216	44	8297	1800031	44	8758	1900224	44	9214	2000044	44	9675	2100143	44	10135	2200167	44	10592	2300090	44	11053	2400012	44	11512	2500038	44	11971	2600055	44	12434	2700185	44	12895	2800202	44	13356	2900083	44	13816	3000228	44	14278	3100066	44	14738	3200137	44	15197	3300032	44	15657	3400219	44	16116	3500213	44	
469	100123	44	924	200130	44	1384	300013	44	1843	400174	44	2303	500141	44	2762	600048	44	3222	700058	44	3682	800036	44	4142	900115	44	4603	1000121	44	5063	1100068	44	5525	1200135	44	5982	1300066	44	6442	1400131	44	6902	1500158	44	7362	1600127	44	7821	1700041	44	8284	1800177	44	8743	1900211	44	9202	2000060	44	9662	2100180	44	10122	2200022	44	10581	2300199	44	11039	2400055	44	11498	2500041	44	11958	2600059	44	12416	2700149	44	12876	2800132	44	13336	2900056	44	13796	3000035	44	14257	3100091	44	14717	3200121	44	15178	3300107	44	15639	3400052	44	16097	3500180	44	
467	100180	44	928	200123	44	1385	300083	44	1840	400020	44	2301	500127	44	2759	600031	44	3217	700190	44	3677	800195	44	4137	900097	44	4597	1000206	44	5058	1100118	44	5517	1200136	44	5975	1300017	44	6426	1400043	44	6888	1500091	44	7343	1600123	44	7798	1700185	44	8259	1800137	44	8721	1900017	44	9182	2000147	44	9642	2100103	44	10099	2200067	44	10560	2300034	44	11017	2400122	44	11477	2500231	44	11937	2600052	44	12398	2700206	44	12856	2800085	44	13317	2900190	44	13775	3000159	44	14233	3100209	44	14690	3200029	44	15150	3300027	44	15610	3400119	44	16066	3500197	44	
469	100023	44	927	200218	44	1387	300211	44	1846	400097	44	2307	500093	44	2767	600205	44	3229	700061	44	3691	800036	44	4152	900019	44	4610	1000122	44	5070	1100048	44	5528	1200228	44	5984	1300153	44	6445	1400160	44	6905	1500020	44	7364	1600084	44	7821	1700028	44	8284	1800125	44	8745	1900070	44	9207	2000224	44	9667	2100192	44	10124	2200151	44	10581	2300079	44	11039	2400145	44	11496	2500174	44	11957	2600190	44	12418	2700168	44	12878	2800224	44	13335	2900168	44	13793	3000153	44	14254	3100091	44	14716	3200080	44	15175	3300142	44	15635	3400222	44	16093	3500214	44	
492	100203	46	972	200164	46	1453	300069	46	1937	400120	46	2420	500158	46	2904	600068	46	3387	700032	46	3872	800109	46	4352	900091	46	4835	1000034	46	5317	1100202	46	5800	1200088	46	6284	1300088	46	6765	1400214	46	7249	1500079	46	7732	1600037	46	8216	1700197	46	8702	1800053	46	9184	1900086	46	9666	2000098	46	10149	2100110	46	10630	2200189	46	11109	2300123	46	11591	2400134	46	12073	2500185	46	12557	2600175	46	13042	2700089	46	13523	2800062	46	14006	2900024	46	14489	3000113	46	14974	3100169	46	15457	3200077	46	15942	3300178	46	16425	3400182	46	16910	3500110	46	
492	100206	46	973	200035	46	1459	300213	46	1942	400182	46	2424	500097	46	2907	600203	46	3388	700173	46	3868	800032	46	4349	900125	46	4832	1000066	46	5311	1100050	46	5792	1200114	46	6276	1300071	46	6755	1400132	46	7239	1500135	46	7724	1600012	46	8208	1700143	46	8689	1800023	46	9171	1900096	46	9655	2000101	46	10140	2100210	46	10623	2200028	46	11107	2300103	46	11589	2400120	46	12073	2500062	46	12555	2600088	46	13036	2700081	46	13515	2800061	46	13998	2900077	46	14479	3000081	46	14958	3100068	46	15443	3200184	46	15927	3300072	46	16411	3400164	46	16894	3500082	46	
493	100088	46	976	200100	46	1460	300159	46	1935	400160	46	2420	500149	46	2905	600210	46	3390	700019	46	3873	800186	46	4354	900045	46	4838	1000105	46	5323	1100082	46	5808	1200180	46	6293	1300166	46	6776	1400173	46	7259	1500146	46	7741	1600013	46	8225	1700191	46	8711	1800134	46	9186	1900052	46	9668	2000047	46	10153	2100200	46	10637	2200120	46	11119	2300025	46	11604	2400152	46	12086	2500162	46	12570	2600088	46	13055	2700147	46	13535	2800058	46	14019	2900218	46	14502	3000123	46	14987	3100094	46	15474	3200080	46	15959	3300078	46	16440	3400152	46	16923	3500121	46	
490	100024	46	974	200101	46	1453	300176	46	1931	400145	46	2416	500084	46	2896	600205	46	3377	700097	46	3862	800196	46	4347	900061	46	4834	1000163	46	5316	1100060	46	5801	1200189	46	6284	1300138	46	6767	1400061	46	7249	1500123	46	7732	1600217	46	8209	1700138	46	8686	1800039	46	9167	1900206	46	9650	2000191	46	10132	2100156	46	10613	2200094	46	11096	2300181	46	11578	2400199	46	12061	2500114	46	12542	2600065	46	13024	2700074	46	13510	2800139	46	13995	2900072	46	14480	3000171	46	14964	3100187	46	15444	3200058	46	15930	3300214	46	16412	3400061	46	16894	3500086	46	
492	100099	46	977	200051	46	1462	300128	46	1945	400126	46	2423	500090	46	2909	600154	46	3394	700190	46	3879	800204	46	4362	900037	46	4846	1000181	46	5326	1100225	46	5808	1200159	46	6289	1300188	46	6772	1400159	46	7255	1500202	46	7736	1600120	46	8220	1700097	46	8705	1800076	46	9190	1900077	46	9675	2000093	46	10157	2100013	46	10639	2200180	46	11117	2300011	46	11598	2400179	46	12081	2500129	46	12567	2600125	46	13053	2700011	46	13534	2800020	46	14013	2900048	46	14496	3000199	46	14979	3100033	46	15466	3200192	46	15950	3300048	46	16435	3400054	46	16918	3500084	46	
152	100418	2314	297	200482	1639	440	300400	1383	585	400330	1256	729	500146	1166	874	600512	1121	1019	700339	1065	1164	800544	1004	1308	900275	996	1452	1000313	948	1596	1100051	910	1741	1200592	867	1885	1300571	827	2028	1400135	815	2172	1500050	765	2317	1600409	752	2461	1700720	752	2605	1800279	752	2750	1900259	735	2894	2000142	731	3040	2100648	723	3184	2200121	716	3329	2300234	711	3475	2400634	711	3620	2500078	698	3766	2600600	698	3911	2700403	698	4056	2800293	698	4200	2900322	698	4344	3000076	689	4490	3100275	689	4636	3200341	687	4781	3300182	685	4926	3400328	681	5071	3500604	670	
153	100268	2409	300	200522	1823	446	300484	1570	592	400539	1299	737	500282	1164	882	600318	1082	1027	700534	1017	1172	800325	993	1318	900327	946	1462	1000048	934	1608	1100199	906	1754	1200446	894	1899	1300653	871	2043	1400091	866	2188	1500615	861	2332	1600216	845	2477	1700534	845	2622	1800311	845	2767	1900418	838	2912	2000206	832	3057	2100676	826	3202	2200187	798	3348	2300597	784	3493	2400438	774	3638	2500351	774	3783	2600093	768	3929	2700516	768	4073	2800306	762	4218	2900354	744	4363	3000108	735	4509	3100660	725	4654	3200451	725	4799	3300527	711	4944	3400331	706	5089	3500652	698	
152	100047	2500	298	200440	1855	444	300511	1582	590	400722	1346	735	500606	1191	880	600106	1119	1026	700698	1022	1170	800229	1002	1315	900624	961	1461	1000497	933	1606	1100436	909	1751	1200292	880	1896	1300569	864	2041	1400134	838	2187	1500666	834	2332	1600462	834	2477	1700527	834	2619	1800311	824	2764	1900047	792	2909	2000217	776	3054	2100418	776	3199	2200408	763	3344	2300344	756	3488	2400111	752	3633	2500441	752	3778	2600608	752	3924	2700704	730	4069	2800639	719	4214	2900344	719	4359	3000428	709	4505	3100604	709	4650	3200546	703	4795	3300301	698	4940	3400118	698	5085	3500279	694	
153	100205	2441	301	200109	1717	445	300049	1348	590	400173	1172	735	500686	1096	879	600256	1029	1023	700398	980	1168	800202	933	1313	900561	881	1457	1000278	871	1601	1100146	843	1746	1200432	831	1891	1300501	808	2036	1400549	808	2181	1500709	797	2326	1600322	787	2472	1700674	784	2617	1800243	784	2762	1900183	784	2907	2000147	778	3053	2100309	771	3199	2200619	763	3344	2300626	756	3489	2400350	756	3634	2500175	737	3780	2600541	732	3926	2700606	726	4071	2800056	719	4216	2900174	719	4360	3000187	719	4505	3100245	711	4650	3200248	711	4795	3300078	705	4941	3400375	701	5086	3500255	701	
153	100518	2627	301	200454	1862	446	300119	1439	592	400191	1277	738	500721	1116	883	600620	1063	1028	700253	1031	1173	800119	978	1319	900619	944	1464	1000545	936	1609	1100254	908	1755	1200595	893	1900	1300124	885	2046	1400257	885	2192	1500583	881	2337	1600458	875	2482	1700469	861	2627	1800383	861	2772	1900250	843	2918	2000664	826	3063	2100576	826	3207	2200079	826	3353	2300631	826	3497	2400174	812	3643	2500536	794	3789	2600735	787	3934	2700507	784	4078	2800135	782	4224	2900698	776	4369	3000620	767	4514	3100232	767	4659	3200161	748	4805	3300516	740	4949	3400272	729	5094	3500318	722	
158	100451	1337	306	200420	729	453	300679	613	600	400331	545	748	500419	522	895	600102	513	1043	700467	494	1190	800339	483	1338	900489	483	1486	1000348	459	1634	1100429	449	1782	1200527	439	1930	1300439	439	2077	1400334	439	2224	1500481	439	2372	1600412	432	2520	1700495	432	2668	1800681	425	2814	1900656	425	2961	2000431	425	3108	2100351	425	3254	2200117	420	3402	2300405	420	3550	2400520	420	3697	2500263	420	3845	2600673	412	3991	2700046	412	4138	2800623	412	4285	2900314	412	4432	3000210	412	4578	3100261	412	4723	3200159	409	4870	3300053	405	5018	3400325	401	5165	3500330	396	
158	100104	1430	308	200253	620	456	300458	560	602	400256	542	749	500667	523	896	600415	523	1043	700403	488	1189	800576	482	1336	900127	477	1484	1000529	477	1630	1100047	471	1777	1200109	471	1925	1300402	455	2073	1400664	443	2221	1500720	443	2369	1600497	443	2517	1700223	440	2666	1800697	433	2813	1900188	433	2961	2000520	433	3108	2100149	433	3256	2200099	433	3403	2300498	423	3551	2400618	418	3698	2500672	418	3844	2600043	418	3992	2700098	401	4141	2800361	401	4289	2900562	401	4437	3000465	401	4586	3100681	401	4733	3200074	401	4880	3300274	401	5028	3400663	401	5174	3500301	401	
158	100496	1272	308	200627	627	456	300279	540	604	400503	534	751	500114	519	899	600109	512	1048	700488	486	1196	800433	482	1344	900541	478	1491	1000129	465	1639	1100534	459	1787	1200309	454	1935	1300312	438	2083	1400330	434	2231	1500656	425	2378	1600214	418	2524	1700304	418	2672	1800544	418	2820	1900614	417	2967	2000559	417	3114	2100110	417	3262	2200438	417	3409	2300236	417	3557	2400537	412	3704	2500710	412	3851	2600426	412	3998	2700077	404	4146	2800566	404	4291	2900196	404	4439	3000520	404	4586	3100626	404	4734	3200508	404	4882	3300681	399	5029	3400478	395	5176	3500074	395	
158	100370	1313	305	200677	585	452	300265	548	599	400090	527	746	500087	498	895	600586	470	1041	700592	461	1188	800179	452	1336	900300	438	1484	1000583	438	1631	1100123	438	1779	1200669	414	1926	1300283	408	2074	1400614	398	2222	1500614	398	2368	1600197	398	2516	1700462	392	2664	1800457	392	2811	1900317	392	2958	2000660	392	3105	2100084	392	3253	2200623	392	3400	2300415	385	3548	2400705	385	3695	2500119	380	3840	2600299	380	3986	2700483	380	4131	2800426	380	4278	2900074	374	4426	3000455	374	4574	3100670	371	4721	3200085	369	4869	3300390	361	5016	3400054	355	5164	3500638	355	
157	100663	1403	305	200168	648	450	300159	515	598	400434	504	746	500278	489	893	600265	466	1041	700562	448	1188	800518	448	1336	900670	437	1484	1000666	431	1631	1100205	425	1778	1200366	425	1926	1300330	425	2073	1400390	417	2222	1500714	408	2370	1600449	408	2518	1700511	408	2667	1800687	408	2815	1900718	408	2963	2000453	400	3111	2100260	400	3260	2200497	400	3405	2300133	400	3554	2400650	400	3702	2500613	393	3849	2600247	393	3996	2700055	393	4144	2800692	389	4291	2900217	389	4438	3000190	389	4587	3100400	389	4734	3200086	389	4882	3300421	389	5029	3400455	378	5176	3500427	378	
33	100753	22771	66	202589	21228	98	301560	19527	130	402675	18050	161	501603	17459	192	601082	17088	223	701853	16737	254	802000	16640	285	902113	16319	316	1001867	16231	347	1100739	16080	379	1203193	16006	410	1302261	16006	441	1401594	15926	472	1501092	15850	503	1600932	15770	535	1703033	15698	566	1802325	15698	597	1901421	15698	629	2003193	15565	660	2102651	15486	691	2201635	15410	722	2301958	15334	753	2401028	15249	784	2500477	15249	815	2600317	15170	847	2702588	15090	878	2802048	15090	909	2901312	15090	940	3000398	15090	972	3102236	15002	1003	3201475	15002	1034	3301493	15002	1065	3402268	15002	1096	3501535	15002	
33	101223	22196	66	202415	20096	98	301550	18641	130	402218	17802	161	500995	17004	193	602948	16568	224	701752	16208	256	803063	15941	287	902856	15862	318	1002989	15780	349	1101969	15780	380	1200994	15533	412	1302729	15310	443	1401513	15228	474	1500688	15079	505	1600369	15079	536	1700617	15079	568	1803127	15079	599	1902626	14999	630	2001476	14933	661	2100826	14933	693	2202590	14846	724	2302457	14846	755	2401198	14771	786	2500416	14771	818	2602693	14771	849	2702158	14703	880	2801115	14703	912	2903332	14703	943	3002460	14703	974	3102505	14628	1005	3201936	14628	1036	3301550	14628	1067	3400914	14543	1098	3500393	14473	
33	100613	22708	66	203252	20542	98	303101	18998	129	401099	17979	161	503040	17211	192	602198	16776	223	701214	16611	255	802889	16442	286	902364	16170	317	1001904	16170	348	1101391	16093	379	1200491	15924	411	1302583	15824	442	1401808	15739	473	1500979	15739	504	1601432	15739	535	1701239	15739	566	1800931	15739	598	1902977	15739	629	2002580	15739	660	2101651	15739	691	2201730	15739	722	2301126	15647	753	2401047	15410	785	2502623	15232	816	2601872	15144	847	2701433	15064	879	2803195	14916	910	2902242	14916	941	3001491	14916	972	3100299	14916	1003	3200787	14916	1034	3300940	14916	1065	3401339	14916	1096	3500340	14828	
34	102942	22286	66	200596	20231	99	303355	19164	130	400291	18312	162	501726	17648	193	600909	17480	225	702671	16970	256	801067	16707	287	901673	16537	318	1000891	16220	350	1102234	15744	381	1201687	15744	412	1300453	15744	444	1402636	15668	475	1501566	15668	506	1600751	15507	538	1702349	15507	569	1802153	15507	600	1901725	15426	631	2001084	15342	663	2103132	15257	694	2201850	15174	725	2301209	15174	756	2400786	15174	787	2500538	15092	819	2602705	15092	850	2701258	14866	881	2800480	14866	913	2902854	14802	944	3001593	14802	976	3103171	14722	1007	3202518	14722	1038	3301449	14575	1069	3400783	14575	1101	3503179	14575	
33	100359	22531	66	202745	20605	98	302606	19135	129	400515	17918	161	502621	17220	192	601504	16842	223	700643	16740	255	803247	16581	286	902699	16581	317	1002984	16507	348	1103063	16427	379	1201909	16427	410	1301169	16427	442	1402929	16342	473	1501503	16088	505	1603363	16088	536	1703410	16088	567	1802994	15913	598	1902979	15844	629	2001865	15580	660	2102145	15580	691	2201125	15489	722	2300573	15403	754	2402633	15330	785	2502445	15247	816	2602440	15247	847	2702433	15167	878	2801722	15167	909	2901507	15080	940	3000988	15080	972	3103203	15080	1003	3202946	15080	1034	3302085	15010	1065	3401553	15010	1096	3500877	15010	
33	102957	24476	65	201870	23609	97	301223	22672	129	401040	21753	161	501615	20741	193	600306	19575	226	703237	18912	257	800531	17974	289	900552	17037	322	1002876	16346	354	1102987	16046	386	1202259	14978	418	1300276	13589	451	1401487	12413	483	1500419	11429	515	1600393	10989	547	1700332	10698	579	1800724	10090	612	1902925	9152	644	2003358	8760	675	2101576	8571	707	2203342	8270	738	2301268	8079	770	2402635	7848	802	2502872	7467	833	2600638	7394	865	2702256	7394	896	2800572	7318	928	2902405	7139	959	3000736	7049	991	3102095	6949	1023	3203032	6949	1054	3300639	6949	1086	3402042	6949	1117	3501046	6949	
32	100835	24529	64	201404	24085	96	301409	23890	128	401918	23590	160	501616	23261	192	601324	22954	224	702081	22442	256	800765	21113	288	900521	20803	320	1000689	20591	352	1100660	20317	384	1200860	20106	416	1300434	19466	448	1400270	19379	480	1500296	19278	512	1600254	18981	544	1700565	18981	576	1800856	18768	608	1901729	18533	640	2002470	18211	672	2100858	17385	705	2203327	17059	736	2300487	16729	768	2401341	16517	800	2502312	16103	832	2602096	15578	864	2702525	15068	895	2800792	14515	927	2901563	13860	959	3002326	13558	990	3100777	12862	1022	3200585	12752	1054	3300946	12569	1086	3401331	12569	1118	3501990	12389	
33	102966	24458	65	201818	23178	97	300986	22308	129	400871	21691	161	500746	21055	194	603239	20498	226	703128	19532	258	802859	18719	289	900377	17798	322	1002855	17299	354	1103089	17092	385	1200454	16515	417	1301125	15958	449	1401357	14898	481	1500895	13876	513	1600291	13476	545	1700643	12831	578	1803110	12122	610	1902428	11263	642	2002917	10694	674	2102573	9954	706	2202887	9857	737	2300545	9857	770	2403203	9274	802	2503288	8708	833	2600538	8593	865	2701201	8498	897	2801912	8314	928	2900812	8230	960	3000980	7865	992	3102768	7616	1023	3200587	7453	1055	3301648	7361	1087	3402040	7179	1118	3500312	7179	
32	100846	24874	64	202412	24692	96	303146	24489	127	400809	23938	159	500681	23395	191	601372	22877	223	701455	22650	255	801806	22138	287	901942	21406	319	1000682	20277	352	1103286	19376	384	1202712	18634	416	1302254	18230	448	1402367	17920	480	1501453	17064	512	1601541	16305	544	1700632	15591	577	1802874	14959	609	1901846	13937	641	2000847	12870	674	2103137	11905	706	2200796	10351	739	2302586	8644	771	2402440	8011	803	2502684	7863	834	2600401	7782	866	2701556	7526	898	2802749	7526	929	2900875	7337	961	3002841	6988	992	3101285	6733	1024	3203392	6652	1055	3301649	6568	1087	3402505	6495	1118	3500389	6495	
32	101404	25076	64	201857	24443	96	301383	23422	128	401037	22804	160	500770	22180	192	600923	21671	225	703187	20532	257	802743	19568	289	902920	18683	321	1002556	17940	353	1101886	17205	385	1202532	16676	417	1302537	15977	449	1402402	15259	481	1501833	14517	513	1600905	13813	546	1702935	13200	577	1801497	12815	609	1902491	12411	641	2001318	11054	673	2101648	10474	705	2201576	9869	737	2300758	8868	769	2400787	8676	801	2502008	8676	833	2602907	8575	864	2700537	8285	896	2801468	8101	928	2903005	7735	959	3000633	7552	991	3101210	7092	1023	3202267	7011	1055	3302732	6932	1087	3402950	6758	1118	3500699	6758	
557	100153	47	1115	200121	47	1670	300103	47	2228	400233	47	2784	500018	47	3343	600030	47	3899	700057	47	4456	800037	47	5014	900039	47	5571	1000053	47	6128	1100081	47	6687	1200124	47	7247	1300085	47	7806	1400056	47	8362	1500109	47	8914	1600100	47	9468	1700071	47	10025	1800094	47	10582	1900151	47	11135	2000149	47	11691	2100050	47	12250	2200127	47	12803	2300032	47	13361	2400073	47	13917	2500172	47	14472	2600077	47	15028	2700011	47	15586	2800011	47	16144	2900132	47	16701	3000093	47	17258	3100170	47	17816	3200040	47	18370	3300064	47	18927	3400147	47	19483	3500129	47	
554	100020	47	1111	200056	47	1670	300089	47	2225	400042	47	2780	500052	47	3335	600140	47	3894	700079	47	4452	800048	47	5009	900082	47	5566	1000056	47	6124	1100112	47	6679	1200062	47	7236	1300044	47	7796	1400144	47	8351	1500044	47	8909	1600153	47	9465	1700094	47	10022	1800124	47	10578	1900037	47	11131	2000171	47	11684	2100102	47	12240	2200136	47	12797	2300109	47	13355	2400181	47	13912	2500042	47	14466	2600059	47	15021	2700064	47	15578	2800148	47	16132	2900131	47	16688	3000030	47	17246	3100187	47	17803	3200154	47	18361	3300073	47	18921	3400180	47	19480	3500033	47	
558	100189	47	1115	200137	47	1671	300174	47	2226	400150	47	2783	500032	47	3338	600070	47	3896	700128	47	4450	800143	47	5005	900037	47	5564	1000166	47	6121	1100069	47	6676	1200013	47	7236	1300086	47	7794	1400144	47	8351	1500078	47	8909	1600119	47	9466	1700037	47	10023	1800042	47	10580	1900036	47	11135	2000181	47	11686	2100126	47	12238	2200037	47	12796	2300017	47	13355	2400075	47	13912	2500068	47	14460	2600185	47	15013	2700105	47	15570	2800041	47	16128	2900130	47	16678	3000052	47	17234	3100134	47	17792	3200012	47	18347	3300068	47	18904	3400143	47	19460	3500075	47	
548	100065	47	1106	200082	47	1663	300158	47	2216	400141	47	2770	500096	47	3326	600154	47	3884	700046	47	4440	800098	47	4999	900153	47	5557	1000041	47	6109	1100116	47	6661	1200177	47	7218	1300115	47	7776	1400010	47	8335	1500073	47	8891	1600127	47	9446	1700103	47	10005	1800096	47	10561	1900033	47	11118	2000009	47	11675	2100057	47	12233	2200167	47	12791	2300172	47	13349	2400125	47	13908	2500141	47	14466	2600184	47	15025	2700058	47	15582	2800033	47	16141	2900092	47	16696	3000010	47	17251	3100063	47	17806	3200060	47	18365	3300033	47	18918	3400011	47	19476	3500165	47	
558	100083	47	1115	200108	47	1673	300107	47	2231	400080	47	2789	500169	47	3347	600135	47	3905	700019	47	4461	800042	47	5015	900056	47	5567	1000070	47	6126	1100188	47	6681	1200016	47	7234	1300166	47	7791	1400117	47	8350	1500165	47	8904	1600122	47	9458	1700069	47	10018	1800131	47	10575	1900040	47	11132	2000132	47	11689	2100067	47	12249	2200162	47	12804	2300136	47	13358	2400014	47	13916	2500069	47	14475	2600092	47	15034	2700176	47	15588	2800078	47	16143	2900091	47	16696	3000105	47	17253	3100124	47	17808	3200187	47	18368	3300075	47	18927	3400081	47	19484	3500019	47	
627	100071	53	1251	200132	53	1877	300123	53	2502	400143	53	3124	500055	53	3745	600024	53	4366	700076	53	4988	800029	53	5612	900040	53	6231	1000025	53	6854	1100131	53	7477	1200161	53	8100	1300041	53	8722	1400065	53	9347	1500135	53	9972	1600144	53	10599	1700078	53	11225	1800124	53	11852	1900065	53	12477	2000064	53	13103	2100071	53	13724	2200155	53	14352	2300064	53	14976	2400039	53	15601	2500070	53	16223	2600125	53	16847	2700029	53	17472	2800133	53	18098	2900126	53	18725	3000162	53	19353	3100162	53	19977	3200150	53	20597	3300080	53	21219	3400052	53	21841	3500089	53	
625	100106	53	1249	200042	53	1876	300145	53	2505	400128	53	3133	500013	53	3759	600161	53	4386	700150	53	5007	800007	53	5628	900026	53	6251	1000012	53	6870	1100064	53	7495	1200119	53	8122	1300060	53	8748	1400161	53	9373	1500034	53	9997	1600071	53	10621	1700143	53	11245	1800012	53	11870	1900057	53	12492	2000016	53	13113	2100071	53	13736	2200079	53	14360	2300121	53	14984	2400057	53	15610	2500138	53	16233	2600022	53	16857	2700039	53	17482	2800038	53	18110	2900172	53	18731	3000113	53	19356	3100101	53	19983	3200162	53	20606	3300055	53	21234	3400082	53	21859	3500032	53	
626	100049	53	1249	200039	53	1877	300049	53	2504	400089	53	3130	500102	53	3752	600031	53	4375	700064	53	5003	800033	53	5629	900029	53	6254	1000008	53	6878	1100121	53	7501	1200159	53	8125	1300018	53	8751	1400162	53	9378	1500162	53	10002	1600105	53	10626	1700085	53	11250	1800096	53	11877	1900024	53	12500	2000128	53	13122	2100055	53	13746	2200032	53	14370	2300094	53	14997	2400013	53	15615	2500134	53	16235	2600016	53	16861	2700091	53	17490	2800146	53	18117	2900045	53	18741	3000077	53	19367	3100110	53	19993	3200036	53	20621	3300119	53	21240	3400022	53	21865	3500159	53	
597	100097	53	1223	200065	53	1850	300096	53	2478	400141	53	3105	500161	53	3729	600148	53	4352	700088	53	4977	800155	53	5603	900092	53	6228	1000086	53	6849	1100071	53	7475	1200029	53	8102	1300078	53	8729	1400114	53	9355	1500128	53	9973	1600014	53	10598	1700060	53	11223	1800043	53	11847	1900107	53	12471	2000096	53	13098	2100045	53	13725	2200140	53	14352	2300055	53	14975	2400051	53	15602	2500056	53	16229	2600139	53	16850	2700028	53	17476	2800120	53	18097	2900167	53	18717	3000061	53	19345	3100161	53	19971	3200057	53	20599	3300070	53	21228	3400083	53	21854	3500051	53	
628	100126	53	1254	200128	53	1878	300059	53	2504	400097	53	3129	500101	53	3753	600032	53	4380	700116	53	5007	800155	53	5629	900077	53	6252	1000021	53	6877	1100028	53	7501	1200122	53	8125	1300139	53	8749	1400039	53	9371	1500024	53	9992	1600140	53	10617	1700086	53	11240	1800019	53	11869	1900066	53	12494	2000134	53	13118	2100142	53	13741	2200082	53	14364	2300069	53	14990	2400084	53	15613	2500010	53	16239	2600099	53	16863	2700096	53	17487	2800013	53	18115	2900104	53	18742	3000144	53	19364	3100101	53	19989	3200134	53	20612	3300072	53	21236	3400050	53	21864	3500120	53	
159	100191	244	318	200613	222	477	300651	222	635	400464	222	793	500333	222	952	600329	215	1111	700320	215	1270	800407	215	1428	900288	215	1586	1000567	215	1743	1100359	215	1901	1200108	215	2060	1300488	215	2218	1400525	215	2376	1500372	215	2534	1600134	215	2690	1700381	215	2847	1800145	215	3006	1900067	215	3165	2000666	215	3323	2100560	215	3481	2200079	215	3640	2300560	215	3798	2400179	215	3958	2500543	215	4116	2600058	215	4274	2700309	215	4432	2800388	215	4591	2900654	208	4749	3000358	208	4908	3100563	208	5066	3200355	208	5224	3300299	208	5381	3400104	208	5540	3500514	208	
159	100601	254	317	200414	245	475	300172	228	634	400434	228	792	500138	228	951	600139	228	1110	700141	228	1268	800072	228	1427	900413	220	1584	1000080	217	1741	1100471	217	1899	1200360	217	2056	1300181	217	2215	1400426	217	2372	1500266	217	2530	1600518	217	2689	1700351	217	2847	1800075	217	3006	1900641	217	3163	2000095	217	3322	2100641	217	3479	2200510	217	3637	2300656	217	3795	2400149	217	3954	2500589	217	4112	2600427	217	4271	2700186	214	4430	2800514	214	4589	2900480	214	4748	3000452	214	4906	3100386	214	5066	3200629	214	5225	3300326	214	5384	3400571	214	5542	3500225	214	
160	100652	239	318	200441	239	476	300599	232	634	400361	232	793	500540	225	952	600677	225	1110	700205	225	1268	800552	223	1426	900171	223	1585	1000485	217	1743	1100290	214	1900	1200422	214	2058	1300488	208	2217	1400616	208	2375	1500549	208	2534	1600598	208	2692	1700330	208	2850	1800092	208	3010	1900544	208	3167	2000491	207	3325	2100089	207	3484	2200325	207	3642	2300658	207	3799	2400135	207	3954	2500082	206	4113	2600365	206	4272	2700472	206	4430	2800298	206	4588	2900336	206	4747	3000514	206	4905	3100290	206	5064	3200439	206	5223	3300453	206	5381	3400106	206	5538	3500209	202	
160	100066	270	320	200501	230	479	300507	230	637	400247	230	796	500233	230	955	600220	230	1113	700093	222	1273	800637	222	1430	900168	222	1589	1000450	222	1747	1100338	222	1906	1200613	222	2064	1300160	218	2223	1400477	218	2381	1500347	218	2540	1600340	218	2698	1700041	218	2856	1800177	218	3014	1900359	218	3171	2000547	218	3326	2100159	218	3485	2200104	218	3643	2300166	218	3800	2400078	218	3959	2500520	218	4116	2600304	218	4275	2700439	218	4434	2800516	218	4592	2900109	218	4750	3000620	214	4908	3100355	214	5066	3200178	214	5225	3300188	210	5385	3400559	210	5544	3500594	210	
157	100489	245	315	200196	241	474	300652	234	630	400092	223	788	500049	217	947	600473	217	1105	700069	208	1264	800170	208	1423	900645	208	1580	1000656	208	1738	1100192	208	1897	1200340	208	2055	1300140	208	2214	1400572	208	2372	1500628	208	2529	1600046	208	2688	1700444	208	2847	1800595	208	3006	1900538	208	3165	2000601	208	3321	2100529	208	3480	2200518	208	3637	2300254	208	3796	2400331	208	3955	2500487	208	4113	2600141	208	4273	2700653	208	4431	2800453	208	4589	2900208	208	4748	3000497	208	4906	3100211	208	5064	3200127	208	5223	3300505	208	5382	3400506	208	5541	3500519	208	
173	100561	252	344	200493	241	514	300205	230	685	400295	230	856	500611	230	1027	600481	225	1196	700516	225	1367	800398	221	1537	900245	221	1708	1000501	221	1880	1100604	221	2051	1200408	221	2219	1300053	221	2390	1400181	221	2561	1500681	221	2732	1600567	221	2902	1700232	221	3074	1800398	221	3245	1900040	221	3417	2000230	221	3587	2100350	221	3757	2200183	219	3928	2300254	219	4100	2400468	219	4272	2500405	215	4444	2600506	215	4615	2700191	215	4787	2800526	215	4958	2900277	211	5129	3000369	211	5300	3100327	211	5471	3200609	211	5642	3300094	211	5813	3400334	211	5984	3500447	211	
173	100329	241	344	200374	230	514	300071	230	685	400319	225	856	500285	221	1027	600487	215	1198	700247	215	1370	800275	215	1542	900533	211	1712	1000562	211	1883	1100153	211	2056	1200537	211	2227	1300045	211	2398	1400561	211	2569	1500387	211	2740	1600527	209	2912	1700546	209	3082	1800176	209	3253	1900391	209	3424	2000679	209	3595	2100582	209	3766	2200365	205	3938	2300266	205	4111	2400550	205	4283	2500486	205	4455	2600386	205	4627	2700362	205	4799	2800449	205	4971	2900248	205	5143	3000138	205	5315	3100587	202	5486	3200150	201	5657	3300336	201	5829	3400291	201	6000	3500180	201	
173	100053	263	345	200141	261	516	300255	244	688	400532	237	859	500477	237	1030	600064	237	1202	700367	224	1374	800490	224	1545	900497	224	1716	1000140	222	1887	1100061	217	2059	1200076	217	2232	1300557	217	2402	1400305	217	2573	1500207	217	2745	1600333	217	2916	1700486	217	3087	1800598	217	3258	1900178	217	3429	2000323	217	3601	2100196	217	3773	2200407	212	3945	2300352	212	4114	2400139	212	4286	2500198	212	4457	2600446	212	4629	2700592	212	4801	2800608	207	4972	2900149	207	5144	3000241	207	5317	3100451	207	5488	3200181	207	5661	3300594	207	5829	3400049	207	6000	3500501	205	
172	100043	237	344	200149	227	515	300289	226	685	400271	226	854	500190	226	1025	600548	222	1197	700426	222	1368	800309	222	1539	900495	216	1710	1000531	213	1881	1100077	210	2053	1200498	210	2224	1300070	210	2396	1400294	210	2568	1500389	210	2740	1600283	210	2912	1700483	210	3084	1800573	210	3254	1900416	206	3425	2000047	206	3597	2100105	206	3768	2200205	206	3941	2300577	206	4113	2400548	206	4284	2500123	206	4456	2600167	206	4628	2700214	206	4800	2800497	206	4970	2900047	206	5142	3000102	206	5314	3100297	206	5486	3200390	206	5657	3300476	206	5827	3400530	206	5998	3500569	206	
173	100276	253	345	200305	232	515	300409	232	686	400388	224	857	500159	221	1029	600129	221	1201	700183	215	1371	800266	215	1543	900476	215	1714	1000124	215	1885	1100068	215	2058	1200595	212	2229	1300065	207	2401	1400300	207	2573	1500207	207	2745	1600207	207	2917	1700194	207	3088	1800485	207	3259	1900605	207	3427	2000092	207	3599	2100113	207	3770	2200149	207	3942	2300112	203	4113	2400117	203	4285	2500494	203	4456	2600263	203	4629	2700560	203	4800	2800596	203	4972	2900413	203	5143	3000151	203	5314	3100576	203	5485	3200114	201	5658	3300266	201	5830	3400444	201	6001	3500043	201	
38	102215	1803	75	202121	1803	112	301218	1803	149	400865	1803	187	502616	1803	224	601408	1803	261	701133	1803	298	800633	1803	335	900413	1803	373	1001963	1803	410	1101012	1803	447	1200434	1803	485	1302697	1803	522	1402104	1803	559	1501167	1803	596	1600554	1803	634	1702206	1803	671	1801203	1803	708	1900742	1803	746	2002345	1803	783	2101508	1803	820	2200982	1803	857	2300562	1803	895	2402258	1803	932	2501214	1803	969	2601146	1803	1006	2700312	1803	1044	2802353	1803	1081	2901480	1803	1118	3001023	1803	1155	3100457	1803	1192	3200480	1803	1229	3300395	1803	1267	3402419	1803	1304	3501721	1803	
38	102208	1803	75	201855	1803	112	301786	1803	149	402762	1803	186	502369	1803	223	601994	1803	260	701926	1803	297	801342	1803	334	900834	1803	372	1002704	1803	408	1100406	1803	445	1200278	1803	483	1302599	1803	520	1402834	1803	557	1502522	1803	594	1601803	1803	631	1701348	1803	668	1801022	1803	705	1900461	1803	742	2001892	1803	779	2101056	1803	816	2200259	1803	854	2302057	1803	891	2400919	1803	929	2502576	1803	966	2601856	1803	1003	2701304	1803	1040	2800587	1803	1077	2900504	1803	1115	3002388	1803	1152	3101613	1803	1189	3200770	1803	1227	3302696	1803	1264	3401940	1803	1301	3501604	1803	
38	102117	1803	75	201913	1803	112	301588	1803	149	400606	1803	187	502543	1803	224	601778	1803	261	700648	1803	299	802486	1803	336	902506	1803	373	1001791	1803	410	1101133	1803	447	1200215	1803	485	1302323	1803	522	1402212	1803	559	1501441	1803	596	1601489	1803	633	1700802	1803	671	1802609	1803	708	1902150	1803	745	2001121	1803	782	2101526	1803	819	2200885	1803	857	2302866	1803	894	2402451	1803	931	2502408	1803	968	2601993	1803	1005	2701388	1803	1042	2800454	1803	1080	2902801	1803	1117	3002568	1803	1154	3102225	1803	1191	3202658	1803	1228	3301892	1803	1265	3401761	1803	1302	3501319	1803	
38	101908	1803	75	201028	1803	112	300375	1803	149	400374	1803	187	502462	1803	224	601938	1803	261	702180	1803	298	801817	1803	335	901068	1803	373	1002800	1803	410	1102272	1803	447	1201619	1803	484	1300969	1803	521	1400740	1803	558	1501272	1803	595	1601053	1803	633	1702772	1803	670	1801933	1803	707	1901145	1803	744	2000303	1803	782	2102242	1803	819	2201301	1803	856	2301468	1803	893	2401318	1803	930	2500735	1803	967	2600469	1803	1005	2702591	1803	1042	2801826	1803	1079	2901106	1803	1116	3000219	1803	1154	3102608	1803	1191	3201814	1803	1228	3301703	1803	1265	3401248	1803	1302	3500588	1803	
38	101695	1803	75	201071	1803	112	300348	1803	150	402622	1803	187	502300	1803	224	601380	1803	261	701021	1803	298	800335	1803	336	902359	1803	373	1002335	1803	410	1101431	1803	447	1201589	1803	484	1301111	1803	521	1400267	1803	559	1502265	1803	596	1601557	1803	633	1701050	1803	670	1800235	1803	707	1900498	1803	745	2002315	1803	782	2101276	1803	819	2200656	1803	857	2302553	1803	894	2401520	1803	931	2500594	1803	969	2602685	1803	1006	2702615	1803	1043	2801772	1803	1080	2901495	1803	1117	3001194	1803	1155	3102610	1803	1192	3201636	1803	1229	3301160	1803	1266	3400462	1803	1304	3502337	1803	
41	101285	1754	82	202193	1754	122	300500	1754	163	401559	1754	204	502497	1754	244	601428	1754	284	700256	1754	325	801865	1754	365	900480	1754	406	1001293	1754	447	1101879	1754	487	1200837	1754	527	1300794	1754	568	1401804	1754	609	1502584	1754	649	1601044	1754	690	1702124	1754	730	1801142	1754	770	1900685	1754	811	2002510	1754	851	2100795	1754	892	2201293	1754	933	2302275	1754	973	2400963	1754	1014	2501774	1754	1055	2602295	1754	1095	2701635	1754	1135	2800462	1754	1176	2901842	1754	1216	3000298	1754	1257	3101425	1754	1298	3201988	1754	1338	3300604	1754	1379	3400959	1754	1420	3502214	1754	
41	101374	1754	81	200575	1754	122	301899	1754	162	400838	1754	203	501488	1754	244	602002	1754	284	700362	1754	325	801847	1754	365	900447	1754	406	1001714	1754	446	1100746	1754	487	1202548	1754	527	1301644	1754	568	1402574	1754	608	1501108	1754	649	1601734	1754	689	1700526	1754	730	1801385	1754	771	1902314	1754	811	2001018	1754	852	2102006	1754	892	2200825	1754	933	2301864	1754	973	2400403	1754	1014	2501351	1754	1054	2600518	1754	1095	2702491	1754	1135	2801208	1754	1175	2900694	1754	1216	3001189	1754	1257	3102102	1754	1297	3200794	1754	1338	3301928	1754	1378	3400546	1754	1419	3501586	1754	
41	100736	1754	82	202304	1754	122	301391	1754	163	402317	1754	203	500863	1754	244	601931	1754	284	700502	1754	325	801477	1754	366	902086	1754	406	1000670	1754	447	1101080	1754	488	1202208	1754	528	1300632	1754	569	1401624	1754	610	1502572	1754	650	1600623	1754	690	1700367	1754	731	1801177	1754	771	1900429	1754	812	2001192	1754	853	2102447	1754	893	2200968	1754	934	2302526	1754	974	2401619	1754	1014	2500376	1754	1055	2601236	1754	1095	2701143	1754	1136	2802035	1754	1176	2900716	1754	1217	3001775	1754	1257	3100537	1754	1298	3201478	1754	1339	3302304	1754	1379	3401043	1754	1420	3501726	1754	
41	100825	1754	82	202172	1754	122	301562	1754	162	400242	1754	203	501587	1754	243	600582	1754	284	702450	1754	324	801338	1754	365	901775	1754	406	1002527	1754	446	1100852	1754	487	1201987	1754	527	1300884	1754	568	1402390	1754	608	1500559	1754	649	1602409	1754	689	1701425	1754	729	1800225	1754	770	1901023	1754	811	2002159	1754	851	2101034	1754	892	2202068	1754	932	2300815	1754	973	2401891	1754	1013	2500465	1754	1054	2600641	1754	1095	2701613	1754	1136	2802085	1754	1176	2901487	1754	1217	3002302	1754	1257	3100709	1754	1298	3201983	1754	1338	3300636	1754	1379	3401504	1754	1420	3502431	1754	
41	101405	1754	81	200212	1754	122	301788	1754	162	400659	1754	203	501690	1754	243	600942	1754	283	700331	1754	324	801707	1754	364	900309	1754	405	1001799	1754	445	1100601	1754	486	1201977	1754	526	1300880	1754	567	1401425	1754	607	1500843	1754	648	1601460	1754	688	1700441	1754	729	1801559	1754	770	1901974	1754	810	2000698	1754	851	2102324	1754	891	2201187	1754	932	2302465	1754	972	2400932	1754	1013	2501732	1754	1054	2602414	1754	1094	2700956	1754	1135	2801774	1754	1175	2900491	1754	1216	3001198	1754	1257	3102613	1754	1297	3200995	1754	1338	3302238	1754	1378	3400672	1754	1419	3502153	1754	
499	100094	57	991	200100	50	1483	300027	50	1974	400171	50	2468	500140	50	2961	600094	50	3454	700169	50	3943	800122	50	4433	900122	50	4921	1000053	50	5409	1100014	50	5902	1200192	50	6392	1300149	50	6885	1400201	50	7375	1500140	50	7865	1600011	50	8357	1700210	50	8850	1800101	50	9342	1900201	50	9832	2000123	50	10321	2100112	50	10812	2200044	50	11301	2300157	50	11790	2400040	50	12279	2500023	50	12769	2600115	50	13263	2700052	50	13753	2800138	50	14245	2900070	50	14740	3000197	50	15235	3100130	50	15724	3200148	50	16212	3300049	50	16703	3400082	50	17195	3500084	50	
503	100028	54	995	200180	50	1484	300119	50	1973	400181	50	2464	500013	50	2955	600112	50	3448	700154	50	3940	800044	50	4428	900013	50	4920	1000023	50	5413	1100094	50	5903	1200068	50	6397	1300133	50	6891	1400183	50	7384	1500029	50	7877	1600194	50	8370	1700038	50	8863	1800182	50	9355	1900148	50	9845	2000054	50	10339	2100074	50	10833	2200152	50	11325	2300166	50	11814	2400155	50	12304	2500107	50	12797	2600202	50	13290	2700052	50	13785	2800168	50	14276	2900098	50	14766	3000149	50	15255	3100163	50	15750	3200199	50	16241	3300214	50	16733	3400088	50	17227	3500163	50	
503	100017	64	994	200103	50	1485	300052	50	1977	400134	50	2470	500056	50	2964	600062	50	3455	700050	50	3949	800169	50	4443	900194	50	4938	1000015	50	5429	1100009	50	5923	1200082	50	6417	1300210	50	6907	1400181	50	7392	1500157	50	7884	1600123	50	8378	1700190	50	8873	1800206	50	9366	1900119	50	9857	2000068	50	10348	2100130	50	10840	2200145	50	11332	2300161	50	11822	2400017	50	12308	2500034	50	12802	2600151	50	13295	2700060	50	13789	2800202	50	14281	2900144	50	14773	3000209	50	15266	3100175	50	15759	3200125	50	16251	3300103	50	16741	3400076	50	17231	3500089	50	
500	100108	52	992	200190	50	1481	300139	50	1972	400049	50	2460	500094	50	2950	600030	50	3439	700199	50	3929	800160	50	4420	900017	50	4912	1000192	50	5404	1100029	50	5898	1200062	50	6391	1300042	50	6885	1400091	50	7378	1500115	50	7873	1600112	50	8367	1700165	50	8859	1800048	50	9350	1900110	50	9843	2000097	50	10336	2100204	50	10821	2200080	50	11305	2300162	50	11797	2400101	50	12289	2500050	50	12780	2600191	50	13274	2700163	50	13767	2800194	50	14259	2900079	50	14753	3000110	50	15246	3100127	50	15738	3200017	50	16227	3300071	50	16722	3400130	50	17216	3500198	50	
505	100193	50	996	200163	50	1490	300074	50	1984	400179	50	2472	500179	50	2963	600014	50	3456	700061	50	3950	800041	50	4444	900107	50	4937	1000027	50	5429	1100096	50	5919	1200144	50	6406	1300194	50	6898	1400170	50	7385	1500142	50	7876	1600071	50	8369	1700124	50	8859	1800176	50	9353	1900038	50	9845	2000016	50	10337	2100117	50	10827	2200018	50	11319	2300032	50	11809	2400096	50	12300	2500118	50	12792	2600150	50	13284	2700087	50	13779	2800077	50	14273	2900167	50	14765	3000166	50	15254	3100167	50	15741	3200029	50	16234	3300139	50	16726	3400165	50	17215	3500018	50	
154	100471	6289	308	200195	2548	458	300292	1130	604	400265	905	750	500623	828	894	600225	779	1039	700232	734	1185	800566	718	1329	900183	705	1475	1000604	693	1620	1100342	693	1764	1200288	681	1909	1300413	668	2054	1400059	664	2199	1500208	653	2345	1600680	653	2490	1700548	653	2635	1800072	646	2781	1900339	646	2925	2000427	638	3068	2100179	636	3214	2200318	636	3359	2300506	636	3504	2400302	631	3649	2500407	619	3793	2600314	611	3938	2700483	611	4083	2800337	600	4229	2900682	600	4373	3000157	600	4518	3100205	587	4663	3200151	587	4808	3300617	587	4953	3400387	587	5099	3500734	579	
156	100317	6167	311	200182	2371	462	300579	941	607	400477	766	753	500723	682	897	600068	621	1043	700698	599	1188	800387	581	1333	900677	572	1477	1000171	568	1623	1100455	549	1768	1200178	549	1914	1300401	542	2059	1400328	536	2205	1500556	530	2350	1600255	521	2496	1700547	507	2641	1800468	507	2786	1900278	507	2932	2000708	507	3077	2100668	507	3222	2200585	504	3367	2300202	496	3512	2400080	496	3657	2500409	496	3802	2600606	496	3947	2700234	496	4091	2800426	496	4236	2900477	492	4380	3000250	492	4525	3100351	492	4670	3200377	492	4815	3300067	492	4959	3400065	485	5104	3500195	485	
156	100430	6099	310	200607	2305	459	300164	1032	605	400346	858	750	500525	806	894	600104	781	1039	700356	737	1184	800563	713	1328	900423	701	1471	1000144	701	1616	1100398	684	1761	1200578	684	1906	1300444	675	2049	1400227	675	2194	1500061	669	2340	1600602	662	2485	1700339	662	2631	1800176	656	2777	1900186	656	2922	2000169	652	3068	2100172	646	3213	2200190	646	3359	2300314	646	3498	2400367	644	3643	2500077	636	3789	2600298	636	3934	2700422	636	4079	2800663	636	4224	2900539	629	4369	3000652	629	4514	3100332	622	4659	3200408	615	4805	3300715	615	4950	3400476	610	5095	3500148	610	
156	100596	6105	311	200554	2413	460	300103	1068	606	400438	876	751	500651	824	896	600256	808	1042	700671	768	1187	800341	724	1332	900404	684	1477	1000353	657	1623	1100564	645	1768	1200455	634	1914	1300543	634	2059	1400633	625	2204	1500561	625	2349	1600239	625	2494	1700170	615	2639	1800579	615	2783	1900144	604	2929	2000520	599	3074	2100692	588	3218	2200117	588	3363	2300400	583	3508	2400503	574	3653	2500555	574	3798	2600330	574	3943	2700377	574	4088	2800338	569	4234	2900705	569	4378	3000429	569	4523	3100470	569	4668	3200572	569	4813	3300649	569	4957	3400499	569	5102	3500461	569	
153	100060	6176	308	200432	2479	457	300049	1180	602	400101	898	746	500086	780	891	600050	744	1037	700457	728	1182	800194	692	1328	900608	687	1473	1000365	669	1617	1100108	669	1762	1200132	657	1908	1300492	642	2053	1400242	621	2199	1500598	605	2344	1600621	598	2489	1700463	598	2635	1800445	590	2780	1900610	586	2925	2000334	571	3071	2100309	552	3217	2200351	552	3363	2300260	538	3509	2400680	538	3654	2500305	538	3799	2600563	538	3944	2700582	538	4088	2800109	538	4234	2900459	538	4379	3000085	538	4525	3100375	538	4670	3200344	538	4815	3300313	538	4960	3400097	538	5106	3500405	538	
33	100553	48504	67	202458	45833	100	300959	43180	133	400564	41052	167	502754	38859	200	602985	36935	232	701441	35571	265	800933	33918	298	900696	31942	332	1003030	30098	365	1101551	27416	398	1200730	25253	432	1302588	22865	465	1402727	21225	497	1500695	19583	530	1600682	17606	564	1703012	15289	597	1801840	13189	630	1902137	11592	662	2000479	10404	695	2102969	9406	727	2203238	9109	759	2303207	8700	790	2400651	8522	822	2501146	8522	854	2601943	8457	886	2702590	8457	918	2802923	8457	949	2900323	8457	981	3000850	8310	1013	3101694	8310	1045	3203101	8310	1076	3300524	8229	1108	3401090	8157	1140	3501994	8157	
33	100748	48407	66	202097	46755	99	301915	44602	132	401250	42490	165	500763	40140	198	600633	38152	231	701533	36570	264	800611	34127	298	903039	31976	331	1002266	29908	364	1100355	27344	398	1202402	25134	430	1300374	24068	463	1401481	22535	496	1501827	20520	529	1601325	18047	562	1701650	16115	595	1801540	14264	628	1902142	12675	660	2002073	11819	692	2102404	11246	724	2202577	10533	755	2301141	10453	787	2401794	10356	819	2502238	10356	851	2602801	10267	883	2703246	10184	914	2801096	10184	946	2901731	10125	978	3002465	10032	1009	3101028	10032	1041	3201844	10032	1073	3302688	9936	1105	3403340	9770	1136	3500991	9770	
34	103092	48455	67	202432	46184	100	301747	43812	134	402996	41577	167	502086	39761	200	603209	38040	233	702466	35605	266	801789	33623	300	902912	30687	333	1001319	28201	366	1100862	25084	400	1202161	21929	433	1302045	19528	466	1401604	17255	499	1501760	15111	532	1601439	13082	565	1702793	11735	597	1802550	11265	629	1902263	10805	661	2002442	10630	692	2101286	10350	724	2201373	9939	756	2301688	9763	788	2402123	9595	820	2502310	9595	852	2602539	9501	884	2702733	9501	916	2803375	9501	947	2900415	9405	979	3000718	9219	1011	3101556	9219	1043	3202963	9118	1075	3303272	9118	1106	3400523	9043	1138	3500989	9043	
34	102970	48362	66	200273	46643	99	300729	44760	133	402944	42703	166	502233	40396	199	602941	38817	231	700277	36808	265	803027	34709	297	901266	33292	330	1002013	31619	363	1101245	29555	397	1202668	27301	430	1300866	24374	464	1401764	21674	497	1500670	19071	530	1600305	17020	563	1700788	15332	596	1801996	13531	628	1900749	12306	660	2000763	11361	692	2101252	10957	724	2201422	10598	756	2301813	10598	788	2402074	10598	820	2502895	10494	851	2600645	10417	883	2701398	10259	915	2801719	10259	947	2901857	10089	979	3002206	9994	1011	3102806	9919	1042	3200726	9732	1074	3301542	9644	1106	3402681	9581	1137	3500307	9581	
33	100385	47965	67	202730	45485	100	301059	42777	133	400265	40385	167	502307	37598	200	600633	35001	234	701351	32042	268	802772	29461	301	902273	26938	335	1003109	23932	368	1101094	21061	402	1202420	18684	435	1301970	16429	468	1401931	14767	501	1501368	12671	534	1603205	11632	566	1702037	10899	598	1802310	10899	630	1901847	10558	662	2002477	10558	694	2102972	10389	726	2203131	10303	758	2303324	10303	789	2400739	10201	821	2500680	10111	853	2601000	10023	885	2701658	9939	917	2801883	9939	949	2902586	9872	981	3003256	9702	1012	3100351	9634	1044	3200300	9559	1076	3300586	9559	1108	3401181	9559	1140	3501973	9408	
