wersja nr 3;wspolczynnik mutacji 0.200000;wielkosc populacji 30
457	100193	102	910	200035	78	1371	300039	73	1832	400158	72	2288	500075	64	2746	600024	61	3203	700054	58	3661	800021	58	4119	900079	54	4577	1000113	52	5036	1100194	51	5494	1200185	51	5952	1300021	50	6411	1400162	49	6869	1500032	48	7328	1600147	48	7786	1700058	48	8246	1800218	47	8703	1900034	47	9162	2000068	46	9618	2100064	45	10074	2200127	45	10531	2300068	44	10990	2400068	44	11450	2500070	44	11909	2600179	44	12367	2700098	44	12824	2800105	44	13283	2900219	44	13741	3000024	44	14200	3100191	44	14658	3200173	44	15116	3300063	44	15574	3400159	44	16031	3500075	44	
457	100082	120	912	200240	94	1368	300209	77	1826	400196	72	2283	500109	68	2739	600024	68	3197	700189	67	3654	800184	64	4111	900116	60	4569	1000132	59	5027	1100116	59	5485	1200050	56	5943	1300100	56	6401	1400199	54	6859	1500152	54	7316	1600048	54	7777	1700206	54	8232	1800038	52	8688	1900221	51	9144	2000030	51	9602	2100127	51	10059	2200017	49	10517	2300088	49	10976	2400124	49	11434	2500104	49	11891	2600219	49	12348	2700127	49	12805	2800218	48	13263	2900080	48	13721	3000168	47	14179	3100157	47	14637	3200095	46	15093	3300023	45	15551	3400014	44	16010	3500163	44	
457	100158	120	912	200033	86	1367	300154	77	1819	400077	61	2271	500157	54	2727	600134	50	3182	700146	47	3639	800151	45	4095	900027	45	4554	1000115	44	5010	1100052	44	5468	1200088	44	5927	1300119	44	6386	1400256	44	6845	1500234	44	7303	1600140	44	7761	1700069	44	8222	1800121	44	8679	1900154	44	9135	2000125	44	9594	2100213	44	10052	2200142	44	10511	2300082	44	10970	2400042	44	11429	2500193	44	11888	2600044	44	12346	2700108	44	12804	2800066	44	13261	2900179	44	13719	3000068	44	14176	3100045	44	14636	3200059	44	15101	3300110	44	15568	3400134	44	16035	3500057	44	
466	100044	81	930	200191	66	1395	300030	56	1861	400085	54	2327	500183	54	2789	600044	54	3246	700013	54	3706	800160	53	4171	900062	52	4638	1000045	52	5104	1100074	52	5570	1200189	52	6036	1300079	51	6503	1400085	51	6970	1500035	50	7438	1600142	50	7904	1700215	49	8370	1800164	49	8837	1900079	49	9305	2000090	48	9771	2100049	47	10238	2200150	47	10705	2300044	46	11171	2400120	46	11638	2500186	45	12106	2600193	44	12573	2700188	44	13040	2800175	44	13506	2900186	44	13974	3000197	44	14441	3100061	44	14909	3200221	44	15377	3300187	44	15844	3400139	44	16311	3500215	44	
464	100057	119	929	200015	89	1387	300050	76	1846	400144	72	2305	500144	70	2763	600092	66	3222	700190	66	3679	800135	65	4138	900096	65	4602	1000121	65	5062	1100119	65	5524	1200115	65	5979	1300157	65	6437	1400139	64	6894	1500016	64	7352	1600122	64	7809	1700141	64	8266	1800015	63	8725	1900081	62	9184	2000099	62	9643	2100013	60	10101	2200062	59	10560	2300089	58	11019	2400086	57	11478	2500267	56	11940	2600106	56	12399	2700200	56	12861	2800136	56	13320	2900246	56	13777	3000111	56	14235	3100130	56	14693	3200070	56	15152	3300035	56	15610	3400108	56	16067	3500067	56	
497	100036	63	992	200141	53	1487	300110	51	1983	400213	51	2479	500123	51	2974	600052	51	3469	700049	47	3967	800107	47	4463	900079	47	4960	1000119	47	5455	1100156	47	5951	1200189	47	6447	1300089	46	6942	1400059	46	7437	1500206	46	7932	1600118	46	8427	1700069	46	8924	1800127	46	9421	1900164	46	9918	2000072	46	10412	2100059	46	10907	2200208	46	11402	2300157	46	11898	2400019	46	12393	2500075	46	12889	2600177	46	13384	2700070	46	13879	2800011	46	14375	2900042	46	14873	3000177	46	15366	3100046	46	15862	3200070	46	16358	3300159	46	16853	3400064	46	17348	3500137	46	
498	100025	82	994	200043	67	1488	300059	59	1984	400155	55	2478	500067	50	2972	600018	50	3468	700120	48	3964	800118	47	4461	900170	46	4958	1000148	46	5454	1100209	46	5949	1200154	46	6445	1300105	46	6942	1400193	46	7438	1500044	46	7929	1600142	46	8422	1700169	46	8917	1800153	46	9413	1900159	46	9908	2000165	46	10401	2100177	46	10897	2200197	46	11392	2300015	46	11889	2400204	46	12386	2500241	46	12880	2600058	46	13376	2700089	46	13873	2800174	46	14367	2900091	46	14863	3000127	46	15358	3100010	46	15854	3200165	46	16350	3300201	46	16847	3400199	46	17342	3500082	46	
498	100167	55	994	200066	52	1489	300084	47	1984	400161	47	2479	500108	47	2974	600064	47	3470	700208	46	3965	800028	46	4462	900076	46	4959	1000288	46	5454	1100025	46	5950	1200025	46	6446	1300103	46	6938	1400120	46	7432	1500059	46	7929	1600184	46	8423	1700084	46	8919	1800098	46	9415	1900141	46	9912	2000205	46	10406	2100242	46	10902	2200233	46	11397	2300138	46	11891	2400112	46	12385	2500036	46	12880	2600094	46	13374	2700024	46	13871	2800108	46	14368	2900091	46	14865	3000218	46	15360	3100184	46	15854	3200101	46	16350	3300200	46	16846	3400233	46	17341	3500124	46	
501	100155	64	998	200149	47	1495	300176	46	1991	400073	46	2489	500209	46	2983	600021	46	3480	700145	46	3975	800068	46	4470	900115	46	4966	1000108	46	5462	1100185	46	5955	1200178	46	6450	1300061	46	6946	1400091	46	7442	1500031	46	7939	1600174	46	8433	1700176	46	8929	1800172	46	9424	1900036	46	9919	2000154	46	10414	2100083	46	10909	2200050	46	11405	2300077	46	11901	2400078	46	12398	2500147	46	12892	2600106	46	13388	2700144	46	13883	2800115	46	14377	2900047	46	14872	3000166	46	15367	3100197	46	15862	3200064	46	16359	3300012	46	16856	3400098	46	17353	3500207	46	
495	100063	59	991	200134	52	1489	300201	49	1985	400081	49	2481	500035	48	2980	600199	47	3476	700140	46	3971	800173	46	4465	900091	46	4961	1000095	46	5456	1100090	46	5952	1200143	46	6447	1300011	46	6944	1400194	46	7439	1500046	46	7936	1600164	46	8430	1700106	46	8925	1800052	46	9420	1900182	46	9914	2000018	46	10410	2100150	46	10906	2200190	46	11403	2300146	46	11900	2400084	46	12394	2500042	46	12890	2600097	46	13387	2700044	46	13884	2800091	46	14380	2900065	46	14875	3000143	46	15371	3100095	46	15865	3200081	46	16360	3300057	46	16856	3400115	46	17351	3500104	46	
152	100656	2511	301	200705	2313	450	300599	2285	598	400653	2251	747	500683	2251	895	600111	2217	1045	700700	2188	1193	800249	2157	1342	900716	2157	1490	1000110	2157	1639	1100562	2128	1787	1200478	2128	1936	1300437	2128	2085	1400283	2128	2234	1500586	2128	2382	1600423	2128	2530	1700148	2128	2680	1800378	2128	2829	1900517	2128	2977	2000625	2100	3126	2100494	2100	3274	2200048	2100	3423	2300072	2069	3572	2400248	2069	3721	2500228	2036	3870	2600345	2009	4019	2700234	2009	4169	2800550	2009	4318	2900454	2009	4467	3000326	2009	4616	3100243	2009	4765	3200439	1985	4914	3300525	1985	5062	3400217	1985	5211	3500429	1985	
152	100555	2635	300	200098	2488	449	300134	2389	598	400515	2365	747	500609	2305	895	600342	2246	1044	700210	2180	1193	800371	2180	1342	900498	2180	1491	1000597	2180	1640	1100593	2150	1788	1200319	2150	1936	1300120	2150	2085	1400116	2150	2234	1500399	2121	2383	1600468	2121	2532	1700679	2090	2680	1800076	2090	2829	1900558	2023	2977	2000481	2023	3125	2100480	2023	3274	2200644	2023	3422	2300152	2023	3571	2400331	2023	3719	2500079	2023	3868	2600206	2023	4017	2700422	2023	4165	2800132	2023	4314	2900249	2023	4462	3000059	2023	4611	3100338	2023	4760	3200646	2023	4909	3300563	2023	5058	3400444	2023	5207	3500547	2023	
152	100215	2740	301	200458	2632	450	300693	2597	598	400252	2597	748	500581	2565	897	600281	2471	1045	700051	2471	1194	800079	2406	1343	900086	2335	1491	1000358	2335	1640	1100459	2335	1789	1200587	2335	1938	1300441	2335	2087	1400572	2335	2235	1500329	2335	2384	1600287	2335	2533	1700706	2335	2682	1800702	2335	2830	1900053	2299	2979	2000292	2299	3127	2100350	2299	3275	2200163	2242	3424	2300433	2212	3573	2400577	2187	3722	2500696	2123	3870	2600637	2082	4018	2700144	2050	4168	2800705	2050	4316	2900179	2050	4464	3000248	2050	4613	3100408	2030	4762	3200457	1971	4911	3300698	1939	5058	3400175	1885	5208	3500619	1885	
151	100119	2728	300	200158	2580	449	300064	2454	599	400709	2341	747	500170	2341	896	600207	2341	1045	700602	2341	1193	800443	2283	1341	900356	2283	1489	1000477	2283	1637	1100562	2283	1785	1200131	2283	1934	1300609	2219	2083	1400538	2219	2231	1500063	2219	2380	1600217	2219	2529	1700139	2160	2678	1800135	2160	2827	1900365	2160	2976	2000410	2160	3125	2100340	2127	3274	2200402	2127	3423	2300562	2127	3572	2400696	2127	3720	2500320	2094	3869	2600105	2094	4018	2700316	2094	4166	2800128	2094	4316	2900426	2094	4465	3000413	2094	4613	3100263	2094	4762	3200450	2094	4911	3300494	2094	5060	3400546	2094	5207	3500176	2094	
151	100315	2761	300	200290	2589	449	300235	2550	598	400504	2516	746	500191	2516	895	600643	2483	1044	700693	2415	1193	800577	2415	1342	900540	2380	1491	1000540	2343	1640	1100512	2316	1788	1200431	2316	1937	1300225	2255	2086	1400048	2255	2236	1500683	2198	2384	1600273	2198	2533	1700458	2198	2682	1800627	2198	2830	1900067	2198	2979	2000230	2198	3128	2100074	2198	3277	2200356	2198	3426	2300528	2198	3575	2400652	2198	3723	2500296	2198	3872	2600125	2198	4021	2700219	2174	4170	2800640	2174	4318	2900251	2174	4467	3000697	2174	4616	3100582	2150	4764	3200122	2123	4913	3300084	2123	5062	3400076	2095	5211	3500277	2095	
156	100228	1001	308	200251	1001	460	300289	1001	612	400447	928	765	500646	928	917	600431	895	1070	700498	895	1222	800219	856	1373	900647	829	1524	1000110	797	1675	1100117	797	1828	1200366	797	1980	1300487	797	2132	1400285	797	2284	1500221	797	2436	1600298	797	2588	1700386	797	2740	1800053	797	2893	1900578	797	3044	2000380	797	3196	2100347	797	3348	2200530	797	3500	2300448	797	3652	2400245	797	3804	2500204	797	3956	2600270	797	4108	2700319	797	4260	2800241	797	4412	2900189	797	4564	3000347	797	4716	3100549	797	4867	3200080	797	5019	3300237	797	5171	3400094	797	5323	3500301	797	
156	100215	946	308	200211	946	460	300451	946	612	400229	946	764	500450	946	916	600593	908	1067	700399	908	1219	800267	908	1371	900329	908	1523	1000332	874	1675	1100458	874	1827	1200151	874	1978	1300251	874	2130	1400228	874	2282	1500269	834	2434	1600233	834	2586	1700425	834	2737	1800076	834	2890	1900426	834	3042	2000167	834	3194	2100281	834	3346	2200606	834	3498	2300687	834	3649	2400145	834	3801	2500425	834	3953	2600626	834	4105	2700355	834	4257	2800130	834	4410	2900652	834	4562	3000665	834	4713	3100067	834	4866	3200479	834	5018	3300248	834	5171	3400532	834	5323	3500629	834	
156	100552	995	307	200307	960	458	300048	960	610	400196	864	763	500620	864	914	600196	864	1066	700602	828	1218	800673	828	1369	900268	828	1520	1000047	800	1672	1100210	764	1823	1200079	764	1976	1300644	764	2128	1400615	764	2279	1500166	764	2431	1600453	764	2583	1700301	764	2735	1800223	764	2888	1900474	764	3040	2000265	764	3193	2100664	764	3345	2200566	764	3497	2300532	764	3648	2400359	764	3800	2500638	764	3951	2600288	764	4103	2700356	764	4255	2800192	764	4408	2900671	764	4559	3000363	764	4711	3100505	764	4863	3200263	764	5015	3300422	764	5167	3400349	764	5319	3500285	764	
156	100219	1033	308	200333	1033	460	300645	956	612	400564	956	764	500455	926	916	600372	926	1068	700314	898	1219	800058	898	1372	900682	898	1524	1000632	898	1675	1100139	872	1828	1200492	872	1980	1300470	872	2132	1400470	872	2284	1500404	872	2436	1600264	872	2589	1700395	872	2742	1800650	844	2894	1900436	844	3046	2000454	844	3198	2100169	844	3350	2200238	844	3502	2300446	844	3654	2400575	844	3806	2500588	844	3957	2600223	844	4108	2700103	814	4260	2800256	814	4412	2900409	814	4564	3000678	814	4715	3100262	814	4867	3200315	814	5018	3300129	814	5170	3400288	814	5321	3500287	784	
155	100690	913	305	200057	850	457	300397	850	608	400414	850	760	500604	850	911	600469	850	1062	700358	850	1213	800240	850	1365	900531	826	1516	1000143	826	1668	1100667	803	1820	1200692	803	1972	1300644	803	2124	1400679	803	2276	1500665	803	2427	1600152	803	2579	1700682	803	2730	1800559	803	2880	1900171	803	3032	2000287	803	3184	2100462	803	3336	2200390	803	3488	2300201	803	3640	2400506	803	3792	2500208	803	3944	2600510	803	4095	2700557	803	4246	2800160	803	4398	2900481	803	4549	3000047	803	4702	3100660	803	4853	3200341	803	5005	3300355	803	5157	3400682	803	5308	3500654	803	
33	102420	22546	65	201872	22091	97	302289	21872	129	402215	21643	161	501964	21407	193	601845	21155	224	700441	21155	256	803325	21155	288	903276	21155	320	1003106	20688	352	1102916	20474	384	1202615	20474	416	1303033	20028	447	1400481	20028	479	1500577	20028	511	1600982	20028	543	1702250	20028	575	1802243	19816	607	1902101	19816	639	2002138	19816	671	2102521	19816	702	2200273	19610	734	2300686	19395	766	2400895	19395	798	2502201	19395	830	2601516	19178	862	2701465	18979	894	2801305	18979	926	2901851	18979	958	3001692	18979	990	3101198	18761	1022	3201532	18761	1054	3301835	18761	1086	3401971	18761	1118	3502622	18761	
33	102379	22722	65	202758	21786	97	302905	20829	129	403138	20584	161	503329	20373	193	603262	20373	224	700454	20373	256	800837	20373	288	900483	20373	320	1001186	20373	352	1101468	20373	384	1201325	20157	416	1301883	20157	448	1402118	20157	480	1502216	19931	512	1601853	19931	544	1702567	19931	576	1803106	19931	608	1902858	19931	640	2002447	19931	672	2102035	19931	704	2202395	19931	736	2301847	19931	768	2402056	19931	800	2502311	19931	832	2601991	19931	864	2701621	19931	896	2802029	19931	928	2901814	19931	960	3001729	19931	992	3102161	19931	1024	3202790	19931	1056	3302498	19931	1088	3402102	19931	1120	3502006	19931	
33	102597	22134	65	203045	21397	97	302366	20699	129	402511	20268	161	502967	19830	192	600584	19830	224	700658	19830	256	801251	19830	288	902148	19618	320	1003059	19618	351	1101431	19397	383	1202492	19397	415	1303242	19397	446	1401464	19168	478	1502339	19168	510	1602741	19168	542	1702611	18937	574	1802598	18729	606	1902680	18516	638	2002968	18516	670	2103132	18313	701	2200342	18313	733	2300857	18313	765	2400623	18313	797	2500589	18313	829	2600494	18313	861	2700749	18313	893	2800865	18313	925	2901416	18313	957	3001505	18313	989	3102211	18313	1021	3202675	18313	1053	3302442	18313	1085	3402584	18313	1117	3503016	18313	
33	101613	21499	65	201828	20347	97	301790	20121	129	402165	20121	161	501888	20121	193	601877	19683	225	701698	19489	257	801424	19489	289	901526	19489	321	1001572	19489	353	1101358	19489	385	1201745	19489	417	1301515	19273	449	1401482	19273	481	1502071	19273	513	1602394	19273	545	1702824	19273	577	1802679	19273	609	1903014	19273	640	2000333	19273	672	2100590	19273	704	2200954	19273	736	2301153	19273	768	2401447	19273	800	2502075	19273	832	2602044	19273	864	2702337	19273	896	2803348	19273	927	2900354	19273	959	3000291	19273	992	3103299	19061	1023	3200284	18840	1056	3303275	18840	1087	3400316	18840	1120	3503380	18840	
33	102804	22329	65	203273	21607	97	303296	21155	129	403318	20921	160	500525	20921	192	600440	20921	225	703251	20692	256	800363	20692	288	900935	20469	320	1001960	20469	352	1102629	20014	384	1202978	19801	416	1303092	19584	448	1403055	19584	480	1502917	19584	512	1602683	19373	544	1702535	19373	576	1802034	19141	608	1901760	18925	640	2001781	18925	672	2101645	18925	704	2201489	18925	736	2300975	18925	768	2401737	18925	800	2501385	18925	832	2601964	18925	864	2702444	18925	896	2802826	18713	928	2903124	18713	960	3003020	18713	992	3103288	18713	1024	3203191	18713	1055	3300587	18713	1087	3400587	18713	1119	3501269	18713	
33	101838	25176	65	200677	25176	98	302922	25176	130	401568	25176	162	500524	25176	195	602832	25176	227	701091	25176	260	803131	25176	292	901614	25176	324	1000460	25176	357	1102572	25176	389	1201395	25176	421	1300380	25176	454	1402422	25176	486	1500264	25176	519	1602990	25176	551	1701754	25176	583	1800660	25176	616	1902703	25176	648	2001454	25176	681	2102953	25176	713	2201605	25176	745	2301195	24437	778	2403334	23932	810	2502057	23167	843	2603423	22420	875	2701676	21419	908	2803047	20138	940	2901068	18394	973	3002055	17890	1005	3101163	17660	1037	3200307	17660	1070	3301684	17660	1102	3400266	17660	1135	3501944	17435	
33	103254	25176	65	201972	25176	97	300480	25176	130	402282	25176	162	501656	25176	194	600702	25176	227	702710	24930	259	801202	24433	292	902679	23694	324	1000703	23167	357	1101891	22179	389	1200406	21710	422	1301978	21710	454	1400566	21198	487	1501488	21198	520	1602398	21198	553	1703099	21198	585	1802031	21198	618	1902918	21198	650	2000662	21198	683	2102301	21198	715	2200741	20950	748	2302324	20684	780	2400540	20437	813	2502221	20192	845	2600902	20192	878	2702175	19205	910	2800274	18437	943	2902391	18437	975	3001235	18437	1008	3102898	18437	1040	3201305	17714	1072	3300278	17714	1105	3402477	16737	1137	3501597	16252	
33	101831	25176	65	201123	25176	97	301098	25176	129	400743	25176	162	502245	24937	194	600953	24674	227	702897	24674	259	801298	24674	292	902947	24674	324	1001478	24674	357	1103097	24674	389	1201592	24427	421	1300833	24427	454	1402870	24427	486	1502227	24170	518	1600978	23918	550	1700453	23918	583	1802186	23918	615	1901245	23918	648	2003082	23918	680	2101979	23918	712	2200990	23918	745	2303081	23918	777	2402582	23918	809	2501925	23918	841	2600919	23918	874	2703336	23918	906	2802514	23918	938	2901521	23918	970	3000403	23154	1003	3102719	23154	1035	3202213	22892	1067	3302277	22892	1099	3401329	21899	1132	3503116	20646	
33	101466	25176	66	203097	25176	98	302550	25176	130	401891	25176	162	501075	25176	194	600373	25176	227	701799	25176	260	802842	24711	292	901717	24711	324	1000832	24231	357	1102194	24005	389	1200534	23727	422	1302433	23261	454	1401404	23261	486	1500945	23015	519	1603244	23015	551	1701980	23015	583	1800427	22770	616	1901956	22770	648	2001116	22770	681	2103246	22770	713	2202256	22770	745	2300977	22770	778	2402448	22513	810	2501166	22513	843	2603101	22513	875	2701163	22278	908	2802795	22278	940	2901100	22278	973	3002570	22278	1005	3101416	22278	1037	3200479	22028	1070	3302665	22028	1103	3403271	21772	1135	3501564	21772	
33	102450	25176	65	201167	25176	98	302815	25176	130	401764	25176	162	500965	24923	195	602389	24428	227	701367	24169	259	800874	23922	292	903161	23169	324	1001974	22638	356	1101152	22638	388	1200554	22141	421	1303273	21657	453	1402320	21411	485	1500799	20396	518	1602295	19906	550	1700577	19906	583	1802435	19906	615	1901833	19674	647	2000747	19415	680	2102126	18896	712	2200547	18896	745	2301778	18896	778	2402562	18896	810	2500761	18896	843	2602077	18896	875	2700757	18896	908	2802259	18896	941	2903045	18896	973	3002079	18896	1006	3102897	18896	1038	3200588	18896	1071	3302064	18896	1103	3400690	18649	1136	3502283	18649	
572	100179	47	1142	200091	47	1711	300018	47	2282	400063	47	2853	500017	47	3426	600151	47	3996	700092	47	4565	800139	47	5136	900121	47	5707	1000126	47	6279	1100054	47	6851	1200150	47	7422	1300013	47	7989	1400143	47	8560	1500106	47	9131	1600093	47	9702	1700119	47	10272	1800091	47	10844	1900105	47	11416	2000166	47	11988	2100074	47	12560	2200028	47	13132	2300152	47	13702	2400121	47	14274	2500143	47	14846	2600149	47	15414	2700108	47	15986	2800087	47	16559	2900178	47	17128	3000055	47	17699	3100097	47	18270	3200120	47	18839	3300128	47	19409	3400125	47	19979	3500127	47	
570	100069	47	1139	200162	47	1710	300082	47	2281	400078	47	2850	500014	47	3422	600151	47	3994	700068	47	4565	800077	47	5136	900065	47	5706	1000175	47	6277	1100023	47	6847	1200029	47	7416	1300049	47	7988	1400152	47	8556	1500014	47	9128	1600071	47	9699	1700027	47	10269	1800010	47	10836	1900041	47	11409	2000176	47	11980	2100116	47	12552	2200125	47	13123	2300033	47	13695	2400150	47	14264	2500116	47	14835	2600115	47	15407	2700124	47	15977	2800043	47	16547	2900119	47	17119	3000145	47	17691	3100145	47	18260	3200078	47	18831	3300038	47	19402	3400040	47	19973	3500081	47	
569	100060	47	1140	200123	47	1711	300061	47	2282	400124	47	2854	500084	47	3425	600065	47	3995	700074	47	4564	800072	47	5136	900166	47	5708	1000148	47	6277	1100107	47	6849	1200032	47	7422	1300153	47	7991	1400074	47	8562	1500036	47	9132	1600049	47	9704	1700161	47	10275	1800008	47	10848	1900043	47	11418	2000130	47	11988	2100023	47	12559	2200126	47	13131	2300130	47	13698	2400092	47	14269	2500092	47	14840	2600126	47	15411	2700115	47	15983	2800150	47	16555	2900141	47	17126	3000125	47	17697	3100014	47	18270	3200107	47	18842	3300094	47	19413	3400033	47	19985	3500055	47	
570	100172	47	1139	200135	47	1709	300033	47	2279	400093	47	2849	500087	47	3420	600186	47	3991	700167	47	4562	800079	47	5134	900170	47	5705	1000048	47	6275	1100042	47	6845	1200068	47	7415	1300009	47	7987	1400033	47	8557	1500010	47	9129	1600182	47	9700	1700147	47	10269	1800018	47	10838	1900071	47	11409	2000048	47	11980	2100156	47	12551	2200100	47	13122	2300062	47	13691	2400009	47	14263	2500127	47	14833	2600176	47	15405	2700182	47	15976	2800128	47	16543	2900158	47	17113	3000098	47	17685	3100130	47	18257	3200098	47	18828	3300090	47	19397	3400011	47	19969	3500104	47	
572	100043	47	1146	200095	47	1719	300073	47	2289	400145	47	2860	500098	47	3432	600117	47	4003	700137	47	4573	800121	47	5143	900144	47	5713	1000079	47	6284	1100159	47	6855	1200030	47	7428	1300107	47	7998	1400109	47	8569	1500141	47	9141	1600051	47	9711	1700100	47	10281	1800055	47	10851	1900044	47	11421	2000021	47	11993	2100164	47	12563	2200022	47	13135	2300099	47	13708	2400171	47	14279	2500104	47	14850	2600076	47	15423	2700173	47	15994	2800181	47	16564	2900036	47	17134	3000112	47	17705	3100175	47	18276	3200126	47	18846	3300046	47	19415	3400127	47	19987	3500140	47	
640	100032	53	1280	200074	53	1919	300072	53	2558	400160	53	3197	500029	53	3839	600120	53	4480	700154	53	5120	800098	53	5758	900059	53	6396	1000136	53	7035	1100152	53	7675	1200014	53	8316	1300102	53	8955	1400105	53	9593	1500018	53	10234	1600163	53	10874	1700122	53	11513	1800062	53	12155	1900157	53	12795	2000060	53	13436	2100153	53	14076	2200043	53	14718	2300045	53	15359	2400008	53	16000	2500063	53	16641	2600146	53	17280	2700136	53	17921	2800140	53	18560	2900030	53	19199	3000103	53	19835	3100090	53	20475	3200072	53	21117	3300051	53	21757	3400092	53	22397	3500021	53	
640	100051	53	1280	200083	53	1920	300056	53	2558	400019	53	3198	500011	53	3838	600104	53	4475	700096	53	5116	800035	53	5757	900080	53	6397	1000040	53	7040	1100104	53	7678	1200141	53	8317	1300110	53	8957	1400163	53	9595	1500046	53	10235	1600123	53	10877	1700131	53	11516	1800046	53	12155	1900051	53	12794	2000037	53	13435	2100126	53	14075	2200141	53	14711	2300036	53	15350	2400009	53	15988	2500110	53	16629	2600118	53	17269	2700067	53	17910	2800104	53	18551	2900064	53	19191	3000116	53	19831	3100080	53	20473	3200141	53	21112	3300055	53	21752	3400026	53	22394	3500121	53	
637	100074	53	1279	200123	53	1919	300032	53	2557	400047	53	3196	500155	53	3836	600099	53	4477	700142	53	5116	800065	53	5757	900032	53	6398	1000021	53	7041	1100102	53	7682	1200143	53	8323	1300130	53	8965	1400148	53	9606	1500136	53	10247	1600037	53	10885	1700069	53	11527	1800138	53	12167	1900083	53	12805	2000023	53	13446	2100075	53	14087	2200075	53	14728	2300051	53	15368	2400106	53	16009	2500142	53	16649	2600103	53	17288	2700110	53	17926	2800088	53	18562	2900099	53	19200	3000098	53	19841	3100139	53	20482	3200133	53	21123	3300094	53	21763	3400152	53	22401	3500082	53	
641	100096	53	1279	200083	53	1919	300139	53	2558	400051	53	3199	500144	53	3834	600039	53	4473	700030	53	5114	800022	53	5755	900045	53	6395	1000018	53	7037	1100142	53	7676	1200147	53	8315	1300027	53	8956	1400105	53	9596	1500042	53	10238	1600109	53	10879	1700077	53	11520	1800054	53	12162	1900045	53	12802	2000007	53	13442	2100052	53	14081	2200090	53	14721	2300026	53	15362	2400078	53	16001	2500087	53	16639	2600149	53	17279	2700048	53	17919	2800031	53	18555	2900130	53	19195	3000149	53	19835	3100019	53	20476	3200025	53	21117	3300159	53	21757	3400093	53	22397	3500102	53	
642	100088	53	1283	200023	53	1925	300108	53	2565	400071	53	3206	500017	53	3849	600138	53	4489	700130	53	5129	800114	53	5768	900024	53	6407	1000048	53	7042	1100041	53	7683	1200074	53	8320	1300072	53	8961	1400096	53	9600	1500070	53	10242	1600099	53	10882	1700111	53	11523	1800094	53	12164	1900014	53	12804	2000046	53	13443	2100020	53	14082	2200055	53	14722	2300135	53	15361	2400099	53	15999	2500042	53	16640	2600138	53	17279	2700076	53	17919	2800071	53	18558	2900124	53	19198	3000156	53	19835	3100108	53	20476	3200132	53	21115	3300080	53	21751	3400119	53	22389	3500101	53	
163	100160	355	326	200629	355	489	300564	355	652	400515	308	815	500614	308	977	600227	308	1140	700333	308	1302	800060	308	1466	900491	308	1629	1000439	308	1792	1100189	308	1955	1200353	308	2118	1300291	308	2281	1400304	308	2444	1500306	308	2607	1600247	308	2770	1700101	308	2933	1800186	308	3096	1900060	308	3260	2000526	308	3422	2100094	308	3585	2200260	308	3748	2300364	308	3911	2400143	308	4074	2500215	308	4237	2600104	269	4400	2700347	269	4563	2800161	269	4726	2900614	269	4888	3000381	269	5050	3100135	269	5213	3200221	269	5375	3300255	269	5537	3400453	269	5699	3500297	269	
164	100487	355	325	200130	355	488	300337	313	651	400484	313	813	500204	313	976	600573	313	1138	700607	313	1300	800178	313	1463	900492	313	1625	1000292	313	1788	1100567	313	1949	1200133	313	2112	1300213	313	2275	1400110	313	2439	1500564	313	2602	1600490	313	2765	1700598	313	2928	1800569	313	3090	1900353	313	3253	2000573	313	3415	2100145	313	3578	2200288	313	3741	2300377	313	3904	2400482	313	4067	2500614	287	4229	2600347	287	4391	2700154	287	4553	2800085	287	4715	2900460	256	4876	3000505	256	5038	3100347	256	5200	3200052	256	5362	3300262	256	5524	3400593	256	5685	3500089	256	
163	100606	355	326	200587	355	488	300315	309	650	400219	309	813	500466	309	975	600250	274	1138	700387	274	1301	800532	274	1463	900188	274	1626	1000273	274	1788	1100127	274	1950	1200388	274	2112	1300174	274	2275	1400235	274	2438	1500486	274	2600	1600290	274	2762	1700225	274	2925	1800491	274	3088	1900526	274	3251	2000303	274	3413	2100377	274	3576	2200409	274	3738	2300498	274	3900	2400583	274	4062	2500400	274	4225	2600460	274	4387	2700224	274	4550	2800296	274	4713	2900617	274	4875	3000189	274	5038	3100378	274	5201	3200598	274	5363	3300563	274	5525	3400241	274	5687	3500045	274	
163	100526	355	325	200303	355	487	300307	315	650	400548	315	812	500423	315	974	600245	315	1137	700509	315	1299	800061	315	1462	900347	315	1625	1000468	315	1788	1100541	315	1949	1200250	315	2111	1300084	315	2275	1400541	315	2438	1500638	315	2600	1600102	315	2763	1700546	315	2925	1800222	315	3088	1900475	315	3250	2000072	315	3413	2100324	315	3575	2200393	315	3738	2300629	315	3900	2400354	315	4061	2500466	315	4223	2600075	315	4385	2700246	315	4548	2800492	315	4709	2900216	315	4872	3000486	315	5035	3100638	315	5197	3200361	274	5358	3300241	274	5520	3400573	274	5682	3500474	274	
163	100195	355	325	200335	308	487	300243	308	650	400283	308	813	500486	308	975	600358	308	1137	700234	308	1300	800480	308	1462	900347	308	1624	1000664	308	1784	1100402	308	1946	1200175	308	2109	1300480	308	2271	1400188	308	2433	1500512	308	2595	1600151	308	2758	1700294	308	2920	1800263	308	3082	1900349	308	3245	2000555	308	3407	2100383	308	3568	2200157	308	3730	2300404	308	3892	2400583	308	4054	2500247	308	4217	2600238	308	4379	2700472	308	4541	2800470	308	4703	2900359	308	4865	3000469	308	5027	3100121	308	5190	3200590	308	5352	3300312	308	5513	3400090	308	5676	3500632	308	
178	100394	320	354	200181	320	531	300479	277	707	400452	277	882	500337	277	1058	600520	277	1232	700197	277	1408	800492	277	1583	900316	277	1758	1000206	277	1933	1100067	277	2109	1200162	277	2284	1300598	277	2459	1400525	277	2634	1500476	277	2809	1600091	277	2985	1700319	277	3160	1800219	277	3336	1900603	277	3509	2000109	277	3684	2100482	277	3859	2200192	277	4035	2300567	277	4210	2400117	277	4386	2500314	277	4561	2600429	277	4736	2700224	277	4912	2800395	277	5088	2900262	277	5263	3000111	277	5439	3100539	277	5614	3200542	277	5789	3300267	277	5964	3400544	277	6139	3500334	277	
178	100324	365	356	200439	365	533	300570	304	709	400319	304	886	500572	267	1063	600595	267	1239	700277	267	1416	800357	267	1593	900375	267	1769	1000084	267	1946	1100133	267	2122	1200493	267	2298	1300426	267	2474	1400375	267	2651	1500568	267	2827	1600189	267	3004	1700496	267	3179	1800222	267	3356	1900524	267	3532	2000441	267	3707	2100100	267	3884	2200454	267	4060	2300317	267	4237	2400509	267	4413	2500264	267	4589	2600211	267	4766	2700331	267	4942	2800289	267	5118	2900225	267	5295	3000461	267	5471	3100103	267	5648	3200312	267	5824	3300413	267	6000	3400210	267	6177	3500265	267	
177	100172	281	354	200483	281	530	300481	281	705	400057	281	882	500461	281	1057	600055	281	1234	700356	281	1411	800277	281	1588	900203	281	1764	1000126	281	1941	1100144	281	2118	1200593	281	2294	1300067	281	2471	1400175	281	2648	1500512	281	2825	1600573	281	3000	1700117	281	3177	1800558	281	3353	1900183	281	3530	2000317	281	3707	2100572	281	3883	2200283	281	4059	2300189	281	4236	2400243	281	4412	2500094	281	4589	2600229	281	4765	2700211	281	4942	2800345	281	5119	2900527	281	5296	3000585	281	5472	3100462	281	5649	3200471	281	5825	3300283	281	6002	3400467	281	6178	3500151	281	
178	100333	326	355	200036	326	533	300442	326	709	400099	326	886	500298	326	1063	600403	326	1241	700568	326	1418	800286	326	1595	900464	326	1772	1000425	326	1949	1100063	326	2127	1200258	326	2304	1300086	326	2482	1400453	326	2659	1500551	291	2835	1600226	291	3012	1700528	291	3188	1800594	291	3364	1900576	291	3540	2000078	291	3717	2100363	291	3892	2200125	258	4068	2300159	258	4244	2400347	258	4420	2500487	258	4595	2600148	258	4771	2700067	258	4947	2800108	258	5123	2900374	258	5299	3000399	258	5475	3100591	258	5651	3200239	258	5828	3300509	258	6004	3400191	258	6180	3500053	258	
177	100373	278	353	200126	278	529	300272	278	705	400492	278	881	500538	278	1056	600064	278	1232	700196	278	1408	800456	278	1583	900298	278	1759	1000165	278	1935	1100120	278	2111	1200049	278	2287	1300158	278	2463	1400432	278	2639	1500329	278	2815	1600292	278	2991	1700434	278	3167	1800375	278	3342	1900219	278	3518	2000145	278	3694	2100384	278	3870	2200279	278	4046	2300426	278	4223	2400532	278	4398	2500043	278	4575	2600396	278	4750	2700158	278	4927	2800598	278	5102	2900036	278	5279	3000357	278	5455	3100450	278	5631	3200296	278	5806	3300149	278	5982	3400183	278	6158	3500226	278	
39	102159	1803	77	201708	1803	115	301371	1803	153	400874	1803	191	500816	1803	229	600881	1803	267	700734	1803	305	801250	1803	343	902486	1803	381	1002552	1803	419	1101878	1803	457	1202013	1803	495	1301685	1803	533	1401635	1803	571	1501504	1803	609	1601112	1803	647	1701021	1803	685	1800973	1803	723	1900990	1803	761	2000374	1803	799	2100693	1803	837	2200605	1803	875	2300598	1803	913	2400362	1803	952	2502658	1803	990	2602732	1803	1028	2702317	1803	1066	2802289	1803	1104	2902758	1803	1142	3002463	1803	1180	3102557	1803	1218	3202374	1803	1256	3302443	1803	1294	3402103	1803	1332	3501384	1803	
38	100361	1803	76	200339	1803	115	302700	1803	152	402087	1803	190	501652	1803	228	601060	1803	266	701186	1803	304	800542	1803	343	902788	1803	381	1002156	1803	419	1102288	1803	457	1202349	1803	495	1302811	1803	533	1402288	1803	571	1502402	1803	609	1602331	1803	647	1702175	1803	685	1802065	1803	723	1902027	1803	761	2001430	1803	799	2100645	1803	837	2200462	1803	876	2302640	1803	914	2402044	1803	952	2502268	1803	990	2602377	1803	1028	2702329	1803	1066	2802178	1803	1104	2901937	1803	1142	3001370	1803	1180	3100692	1803	1219	3202709	1803	1257	3302318	1803	1295	3402171	1803	1333	3501545	1803	
39	102386	1803	77	202440	1803	115	302457	1803	153	402236	1803	191	501561	1803	229	601310	1803	267	701332	1803	305	801390	1803	343	901664	1803	381	1001623	1803	419	1101702	1803	457	1201234	1803	495	1301269	1803	533	1400710	1803	571	1500929	1803	609	1600980	1803	647	1700495	1803	685	1800310	1803	724	1902674	1803	762	2002677	1803	799	2100330	1803	837	2200360	1803	875	2300208	1803	914	2402885	1803	952	2502786	1803	989	2600376	1803	1027	2700997	1803	1065	2800954	1803	1103	2901087	1803	1141	3000557	1803	1179	3100285	1803	1218	3202409	1803	1256	3302223	1803	1294	3402413	1803	1332	3502696	1803	
39	102607	1803	77	202107	1803	115	302268	1803	152	400477	1803	190	500404	1803	229	602451	1803	267	702478	1803	305	801965	1803	343	901709	1803	381	1002041	1803	419	1102264	1803	457	1202554	1803	495	1302854	1803	532	1400613	1803	570	1500376	1803	609	1602718	1803	647	1702516	1803	685	1802244	1803	723	1902429	1803	761	2002040	1803	799	2101889	1803	837	2201287	1803	875	2301330	1803	913	2401601	1803	951	2500905	1803	989	2600894	1803	1027	2700805	1803	1065	2800630	1803	1103	2901229	1803	1141	3001193	1803	1179	3101046	1803	1217	3200812	1803	1256	3302734	1803	1294	3402373	1803	1332	3501906	1803	
38	100495	1803	76	200526	1803	114	300485	1803	152	400564	1803	190	500432	1803	228	600289	1803	266	700246	1803	304	800274	1803	343	902401	1803	381	1002305	1803	419	1102441	1803	456	1200349	1803	495	1302756	1803	533	1402483	1803	571	1502138	1803	609	1602059	1803	647	1702105	1803	685	1801899	1803	723	1901782	1803	761	2001724	1803	799	2101491	1803	837	2201262	1803	875	2301105	1803	913	2400580	1803	952	2502727	1803	990	2601906	1803	1028	2701311	1803	1066	2801245	1803	1104	2900701	1803	1142	3000471	1803	1180	3100556	1803	1218	3201165	1803	1256	3300984	1803	1294	3401019	1803	1332	3500356	1803	
42	101151	1754	83	200890	1754	124	301292	1754	165	400516	1754	207	502209	1754	248	601597	1754	289	700980	1754	331	802356	1754	372	902011	1754	413	1001791	1754	454	1101266	1754	495	1200351	1754	537	1301540	1754	578	1400671	1754	620	1502186	1754	661	1600931	1754	703	1702380	1754	744	1801970	1754	785	1901445	1754	826	2000254	1754	868	2101328	1754	910	2202415	1754	951	2301989	1754	992	2401198	1754	1033	2500396	1754	1075	2601824	1754	1116	2700974	1754	1157	2800192	1754	1199	2901537	1754	1240	3000361	1754	1282	3102085	1754	1323	3201016	1754	1365	3302097	1754	1406	3401219	1754	1447	3500500	1754	
42	101377	1754	83	200777	1754	125	302281	1754	166	401720	1754	207	500665	1754	249	602530	1754	290	701228	1754	331	800183	1754	372	900232	1754	414	1002014	1754	455	1101453	1754	496	1201113	1754	537	1300467	1754	579	1402306	1754	620	1501901	1754	661	1601214	1754	702	1701148	1754	743	1800587	1754	785	1902081	1754	826	2001590	1754	867	2100342	1754	909	2201537	1754	950	2300307	1754	992	2401750	1754	1033	2500464	1754	1074	2600255	1754	1116	2701397	1754	1157	2800446	1754	1199	2901484	1754	1240	3001171	1754	1281	3100672	1754	1323	3202505	1754	1364	3301259	1754	1405	3401083	1754	1446	3500805	1754	
42	102222	1754	83	201851	1754	124	301018	1754	165	400626	1754	207	501950	1754	248	601178	1754	289	700754	1754	331	801857	1754	372	901102	1754	413	1000878	1754	454	1100398	1754	496	1201995	1754	537	1301634	1754	578	1400817	1754	620	1502386	1754	661	1601279	1754	702	1700204	1754	744	1802309	1754	785	1901042	1754	826	2000406	1754	868	2101901	1754	909	2200837	1754	951	2302455	1754	992	2401429	1754	1033	2501284	1754	1074	2600959	1754	1116	2702158	1754	1157	2800740	1754	1199	2902306	1754	1240	3001343	1754	1281	3101340	1754	1322	3200340	1754	1364	3301747	1754	1405	3400534	1754	1447	3502323	1754	
42	101399	1754	83	200560	1754	125	302321	1754	166	401196	1754	207	500533	1754	249	602019	1754	290	701246	1754	332	802481	1754	373	901508	1754	414	1000330	1754	456	1101848	1754	497	1202093	1754	538	1300931	1754	579	1400248	1754	621	1501935	1754	662	1601208	1754	703	1700269	1754	745	1801944	1754	786	1900497	1754	828	2001903	1754	869	2101010	1754	910	2200627	1754	951	2300230	1754	993	2402197	1754	1034	2501484	1754	1075	2601281	1754	1116	2700578	1754	1158	2802389	1754	1199	2900939	1754	1241	3002447	1754	1282	3101388	1754	1323	3200581	1754	1365	3302395	1754	1406	3401915	1754	1447	3502123	1754	
42	101720	1754	83	201007	1754	124	301232	1754	165	400492	1754	207	502331	1754	248	601059	1754	290	702358	1754	331	801551	1754	372	900828	1754	414	1002595	1754	455	1102104	1754	496	1200818	1754	538	1302508	1754	579	1401728	1754	620	1501820	1754	661	1600867	1754	703	1702008	1754	744	1800502	1754	786	1901892	1754	827	2000971	1754	868	2100497	1754	910	2202290	1754	951	2301457	1754	993	2402391	1754	1034	2502213	1754	1075	2601056	1754	1117	2702354	1754	1158	2801908	1754	1199	2900523	1754	1240	3000766	1754	1282	3102448	1754	1323	3201567	1754	1364	3300803	1754	1406	3402172	1754	1447	3500649	1754	
506	100064	155	1009	200011	109	1511	300041	102	2015	400182	99	2516	500072	92	3020	600113	85	3524	700206	78	4025	800138	73	4525	900117	61	5029	1000068	61	5532	1100153	61	6035	1200165	61	6538	1300114	59	7042	1400157	58	7543	1500117	54	8047	1600134	54	8551	1700063	54	9055	1800084	54	9559	1900120	54	10062	2000034	54	10567	2100133	54	11072	2200159	52	11576	2300062	52	12080	2400043	52	12582	2500017	52	13087	2600083	52	13592	2700196	52	14095	2800077	52	14597	2900133	52	15100	3000198	52	15603	3100026	52	16107	3200176	52	16611	3300189	52	17115	3400145	51	17619	3500171	51	
506	100115	99	1007	200123	82	1510	300152	82	2012	400064	80	2514	500128	80	3016	600070	80	3515	700084	78	4018	800133	78	4520	900129	73	5024	1000119	70	5529	1100195	68	6033	1200170	64	6536	1300185	62	7037	1400156	62	7541	1500056	62	8045	1600070	62	8549	1700174	62	9053	1800180	62	9555	1900090	61	10056	2000044	61	10560	2100016	61	11064	2200104	61	11567	2300135	61	12069	2400084	61	12573	2500133	61	13076	2600107	60	13580	2700014	58	14085	2800056	58	14590	2900097	58	15092	3000056	58	15598	3100091	58	16101	3200183	58	16603	3300090	58	17106	3400015	58	17609	3500145	56	
507	100145	129	1009	200094	110	1511	300035	92	2016	400180	91	2519	500076	90	3023	600028	90	3527	700118	88	4030	800108	86	4534	900137	84	5037	1000200	84	5537	1100098	82	6042	1200101	79	6547	1300168	79	7050	1400166	76	7553	1500016	75	8058	1600056	73	8561	1700166	70	9063	1800175	68	9564	1900050	68	10067	2000132	66	10571	2100136	66	11075	2200186	64	11577	2300092	62	12081	2400197	62	12583	2500107	61	13088	2600046	61	13592	2700154	61	14095	2800133	61	14599	2900180	61	15102	3000152	60	15605	3100070	60	16110	3200152	60	16613	3300088	59	17117	3400012	57	17621	3500098	55	
506	100062	124	1010	200199	107	1513	300176	98	2017	400156	89	2521	500131	89	3025	600125	83	3527	700156	83	4030	800069	77	4535	900078	76	5039	1000169	75	5541	1100063	75	6043	1200097	67	6546	1300064	63	7049	1400112	62	7553	1500051	62	8057	1600145	60	8561	1700182	57	9065	1800041	57	9569	1900062	57	10074	2000111	57	10578	2100056	56	11082	2200030	56	11586	2300021	56	12088	2400054	56	12592	2500175	55	13096	2600143	55	13600	2700151	55	14104	2800027	55	14609	2900066	55	15111	3000016	55	15614	3100018	55	16119	3200171	55	16623	3300160	55	17126	3400031	54	17631	3500100	54	
507	100084	107	1010	200143	80	1514	300078	62	2019	400204	61	2520	500172	59	3023	600039	56	3527	700066	55	4031	800063	51	4534	900070	51	5039	1000163	51	5544	1100137	51	6045	1200118	51	6548	1300159	50	7053	1400093	50	7556	1500037	50	8061	1600205	50	8563	1700032	50	9068	1800208	50	9573	1900137	50	10077	2000205	50	10581	2100189	50	11083	2200052	50	11588	2300080	50	12092	2400123	50	12595	2500019	50	13100	2600024	50	13604	2700034	50	14107	2800200	50	14605	2900102	50	15109	3000026	50	15608	3100092	50	16095	3200168	50	16578	3300195	50	17062	3400135	50	17545	3500032	50	
157	100678	1976	306	200269	1386	455	300268	1277	604	400579	1244	753	500506	1207	902	600393	1177	1051	700694	1145	1199	800429	1145	1348	900607	1110	1497	1000574	1110	1646	1100586	1110	1794	1200086	1081	1943	1300161	1081	2092	1400346	1081	2241	1500368	1081	2390	1600403	1081	2539	1700662	1081	2687	1800408	1081	2836	1900625	1081	2984	2000328	1081	3133	2100409	1081	3282	2200381	1081	3431	2300477	1081	3580	2400608	1081	3728	2500603	1081	3876	2600500	1081	4024	2700164	1081	4173	2800587	1081	4321	2900426	1081	4469	3000297	1081	4617	3100079	1081	4766	3200444	1081	4914	3300234	1081	5063	3400332	1081	5212	3500362	1081	
156	100236	1959	304	200070	1104	453	300456	1045	602	400679	1045	750	500270	1045	898	600192	1013	1045	700181	1013	1194	800572	1013	1342	900694	1013	1490	1000156	1013	1639	1100448	1013	1787	1200255	1013	1935	1300220	1013	2084	1400568	1013	2233	1500524	1013	2381	1600447	1013	2530	1700627	1013	2677	1800187	1013	2826	1900673	1013	2974	2000295	1013	3123	2100326	1013	3272	2200457	1013	3420	2300047	1013	3569	2400303	1013	3718	2500577	1013	3866	2600556	1013	4014	2700555	1013	4162	2800418	1013	4311	2900694	1013	4458	3000075	1013	4607	3100447	1013	4756	3200711	1013	4903	3300191	1013	5052	3400552	1013	5200	3500501	1013	
156	100081	1831	305	200497	1367	452	300089	1269	600	400249	1232	749	500650	1232	897	600346	1203	1046	700605	1174	1194	800059	1114	1343	900093	1114	1492	1000241	1088	1641	1100563	1056	1790	1200647	1018	1938	1300234	1018	2085	1400157	996	2234	1500605	996	2381	1600286	996	2528	1700341	970	2677	1800591	970	2825	1900271	944	2974	2000670	944	3122	2100470	944	3271	2200507	944	3419	2300396	944	3567	2400427	944	3716	2500674	944	3864	2600397	944	4012	2700182	944	4161	2800498	944	4310	2900648	944	4458	3000624	944	4606	3100407	944	4754	3200102	944	4903	3300556	944	5051	3400272	944	5200	3500483	944	
157	100652	1894	305	200399	1363	453	300247	1303	602	400414	1303	750	500184	1275	899	600382	1247	1048	700687	1247	1195	800149	1247	1344	900701	1213	1492	1000100	1213	1641	1100532	1213	1789	1200501	1213	1938	1300659	1213	2086	1400055	1213	2234	1500068	1213	2383	1600464	1213	2532	1700505	1213	2680	1800085	1213	2828	1900165	1213	2976	2000208	1213	3124	2100239	1213	3273	2200561	1213	3421	2300422	1213	3569	2400280	1213	3718	2500715	1213	3866	2600458	1213	4014	2700226	1213	4162	2800235	1213	4310	2900271	1213	4458	3000393	1213	4606	3100403	1213	4754	3200289	1213	4902	3300653	1213	5050	3400639	1213	5198	3500059	1213	
157	100638	1871	305	200104	1185	454	300406	1155	602	400051	1124	751	500081	1124	900	600150	1124	1049	700377	1124	1198	800591	1124	1347	900408	1124	1496	1000291	1093	1645	1100419	1093	1794	1200321	1093	1943	1300093	1093	2092	1400324	1093	2241	1500248	1093	2390	1600365	1093	2539	1700364	1093	2688	1800166	1093	2838	1900691	1093	2986	2000185	1067	3135	2100113	1031	3284	2200178	1031	3433	2300098	1031	3582	2400516	1031	3731	2500590	1031	3880	2600419	1031	4028	2700153	1031	4176	2800334	1031	4325	2900505	1031	4474	3000478	1031	4623	3100576	1031	4771	3200088	1031	4919	3300166	1031	5068	3400210	1031	5217	3500373	1031	
33	100923	46857	66	201744	44566	99	302567	41551	132	402960	39033	164	500535	37522	197	601834	37043	229	701095	36787	262	801725	34272	295	901691	32272	328	1002550	30752	360	1100807	29709	393	1201747	28489	426	1302782	27723	459	1403222	26180	491	1500490	26180	524	1600684	26180	557	1701056	25920	590	1802072	25409	622	1900351	23896	655	2001676	21645	688	2101080	19848	721	2201700	17609	753	2301013	16626	785	2400617	15466	817	2500571	14498	849	2600940	14258	882	2702680	13539	914	2801495	13322	947	2902777	13322	979	3000779	13322	1012	3102571	13322	1044	3200561	13100	1077	3302333	13100	1109	3400379	12862	1142	3501417	12862	
33	101245	47607	66	200982	43303	99	301493	40442	132	400812	36086	165	501122	31778	199	603132	26225	232	701916	20386	265	802544	19151	297	900705	16877	330	1003088	15144	362	1101815	14133	394	1200885	12714	427	1302025	11568	459	1401687	11344	492	1502907	10876	524	1601329	10876	557	1701907	10437	590	1803077	10224	622	1902639	10224	654	2001516	10224	687	2102748	10224	719	2201101	10003	752	2302648	9786	784	2400983	9587	817	2502946	9587	849	2601403	9587	882	2702559	9587	914	2801033	9587	947	2903200	9587	979	3001823	9587	1011	3100499	9587	1044	3202064	9587	1076	3300386	9587	1109	3401734	9587	1141	3500543	9587	
33	100689	48140	66	200624	43829	100	302332	39742	133	403335	37935	165	501224	34914	198	601503	32949	231	702303	31111	264	802303	28868	297	902310	26365	330	1002405	24301	363	1102593	23031	395	1200344	22253	428	1301264	20740	461	1401630	18230	494	1501235	15827	527	1601261	13123	560	1702374	12413	592	1800604	12187	625	1901956	12187	658	2003016	11729	690	2100650	11508	723	2201827	11508	756	2302929	11508	788	2401148	11508	821	2502138	11288	853	2601036	11053	886	2702395	11053	919	2803148	11053	951	2900720	10822	984	3002403	10822	1017	3103269	10822	1049	3201283	10822	1082	3301989	10822	1114	3400399	10822	1147	3501358	10822	
34	102800	47356	67	203228	44270	99	301850	42773	132	402601	42010	165	502356	40013	198	602576	37187	231	703105	36189	263	801563	35425	296	901755	33883	329	1002114	32357	362	1102281	28987	395	1202200	27504	428	1302919	26041	460	1400276	23253	494	1502929	19734	526	1601093	18473	559	1701389	16798	592	1802724	15541	624	1902727	14119	656	2001261	13640	688	2100311	12951	721	2202182	12699	753	2300327	12699	786	2401146	12699	819	2502837	12500	851	2600748	12500	884	2701830	12500	917	2802241	12500	950	2902290	12257	983	3002689	12257	1015	3100452	12034	1048	3201516	12034	1081	3302590	12034	1114	3403107	12034	1146	3501172	12034	
33	101152	47625	66	201909	45376	99	302041	42777	132	402694	40464	165	502888	38186	197	601455	35397	230	701350	32288	263	801941	30001	296	902952	29477	328	1000869	29228	361	1101165	28221	394	1203211	27978	426	1301819	27216	459	1402017	25719	492	1502283	22188	525	1601744	19397	559	1702633	14864	592	1802334	12002	624	1901367	12002	657	2002736	11780	689	2102036	11780	721	2201112	11780	754	2303218	11544	786	2401279	11544	819	2502424	11336	851	2601431	11336	883	2700720	11336	916	2802472	11336	948	2901457	11336	981	3003188	11336	1013	3101292	11104	1046	3202647	11104	1078	3301273	11104	1110	3400418	11104	1143	3502377	11104	
