wersja nr 3;wspolczynnik mutacji 0.400000;wielkosc populacji 5
3536	100029	44	7092	200015	44	10647	300024	44	14198	400025	44	17742	500015	44	21263	600026	44	24799	700020	44	28337	800023	44	31896	900025	44	35427	1000012	44	38980	1100024	44	42515	1200030	44	46048	1300020	44	49598	1400024	44	53149	1500022	44	56701	1600014	44	60245	1700021	44	63794	1800030	44	67338	1900019	44	70881	2000005	44	74425	2100028	44	77941	2200022	44	81480	2300030	44	85031	2400013	44	88584	2500002	44	92140	2600021	44	95691	2700009	44	99230	2800025	44	102782	2900029	44	106333	3000012	44	109900	3100009	44	113456	3200004	44	117012	3300023	44	120559	3400027	44	124079	3500028	44	
3572	100004	44	7122	200016	44	10661	300005	44	14195	400002	44	17737	500017	44	21280	600019	44	24799	700024	44	28323	800023	44	31862	900028	44	35403	1000018	44	38922	1100005	44	42454	1200030	44	46000	1300026	44	49516	1400020	44	53060	1500003	44	56583	1600018	44	60110	1700019	44	63642	1800010	44	67150	1900005	44	70659	2000032	44	74230	2100026	44	77771	2200027	44	81318	2300014	44	84861	2400023	44	88407	2500030	44	91949	2600024	44	95472	2700026	44	98989	2800005	44	102533	2900009	44	106091	3000004	44	109639	3100016	44	113201	3200003	44	116742	3300010	44	120296	3400006	44	123853	3500026	44	
3557	100003	44	7094	200023	44	10623	300028	44	14160	400018	44	17708	500006	44	21249	600023	44	24740	700008	44	28289	800016	44	31818	900013	44	35372	1000004	44	38900	1100023	44	42431	1200024	44	45972	1300020	44	49518	1400009	44	53014	1500009	44	56542	1600030	44	60091	1700016	44	63632	1800023	44	67179	1900018	44	70714	2000012	44	74269	2100020	44	77802	2200005	44	81340	2300018	44	84874	2400021	44	88436	2500023	44	91999	2600004	44	95533	2700009	44	99087	2800002	44	102641	2900022	44	106179	3000024	44	109696	3100005	44	113237	3200006	44	116784	3300031	44	120310	3400011	44	123847	3500027	44	
3553	100011	44	7097	200019	44	10640	300007	44	14206	400008	44	17752	500025	44	21296	600018	44	24823	700028	44	28357	800012	44	31891	900026	44	35418	1000027	44	38933	1100030	44	42473	1200017	44	46000	1300022	44	49535	1400030	44	53091	1500025	44	56637	1600031	44	60193	1700006	44	63731	1800007	44	67250	1900023	44	70773	2000007	44	74297	2100006	44	77852	2200015	44	81388	2300017	44	84944	2400023	44	88493	2500023	44	92012	2600017	44	95537	2700013	44	99084	2800016	44	102635	2900018	44	106183	3000008	44	109742	3100008	44	113288	3200007	44	116832	3300020	44	120362	3400007	44	123884	3500030	44	
3546	100022	44	7066	200028	44	10588	300007	44	14126	400017	44	17662	500020	44	21196	600002	44	24741	700025	44	28264	800028	44	31773	900013	44	35286	1000023	44	38798	1100023	44	42352	1200012	44	45889	1300023	44	49444	1400025	44	52977	1500007	44	56499	1600019	44	60028	1700019	44	63561	1800013	44	67058	1900023	44	70545	2000026	44	74067	2100005	44	77605	2200029	44	81154	2300022	44	84707	2400032	44	88261	2500017	44	91812	2600027	44	95349	2700020	44	98886	2800004	44	102420	2900015	44	105981	3000025	44	109537	3100024	44	113091	3200014	44	116639	3300028	44	120171	3400019	44	123717	3500027	44	
3692	100026	46	7406	200005	46	11091	300005	46	14771	400024	46	18424	500004	46	22076	600008	46	25748	700012	46	29433	800006	46	33098	900020	46	36791	1000026	46	40468	1100010	46	44150	1200003	46	47830	1300026	46	51526	1400003	46	55212	1500002	46	58914	1600007	46	62588	1700011	46	66274	1800024	46	69952	1900030	46	73655	2000020	46	77353	2100003	46	81045	2200008	46	84747	2300020	46	88445	2400006	46	92155	2500025	46	95865	2600024	46	99560	2700019	46	103251	2800018	46	106930	2900010	46	110624	3000023	46	114314	3100008	46	118005	3200012	46	121689	3300002	46	125399	3400009	46	129060	3500010	46	
3679	100024	46	7378	200015	46	11073	300020	46	14770	400021	46	18440	500003	46	22131	600002	46	25804	700011	46	29482	800020	46	33168	900022	46	36871	1000002	46	40560	1100017	46	44235	1200004	46	47908	1300009	46	51583	1400021	46	55263	1500011	46	58931	1600003	46	62564	1700019	46	66220	1800020	46	69900	1900010	46	73585	2000009	46	77254	2100013	46	80930	2200008	46	84621	2300017	46	88313	2400007	46	91996	2500011	46	95655	2600020	46	99349	2700008	46	103052	2800018	46	106757	2900020	46	110438	3000017	46	114131	3100020	46	117824	3200012	46	121513	3300018	46	125212	3400018	46	128902	3500006	46	
3711	100017	46	7378	200005	46	11067	300015	46	14735	400004	46	18434	500011	46	22132	600026	46	25824	700010	46	29520	800030	46	33229	900009	46	36916	1000018	46	40605	1100029	46	44297	1200023	46	48004	1300024	46	51695	1400006	46	55374	1500018	46	59050	1600014	46	62737	1700024	46	66424	1800008	46	70096	1900021	46	73801	2000002	46	77482	2100017	46	81169	2200017	46	84848	2300007	46	88542	2400008	46	92235	2500030	46	95935	2600011	46	99623	2700026	46	103291	2800018	46	106964	2900002	46	110645	3000007	46	114321	3100002	46	118003	3200025	46	121704	3300018	46	125388	3400009	46	129058	3500013	46	
3676	100018	46	7324	200005	46	11010	300003	46	14705	400018	46	18368	500006	46	22073	600020	46	25769	700017	46	29454	800019	46	33150	900020	46	36839	1000018	46	40535	1100008	46	44205	1200004	46	47895	1300020	46	51578	1400019	46	55259	1500011	46	58949	1600007	46	62599	1700027	46	66280	1800013	46	69967	1900023	46	73675	2000014	46	77373	2100021	46	81055	2200015	46	84743	2300023	46	88417	2400021	46	92103	2500020	46	95785	2600006	46	99455	2700017	46	103123	2800025	46	106818	2900010	46	110491	3000004	46	114182	3100023	46	117859	3200024	46	121540	3300022	46	125210	3400006	46	128906	3500022	46	
3696	100009	46	7390	200024	46	11083	300014	46	14768	400025	46	18451	500002	46	22135	600027	46	25819	700024	46	29507	800002	46	33175	900016	46	36862	1000011	46	40548	1100025	46	44225	1200019	46	47899	1300021	46	51581	1400012	46	55283	1500016	46	58974	1600010	46	62649	1700026	46	66344	1800030	46	70044	1900019	46	73735	2000005	46	77427	2100022	46	81094	2200031	46	84777	2300002	46	88472	2400015	46	92174	2500013	46	95874	2600021	46	99531	2700013	46	103212	2800015	46	106886	2900002	46	110591	3000003	46	114295	3100010	46	117997	3200011	46	121690	3300011	46	125365	3400025	46	129020	3500012	46	
1253	100043	1642	2493	200065	1430	3729	300053	1335	4959	400067	1207	6202	500044	1164	7448	600066	1099	8679	700047	1047	9921	800066	998	11159	900086	971	12393	1000032	945	13635	1100036	911	14869	1200074	867	16101	1300082	864	17347	1400083	828	18559	1500058	811	19792	1600025	775	21026	1700082	770	22267	1800058	753	23497	1900076	753	24732	2000064	737	25958	2100067	726	27198	2200061	722	28445	2300013	722	29667	2400008	715	30913	2500066	715	32148	2600041	715	33374	2700086	715	34596	2800016	701	35839	2900083	696	37081	3000073	696	38326	3100082	696	39554	3200060	696	40786	3300035	696	42030	3400068	684	43259	3500074	684	
1238	100021	1746	2479	200063	1447	3713	300039	1276	4955	400079	1226	6198	500034	1114	7444	600038	1094	8689	700078	1053	9925	800023	993	11169	900029	987	12410	1000060	943	13651	1100020	898	14884	1200079	891	16120	1300053	887	17364	1400064	878	18611	1500090	862	19860	1600077	850	21097	1700041	841	22336	1800077	835	23583	1900079	835	24828	2000017	828	26063	2100045	822	27300	2200087	807	28543	2300018	807	29782	2400030	802	31025	2500010	797	32266	2600013	788	33498	2700029	778	34737	2800074	772	35972	2900063	754	37188	3000009	743	38399	3100030	735	39636	3200018	735	40871	3300010	726	42120	3400039	726	43367	3500072	719	
1247	100016	1651	2489	200066	1386	3725	300057	1237	4970	400015	1161	6214	500016	1136	7448	600045	1104	8678	700054	1079	9914	800014	1045	11150	900086	1029	12390	1000009	1015	13625	1100087	991	14869	1200035	960	16107	1300049	931	17343	1400048	908	18582	1500044	869	19824	1600032	862	21059	1700027	814	22298	1800071	806	23533	1900044	793	24768	2000050	784	25990	2100013	782	27222	2200055	774	28461	2300034	764	29702	2400032	764	30946	2500061	764	32170	2600049	753	33398	2700074	747	34632	2800072	741	35868	2900090	741	37102	3000017	741	38335	3100066	741	39556	3200048	741	40791	3300086	732	42022	3400029	732	43249	3500022	732	
1250	100060	1572	2481	200083	1231	3711	300078	1101	4944	400018	1056	6177	500038	1001	7412	600042	948	8650	700046	907	9882	800072	879	11107	900052	849	12345	1000065	824	13588	1100074	794	14826	1200028	778	16068	1300081	771	17302	1400053	721	18523	1500048	701	19755	1600074	701	20993	1700050	681	22230	1800021	681	23460	1900041	673	24699	2000040	673	25928	2100015	666	27166	2200070	660	28406	2300067	648	29636	2400017	648	30870	2500045	648	32103	2600021	648	33335	2700022	648	34574	2800046	648	35812	2900042	648	37056	3000063	642	38289	3100059	636	39514	3200091	636	40746	3300069	636	41984	3400086	636	43226	3500066	636	
1252	100065	1518	2492	200079	1191	3717	300074	1077	4941	400008	1026	6156	500080	1011	7394	600081	928	8632	700066	915	9871	800068	901	11115	900016	898	12348	1000078	887	13585	1100075	880	14830	1200019	874	16070	1300049	859	17298	1400031	846	18525	1500036	838	19759	1600051	824	20994	1700016	824	22230	1800032	819	23467	1900055	806	24707	2000020	806	25945	2100015	802	27190	2200035	795	28432	2300076	795	29667	2400041	795	30905	2500018	795	32135	2600044	795	33376	2700069	779	34621	2800080	779	35863	2900020	779	37092	3000038	779	38330	3100022	777	39554	3200040	772	40789	3300078	772	42024	3400065	772	43267	3500069	765	
1269	100039	713	2533	200070	603	3796	300025	571	5059	400068	571	6318	500040	561	7568	600044	542	8821	700060	526	10080	800072	517	11342	900055	505	12593	1000088	505	13843	1100074	497	15097	1200059	488	16357	1300065	480	17617	1400023	473	18876	1500025	467	20136	1600010	445	21402	1700052	416	22659	1800031	416	23914	1900081	410	25175	2000020	398	26438	2100044	398	27669	2200038	393	28918	2300075	393	30180	2400039	381	31424	2500066	381	32660	2600018	381	33921	2700028	381	35184	2800057	381	36436	2900012	381	37696	3000044	381	38962	3100039	370	40221	3200056	370	41483	3300065	370	42745	3400066	370	43997	3500060	370	
1270	100038	607	2524	200063	566	3775	300068	528	5036	400072	504	6293	500086	504	7551	600081	497	8806	700036	483	10063	800007	454	11316	900069	438	12572	1000060	430	13827	1100068	430	15087	1200024	410	16344	1300057	410	17598	1400045	406	18854	1500075	406	20122	1600059	397	21378	1700079	390	22630	1800079	390	23887	1900030	390	25134	2000009	390	26389	2100041	390	27636	2200030	390	28891	2300068	390	30148	2400074	383	31401	2500048	383	32647	2600070	376	33893	2700024	376	35160	2800042	376	36409	2900012	369	37670	3000055	369	38922	3100064	369	40171	3200021	369	41421	3300025	369	42673	3400072	366	43918	3500020	366	
1260	100071	706	2517	200041	581	3780	300057	534	5038	400017	507	6290	500037	498	7545	600073	490	8793	700050	490	10046	800015	478	11309	900069	466	12561	1000084	466	13817	1100030	466	15084	1200043	466	16337	1300025	466	17580	1400050	466	18842	1500036	457	20098	1600084	449	21354	1700010	449	22610	1800082	449	23873	1900087	442	25131	2000033	433	26396	2100015	432	27665	2200063	432	28921	2300030	432	30185	2400068	432	31442	2500044	432	32703	2600029	432	33963	2700042	432	35228	2800039	432	36488	2900061	432	37753	3000034	432	39018	3100066	432	40271	3200041	432	41525	3300008	432	42788	3400017	432	44051	3500069	422	
1242	100014	648	2493	200010	558	3755	300053	545	5006	400022	531	6255	500058	520	7516	600023	497	8780	700083	471	10039	800045	471	11287	900009	459	12547	1000076	449	13804	1100060	440	15060	1200020	440	16323	1300049	440	17581	1400014	440	18841	1500027	431	20085	1600021	431	21332	1700030	431	22594	1800062	423	23851	1900018	423	25117	2000044	423	26372	2100077	423	27623	2200084	423	28874	2300015	423	30090	2400084	423	31329	2500053	423	32588	2600011	423	33835	2700059	423	35096	2800016	423	36354	2900063	423	37610	3000029	419	38867	3100045	419	40124	3200028	419	41382	3300047	419	42640	3400009	415	43899	3500030	413	
1270	100052	644	2519	200022	557	3782	300015	540	5031	400075	530	6294	500069	506	7554	600011	485	8820	700050	457	10075	800037	457	11323	900054	449	12579	1000057	444	13840	1100079	436	15104	1200084	436	16368	1300040	436	17631	1400013	425	18893	1500078	425	20144	1600039	425	21399	1700072	425	22651	1800038	425	23902	1900041	419	25152	2000016	419	26413	2100013	419	27664	2200016	416	28918	2300083	416	30171	2400082	416	31435	2500019	416	32700	2600062	416	33950	2700017	410	35214	2800062	410	36475	2900046	405	37733	3000035	405	38940	3100082	405	40207	3200018	405	41470	3300041	405	42719	3400082	405	43962	3500055	405	
281	100111	19297	554	200235	18069	829	300178	17140	1105	400211	16886	1380	500240	16410	1656	600087	16103	1931	700127	15834	2205	800171	15595	2480	900068	15514	2757	1000062	15413	3033	1100369	15243	3308	1200368	15243	3583	1300343	15155	3859	1400106	15064	4136	1500075	15064	4412	1600252	15064	4688	1700397	15064	4964	1800307	15064	5240	1900152	15064	5517	2000301	15064	5793	2100225	15064	6071	2200348	14823	6346	2300191	14823	6625	2400142	14823	6902	2500099	14823	7180	2600350	14823	7454	2700357	14823	7730	2800081	14823	8006	2900396	14823	8282	3000170	14744	8558	3100266	14744	8836	3200372	14744	9111	3300086	14744	9387	3400205	14744	9661	3500133	14744	
283	100384	19788	559	200252	17509	834	300351	17185	1111	400294	16740	1386	500157	16655	1663	600219	16655	1936	700218	16567	2211	800368	16487	2483	900352	16487	2760	1000220	16487	3036	1100123	16487	3312	1200131	16419	3590	1300112	16066	3868	1400102	16066	4146	1500264	15897	4423	1600143	15819	4698	1700070	15819	4974	1800042	15819	5252	1900114	15819	5528	2000213	15730	5803	2100246	15571	6080	2200312	15571	6353	2300164	15495	6629	2400285	15331	6904	2500047	15331	7182	2600355	15250	7459	2700200	15164	7735	2800126	15164	8011	2900094	14926	8289	3000379	14926	8565	3100063	14926	8841	3200118	14926	9117	3300214	14926	9392	3400159	14926	9669	3500223	14926	
274	100056	20481	549	200359	19003	823	300196	17984	1095	400325	17538	1370	500158	17214	1644	600363	17136	1922	700212	16981	2198	800237	16981	2473	900094	16981	2748	1000085	16802	3023	1100188	16802	3300	1200297	16802	3576	1300314	16802	3852	1400066	16623	4127	1500219	16539	4402	1600270	16539	4680	1700132	16372	4959	1800392	16372	5238	1900184	16372	5517	2000392	16299	5795	2100262	16219	6073	2200246	15987	6350	2300358	15987	6628	2400384	15910	6905	2500253	15737	7183	2600294	15483	7461	2700326	15399	7738	2800376	15399	8014	2900257	15324	8289	3000053	15243	8566	3100382	15243	8842	3200292	15082	9119	3300243	15082	9394	3400152	15082	9669	3500293	15082	
275	100286	19465	551	200344	18091	827	300278	17455	1104	400359	17031	1381	500394	17031	1657	600155	17031	1933	700081	16959	2208	800260	16959	2485	900296	16959	2760	1000082	16870	3039	1100361	16262	3312	1200327	16262	3585	1300103	16037	3862	1400280	16037	4139	1500169	16037	4417	1600355	16037	4693	1700078	16037	4973	1800386	16037	5248	1900262	16037	5526	2000151	15957	5802	2100353	15864	6079	2200279	15864	6356	2300265	15713	6628	2400154	15713	6905	2500056	15629	7181	2600324	15629	7455	2700241	15542	7731	2800376	15542	8005	2900199	15542	8277	3000129	15542	8553	3100120	15542	8829	3200281	15542	9103	3300362	15542	9379	3400046	15466	9655	3500321	15466	
277	100349	18945	550	200169	17557	826	300069	17051	1100	400145	16421	1378	500286	16160	1652	600199	15821	1926	700259	15491	2201	800143	15395	2477	900257	15135	2751	1000210	15135	3028	1100289	15135	3305	1200165	15057	3582	1300312	14991	3857	1400285	14901	4134	1500238	14662	4409	1600263	14662	4687	1700406	14582	4961	1800076	14582	5235	1900221	14582	5511	2000417	14498	5787	2100123	14498	6064	2200289	14498	6340	2300275	14341	6614	2400368	14341	6889	2500158	14341	7165	2600222	14341	7441	2700169	14341	7716	2800107	14257	7993	2900330	14257	8268	3000146	14257	8541	3100224	14257	8816	3200179	14109	9092	3300053	14109	9372	3400354	14051	9647	3500105	13964	
280	100389	23972	560	200388	22230	841	300314	20131	1118	400309	19181	1397	500180	17752	1675	600078	16407	1955	700088	15179	2237	800057	12677	2520	900204	12376	2800	1000103	11071	3080	1100117	9913	3362	1200267	9913	3641	1300318	9728	3920	1400227	9439	4199	1500188	9089	4479	1600310	8528	4761	1700132	7642	5042	1800389	7401	5321	1900249	7155	5601	2000162	7155	5879	2100158	7078	6159	2200080	6998	6439	2300367	6998	6719	2400243	6998	7000	2500174	6905	7281	2600269	6905	7562	2700300	6905	7841	2800254	6826	8117	2900082	6826	8397	3000387	6826	8675	3100310	6826	8952	3200311	6826	9231	3300212	6826	9506	3400148	6826	9787	3500167	6746	
282	100143	24755	560	200104	24042	842	300413	23219	1122	400278	22952	1403	500226	21819	1685	600079	20481	1966	700201	19979	2242	800242	19877	2520	900082	19570	2798	1000223	19460	3073	1100055	19075	3355	1200095	17712	3638	1300286	13903	3918	1400125	11038	4195	1500282	10249	4474	1600199	9991	4755	1700355	9642	5035	1800084	9262	5313	1900158	8703	5592	2000256	8613	5870	2100289	8296	6149	2200280	7854	6429	2300050	7358	6711	2400194	7174	6991	2500381	6762	7270	2600117	6583	7549	2700349	6583	7829	2800076	6583	8111	2900369	6583	8390	3000078	6512	8670	3100364	6439	8948	3200236	6439	9226	3300120	6358	9505	3400332	6358	9785	3500332	6279	
280	100224	24573	561	200209	23601	841	300182	22038	1122	400226	21323	1403	500150	20817	1685	600094	19606	1969	700058	18804	2252	800079	18375	2535	900234	17961	2814	1000316	17758	3098	1100398	16560	3378	1200059	15413	3659	1300161	14090	3942	1400234	12584	4221	1500088	11326	4501	1600228	10566	4783	1700280	9782	5067	1800252	9493	5347	1900106	9383	5624	2000294	8925	5902	2100284	8572	6181	2200041	7774	6460	2300224	7136	6739	2400249	7136	7017	2500359	7136	7296	2600128	7072	7575	2700066	6810	7856	2800420	6810	8137	2900283	6721	8419	3000340	6721	8699	3100199	6721	8979	3200167	6641	9259	3300326	6641	9539	3400091	6549	9817	3500352	6549	
280	100388	24874	559	200174	24692	841	300351	24489	1123	400192	23747	1405	500309	23211	1686	600105	23004	1965	700282	22804	2247	800222	22804	2524	900094	22704	2805	1000213	22279	3088	1100225	21645	3368	1200134	20924	3650	1300321	20218	3930	1400099	18674	4212	1500084	17084	4493	1600350	15705	4774	1700259	14482	5054	1800124	13308	5334	1900156	11807	5615	2000269	10350	5895	2100260	9864	6175	2200190	8885	6453	2300285	8367	6733	2400366	8189	7012	2500060	7761	7294	2600341	7761	7573	2700131	7761	7851	2800250	7761	8133	2900347	7680	8411	3000054	7597	8690	3100285	7511	8969	3200186	7511	9248	3300179	7511	9525	3400106	7511	9806	3500276	7511	
280	100064	24740	558	200216	22907	841	300081	22067	1123	400362	20015	1402	500354	19581	1684	600216	18099	1966	700360	16436	2247	800226	14571	2525	900049	12266	2806	1000240	10838	3085	1100271	9773	3363	1200079	9616	3644	1300294	8935	3924	1400282	8748	4203	1500208	8576	4486	1600246	8089	4766	1700183	7842	5047	1800056	7750	5329	1900056	7644	5612	2000155	7644	5892	2100255	7555	6172	2200048	7555	6450	2300379	7470	6731	2400358	7372	7010	2500097	7372	7290	2600323	7291	7571	2700387	7199	7847	2800125	7199	8124	2900262	7199	8402	3000098	7199	8683	3100334	7199	8964	3200195	7113	9241	3300141	7113	9518	3400085	7113	9794	3500255	7026	
4168	100006	47	8336	200007	47	12477	300018	47	16616	400016	47	20753	500002	47	24909	600010	47	29069	700013	47	33238	800006	47	37412	900006	47	41587	1000006	47	45763	1100024	47	49926	1200020	47	54068	1300006	47	58216	1400017	47	62327	1500016	47	66483	1600009	47	70622	1700006	47	74788	1800010	47	78936	1900013	47	83095	2000003	47	87275	2100002	47	91453	2200019	47	95617	2300015	47	99756	2400005	47	103904	2500012	47	108043	2600012	47	112182	2700021	47	116330	2800001	47	120505	2900019	47	124649	3000015	47	128808	3100007	47	132967	3200018	47	137132	3300004	47	141263	3400003	47	145421	3500009	47	
4133	100009	47	8292	200022	47	12440	300007	47	16605	400016	47	20782	500012	47	24940	600017	47	29063	700022	47	33220	800013	47	37369	900009	47	41521	1000023	47	45679	1100005	47	49852	1200013	47	54013	1300006	47	58182	1400023	47	62354	1500021	47	66522	1600023	47	70681	1700014	47	74830	1800022	47	78996	1900004	47	83159	2000014	47	87328	2100009	47	91498	2200024	47	95684	2300006	47	99846	2400019	47	104009	2500024	47	108170	2600023	47	112322	2700016	47	116505	2800015	47	120643	2900001	47	124816	3000013	47	128981	3100007	47	133134	3200006	47	137305	3300017	47	141479	3400013	47	145656	3500010	47	
4180	100024	47	8308	200008	47	12460	300006	47	16638	400018	47	20823	500012	47	24995	600025	47	29168	700016	47	33332	800017	47	37474	900018	47	41594	1000006	47	45743	1100006	47	49927	1200007	47	54097	1300018	47	58260	1400006	47	62411	1500014	47	66575	1600004	47	70736	1700004	47	74912	1800008	47	79085	1900019	47	83251	2000016	47	87364	2100012	47	91533	2200023	47	95657	2300019	47	99793	2400005	47	103894	2500013	47	108040	2600023	47	112196	2700004	47	116361	2800020	47	120537	2900015	47	124682	3000015	47	128842	3100026	47	133022	3200028	47	137193	3300027	47	141343	3400009	47	145504	3500027	47	
4176	100020	47	8338	200015	47	12482	300014	47	16631	400019	47	20793	500002	47	24945	600006	47	29110	700022	47	33261	800004	47	37398	900011	47	41525	1000004	47	45627	1100026	47	49776	1200025	47	53950	1300025	47	58122	1400011	47	62289	1500018	47	66415	1600019	47	70541	1700016	47	74691	1800026	47	78871	1900018	47	83043	2000008	47	87204	2100019	47	91354	2200007	47	95509	2300013	47	99660	2400020	47	103826	2500022	47	107962	2600020	47	112110	2700022	47	116275	2800003	47	120445	2900019	47	124615	3000025	47	128774	3100015	47	132898	3200005	47	137062	3300016	47	141228	3400022	47	145403	3500027	47	
4162	100020	47	8305	200010	47	12460	300011	47	16596	400018	47	20749	500020	47	24898	600022	47	29039	700002	47	33193	800006	47	37345	900018	47	41493	1000016	47	45657	1100022	47	49812	1200018	47	53946	1300020	47	58110	1400014	47	62246	1500008	47	66396	1600020	47	70558	1700029	47	74721	1800017	47	78873	1900019	47	83038	2000016	47	87208	2100007	47	91366	2200003	47	95537	2300022	47	99696	2400021	47	103846	2500012	47	108012	2600020	47	112183	2700014	47	116324	2800017	47	120484	2900009	47	124654	3000018	47	128809	3100027	47	132952	3200011	47	137120	3300023	47	141288	3400021	47	145448	3500014	47	
4585	100022	53	9154	200006	53	13730	300010	53	18286	400002	53	22841	500009	53	27399	600010	53	31961	700014	53	36524	800009	53	41075	900007	53	45632	1000003	53	50203	1100003	53	54773	1200005	53	59349	1300015	53	63909	1400018	53	68471	1500018	53	73034	1600015	53	77613	1700007	53	82174	1800007	53	86723	1900014	53	91266	2000014	53	95824	2100010	53	100386	2200005	53	104960	2300014	53	109508	2400017	53	114080	2500009	53	118650	2600017	53	123209	2700011	53	127783	2800003	53	132352	2900009	53	136902	3000013	53	141467	3100024	53	146045	3200006	53	150619	3300008	53	155186	3400017	53	159717	3500009	53	
4558	100024	53	9149	200014	53	13723	300014	53	18294	400018	53	22875	500002	53	27445	600001	53	32019	700010	53	36554	800003	53	41117	900012	53	45684	1000012	53	50224	1100004	53	54785	1200015	53	59366	1300002	53	63943	1400004	53	68515	1500003	53	73069	1600019	53	77627	1700024	53	82164	1800018	53	86731	1900009	53	91304	2000002	53	95843	2100016	53	100411	2200014	53	104940	2300025	53	109512	2400013	53	114103	2500007	53	118658	2600015	53	123220	2700009	53	127778	2800015	53	132331	2900024	53	136909	3000011	53	141466	3100005	53	146045	3200016	53	150606	3300013	53	155171	3400003	53	159735	3500006	53	
4577	100009	53	9143	200017	53	13692	300001	53	18260	400018	53	22834	500010	53	27380	600015	53	31934	700007	53	36503	800004	53	41081	900020	53	45655	1000001	53	50204	1100009	53	54758	1200009	53	59319	1300012	53	63900	1400014	53	68474	1500018	53	73023	1600004	53	77525	1700013	53	82103	1800020	53	86619	1900007	53	91004	2000012	53	95479	2100003	53	100052	2200010	53	104620	2300012	53	109166	2400013	53	113730	2500006	53	118294	2600001	53	122847	2700014	53	127431	2800018	53	132032	2900005	53	136624	3000013	53	141188	3100020	53	145759	3200010	53	150326	3300007	53	154917	3400019	53	159467	3500011	53	
4498	100006	53	9032	200013	53	13571	300015	53	18134	400005	53	22695	500004	53	27290	600011	53	31864	700009	53	36435	800021	53	41003	900025	53	45560	1000016	53	50142	1100016	53	54702	1200014	53	59281	1300011	53	63839	1400019	53	68381	1500003	53	72952	1600021	53	77514	1700005	53	82098	1800013	53	86666	1900009	53	91249	2000009	53	95794	2100001	53	100355	2200009	53	104934	2300015	53	109485	2400012	53	114048	2500004	53	118636	2600018	53	123210	2700001	53	127781	2800016	53	132347	2900007	53	136909	3000003	53	141481	3100002	53	146036	3200004	53	150588	3300021	53	155161	3400015	53	159742	3500008	53	
4568	100025	53	9142	200025	53	13692	300014	53	18231	400010	53	22803	500016	53	27373	600023	53	31925	700011	53	36483	800011	53	41053	900012	53	45623	1000007	53	50204	1100007	53	54747	1200010	53	59292	1300020	53	63853	1400013	53	68402	1500019	53	72960	1600010	53	77532	1700008	53	82118	1800020	53	86691	1900002	53	91254	2000012	53	95829	2100009	53	100387	2200020	53	104945	2300005	53	109508	2400020	53	114072	2500003	53	118629	2600017	53	123169	2700001	53	127734	2800015	53	132303	2900008	53	136858	3000003	53	141403	3100004	53	145957	3200015	53	150529	3300004	53	155093	3400009	53	159681	3500005	53	
1356	100035	244	2704	200030	222	4061	300042	222	5417	400025	222	6747	500027	222	8097	600054	222	9448	700048	215	10796	800074	215	12153	900066	215	13518	1000047	215	14873	1100025	215	16218	1200042	215	17577	1300052	215	18933	1400032	215	20285	1500060	215	21632	1600015	215	22982	1700077	215	24339	1800013	215	25694	1900047	215	27043	2000012	215	28401	2100070	215	29742	2200030	215	31093	2300022	215	32457	2400009	215	33800	2500030	215	35162	2600071	215	36515	2700082	215	37863	2800016	215	39213	2900039	215	40559	3000027	215	41909	3100060	208	43257	3200045	208	44604	3300033	208	45954	3400039	208	47310	3500058	208	
1332	100046	253	2676	200070	242	4026	300048	242	5376	400012	234	6719	500023	223	8048	600028	223	9384	700064	223	10740	800051	223	12084	900023	223	13439	1000010	223	14796	1100070	223	16142	1200026	223	17502	1300015	223	18860	1400011	223	20215	1500039	223	21578	1600026	223	22934	1700066	223	24288	1800007	223	25630	1900049	223	26980	2000032	223	28335	2100060	223	29693	2200078	223	31036	2300026	217	32378	2400037	217	33725	2500073	217	35081	2600074	217	36441	2700006	217	37804	2800056	217	39154	2900021	217	40504	3000077	217	41858	3100010	217	43208	3200073	217	44563	3300036	217	45914	3400051	217	47276	3500054	217	
1364	100042	255	2719	200057	239	4065	300030	231	5415	400073	231	6757	500078	228	8117	600074	228	9469	700013	228	10805	800067	225	12158	900014	225	13516	1000071	225	14877	1100013	225	16236	1200050	223	17592	1300018	223	18958	1400056	221	20317	1500043	221	21674	1600061	221	23020	1700060	221	24376	1800040	221	25723	1900024	221	27067	2000050	221	28418	2100019	221	29753	2200058	221	31097	2300009	221	32454	2400068	221	33813	2500035	221	35174	2600055	221	36521	2700008	221	37859	2800045	221	39206	2900009	221	40557	3000047	216	41908	3100047	216	43269	3200060	216	44622	3300026	216	45969	3400078	216	47313	3500010	216	
1353	100050	274	2706	200052	248	4064	300061	242	5427	400044	242	6784	500029	237	8136	600070	237	9497	700075	237	10848	800083	231	12194	900036	223	13544	1000059	223	14889	1100039	214	16245	1200061	214	17581	1300056	214	18931	1400027	212	20284	1500075	212	21624	1600066	212	22964	1700070	212	24309	1800062	212	25649	1900017	212	27005	2000012	212	28351	2100028	212	29696	2200054	212	31047	2300055	208	32397	2400009	206	33743	2500054	206	35099	2600041	206	36457	2700011	206	37809	2800012	206	39152	2900046	206	40499	3000081	206	41851	3100018	206	43203	3200059	206	44558	3300028	206	45914	3400033	206	47267	3500047	206	
1348	100068	231	2704	200067	224	4052	300076	219	5408	400036	219	6767	500011	219	8122	600076	219	9481	700058	217	10834	800040	217	12196	900056	217	13555	1000059	217	14912	1100020	217	16259	1200031	217	17599	1300045	212	18951	1400017	212	20306	1500011	212	21646	1600062	212	22992	1700041	212	24353	1800031	212	25713	1900068	206	27067	2000010	206	28426	2100036	206	29782	2200046	206	31131	2300033	206	32456	2400008	206	33810	2500072	206	35159	2600050	206	36516	2700039	206	37868	2800078	206	39224	2900052	206	40574	3000065	206	41929	3100008	206	43282	3200029	206	44643	3300035	206	45994	3400045	206	47347	3500081	206	
1446	100017	250	2908	200017	243	4355	300020	237	5806	400030	219	7254	500061	219	8686	600027	219	10145	700019	219	11596	800019	219	13058	900030	216	14507	1000057	216	15966	1100040	216	17419	1200021	216	18877	1300040	216	20327	1400032	216	21755	1500051	216	23198	1600030	216	24649	1700026	214	26101	1800014	214	27558	1900052	214	29015	2000011	214	30460	2100047	214	31923	2200031	214	33386	2300009	214	34850	2400034	212	36302	2500054	212	37755	2600020	212	39208	2700038	212	40664	2800015	212	42121	2900056	212	43557	3000008	212	45009	3100036	212	46464	3200017	212	47922	3300055	212	49383	3400016	207	50844	3500059	207	
1455	100051	259	2903	200011	225	4351	300013	225	5805	400037	225	7251	500044	216	8691	600031	216	10136	700053	216	11553	800062	216	12982	900066	216	14433	1000009	216	15878	1100058	216	17325	1200025	214	18780	1300024	214	20232	1400013	214	21686	1500069	214	23137	1600035	208	24583	1700011	208	26037	1800019	208	27499	1900070	208	28947	2000050	208	30393	2100073	208	31846	2200070	208	33304	2300066	208	34766	2400007	208	36203	2500023	208	37652	2600052	208	39104	2700010	208	40562	2800008	208	42019	2900058	208	43473	3000010	208	44924	3100018	208	46377	3200020	208	47817	3300013	208	49269	3400032	206	50720	3500037	206	
1469	100009	247	2921	200027	234	4379	300015	234	5831	400025	234	7272	500023	234	8723	600068	222	10174	700053	219	11625	800032	211	13067	900054	211	14521	1000055	199	15983	1100029	199	17426	1200074	199	18884	1300033	199	20326	1400055	199	21766	1500014	199	23202	1600034	199	24654	1700058	199	26106	1800044	199	27554	1900065	199	29000	2000049	197	30444	2100013	197	31879	2200026	197	33307	2300017	197	34758	2400061	197	36205	2500032	197	37655	2600061	197	39108	2700070	197	40563	2800028	197	42011	2900071	197	43468	3000053	197	44917	3100071	197	46370	3200027	197	47808	3300024	197	49244	3400046	197	50692	3500063	197	
1450	100020	242	2893	200022	242	4348	300042	227	5794	400051	227	7224	500042	227	8675	600046	227	10137	700074	223	11590	800066	223	13052	900048	223	14513	1000008	223	15965	1100034	223	17417	1200035	223	18864	1300012	223	20312	1400010	223	21778	1500070	223	23235	1600043	223	24697	1700014	223	26153	1800030	219	27616	1900044	219	29070	2000019	219	30513	2100010	219	31966	2200016	219	33418	2300018	219	34876	2400052	217	36319	2500073	211	37770	2600019	211	39227	2700014	211	40672	2800047	211	42123	2900070	211	43571	3000043	211	45026	3100073	211	46470	3200049	211	47923	3300075	211	49368	3400039	211	50801	3500044	211	
1446	100012	240	2898	200044	240	4334	300012	226	5771	400041	222	7212	500039	216	8645	600022	216	10097	700011	216	11545	800016	213	13004	900030	213	14460	1000069	213	15917	1100042	213	17369	1200007	213	18816	1300056	212	20272	1400054	212	21727	1500032	209	23176	1600026	208	24621	1700073	208	26072	1800023	208	27534	1900037	205	28975	2000058	205	30426	2100031	205	31880	2200057	205	33338	2300045	205	34791	2400044	205	36240	2500051	205	37686	2600061	205	39123	2700068	203	40569	2800057	203	42025	2900025	203	43470	3000063	200	44930	3100064	200	46383	3200062	200	47819	3300078	200	49278	3400055	200	50709	3500054	200	
332	100307	1803	661	200065	1803	988	300198	1803	1319	400254	1803	1649	500192	1803	1976	600332	1803	2304	700161	1803	2629	800111	1803	2952	900058	1803	3280	1000122	1803	3610	1100087	1803	3937	1200208	1803	4269	1300330	1803	4599	1400327	1803	4929	1500230	1803	5257	1600313	1803	5587	1700307	1803	5917	1800268	1803	6245	1900179	1803	6574	2000163	1803	6902	2100062	1803	7231	2200067	1803	7560	2300135	1803	7886	2400204	1803	8218	2500232	1803	8549	2600134	1803	8878	2700175	1803	9208	2800068	1803	9536	2900322	1803	9861	3000061	1803	10192	3100332	1803	10521	3200243	1803	10852	3300135	1803	11183	3400196	1803	11511	3500191	1803	
326	100074	1803	655	200169	1803	986	300338	1803	1312	400097	1803	1639	500094	1803	1969	600086	1803	2294	700163	1803	2621	800264	1803	2949	900164	1803	3280	1000221	1803	3611	1100208	1803	3939	1200102	1803	4268	1300193	1803	4598	1400072	1803	4930	1500295	1803	5259	1600136	1803	5585	1700189	1803	5913	1800061	1803	6243	1900153	1803	6573	2000092	1803	6902	2100051	1803	7232	2200213	1803	7554	2300224	1803	7879	2400280	1803	8207	2500182	1803	8538	2600195	1803	8868	2700285	1803	9194	2800325	1803	9520	2900099	1803	9848	3000168	1803	10175	3100225	1803	10503	3200322	1803	10833	3300357	1803	11163	3400251	1803	11490	3500181	1803	
327	100060	1803	658	200309	1803	986	300185	1803	1312	400229	1803	1641	500188	1803	1971	600109	1803	2302	700166	1803	2630	800282	1803	2958	900307	1803	3283	1000081	1803	3614	1100242	1803	3945	1200065	1803	4274	1300115	1803	4604	1400080	1803	4931	1500150	1803	5259	1600103	1803	5591	1700262	1803	5920	1800052	1803	6248	1900320	1803	6575	2000093	1803	6908	2100228	1803	7236	2200269	1803	7557	2300285	1803	7883	2400149	1803	8213	2500053	1803	8543	2600232	1803	8875	2700311	1803	9194	2800048	1803	9518	2900158	1803	9847	3000141	1803	10176	3100169	1803	10505	3200228	1803	10834	3300259	1803	11161	3400156	1803	11488	3500099	1803	
324	100183	1803	652	200134	1803	982	300132	1803	1313	400165	1803	1639	500179	1803	1969	600204	1803	2294	700082	1803	2623	800096	1803	2949	900291	1803	3276	1000324	1803	3604	1100118	1803	3932	1200166	1803	4262	1300035	1803	4592	1400084	1803	4920	1500173	1803	5250	1600097	1803	5578	1700101	1803	5909	1800275	1803	6237	1900325	1803	6561	2000294	1803	6889	2100245	1803	7216	2200072	1803	7544	2300140	1803	7872	2400180	1803	8203	2500212	1803	8533	2600323	1803	8863	2700178	1803	9192	2800099	1803	9521	2900308	1803	9844	3000229	1803	10171	3100233	1803	10499	3200066	1803	10829	3300304	1803	11157	3400282	1803	11483	3500109	1803	
328	100160	1803	659	200128	1803	989	300264	1803	1317	400227	1803	1648	500168	1803	1978	600135	1803	2308	700256	1803	2637	800189	1803	2967	900173	1803	3295	1000092	1803	3625	1100154	1803	3953	1200280	1803	4280	1300159	1803	4610	1400127	1803	4938	1500290	1803	5265	1600128	1803	5596	1700304	1803	5924	1800076	1803	6251	1900332	1803	6578	2000074	1803	6908	2100049	1803	7233	2200333	1803	7559	2300045	1803	7890	2400101	1803	8220	2500313	1803	8545	2600082	1803	8875	2700211	1803	9199	2800066	1803	9526	2900172	1803	9854	3000069	1803	10185	3100295	1803	10512	3200299	1803	10839	3300123	1803	11168	3400283	1803	11499	3500246	1803	
358	100297	1754	716	200306	1754	1072	300239	1754	1428	400052	1754	1785	500136	1754	2144	600300	1754	2504	700241	1754	2864	800110	1754	3220	900309	1754	3577	1000065	1754	3939	1100217	1754	4299	1200107	1754	4656	1300093	1754	5013	1400089	1754	5374	1500290	1754	5730	1600230	1754	6089	1700278	1754	6448	1800301	1754	6807	1900276	1754	7166	2000298	1754	7522	2100172	1754	7878	2200033	1754	8234	2300177	1754	8592	2400238	1754	8947	2500180	1754	9306	2600038	1754	9664	2700203	1754	10022	2800073	1754	10381	2900120	1754	10741	3000039	1754	11097	3100085	1754	11456	3200243	1754	11814	3300122	1754	12173	3400252	1754	12529	3500050	1754	
361	100272	1754	715	200262	1754	1074	300249	1754	1426	400134	1754	1785	500219	1754	2143	600281	1754	2502	700206	1754	2860	800282	1754	3219	900136	1754	3580	1000238	1754	3938	1100186	1754	4298	1200255	1754	4655	1300135	1754	5015	1400047	1754	5375	1500183	1754	5733	1600080	1754	6084	1700213	1754	6441	1800307	1754	6795	1900284	1754	7151	2000202	1754	7509	2100233	1754	7866	2200213	1754	8220	2300207	1754	8580	2400122	1754	8939	2500096	1754	9298	2600198	1754	9657	2700213	1754	10015	2800059	1754	10373	2900152	1754	10727	3000127	1754	11089	3100145	1754	11448	3200242	1754	11806	3300060	1754	12165	3400244	1754	12524	3500145	1754	
359	100268	1754	715	200055	1754	1073	300102	1754	1432	400103	1754	1791	500158	1754	2146	600114	1754	2505	700281	1754	2864	800279	1754	3223	900157	1754	3578	1000138	1754	3931	1100135	1754	4291	1200304	1754	4644	1300135	1754	5004	1400073	1754	5365	1500198	1754	5722	1600182	1754	6081	1700183	1754	6441	1800124	1754	6795	1900138	1754	7149	2000150	1754	7509	2100231	1754	7868	2200155	1754	8227	2300173	1754	8580	2400200	1754	8935	2500079	1754	9295	2600223	1754	9652	2700160	1754	10013	2800089	1754	10367	2900184	1754	10723	3000161	1754	11073	3100035	1754	11428	3200128	1754	11775	3300268	1754	12128	3400257	1754	12486	3500082	1754	
358	100298	1754	714	200046	1754	1071	300094	1754	1428	400134	1754	1783	500213	1754	2139	600075	1754	2496	700074	1754	2856	800141	1754	3215	900248	1754	3574	1000260	1754	3929	1100267	1754	4284	1200101	1754	4643	1300140	1754	4998	1400319	1754	5353	1500137	1754	5707	1600114	1754	6067	1700182	1754	6425	1800048	1754	6782	1900185	1754	7141	2000181	1754	7495	2100038	1754	7852	2200072	1754	8212	2300154	1754	8571	2400113	1754	8931	2500324	1754	9288	2600251	1754	9647	2700145	1754	9996	2800189	1754	10352	2900212	1754	10711	3000104	1754	11066	3100201	1754	11424	3200264	1754	11784	3300177	1754	12143	3400159	1754	12500	3500245	1754	
356	100190	1754	710	200211	1754	1066	300155	1754	1424	400121	1754	1784	500035	1754	2143	600186	1754	2503	700104	1754	2863	800237	1754	3223	900224	1754	3575	1000251	1754	3933	1100222	1754	4291	1200032	1754	4653	1300100	1754	5010	1400174	1754	5366	1500135	1754	5722	1600224	1754	6078	1700247	1754	6437	1800081	1754	6796	1900238	1754	7155	2000207	1754	7513	2100084	1754	7871	2200067	1754	8229	2300226	1754	8588	2400043	1754	8947	2500153	1754	9302	2600094	1754	9658	2700232	1754	10015	2800135	1754	10373	2900154	1754	10731	3000226	1754	11088	3100069	1754	11445	3200158	1754	11803	3300062	1754	12162	3400111	1754	12521	3500044	1754	
3764	100020	50	7519	200006	50	11276	300015	50	15026	400015	50	18760	500010	50	22494	600023	50	26257	700025	50	30003	800012	50	33755	900016	50	37512	1000023	50	41273	1100017	50	45017	1200008	50	48738	1300006	50	52493	1400014	50	56259	1500002	50	60017	1600009	50	63757	1700023	50	67518	1800002	50	71280	1900009	50	75046	2000010	50	78801	2100008	50	82543	2200002	50	86285	2300005	50	90032	2400020	50	93772	2500024	50	97532	2600016	50	101275	2700010	50	105048	2800003	50	108813	2900025	50	112563	3000006	50	116332	3100016	50	120074	3200016	50	123813	3300018	50	127566	3400007	50	131327	3500013	50	
3789	100022	50	7534	200024	50	11268	300013	50	15012	400012	50	18762	500026	50	22526	600005	50	26253	700010	50	29994	800022	50	33718	900012	50	37473	1000019	50	41211	1100020	50	44961	1200019	50	48703	1300020	50	52441	1400019	50	56180	1500020	50	59919	1600003	50	63669	1700018	50	67417	1800016	50	71161	1900006	50	74905	2000013	50	78660	2100005	50	82418	2200028	50	86190	2300012	50	89942	2400012	50	93689	2500020	50	97468	2600009	50	101212	2700027	50	104923	2800018	50	108669	2900019	50	112417	3000029	50	116192	3100008	50	119934	3200021	50	123712	3300009	50	127442	3400024	50	131200	3500013	50	
3784	100009	50	7518	200002	50	11265	300026	50	15010	400018	50	18776	500025	50	22513	600017	50	26263	700014	50	30008	800007	50	33737	900011	50	37474	1000008	50	41220	1100017	50	44986	1200010	50	48744	1300021	50	52511	1400008	50	56279	1500019	50	60029	1600011	50	63763	1700012	50	67514	1800019	50	71274	1900026	50	75026	2000029	50	78782	2100007	50	82534	2200016	50	86284	2300021	50	90045	2400011	50	93813	2500012	50	97563	2600030	50	101317	2700012	50	105088	2800013	50	108843	2900003	50	112561	3000014	50	116304	3100006	50	120062	3200014	50	123801	3300028	50	127548	3400013	50	131306	3500024	50	
3756	100020	50	7489	200027	50	11222	300005	50	14980	400018	50	18736	500024	50	22501	600003	50	26251	700006	50	29992	800002	50	33750	900011	50	37508	1000020	50	41269	1100010	50	45002	1200005	50	48772	1300030	50	52535	1400020	50	56294	1500019	50	60040	1600025	50	63791	1700004	50	67551	1800008	50	71307	1900013	50	75050	2000025	50	78803	2100003	50	82578	2200006	50	86339	2300007	50	90098	2400011	50	93842	2500011	50	97625	2600019	50	101403	2700007	50	105165	2800013	50	108915	2900020	50	112653	3000029	50	116387	3100030	50	120138	3200015	50	123858	3300004	50	127598	3400016	50	131336	3500017	50	
3781	100004	50	7529	200013	50	11275	300017	50	15009	400025	50	18741	500010	50	22488	600003	50	26240	700004	50	30013	800024	50	33784	900012	50	37551	1000017	50	41324	1100005	50	45083	1200014	50	48829	1300012	50	52570	1400004	50	56333	1500004	50	60088	1600009	50	63849	1700022	50	67577	1800004	50	71302	1900021	50	75021	2000005	50	78754	2100026	50	82519	2200020	50	86253	2300026	50	89998	2400010	50	93759	2500014	50	97507	2600006	50	101262	2700002	50	105022	2800011	50	108789	2900015	50	112547	3000019	50	116324	3100025	50	120088	3200010	50	123844	3300015	50	127599	3400014	50	131364	3500016	50	
1235	100034	980	2474	200075	826	3716	300019	757	4955	400009	737	6184	500013	705	7408	600011	677	8646	700056	640	9890	800017	607	11131	900039	598	12368	1000040	598	13601	1100028	582	14843	1200056	582	16084	1300062	576	17325	1400019	564	18567	1500021	552	19802	1600080	546	21043	1700061	542	22276	1800083	542	23499	1900036	542	24733	2000047	542	25971	2100058	542	27212	2200030	528	28449	2300031	526	29684	2400057	526	30924	2500080	526	32143	2600061	514	33361	2700040	514	34606	2800029	514	35833	2900061	514	37054	3000073	514	38292	3100061	510	39526	3200086	510	40753	3300059	510	41984	3400063	510	43204	3500027	504	
1247	100045	1018	2489	200028	835	3728	300019	774	4964	400031	754	6202	500018	739	7437	600019	715	8681	700057	695	9922	800011	695	11159	900019	680	12390	1000049	674	13626	1100068	670	14862	1200057	665	16091	1300065	644	17321	1400022	639	18550	1500072	639	19791	1600022	630	21025	1700072	614	22251	1800049	606	23472	1900077	601	24712	2000059	601	25948	2100049	593	27186	2200059	593	28433	2300073	587	29676	2400063	581	30914	2500031	581	32154	2600076	581	33395	2700020	581	34622	2800084	575	35819	2900016	561	37015	3000083	561	38248	3100077	561	39489	3200018	550	40726	3300086	542	41960	3400080	534	43199	3500081	534	
1262	100056	932	2506	200017	764	3746	300077	733	4982	400083	700	6223	500016	676	7465	600040	642	8708	700024	612	9948	800063	593	11178	900045	576	12421	1000039	566	13652	1100069	559	14890	1200081	556	16124	1300071	550	17361	1400011	541	18593	1500030	541	19825	1600043	535	21065	1700064	531	22307	1800014	531	23550	1900027	520	24786	2000082	520	26029	2100020	520	27267	2200078	520	28511	2300070	515	29745	2400016	515	30972	2500062	508	32211	2600074	496	33453	2700016	496	34687	2800039	496	35931	2900069	486	37170	3000007	486	38404	3100012	475	39646	3200074	472	40887	3300039	472	42135	3400029	465	43381	3500021	465	
1245	100088	928	2486	200022	761	3722	300018	707	4955	400067	683	6196	500021	683	7433	600013	675	8673	700017	670	9917	800043	646	11145	900068	615	12388	1000023	610	13622	1100081	601	14857	1200074	601	16095	1300008	601	17338	1400008	586	18576	1500057	586	19809	1600071	586	21043	1700074	566	22280	1800056	566	23525	1900014	566	24763	2000010	566	25997	2100044	564	27237	2200016	559	28473	2300025	554	29709	2400015	554	30930	2500078	554	32168	2600044	542	33409	2700021	533	34653	2800032	533	35889	2900073	533	37132	3000062	521	38373	3100007	521	39619	3200012	515	40860	3300029	515	42093	3400030	515	43323	3500064	515	
1269	100068	1012	2513	200063	844	3757	300069	825	4995	400040	756	6223	500056	721	7468	600088	679	8705	700024	658	9944	800077	653	11182	900075	643	12422	1000020	638	13668	1100048	623	14900	1200012	609	16132	1300040	609	17369	1400070	593	18612	1500018	580	19842	1600074	580	21072	1700051	562	22306	1800046	553	23542	1900011	553	24779	2000082	553	26023	2100039	553	27266	2200063	547	28507	2300028	542	29753	2400065	542	30989	2500066	538	32217	2600025	538	33461	2700020	538	34705	2800048	534	35954	2900069	534	37195	3000054	534	38431	3100060	534	39676	3200056	529	40895	3300040	529	42127	3400028	525	43370	3500078	525	
284	100219	45386	567	200356	39495	849	300256	35986	1134	400309	31970	1419	500333	26010	1703	600366	19038	1986	700397	14211	2264	800269	11023	2539	900060	10411	2820	1000186	10255	3101	1100172	10170	3382	1200041	9899	3661	1300107	9813	3938	1400246	9714	4217	1500268	9714	4494	1600056	9714	4773	1700149	9628	5052	1800174	9628	5327	1900272	9561	5604	2000207	9485	5886	2100265	9485	6163	2200262	9485	6443	2300145	9408	6724	2400306	9408	7005	2500316	9342	7285	2600147	9342	7565	2700348	9251	7846	2800289	9251	8124	2900046	9078	8402	3000151	9078	8684	3100373	9078	8965	3200330	9078	9244	3300153	8927	9521	3400201	8927	9801	3500163	8927	
280	100129	44777	564	200055	40496	846	300210	37494	1122	400290	34393	1395	500090	31615	1675	600177	24729	1958	700226	19807	2242	800394	16440	2521	900074	13176	2800	1000173	11834	3083	1100202	10661	3366	1200066	9845	3650	1300347	9746	3929	1400190	9410	4211	1500050	9127	4493	1600066	8961	4775	1700282	8961	5056	1800090	8961	5337	1900398	8961	5613	2000268	8811	5894	2100156	8811	6177	2200296	8811	6458	2300094	8642	6736	2400269	8463	7017	2500344	8463	7295	2600260	8463	7575	2700224	8463	7853	2800114	8372	8132	2900253	8372	8414	3000130	8372	8696	3100097	8372	8977	3200252	8282	9254	3300124	8282	9531	3400098	8282	9812	3500341	8195	
285	100399	45998	564	200298	43722	844	300376	42020	1125	400214	39377	1411	500243	37124	1695	600178	32207	1976	700145	28156	2262	800310	21909	2543	900182	18050	2825	1000087	14405	3107	1100281	11729	3385	1200094	10697	3667	1300360	9933	3949	1400073	9764	4231	1500209	9575	4510	1600289	9575	4788	1700111	9575	5070	1800076	9575	5351	1900074	9575	5631	2000222	9575	5913	2100198	9575	6193	2200373	9575	6473	2300121	9575	6757	2400083	9490	7040	2500091	9490	7319	2600258	9490	7600	2700313	9328	7880	2800073	9328	8163	2900309	9328	8446	3000380	9228	8727	3100384	9131	9010	3200166	9131	9291	3300078	9131	9572	3400045	9055	9854	3500314	8884	
282	100354	45720	564	200309	39150	842	300106	34684	1122	400315	31145	1407	500229	22355	1690	600256	15015	1970	700072	13007	2249	800181	11608	2529	900337	11163	2804	1000146	10643	3084	1100198	10285	3362	1200052	9778	3642	1300144	9778	3922	1400393	9688	4202	1500154	9520	4481	1600276	9430	4759	1700336	9430	5038	1800091	9350	5320	1900140	9187	5601	2000197	9187	5880	2100383	9187	6158	2200343	9103	6437	2300068	9103	6717	2400103	9103	6999	2500070	9037	7280	2600344	8948	7560	2700271	8948	7843	2800253	8855	8124	2900255	8855	8404	3000216	8779	8685	3100374	8779	8965	3200367	8779	9240	3300096	8779	9522	3400113	8779	9806	3500356	8779	
285	100340	44349	569	200072	38893	850	300390	35933	1128	400297	32047	1411	500312	24797	1698	600280	14954	1980	700287	11944	2260	800247	11017	2539	900052	9986	2818	1000353	9900	3096	1100230	9738	3373	1200047	9562	3657	1300335	9392	3937	1400265	9313	4217	1500175	9080	4499	1600215	9080	4781	1700157	8856	5062	1800077	8777	5344	1900161	8614	5622	2000222	8533	5900	2100174	8456	6179	2200060	8383	6460	2300045	8383	6742	2400348	8383	7023	2500143	8383	7300	2600365	8383	7579	2700131	8383	7860	2800339	8383	8139	2900221	8293	8421	3000231	8204	8700	3100248	8204	8980	3200144	8204	9263	3300327	8204	9543	3400202	8204	9822	3500193	8204	
