versja nr 3;wspolczynnik mutacji 1.500000;wielkosc populacji 45
283	100230	568	500	178465	568	558	200234	568	837	300178	568	1000	358344	568	1118	400355	568	1399	500283	568	1500	536189	568	1680	600248	568	1960	700236	568	2000	714505	568	2240	800045	568	2500	892646	568	2521	900148	568	2802	1000354	568	3000	1071162	568	3082	1100374	568	3362	1200017	568	3500	1249263	568	3642	1300106	568	3922	1400182	568	4000	1427928	568	4203	1500180	568	4485	1600315	568	4500	1605634	568	4765	1700131	568	5000	1783980	568	5045	1800050	568	5327	1900238	568	5500	1961808	568	5608	2000337	568	5889	2100144	568	6000	2139497	568	6170	2200058	568	6451	2300033	568	6500	2317405	568	6733	2400292	568	7000	2495409	568	7013	2500093	568	
283	100176	629	500	177302	629	564	200058	629	846	300144	629	1000	355212	629	1127	400275	629	1408	500115	629	1500	532808	629	1690	600091	629	1972	700239	629	2000	710164	629	2253	800071	629	2500	888396	629	2533	900087	629	2816	1000269	629	3000	1065413	629	3098	1100182	629	3380	1200293	629	3500	1242957	629	3661	1300089	629	3943	1400351	629	4000	1420640	629	4223	1500046	629	4500	1598547	629	4505	1600326	629	4787	1700163	629	5000	1775756	629	5069	1800190	629	5351	1900141	629	5500	1953130	629	5633	2000286	629	5915	2100098	629	6000	2130186	629	6197	2200086	629	6477	2300082	629	6500	2308342	629	6753	2400091	629	7000	2487991	629	7034	2500035	629	
292	100356	705	500	171971	705	582	200215	705	870	300191	705	1000	344939	705	1160	400108	705	1451	500054	705	1500	516938	705	1737	600212	705	2000	690803	705	2027	700102	705	2318	800253	705	2500	863087	705	2608	900291	705	2898	1000292	705	3000	1035455	705	3189	1100352	705	3479	1200057	705	3500	1207351	705	3769	1300278	705	4000	1379963	705	4059	1400261	705	4349	1500265	705	4500	1552962	705	4632	1600160	705	4921	1700227	705	5000	1727419	705	5212	1800265	705	5500	1899419	705	5502	1900132	705	5792	2000032	705	6000	2071441	705	6084	2100317	705	6375	2200323	705	6500	2244014	705	6663	2300170	705	6954	2400219	705	7000	2416006	705	7245	2500262	705	
284	100069	682	500	176440	682	566	200039	682	848	300272	682	1000	355059	682	1128	400316	682	1411	500237	682	1500	531814	682	1692	600171	682	1974	700175	682	2000	709431	682	2249	800145	682	2500	889254	682	2531	900259	682	2813	1000364	682	3000	1066679	682	3094	1100319	682	3375	1200121	682	3500	1244281	682	3658	1300214	682	3940	1400147	682	4000	1421380	682	4223	1500207	682	4500	1598012	682	4506	1600136	682	4788	1700058	682	5000	1774994	682	5071	1800192	682	5353	1900114	682	5500	1952326	682	5634	2000036	682	5917	2100180	682	6000	2129463	682	6200	2200338	682	6481	2300104	682	6500	2306781	682	6764	2400138	682	7000	2483509	682	7047	2500118	682	
288	100352	807	500	174363	807	574	200193	807	861	300360	807	1000	349034	807	1147	400274	807	1434	500257	807	1500	523339	807	1720	600072	807	2000	697676	807	2007	700133	807	2294	800180	807	2500	872176	807	2580	900033	807	2867	1000264	807	3000	1046795	807	3153	1100356	807	3438	1200299	807	3500	1221986	807	3724	1300309	807	4000	1396948	807	4009	1400110	807	4296	1500293	807	4500	1571635	807	4582	1600222	807	4868	1700304	807	5000	1746339	807	5154	1800092	807	5439	1900078	807	5500	1921537	807	5725	2000312	807	6000	2096426	807	6011	2100278	807	6297	2200234	807	6500	2270947	807	6584	2300282	807	6870	2400342	807	7000	2445680	807	7156	2500193	807	
282	100229	785	500	177875	785	563	200187	785	843	300119	785	1000	356169	785	1124	400363	785	1405	500338	785	1500	534144	785	1686	600062	785	1967	700090	785	2000	711800	785	2249	800272	785	2500	889578	785	2530	900262	785	2810	1000117	785	3000	1068028	785	3090	1100284	785	3367	1200208	785	3500	1247724	785	3648	1300343	785	3928	1400199	785	4000	1425705	785	4209	1500109	785	4490	1600149	785	4500	1603742	785	4771	1700308	785	5000	1782049	785	5051	1800209	785	5332	1900202	785	5500	1959863	785	5613	2000097	785	5892	2100089	785	6000	2146133	785	6150	2200371	785	6429	2300095	785	6500	2325326	785	6711	2400294	785	6993	2500372	785	
290	100154	634	500	173033	634	578	200298	634	865	300114	634	1000	347141	634	1153	400229	634	1441	500057	634	1500	520570	634	1729	600331	634	2000	694140	634	2017	700069	634	2306	800263	634	2500	867884	634	2593	900136	634	2881	1000040	634	3000	1041236	634	3169	1100087	634	3456	1200355	634	3500	1215736	634	3740	1300318	634	4000	1391378	634	4025	1400208	634	4314	1500346	634	4500	1564671	634	4602	1600084	634	4892	1700314	634	5000	1737781	634	5180	1800311	634	5468	1900230	634	5500	1911333	634	5756	2000190	634	6000	2084760	634	6044	2100034	634	6331	2200018	634	6500	2258713	634	6619	2300181	634	6908	2400143	634	7000	2432050	634	7197	2500269	634	
281	100149	480	500	178891	480	560	200300	480	839	300329	480	1000	358013	480	1118	400315	480	1392	500259	480	1500	539578	480	1669	600077	480	1947	700107	480	2000	719097	480	2226	800107	480	2500	898245	480	2505	900048	480	2784	1000060	480	3000	1077349	480	3064	1100182	480	3342	1200086	480	3500	1256732	480	3621	1300129	480	3900	1400171	480	4000	1436039	480	4180	1500337	480	4459	1600160	480	4500	1614805	480	4739	1700192	480	5000	1793956	480	5017	1800084	480	5295	1900127	480	5500	1973859	480	5574	2000361	480	5853	2100179	480	6000	2152777	480	6132	2200295	480	6412	2300313	480	6500	2331752	480	6692	2400226	480	6970	2500029	480	
297	100179	640	500	168930	640	592	200220	640	886	300045	640	1000	338852	640	1181	400043	640	1475	500083	640	1500	508559	640	1771	600314	640	2000	678109	640	2065	700286	640	2358	800222	640	2500	848466	640	2652	900097	640	2948	1000190	640	3000	1017849	640	3242	1100254	640	3500	1187974	640	3536	1200154	640	3830	1300288	640	4000	1358069	640	4123	1400077	640	4418	1500061	640	4500	1527790	640	4714	1600254	640	5000	1697254	640	5009	1700308	640	5304	1800131	640	5500	1866320	640	5600	1900239	640	5895	2000143	640	6000	2035732	640	6189	2100159	640	6483	2200278	640	6500	2206066	640	6778	2300292	640	7000	2375469	640	7073	2400213	640	7368	2500187	640	
281	100208	829	500	178420	829	561	200148	829	841	300283	829	1000	356949	829	1121	400134	829	1401	500079	829	1500	535492	829	1682	600360	829	1962	700297	829	2000	714054	829	2240	800042	829	2500	893148	829	2520	900347	829	2800	1000297	829	3000	1071662	829	3079	1100336	829	3357	1200025	829	3500	1251031	829	3637	1300110	829	3917	1400086	829	4000	1429731	829	4197	1500086	829	4477	1600230	829	4500	1608487	829	4756	1700193	829	5000	1787426	829	5036	1800305	829	5308	1900264	829	5500	1969370	829	5586	2000213	829	5865	2100087	829	6000	2148522	829	6144	2200192	829	6423	2300107	829	6500	2327835	829	6703	2400350	829	6982	2500231	829	
302	100051	242	500	165878	242	602	200069	242	904	300332	242	1000	332218	242	1205	400211	242	1500	498590	242	1505	500264	242	1804	600114	242	2000	665212	242	2105	700231	242	2406	800034	242	2500	831183	242	2707	900090	242	3000	997439	242	3008	1000093	242	3303	1100265	242	3500	1165997	242	3602	1200111	242	3902	1300084	242	4000	1332682	242	4203	1400263	242	4500	1498801	242	4504	1500148	242	4805	1600243	242	5000	1665521	242	5104	1700259	242	5405	1800262	242	5500	1831908	242	5705	1900083	242	6000	1998009	242	6006	2000029	242	6306	2100305	242	6500	2164989	242	6606	2200321	242	6907	2300327	242	7000	2331266	242	7207	2400046	242	7500	2497476	242	7508	2500172	242	
287	100158	199	500	175115	199	572	200265	199	835	300049	199	1000	357697	199	1121	400035	199	1408	500343	199	1500	532545	199	1693	600125	199	1978	700089	199	2000	707808	199	2264	800146	199	2500	882753	199	2550	900239	199	2836	1000272	199	3000	1057782	199	3121	1100213	199	3407	1200337	199	3500	1232930	199	3692	1300066	199	3978	1400313	199	4000	1408031	199	4262	1500024	199	4500	1584192	199	4546	1600335	199	4830	1700115	199	5000	1759736	199	5115	1800045	199	5400	1900269	199	5500	1935357	199	5685	2000087	199	5969	2100050	199	6000	2111061	199	6252	2200333	199	6500	2287420	199	6536	2300019	199	6822	2400126	199	7000	2462581	199	7107	2500352	199	
285	100308	158	500	176714	158	566	200053	158	848	300031	158	1000	354233	158	1129	400035	158	1411	500099	158	1500	531996	158	1692	600234	158	1973	700281	158	2000	709908	158	2255	800335	158	2500	887453	158	2536	900294	158	2817	1000349	158	3000	1065683	158	3097	1100190	158	3378	1200197	158	3500	1243462	158	3660	1300166	158	3942	1400276	158	4000	1420873	158	4224	1500240	158	4500	1598084	158	4506	1600232	158	4787	1700088	158	5000	1775981	158	5067	1800216	158	5347	1900060	158	5500	1954334	158	5629	2000207	158	5911	2100126	158	6000	2131589	158	6193	2200152	158	6475	2300194	158	6500	2309044	158	6757	2400281	158	7000	2488865	158	7032	2500257	158	
300	100127	241	500	167238	241	598	200093	241	897	300247	241	1000	334752	241	1196	400325	241	1493	500310	241	1500	502688	241	1790	600043	241	2000	670636	241	2088	700064	241	2387	800240	241	2500	838601	241	2682	900145	241	2980	1000043	241	3000	1007007	241	3278	1100297	241	3500	1174886	241	3575	1200094	241	3873	1300064	241	4000	1342451	241	4172	1400026	241	4471	1500075	241	4500	1509769	241	4767	1600313	241	5000	1680722	241	5057	1700274	241	5354	1800314	241	5500	1849232	241	5651	1900028	241	5950	2000299	241	6000	2017383	241	6245	2100063	241	6500	2185825	241	6543	2200238	241	6840	2300155	241	7000	2354008	241	7138	2400233	241	7436	2500208	241	
288	100132	280	500	174433	280	574	200283	280	860	300306	280	1000	349318	280	1146	400336	280	1432	500249	280	1500	524115	280	1718	600182	280	2000	699407	280	2002	700120	280	2282	800082	280	2500	877216	280	2565	900025	280	2851	1000192	280	3000	1052355	280	3137	1100350	280	3420	1200019	280	3500	1227935	280	3707	1300307	280	3993	1400285	280	4000	1402744	280	4276	1500021	280	4500	1578413	280	4562	1600114	280	4847	1700231	280	5000	1753735	280	5133	1800286	280	5419	1900237	280	5500	1928592	280	5704	2000091	280	5991	2100304	280	6000	2103448	280	6276	2200068	280	6500	2278279	280	6563	2300302	280	6849	2400299	280	7000	2453024	280	7135	2500085	280	
301	100119	338	500	166216	338	603	200297	338	903	300072	338	1000	332133	338	1204	400116	338	1500	498128	338	1506	500125	338	1808	600337	338	2000	663791	338	2110	700101	338	2413	800205	338	2500	829115	338	2713	900117	338	3000	995616	338	3014	1000289	338	3315	1100126	338	3500	1161296	338	3617	1200031	338	3919	1300140	338	4000	1326874	338	4220	1400212	338	4500	1493152	338	4521	1500107	338	4823	1600050	338	5000	1658634	338	5125	1700024	338	5428	1800314	338	5500	1824217	338	5729	1900141	338	6000	1989821	338	6031	2000131	338	6332	2100125	338	6500	2156132	338	6633	2200151	338	6934	2300077	338	7000	2321987	338	7236	2400169	338	7500	2487536	338	7538	2500178	338	
295	100210	241	500	170291	241	588	200329	241	880	300211	241	1000	341287	241	1172	400204	241	1464	500275	241	1500	512588	241	1755	600221	241	2000	683937	241	2047	700076	241	2340	800058	241	2500	854728	241	2633	900209	241	2924	1000257	241	3000	1026390	241	3215	1100052	241	3500	1197461	241	3508	1200212	241	3801	1300223	241	4000	1368185	241	4093	1400223	241	4384	1500040	241	4500	1539790	241	4677	1600342	241	4969	1700274	241	5000	1710840	241	5261	1800072	241	5500	1882293	241	5553	1900318	241	5845	2000273	241	6000	2053329	241	6137	2100298	241	6422	2200235	241	6500	2227037	241	6714	2300198	241	7000	2398604	241	7005	2400331	241	7296	2500178	241	
288	100075	271	500	174238	271	575	200289	271	861	300312	271	1000	349171	271	1146	400216	271	1433	500159	271	1500	523557	271	1720	600252	271	2000	697852	271	2007	700346	271	2293	800117	271	2500	872364	271	2579	900130	271	2862	1000310	271	3000	1048597	271	3146	1100155	271	3431	1200173	271	3500	1224173	271	3718	1300361	271	3996	1400064	271	4000	1401464	271	4282	1500185	271	4500	1576235	271	4569	1600339	271	4855	1700274	271	5000	1750900	271	5141	1800144	271	5428	1900061	271	5500	1925236	271	5713	2000200	271	5998	2100344	271	6000	2101060	271	6283	2200079	271	6500	2275656	271	6570	2300036	271	6857	2400187	271	7000	2450279	271	7143	2500253	271	
297	100041	214	500	168878	214	592	200042	214	887	300342	214	1000	338696	214	1181	400165	214	1477	500250	214	1500	508116	214	1764	600135	214	2000	680048	214	2059	700066	214	2355	800277	214	2500	849497	214	2649	900302	214	2944	1000335	214	3000	1019493	214	3237	1100227	214	3500	1189968	214	3530	1200153	214	3826	1300297	214	4000	1359224	214	4121	1400180	214	4416	1500150	214	4500	1528574	214	4711	1600116	214	5000	1698279	214	5006	1700321	214	5299	1800203	214	5500	1868268	214	5594	1900249	214	5888	2000075	214	6000	2038119	214	6183	2100264	214	6476	2200094	214	6500	2208275	214	6771	2300316	214	7000	2378475	214	7064	2400247	214	7359	2500228	214	
287	100125	290	500	173573	290	577	200326	290	865	300230	290	1000	347084	290	1153	400117	290	1442	500231	290	1500	520374	290	1730	600100	290	2000	693706	290	2019	700258	290	2307	800047	290	2500	866950	290	2595	900048	290	2884	1000101	290	3000	1040307	290	3172	1100090	290	3461	1200159	290	3500	1213658	290	3749	1300249	290	4000	1388361	290	4034	1400271	290	4321	1500250	290	4500	1562824	290	4608	1600134	290	4897	1700104	290	5000	1735615	290	5187	1800337	290	5475	1900238	290	5500	1908874	290	5763	2000186	290	6000	2082087	290	6052	2100151	290	6340	2200266	290	6500	2255729	290	6628	2300070	290	6917	2400166	290	7000	2428878	290	7206	2500072	290	
94	100894	4490	187	200861	4490	280	300652	4490	373	400726	4490	466	500777	4490	500	537388	4490	559	601017	4490	651	700147	4490	744	800333	4490	836	900211	4490	929	1000530	4490	1000	1076558	4490	1022	1100175	4490	1116	1200836	4490	1209	1300374	4490	1302	1400173	4490	1395	1500115	4490	1489	1600761	4490	1500	1612626	4490	1582	1700668	4490	1675	1800559	4490	1767	1900919	4490	1859	2000790	4490	1952	2100531	4490	2000	2152088	4490	2045	2200408	4490	2138	2300469	4490	2231	2400384	4490	2325	2501087	4490	
93	100111	4296	186	201052	4296	278	300669	4296	370	400299	4296	463	501068	4296	500	541237	4296	555	600708	4296	647	700545	4296	739	800423	4296	831	900266	4296	924	1001164	4296	1000	1086314	4296	1013	1100629	4296	1105	1200710	4296	1197	1300525	4296	1289	1400435	4296	1381	1500517	4296	1473	1600782	4296	1500	1630174	4296	1565	1700863	4296	1657	1800879	4296	1749	1900918	4296	1841	2001009	4296	1933	2100730	4296	2000	2173521	4296	2025	2200636	4296	2117	2300458	4296	2210	2401042	4296	2302	2500596	4296	
94	100680	4732	185	200836	4732	277	300694	4732	370	400743	4732	463	501051	4732	500	541175	4732	555	600715	4732	647	700382	4732	740	800721	4732	832	900107	4732	925	1000152	4732	1000	1080857	4732	1018	1100319	4732	1111	1200521	4732	1204	1300655	4732	1297	1401095	4732	1389	1500133	4732	1482	1600464	4732	1500	1619862	4732	1575	1700588	4732	1668	1800707	4732	1761	1900873	4732	1854	2000846	4732	1946	2100927	4732	2000	2159052	4732	2039	2201045	4732	2132	2300849	4732	2225	2400895	4732	2318	2501099	4732	
94	100853	3619	186	200645	3619	279	300919	3619	372	401025	3619	464	500316	3619	500	539059	3619	557	600557	3619	650	700925	3619	742	800264	3619	835	900563	3619	928	1000989	3619	1000	1078572	3619	1021	1101133	3619	1113	1200492	3619	1205	1300121	3619	1298	1400444	3619	1391	1501005	3619	1483	1600461	3619	1500	1618952	3619	1576	1700859	3619	1668	1801162	3619	1760	1900271	3619	1853	2000513	3619	1946	2100862	3619	2000	2159121	3619	2039	2201127	3619	2131	2300826	3619	2222	2401106	3619	2314	2500389	3619	
92	100157	3722	183	200164	3722	275	301042	3722	366	400765	3722	457	500456	3722	500	548063	3722	547	600098	3722	638	700488	3722	729	801055	3722	820	900977	3722	910	1000501	3722	1000	1099258	3722	1001	1100440	3722	1092	1200392	3722	1183	1300358	3722	1274	1400144	3722	1363	1500421	3722	1453	1600138	3722	1500	1651905	3722	1544	1700443	3722	1635	1800419	3722	1726	1900317	3722	1818	2001064	3722	1908	2100365	3722	1999	2200726	3722	2000	2201889	3722	2090	2300953	3722	2180	2400197	3722	2271	2500254	3722	
92	100679	4557	183	200466	4557	274	300643	4557	365	400205	4557	457	500662	4557	500	547769	4557	546	600622	4557	636	700191	4557	728	800997	4557	819	900433	4557	911	1000911	4557	1000	1098273	4557	1002	1100542	4557	1093	1200210	4557	1185	1301152	4557	1276	1400808	4557	1367	1500547	4557	1458	1601027	4557	1500	1647107	4557	1549	1701126	4557	1640	1800896	4557	1731	1900976	4557	1822	2000863	4557	1912	2100085	4557	2000	2196237	4557	2004	2200720	4557	2095	2300353	4557	2187	2401018	4557	2278	2500825	4557	
93	101093	3801	184	200674	3801	275	300432	3801	367	400838	3801	458	500117	3801	500	546261	3801	549	600340	3801	641	701143	3801	732	800517	3801	823	900092	3801	915	1000884	3801	1000	1093455	3801	1007	1101088	3801	1098	1200709	3801	1190	1301078	3801	1281	1400176	3801	1373	1500915	3801	1464	1600954	3801	1500	1640310	3801	1555	1700229	3801	1646	1800077	3801	1738	1900626	3801	1830	2001094	3801	1921	2100890	3801	2000	2187138	3801	2012	2200337	3801	2104	2300833	3801	2195	2400145	3801	2287	2500460	3801	
91	100520	4198	181	200600	4198	270	300124	4198	360	400226	4198	449	500240	4198	500	557247	4198	539	600921	4198	628	700108	4198	718	800336	4198	808	900705	4198	898	1000963	4198	987	1100392	4198	1000	1114980	4198	1077	1200997	4198	1166	1300352	4198	1256	1400476	4198	1346	1500809	4198	1436	1601168	4198	1500	1672324	4198	1525	1700211	4198	1615	1800529	4198	1703	1900357	4198	1792	2001139	4198	1881	2100723	4198	1971	2200722	4198	2000	2233276	4198	2060	2300294	4198	2150	2401107	4198	2239	2500598	4198	
94	100261	4315	188	200950	4315	281	300488	4315	374	400202	4315	468	500830	4315	500	535332	4315	561	600512	4315	655	700913	4315	748	800257	4315	842	900669	4315	936	1000918	4315	1000	1071459	4315	1027	1100424	4315	1121	1200785	4315	1215	1300847	4315	1308	1400447	4315	1402	1501033	4315	1495	1600680	4315	1500	1606092	4315	1588	1700259	4315	1682	1800688	4315	1776	1901048	4315	1869	2000580	4315	1963	2101071	4315	2000	2140801	4315	2056	2200712	4315	2149	2300226	4315	2243	2400679	4315	2337	2501049	4315	
93	100260	4345	183	200500	4345	274	300339	4345	365	400768	4345	457	501076	4345	500	547867	4345	548	600330	4345	640	700280	4345	732	800504	4345	824	900608	4345	916	1000996	4345	1000	1092688	4345	1007	1100401	4345	1099	1200520	4345	1191	1300722	4345	1282	1400275	4345	1374	1500813	4345	1466	1600697	4345	1500	1637621	4345	1558	1700958	4345	1650	1800964	4345	1741	1900569	4345	1833	2000747	4345	1925	2101074	4345	2000	2182976	4345	2016	2200548	4345	2108	2300362	4345	2200	2400526	4345	2292	2500398	4345	
95	100567	1233	188	200489	1233	281	300665	1233	374	400767	1233	464	500510	1233	500	539331	1233	557	601070	1233	649	700218	1233	742	800608	1233	835	900402	1233	928	1000373	1233	1000	1078027	1233	1021	1100768	1233	1114	1200729	1233	1207	1300820	1233	1300	1400715	1233	1392	1500094	1233	1485	1600166	1233	1500	1616268	1233	1578	1700383	1233	1671	1800477	1233	1764	1900549	1233	1857	2000586	1233	1950	2100490	1233	2000	2154276	1233	2043	2200641	1233	2135	2301054	1233	2226	2401148	1233	2319	2500972	1233	
96	100514	1342	189	200184	1342	282	300083	1342	376	400922	1342	469	500790	1342	500	533955	1342	562	600312	1342	656	700828	1342	749	800715	1342	842	900490	1342	935	1000454	1342	1000	1070452	1342	1028	1100360	1342	1121	1200141	1342	1215	1300999	1342	1308	1400529	1342	1399	1500298	1342	1492	1600136	1342	1500	1608751	1342	1585	1700142	1342	1679	1801071	1342	1772	1900927	1342	1865	2001028	1342	1958	2101055	1342	2000	2146126	1342	2051	2200796	1342	2144	2300495	1342	2237	2400194	1342	2331	2500646	1342	
94	100980	1874	184	200154	1874	276	300902	1874	367	400427	1874	458	500161	1874	500	546278	1874	549	600069	1874	638	700656	1874	729	800306	1874	820	900355	1874	911	1000690	1874	1000	1098606	1874	1002	1100868	1874	1093	1201010	1874	1184	1300933	1874	1275	1400562	1874	1366	1500246	1874	1458	1600804	1874	1500	1646905	1874	1549	1700929	1874	1640	1801161	1874	1731	1900515	1874	1822	2000407	1874	1913	2100417	1874	2000	2196120	1874	2004	2200582	1874	2095	2300220	1874	2187	2401127	1874	2278	2500496	1874	
97	100995	1304	190	200434	1304	284	300719	1304	378	401040	1304	471	500560	1304	500	531514	1304	565	601101	1304	658	700597	1304	752	801065	1304	845	900845	1304	939	1001028	1304	1000	1066116	1304	1032	1100387	1304	1126	1200701	1304	1219	1300182	1304	1314	1401117	1304	1407	1500424	1304	1500	1599292	1304	1501	1600442	1304	1594	1700369	1304	1688	1800958	1304	1782	1900980	1304	1875	2000388	1304	1969	2100997	1304	2000	2134078	1304	2062	2200450	1304	2156	2300797	1304	2250	2400857	1304	2344	2500953	1304	
98	100308	1121	194	201079	1121	289	300579	1121	384	400502	1121	479	500313	1121	500	522404	1121	575	600760	1121	670	700551	1121	765	800414	1121	861	901080	1121	956	1000397	1121	1000	1046586	1121	1052	1101011	1121	1147	1200322	1121	1243	1300660	1121	1339	1401057	1121	1434	1500347	1121	1500	1569442	1121	1530	1600986	1121	1625	1700594	1121	1720	1800133	1121	1815	1900175	1121	1908	2000282	1121	2000	2097200	1121	2003	2100381	1121	2099	2200957	1121	2194	2300411	1121	2289	2400099	1121	2385	2500961	1121	
96	101103	1016	188	200834	1016	280	300137	1016	373	400523	1016	466	500795	1016	500	537534	1016	558	600267	1016	651	700870	1016	743	800182	1016	836	900702	1016	928	1000193	1016	1000	1079736	1016	1019	1100563	1016	1112	1200882	1016	1204	1300273	1016	1297	1400616	1016	1389	1500137	1016	1482	1600295	1016	1500	1619830	1016	1575	1700875	1016	1667	1800203	1016	1760	1900842	1016	1852	2000151	1016	1945	2100621	1016	2000	2160212	1016	2037	2200281	1016	2130	2300769	1016	2222	2400364	1016	2315	2501053	1016	
99	100318	1244	194	200783	1244	289	300797	1244	385	400244	1244	482	500650	1244	500	519245	1244	578	600285	1244	675	700795	1244	772	801061	1244	867	900376	1244	964	1000827	1244	1000	1038144	1244	1060	1100317	1244	1157	1200794	1244	1253	1301063	1244	1349	1401002	1244	1445	1500740	1244	1500	1557665	1244	1542	1601033	1244	1638	1700663	1244	1734	1800226	1244	1831	1900848	1244	1927	2000455	1244	2000	2076223	1244	2024	2101082	1244	2120	2200141	1244	2217	2300437	1244	2314	2400633	1244	2411	2500884	1244	
94	100924	1645	184	200757	1645	274	300297	1645	365	400883	1645	455	500559	1645	500	550419	1645	545	600385	1645	636	701131	1645	726	800296	1645	817	900913	1645	907	1000855	1645	997	1100552	1645	1000	1103982	1645	1088	1201147	1645	1178	1300750	1645	1268	1400316	1645	1359	1500710	1645	1449	1600108	1645	1500	1656399	1645	1540	1700622	1645	1631	1800814	1645	1722	1901154	1645	1812	2000660	1645	1902	2100180	1645	1993	2200750	1645	2000	2208556	1645	2083	2300113	1645	2172	2401038	1645	2262	2500540	1645	
93	101115	1283	182	200454	1283	272	300967	1283	362	401148	1283	451	500183	1283	500	554811	1283	541	600382	1283	631	700761	1283	721	801059	1283	810	900708	1283	899	1000114	1283	989	1100908	1283	1000	1113299	1283	1079	1201162	1283	1168	1300267	1283	1258	1400334	1283	1346	1500410	1283	1435	1600743	1283	1500	1673018	1283	1525	1700871	1283	1614	1800365	1283	1704	1900977	1283	1792	2000207	1283	1882	2100414	1283	1972	2200724	1283	2000	2231879	1283	2062	2301072	1283	2151	2400106	1283	2241	2500850	1283	
98	100116	1544	194	200258	1544	290	300707	1544	385	400858	1544	481	500814	1544	500	520650	1544	576	600438	1544	669	700373	1544	765	800848	1544	860	900327	1544	956	1000436	1544	1000	1046470	1544	1052	1100501	1544	1148	1200373	1544	1244	1300400	1544	1340	1400554	1544	1436	1500844	1544	1500	1567657	1544	1532	1600991	1544	1627	1700241	1544	1723	1800135	1544	1820	1900829	1544	1916	2000629	1544	2000	2087902	1544	2012	2100410	1544	2108	2200150	1544	2204	2300835	1544	2299	2400686	1544	2394	2500106	1544	
21	104941	22807	41	205210	22807	60	300999	22807	80	401431	22807	100	502164	22807	120	602698	22807	140	703244	22807	160	804003	22807	180	904673	22807	200	1005329	22807	219	1101205	22807	239	1202108	22807	259	1302704	22807	279	1403172	22807	299	1503743	22807	319	1604198	22807	339	1704685	22807	359	1805307	22807	378	1900919	22807	398	2001452	22807	418	2102560	22807	438	2203131	22807	458	2303600	22807	478	2404667	22807	498	2505256	22807	
21	105181	24346	40	200857	24346	60	302170	24346	80	403511	24346	100	504283	24346	120	604766	24346	139	700635	24346	159	801592	24346	179	902427	24346	199	1003303	24346	219	1104113	24346	239	1204628	24346	259	1305016	24346	278	1400770	24346	298	1501308	24346	317	1603399	24346	337	1704663	24346	357	1804824	24346	376	1900709	24346	396	2001478	24346	416	2102612	24346	436	2203406	24346	456	2304344	24346	476	2404790	24346	495	2500523	24346	
20	101042	22931	40	201753	22931	60	302513	22931	80	402871	22931	100	504105	22931	119	602712	22931	139	703576	22931	159	804509	22931	179	905302	22931	198	1001252	22931	218	1102473	22931	238	1204518	22931	258	1305065	22931	277	1400770	22931	297	1501556	22931	317	1602299	22931	337	1703068	22931	357	1803623	22931	377	1904343	22931	397	2004987	22931	416	2100529	22931	436	2201526	22931	456	2301957	22931	476	2402429	22931	496	2502994	22931	
21	105208	24346	40	200659	24346	60	301151	23546	80	401419	23546	100	501542	23546	120	601689	23546	140	701912	23546	160	802497	23546	180	903222	23546	200	1003968	23546	220	1104232	23546	240	1204791	23546	260	1305135	23546	279	1400472	23546	299	1501908	23546	319	1602221	23546	339	1702434	23546	359	1802812	23546	379	1903536	23546	399	2004009	23546	419	2104442	23546	439	2205190	23546	458	2300496	23546	478	2400781	23546	498	2502988	23546	
21	105240	23211	40	202012	23211	60	303415	23211	80	404918	23211	99	501625	23211	119	603316	23211	139	704945	23211	158	801684	23211	178	903485	23211	198	1005014	23211	217	1101483	23211	237	1202898	23211	257	1304595	23211	276	1403557	23211	295	1501088	23211	315	1602740	23211	335	1704441	23211	354	1800906	23211	374	1902277	23211	394	2003607	23211	414	2105318	23211	433	2201648	23211	453	2303009	23211	473	2404242	23211	492	2501471	23211	
21	104578	22720	41	205083	22720	60	301931	22720	80	403775	22720	100	504134	22720	120	604496	22720	140	704721	22720	159	800778	22720	179	901773	22720	199	1002248	22720	219	1102676	22720	239	1202929	22720	259	1303301	22720	279	1403456	22720	299	1503874	22720	319	1604856	22720	339	1705450	22720	358	1800949	22720	378	1901421	22720	398	2001663	22720	418	2102186	22720	438	2202596	22720	458	2302926	22720	478	2403403	22720	498	2504154	22720	
20	100487	23933	40	201077	23933	60	301543	23933	80	401990	23933	100	502888	23933	120	603157	23933	140	703860	23933	160	804717	23933	180	905362	23933	199	1000674	23933	219	1101496	23933	239	1201998	23933	259	1302494	23933	279	1402784	23933	299	1503487	23933	319	1603990	23933	339	1704749	23933	359	1805312	23933	378	1900772	23933	398	2001382	23933	418	2101906	23933	438	2202496	23933	458	2304722	23933	478	2405120	23933	497	2500585	23933	
21	104617	25425	41	204368	25425	61	303977	25425	81	403921	25425	101	503140	25425	121	602701	25425	141	702395	25425	161	802531	25425	181	902255	25425	201	1002134	25425	221	1101486	25425	241	1203467	25425	261	1303667	25425	281	1402772	25425	301	1502071	25425	321	1601736	25425	341	1701258	25425	361	1800964	25425	381	1900638	25425	401	2000671	25425	421	2100454	25425	442	2204868	25425	462	2304278	25425	482	2403612	25425	500	2493311	25425	502	2503596	25425	
20	102506	24664	39	201826	24664	59	304529	24664	78	401638	24664	98	504874	24664	117	602376	24664	137	704606	24664	156	801877	24664	176	904371	24664	195	1001533	24664	215	1103749	24664	234	1201153	24664	254	1303616	24664	273	1401088	24664	293	1503710	24664	312	1601408	24664	332	1703675	24664	351	1801435	24664	371	1903949	24664	390	2001104	24664	410	2103569	24664	429	2201464	24664	449	2303895	24664	468	2401301	24664	488	2503944	24664	
20	101590	25460	40	202898	25460	60	304455	25460	79	401250	25460	99	502636	25460	119	604150	25460	138	700431	25460	158	801539	25460	178	903045	25460	198	1004136	25460	217	1100799	25460	237	1202170	25460	257	1303632	25460	277	1404839	25460	296	1500998	25460	316	1602176	25460	336	1703221	25460	356	1804472	25460	375	1900505	25460	395	2001700	25460	415	2105043	25460	434	2201633	25460	454	2302956	25460	474	2404482	25460	493	2501074	25460	
21	104497	25565	41	204059	25565	61	303202	25565	81	402392	25565	101	501649	25565	121	601040	25565	142	705280	25565	162	805100	25565	182	904661	25565	200	1001384	25565	220	1101116	25565	240	1200454	25565	261	1304714	25565	281	1403894	25565	301	1502936	25565	321	1602346	25565	341	1701566	25565	361	1801117	25565	381	1900915	25565	402	2005157	25565	422	2104465	25565	442	2204143	25565	462	2304094	25565	482	2403222	25565	500	2492610	25565	502	2502908	25565	
21	101218	25100	42	202799	25100	63	304225	25100	83	400882	25100	104	502515	25100	125	603994	25100	145	701485	25100	166	803096	25100	187	904978	25100	207	1001385	25100	228	1103019	25100	249	1204358	25100	269	1300979	25100	290	1402983	25100	311	1504331	25100	331	1601180	25100	352	1702270	25100	373	1803454	25100	394	1904945	25100	414	2001512	25100	435	2103099	25100	456	2204513	25100	476	2300795	25100	497	2401725	25100	500	2416451	25100	518	2503381	25100	
21	105110	25298	41	205046	25298	61	305218	25298	81	404912	25298	101	504431	25298	121	604359	25298	141	704011	25298	161	803945	25298	181	903750	25298	201	1003384	25298	221	1103380	25298	241	1203371	25298	261	1303580	25298	281	1403525	25298	301	1503301	25298	321	1603511	25298	341	1703239	25298	361	1802882	25298	380	1900625	25298	400	2000417	25298	421	2105215	25298	441	2204790	25298	461	2305067	25298	481	2405014	25298	500	2499873	25298	501	2505215	25298	
21	103876	25129	41	203038	25129	61	301325	25129	82	405213	25129	102	503529	25129	122	601816	25129	142	700585	25129	162	800630	25129	183	904200	25129	203	1002853	25129	223	1101293	25129	244	1205182	25129	264	1303956	25129	284	1402333	25129	304	1501083	25129	325	1604098	25129	345	1702549	25129	365	1800708	25129	386	1904652	25129	406	2003556	25129	426	2102803	25129	446	2201731	25129	467	2305104	25129	487	2403742	25129	500	2467869	25129	507	2502676	25129	
21	102894	25094	41	200966	25094	62	304520	25094	82	402431	25094	102	500764	25094	123	603993	25094	143	702340	25094	163	800881	25094	184	903763	25094	204	1002139	25094	225	1105132	25094	245	1203315	25094	265	1301490	25094	286	1404589	25094	306	1502920	25094	326	1601059	25094	347	1704130	25094	367	1802354	25094	387	1901053	25094	408	2004267	25094	428	2102344	25094	448	2200497	25094	469	2303501	25094	489	2401311	25094	500	2455387	25094	510	2504581	25094	
21	102682	25616	41	200429	25616	62	303121	25616	82	401224	25616	103	504028	25616	123	602040	25616	144	704594	25616	164	802283	25616	185	905184	25616	205	1002710	25616	225	1100784	25616	246	1203569	25616	266	1301521	25616	287	1404391	25616	307	1502434	25616	327	1600659	25616	347	1700454	25616	368	1803168	25616	388	1901216	25616	409	2004261	25616	429	2102251	25616	450	2204777	25616	470	2302765	25616	490	2400756	25616	500	2449995	25616	511	2504206	25616	
21	104432	25347	41	204013	25347	61	303565	25347	81	403294	25347	101	502867	25347	121	605269	25347	141	704908	25347	161	804778	25347	181	904316	25347	201	1003758	25347	221	1103421	25347	241	1202987	25347	261	1303189	25347	281	1402848	25347	301	1502402	25347	321	1601865	25347	341	1701807	25347	361	1801409	25347	381	1901427	25347	401	2000896	25347	422	2105256	25347	442	2204720	25347	462	2304491	25347	482	2404405	25347	500	2494300	25347	502	2504604	25347	
21	103986	25118	41	202436	25118	61	301371	24235	82	404836	24235	102	503370	24235	122	602233	24235	142	700796	24235	163	804613	24235	183	903738	24235	203	1002604	24235	223	1101829	24235	243	1201035	24235	264	1304863	24235	284	1403487	24235	304	1502322	24235	324	1600931	24235	345	1704709	24235	365	1803551	24235	385	1902416	24235	405	2000903	24235	426	2105160	24235	446	2203976	24235	466	2302503	24235	486	2401369	24235	500	2472499	24235	506	2502333	24235	
21	101802	25350	42	203921	25350	62	301382	25350	83	403195	25350	103	500395	25350	124	602488	25350	145	704872	25350	165	802589	25350	185	900865	25350	206	1003117	25350	226	1100372	25350	247	1202481	25350	268	1304663	25350	288	1403893	25350	308	1501306	25350	329	1603230	25350	350	1705104	25350	370	1802556	25350	391	1904660	25350	411	2002030	25350	432	2104038	25350	452	2201490	25350	473	2303676	25350	493	2400988	25350	500	2435263	25350	514	2503866	25350	
21	103273	25265	41	201329	25265	62	304332	25265	82	404760	25265	102	502633	25265	122	600737	25265	143	704004	25265	163	801984	25265	184	905212	25265	204	1003590	25265	224	1101721	25265	245	1204840	25265	265	1303032	25265	285	1401823	25265	306	1505223	25265	326	1603496	25265	346	1701759	25265	367	1804606	25265	387	1902974	25265	407	2000851	25265	428	2104205	25265	448	2202135	25265	469	2305069	25265	489	2403153	25265	500	2457367	25265	509	2501979	25265	
311	100109	78	500	160720	78	623	200280	78	933	300117	78	1000	321741	78	1244	400215	78	1500	482473	78	1555	500276	78	1866	600223	78	2000	643296	78	2177	700194	78	2487	800028	78	2500	804201	78	2799	900311	78	3000	965363	78	3109	1000329	78	3420	1100287	78	3500	1125866	78	3731	1200052	78	4000	1286257	78	4043	1300060	78	4354	1400071	78	4500	1447203	78	4664	1500270	78	4972	1600033	78	5000	1609262	78	5283	1700211	78	5500	1769978	78	5594	1800068	78	5906	1900115	78	6000	1930245	78	6218	2000167	78	6500	2091550	78	6527	2100257	78	6837	2200084	78	7000	2252862	78	7147	2300020	78	7451	2400324	78	7500	2416102	78	7762	2500226	78	
305	100033	65	500	164001	65	611	200275	65	917	300180	65	1000	327290	65	1224	400288	65	1500	490417	65	1530	500234	65	1835	600056	65	2000	654067	65	2141	700130	65	2447	800134	65	2500	817567	65	2752	900126	65	3000	981239	65	3058	1000327	65	3363	1100232	65	3500	1144980	65	3668	1200252	65	3974	1300267	65	4000	1308756	65	4280	1400294	65	4500	1472372	65	4585	1500188	65	4882	1600277	65	5000	1638849	65	5188	1700132	65	5493	1800192	65	5500	1802479	65	5799	1900232	65	6000	1966180	65	6104	2000115	65	6408	2100083	65	6500	2130254	65	6714	2200314	65	7000	2293997	65	7019	2300200	65	7323	2400064	65	7500	2457992	65	7629	2500277	65	
314	100109	86	500	159596	86	626	200058	86	939	300269	86	1000	319848	86	1249	400332	86	1500	481231	86	1559	500260	86	1869	600309	86	2000	642030	86	2182	700288	86	2469	800061	86	2500	810144	86	2781	900142	86	3000	970315	86	3093	1000124	86	3407	1100268	86	3500	1129912	86	3720	1200082	86	4000	1289813	86	4032	1300034	86	4344	1400113	86	4500	1449805	86	4657	1500020	86	4971	1600274	86	5000	1609570	86	5284	1700136	86	5500	1769815	86	5594	1800286	86	5905	1900222	86	6000	1930664	86	6217	2000054	86	6500	2090552	86	6530	2100068	86	6844	2200339	86	7000	2250029	86	7157	2300313	86	7469	2400122	86	7500	2409965	86	7782	2500015	86	
312	100111	61	500	159986	61	626	200063	61	941	300147	61	1000	318902	61	1255	400030	61	1500	478307	61	1569	500195	61	1884	600223	61	2000	637151	61	2199	700315	61	2500	796114	61	2513	800272	61	2827	900293	61	3000	955329	61	3141	1000150	61	3454	1100142	61	3500	1114780	61	3767	1200206	61	4000	1274530	61	4080	1300168	61	4394	1400324	61	4500	1434484	61	4706	1500110	61	5000	1593381	61	5021	1600074	61	5336	1700290	61	5500	1752457	61	5650	1800286	61	5965	1900239	61	6000	1911462	61	6279	2000053	61	6500	2070327	61	6594	2100298	61	6907	2200062	61	7000	2229969	61	7220	2300061	61	7500	2389979	61	7532	2400313	61	7843	2500266	61	
295	100139	87	500	170192	87	588	200075	87	884	300189	87	1000	339407	87	1179	400087	87	1476	500301	87	1500	508401	87	1772	600078	87	2000	677318	87	2067	700142	87	2362	800094	87	2500	846732	87	2658	900092	87	2952	1000079	87	3000	1016329	87	3248	1100207	87	3500	1189836	87	3531	1200315	87	3826	1300350	87	4000	1359231	87	4121	1400106	87	4417	1500209	87	4500	1528321	87	4712	1600288	87	5000	1697392	87	5008	1700130	87	5301	1800164	87	5500	1867673	87	5596	1900015	87	5893	2000263	87	6000	2036320	87	6189	2100145	87	6477	2200263	87	6500	2208027	87	6772	2300044	87	7000	2377121	87	7068	2400145	87	7364	2500119	87	
333	100131	88	500	149869	88	669	200116	88	1000	298904	88	1004	300114	88	1340	400092	88	1500	447724	88	1677	500290	88	2000	596165	88	2013	600069	88	2351	700315	88	2500	744646	88	2687	800202	88	3000	893126	88	3024	900299	88	3357	1000215	88	3500	1042683	88	3693	1100017	88	4000	1191315	88	4030	1200224	88	4365	1300036	88	4500	1342259	88	4693	1400196	88	5000	1491579	88	5029	1500207	88	5364	1600024	88	5500	1640538	88	5701	1700175	88	6000	1789109	88	6037	1800089	88	6374	1900058	88	6500	1937595	88	6711	2000308	88	7000	2086453	88	7046	2100129	88	7382	2200157	88	7500	2235392	88	7717	2300043	88	8000	2384538	88	8052	2400161	88	8388	2500258	88	
297	100183	86	500	168432	86	594	200332	86	889	300184	86	1000	337604	86	1186	400123	86	1479	500115	86	1500	507465	86	1774	600338	86	2000	676463	86	2070	700049	86	2368	800262	86	2500	845212	86	2664	900319	86	2960	1000145	86	3000	1013571	86	3258	1100281	86	3500	1181938	86	3554	1200325	86	3842	1300331	86	4000	1353355	86	4140	1400294	86	4436	1500101	86	4500	1521583	86	4734	1600223	86	5000	1689622	86	5031	1700060	86	5330	1800265	86	5500	1857342	86	5628	1900315	86	5925	2000047	86	6000	2025222	86	6223	2100207	86	6500	2193240	86	6521	2200281	86	6817	2300026	86	7000	2361782	86	7114	2400153	86	7411	2500259	86	
322	100158	57	500	155421	57	644	200041	57	965	300225	57	1000	311126	57	1287	400168	57	1500	466445	57	1608	500103	57	1930	600146	57	2000	621862	57	2253	700290	57	2500	776911	57	2575	800322	57	2895	900103	57	3000	932773	57	3217	1000294	57	3500	1088963	57	3536	1100203	57	3858	1200149	57	4000	1244498	57	4176	1300307	57	4498	1400212	57	4500	1400842	57	4820	1500062	57	5000	1556133	57	5142	1600035	57	5465	1700270	57	5500	1711183	57	5785	1800288	57	6000	1866951	57	6106	1900192	57	6427	2000090	57	6500	2022681	57	6750	2100245	57	7000	2177742	57	7072	2200041	57	7394	2300194	57	7500	2333148	57	7717	2400310	57	8000	2488430	57	8037	2500062	57	
304	100338	88	500	165159	88	606	200053	88	911	300305	88	1000	329571	88	1214	400153	88	1500	494558	88	1517	500168	88	1821	600241	88	2000	659285	88	2124	700344	88	2427	800023	88	2500	824147	88	2731	900326	88	3000	988703	88	3035	1000221	88	3338	1100139	88	3500	1153691	88	3641	1200240	88	3945	1300220	88	4000	1318256	88	4247	1400091	88	4500	1483871	88	4550	1500314	88	4852	1600164	88	5000	1648828	88	5154	1700312	88	5454	1800030	88	5500	1815399	88	5752	1900275	88	6000	1983135	88	6052	2000321	88	6355	2100248	88	6500	2147984	88	6658	2200322	88	6960	2300185	88	7000	2313367	88	7263	2400169	88	7500	2478138	88	7567	2500210	88	
304	100083	94	500	164542	94	609	200277	94	912	300021	94	1000	328998	94	1217	400042	94	1500	492735	94	1523	500302	94	1828	600080	94	2000	656450	94	2133	700089	94	2440	800332	94	2500	819888	94	2745	900120	94	3000	983236	94	3052	1000172	94	3351	1100316	94	3500	1149049	94	3656	1200164	94	3962	1300306	94	4000	1312813	94	4266	1400241	94	4500	1477674	94	4568	1500242	94	4870	1600299	94	5000	1643026	94	5175	1700313	94	5480	1800046	94	5500	1806598	94	5786	1900139	94	6000	1970189	94	6092	2000237	94	6398	2100291	94	6500	2133709	94	6702	2200129	94	7000	2297662	94	7008	2300296	94	7312	2400059	94	7500	2461668	94	7617	2500284	94	
361	100257	84	500	138661	84	720	200066	84	1000	280514	84	1069	300030	84	1429	400274	84	1500	419872	84	1790	500122	84	2000	558282	84	2151	600209	84	2500	696878	84	2512	700221	84	2875	800267	84	3000	834792	84	3237	900286	84	3500	973191	84	3597	1000052	84	3948	1100260	84	4000	1114671	84	4310	1200110	84	4500	1252392	84	4673	1300045	84	5000	1390178	84	5036	1400123	84	5398	1500187	84	5500	1528312	84	5760	1600063	84	6000	1666421	84	6122	1700165	84	6484	1800034	84	6500	1804552	84	6843	1900132	84	7000	1943406	84	7202	2000036	84	7500	2082442	84	7564	2100138	84	7925	2200030	84	8000	2220651	84	8288	2300061	84	8500	2358408	84	8652	2400271	84	9000	2496702	84	9012	2500011	84	
321	100238	82	500	155613	82	644	200081	82	968	300278	82	1000	310147	82	1291	400134	82	1500	464895	82	1614	500245	82	1937	600282	82	2000	619732	82	2259	700124	82	2500	775056	82	2581	800248	82	2904	900134	82	3000	929839	82	3227	1000366	82	3500	1085183	82	3548	1100118	82	3871	1200241	82	4000	1240128	82	4195	1300252	82	4500	1394376	82	4519	1400251	82	4842	1500096	82	5000	1549050	82	5165	1600283	82	5486	1700108	82	5500	1704488	82	5808	1800301	82	6000	1859747	82	6131	1900260	82	6454	2000220	82	6500	2014453	82	6776	2100052	82	7000	2170037	82	7097	2200207	82	7419	2300139	82	7500	2325213	82	7742	2400139	82	8000	2481939	82	8058	2500192	82	
338	100015	55	500	147639	55	678	200018	55	1000	294725	55	1019	300290	55	1358	400048	55	1500	441902	55	1698	500051	55	2000	588794	55	2038	600035	55	2378	700145	55	2500	736106	55	2718	800232	55	3000	883178	55	3057	900096	55	3396	1000273	55	3500	1030828	55	3734	1100100	55	4000	1178596	55	4073	1200199	55	4412	1300096	55	4500	1326029	55	4747	1400058	55	5000	1474768	55	5086	1500234	55	5425	1600229	55	5500	1622285	55	5756	1700256	55	6000	1772592	55	6093	1800071	55	6434	1900277	55	6500	1919652	55	6773	2000100	55	7000	2067236	55	7111	2100136	55	7446	2200049	55	7500	2216122	55	7785	2300021	55	8000	2363346	55	8125	2400053	55	8465	2500167	55	
351	100226	57	500	143276	57	699	200107	57	1000	285967	57	1050	300180	57	1400	400143	57	1500	428726	57	1750	500224	57	2000	571496	57	2101	600261	57	2450	700128	57	2500	714412	57	2800	800154	57	3000	858989	57	3143	900133	57	3492	1000238	57	3500	1002520	57	3842	1100131	57	4000	1145173	57	4193	1200251	57	4500	1288185	57	4542	1300248	57	4892	1400234	57	5000	1431202	57	5241	1500145	57	5500	1574085	57	5591	1600094	57	5941	1700085	57	6000	1716877	57	6292	1800206	57	6500	1859631	57	6642	1900120	57	6992	2000028	57	7000	2002322	57	7342	2100222	57	7500	2145198	57	7692	2200163	57	8000	2288299	57	8041	2300059	57	8390	2400129	57	8500	2431574	57	8740	2500173	57	
302	100116	68	500	163873	68	613	200163	68	924	300034	68	1000	324672	68	1235	400311	68	1500	485275	68	1547	500311	68	1858	600319	68	2000	646090	68	2168	700123	68	2478	800020	68	2500	807119	68	2790	900152	68	3000	967684	68	3101	1000238	68	3412	1100283	68	3500	1128535	68	3723	1200067	68	4000	1289617	68	4033	1300236	68	4344	1400279	68	4500	1450206	68	4655	1500298	68	4966	1600174	68	5000	1611086	68	5278	1700256	68	5500	1771870	68	5587	1800202	68	5895	1900167	68	6000	1933852	68	6207	2000243	68	6500	2094911	68	6516	2100022	68	6828	2200046	68	7000	2255488	68	7139	2300270	68	7450	2400170	68	7500	2416194	68	7763	2500279	68	
349	100151	58	500	143320	58	699	200294	58	1000	286638	58	1047	300135	58	1397	400243	58	1500	429686	58	1746	500060	58	2000	573059	58	2095	600275	58	2444	700039	58	2500	716057	58	2794	800146	58	3000	859225	58	3143	900223	58	3491	1000250	58	3500	1002844	58	3839	1100098	58	4000	1146033	58	4189	1200124	58	4500	1289445	58	4537	1300051	58	4886	1400135	58	5000	1432939	58	5235	1500158	58	5500	1576145	58	5584	1600282	58	5932	1700133	58	6000	1719506	58	6281	1800064	58	6500	1862676	58	6631	1900107	58	6981	2000023	58	7000	2005421	58	7330	2100218	58	7500	2148986	58	7676	2200479	58	8000	2295151	58	8017	2300072	58	8365	2400065	58	8500	2438698	58	8714	2500055	58	
336	100054	65	500	148713	65	673	200291	65	1000	297904	65	1008	300302	65	1344	400232	65	1500	446499	65	1679	500047	65	2000	595741	65	2015	600224	65	2350	700249	65	2500	744718	65	2686	800024	65	3000	893371	65	3023	900283	65	3357	1000022	65	3500	1042588	65	3693	1100142	65	4000	1191775	65	4028	1200093	65	4365	1300235	65	4500	1340545	65	4695	1400281	65	5000	1492585	65	5025	1500025	65	5361	1600043	65	5500	1641283	65	5697	1700180	65	6000	1790039	65	6034	1800252	65	6370	1900155	65	6500	1939125	65	6705	2000186	65	7000	2088165	65	7041	2100305	65	7377	2200147	65	7500	2237008	65	7711	2300086	65	8000	2386127	65	8047	2400260	65	8380	2500037	65	
321	100172	56	500	156031	56	642	200280	56	960	300158	56	1000	312667	56	1281	400299	56	1500	468449	56	1601	500089	56	1913	600079	56	2000	627570	56	2233	700157	56	2500	783622	56	2553	800174	56	2873	900158	56	3000	939749	56	3194	1000302	56	3500	1095588	56	3515	1100271	56	3834	1200056	56	4000	1252075	56	4154	1300149	56	4473	1400046	56	4500	1408552	56	4792	1500297	56	5000	1565097	56	5112	1600112	56	5432	1700210	56	5500	1721793	56	5750	1800059	56	6000	1878246	56	6070	1900198	56	6390	2000108	56	6500	2034708	56	6710	2100148	56	7000	2190679	56	7030	2200063	56	7350	2300131	56	7500	2347194	56	7669	2400145	56	7990	2500278	56	
348	100180	55	500	144165	55	695	200216	55	1000	288075	55	1042	300204	55	1390	400096	55	1500	431778	55	1739	500171	55	2000	575231	55	2086	600025	55	2434	700187	55	2500	719172	55	2780	800087	55	3000	863648	55	3127	900196	55	3475	1000248	55	3500	1007474	55	3820	1100084	55	4000	1151752	55	4169	1200261	55	4500	1295652	55	4516	1300263	55	4863	1400296	55	5000	1439625	55	5210	1500058	55	5500	1583427	55	5558	1600088	55	5907	1700290	55	6000	1727102	55	6253	1800285	55	6500	1871374	55	6596	1900264	55	6942	2000081	55	7000	2016744	55	7289	2100013	55	7500	2160643	55	7638	2200125	55	7986	2300122	55	8000	2304173	55	8334	2400228	55	8500	2448273	55	8680	2500072	55	
315	100187	87	500	158967	87	630	200324	87	944	300135	87	1000	317918	87	1259	400268	87	1500	476896	87	1573	500014	87	1888	600067	87	2000	635831	87	2203	700254	87	2500	794632	87	2517	800019	87	2831	900038	87	3000	953887	87	3146	1000216	87	3460	1100208	87	3500	1112950	87	3773	1200038	87	4000	1272277	87	4088	1300301	87	4400	1400116	87	4500	1431901	87	4715	1500175	87	5000	1590806	87	5030	1600329	87	5344	1700320	87	5500	1750029	87	5658	1800333	87	5972	1900028	87	6000	1909004	87	6277	2000051	87	6500	2071532	87	6590	2100079	87	6905	2200266	87	7000	2230420	87	7218	2300327	87	7500	2390762	87	7529	2400110	87	7843	2500106	87	
115	100709	337	229	200753	337	342	300312	337	456	400142	337	500	438457	337	571	500727	337	685	600678	337	798	700130	337	913	800624	337	1000	877515	337	1026	900472	337	1140	1000085	337	1254	1100557	337	1365	1200545	337	1479	1300610	337	1500	1319013	337	1593	1400531	337	1707	1500442	337	1820	1600176	337	1935	1700670	337	2000	1757734	337	2049	1800737	337	2162	1900433	337	2276	2000462	337	2390	2100167	337	2500	2196567	337	2504	2200135	337	2619	2300664	337	2733	2400896	337	2847	2500579	337	
100	100569	351	199	200450	351	296	300369	351	395	400633	351	494	500245	351	500	506365	351	594	600979	351	693	700385	351	792	800145	351	892	900782	351	991	1000619	351	1000	1009703	351	1090	1100189	351	1190	1201086	351	1289	1300693	351	1388	1400744	351	1487	1500437	351	1500	1513693	351	1586	1600703	351	1685	1700404	351	1785	1800701	351	1884	1900414	351	1983	2000078	351	2000	2017371	351	2083	2100943	351	2182	2200627	351	2281	2300202	351	2381	2400728	351	2480	2500585	351	
103	100523	339	205	200396	339	308	300893	339	410	400289	339	500	488254	339	513	501010	339	614	600319	339	716	700291	339	819	801021	339	921	900809	339	1000	978144	339	1023	1000663	339	1125	1100130	339	1227	1200339	339	1330	1300907	339	1432	1400900	339	1500	1467528	339	1534	1500972	339	1636	1600618	339	1738	1700533	339	1840	1800417	339	1942	1900396	339	2000	1956894	339	2045	2001007	339	2147	2100645	339	2249	2200429	339	2351	2300094	339	2454	2400941	339	2500	2448183	339	2553	2500244	339	
111	100818	325	221	200536	325	331	300502	325	441	400835	325	500	454308	325	551	500752	325	661	600757	325	769	700174	325	880	800889	325	989	900277	325	1000	910328	325	1100	1000935	325	1210	1100732	325	1319	1200134	325	1429	1300074	325	1500	1364636	325	1539	1400095	325	1650	1500479	325	1758	1600781	325	1868	1700851	325	1977	1800089	325	2000	1820998	325	2088	1900665	325	2198	2000629	325	2308	2100545	325	2418	2200653	325	2500	2275105	325	2528	2300661	325	2638	2400711	325	2748	2500879	325	
108	100600	355	216	200561	355	324	300729	355	432	400571	355	500	463362	355	540	500476	355	648	600804	355	755	700135	355	861	800750	355	969	900674	355	1000	929317	355	1077	1000617	355	1185	1100666	355	1293	1200782	355	1400	1300500	355	1500	1392938	355	1508	1400320	355	1616	1500314	355	1724	1600366	355	1832	1700363	355	1938	1800084	355	2000	1857708	355	2046	1900321	355	2155	2000962	355	2262	2100185	355	2370	2200852	355	2477	2300096	355	2500	2321384	355	2585	2400182	355	2693	2500256	355	
100	100588	339	201	200333	339	303	300897	339	404	400514	339	500	494822	339	506	500768	339	607	600300	339	709	700633	339	810	800453	339	912	900799	339	1000	987201	339	1014	1001013	339	1115	1100539	339	1216	1200443	339	1317	1300223	339	1419	1400403	339	1500	1480253	339	1520	1500155	339	1622	1600767	339	1723	1700113	339	1825	1800297	339	1926	1900164	339	2000	1972973	339	2028	2000615	339	2129	2100396	339	2231	2200535	339	2332	2300129	339	2434	2400460	339	2500	2465392	339	2536	2500898	339	
111	100553	385	222	200822	385	332	300243	385	443	400151	385	500	451507	385	554	500390	385	665	600684	385	776	700681	385	886	800264	385	997	900936	385	1000	903686	385	1107	1000217	385	1218	1100434	385	1328	1200273	385	1439	1300909	385	1500	1356361	385	1549	1400656	385	1659	1500440	385	1770	1600780	385	1880	1700415	385	1991	1800747	385	2000	1808953	385	2101	1900391	385	2212	2000667	385	2322	2100362	385	2433	2200737	385	2500	2262878	385	2541	2300243	385	2651	2400249	385	2761	2500169	385	
115	100051	345	231	200628	345	346	300237	345	462	400529	345	500	433347	345	578	500667	345	693	600075	345	809	700132	345	925	800354	345	1000	865030	345	1041	900519	345	1157	1000770	345	1273	1100703	345	1389	1200898	345	1500	1296773	345	1504	1300335	345	1620	1400635	345	1732	1500128	345	1848	1600370	345	1963	1700325	345	2000	1732327	345	2079	1800235	345	2195	1900878	345	2311	2000804	345	2426	2100690	345	2500	2164950	345	2541	2200408	345	2657	2300363	345	2773	2400303	345	2889	2500537	345	
109	100193	369	218	200288	369	327	300853	369	435	400861	369	500	460668	369	543	500160	369	650	600841	369	758	700470	369	867	800687	369	975	900182	369	1000	923172	369	1084	1000691	369	1193	1100732	369	1301	1200209	369	1410	1300159	369	1500	1382726	369	1519	1400193	369	1628	1500608	369	1736	1600388	369	1845	1700312	369	1953	1800093	369	2000	1843123	369	2062	1900264	369	2171	2000763	369	2279	2100557	369	2388	2200668	369	2497	2300879	369	2500	2303666	369	2605	2400721	369	2714	2500766	369	
108	100704	358	215	200655	358	322	300527	358	429	400578	358	500	467105	358	536	500774	358	643	600572	358	750	700807	358	857	800742	358	964	900674	358	1000	934310	358	1071	1000516	358	1178	1100286	358	1285	1200303	358	1392	1300212	358	1500	1400842	358	1500	1400904	358	1607	1500969	358	1713	1600305	358	1820	1700257	358	1927	1800396	358	2000	1868713	358	2034	1900701	358	2141	2000773	358	2247	2100505	358	2354	2200431	358	2461	2300554	358	2500	2336977	358	2568	2400464	358	2675	2500624	358	
110	100161	376	220	200544	376	329	300079	376	440	400950	376	500	455314	376	549	500161	376	660	600864	376	769	700410	376	879	800339	376	989	900911	376	1000	910919	376	1099	1000879	376	1208	1100610	376	1317	1200204	376	1427	1300087	376	1500	1366306	376	1538	1400773	376	1648	1500523	376	1758	1600655	376	1868	1700778	376	1978	1800561	376	2000	1820531	376	2086	1900361	376	2196	2000917	376	2306	2100731	376	2416	2200858	376	2500	2277298	376	2525	2300212	376	2635	2400272	376	2746	2500773	376	
106	100570	333	211	200699	333	316	300410	333	421	400407	333	500	475713	333	526	500429	333	631	600503	333	736	700417	333	842	800898	333	947	900362	333	1000	950878	333	1053	1000966	333	1156	1100727	333	1261	1200483	333	1366	1300726	333	1471	1400089	333	1500	1427429	333	1577	1500647	333	1682	1600884	333	1787	1700959	333	1892	1800667	333	1997	1900328	333	2000	1903200	333	2103	2000771	333	2208	2100460	333	2313	2200210	333	2418	2300175	333	2500	2378117	333	2524	2400852	333	2629	2500313	333	
111	100682	357	219	200889	357	328	300240	357	439	400893	357	500	456015	357	549	500440	357	659	600277	357	769	700396	357	880	800961	357	990	900511	357	1000	909598	357	1100	1000481	357	1210	1100173	357	1320	1200070	357	1430	1300200	357	1500	1363737	357	1540	1400163	357	1651	1500678	357	1760	1600406	357	1871	1700889	357	1981	1800677	357	2000	1818017	357	2091	1900528	357	2201	2000623	357	2311	2100479	357	2421	2200230	357	2500	2271725	357	2532	2300675	357	2642	2400422	357	2752	2500211	357	
112	100098	337	224	200428	337	336	300452	337	448	400714	337	500	447411	337	560	500909	337	672	600905	337	783	700267	337	896	800883	337	1000	893732	337	1008	900928	337	1119	1000130	337	1231	1100306	337	1343	1200243	337	1455	1300143	337	1500	1340538	337	1567	1400645	337	1679	1500709	337	1791	1600543	337	1903	1700526	337	2000	1786969	337	2015	1800391	337	2127	1900501	337	2238	2000068	337	2350	2100392	337	2462	2200806	337	2500	2234926	337	2573	2300477	337	2683	2400406	337	2795	2500473	337	
114	100060	349	229	200858	349	343	300825	349	457	400880	349	500	439250	349	568	500347	349	682	600688	349	795	700059	349	910	800951	349	1000	880207	349	1023	900520	349	1137	1000725	349	1251	1100450	349	1365	1200502	349	1479	1300498	349	1500	1318884	349	1593	1400246	349	1700	1500895	349	1813	1600832	349	1927	1700806	349	2000	1765032	349	2040	1800184	349	2154	1900420	349	2267	2000090	349	2380	2100055	349	2494	2200077	349	2500	2205399	349	2608	2300322	349	2722	2400910	349	2836	2500808	349	
106	100527	355	211	200405	355	316	300120	355	422	400688	355	500	474562	355	527	500262	355	633	600874	355	736	700836	355	841	800615	355	946	900108	355	1000	951455	355	1052	1000990	355	1157	1100301	355	1263	1200908	355	1368	1300503	355	1473	1400142	355	1500	1425843	355	1579	1500869	355	1684	1600341	355	1790	1700633	355	1895	1800279	355	2000	1899422	355	2001	1900413	355	2107	2000910	355	2212	2100171	355	2318	2200502	355	2423	2300196	355	2500	2373208	355	2529	2400786	355	2634	2500527	355	
112	100985	349	222	200789	349	332	300125	349	443	400464	349	500	451755	349	554	500605	349	664	600087	349	775	700302	349	886	800297	349	997	900140	349	1000	902928	349	1108	1000802	349	1218	1100411	349	1329	1200713	349	1439	1300111	349	1500	1355386	349	1550	1400614	349	1661	1500630	349	1772	1600785	349	1883	1700713	349	1994	1800451	349	2000	1806034	349	2105	1900684	349	2216	2000834	349	2326	2100378	349	2437	2200335	349	2500	2257345	349	2548	2300459	349	2658	2400053	349	2769	2500168	349	
111	100237	375	222	200668	375	333	300774	375	444	400225	375	500	450558	375	556	500951	375	667	600751	375	778	700177	375	890	800474	375	1000	899604	375	1001	900557	375	1112	1000234	375	1224	1100931	375	1335	1200558	375	1446	1300184	375	1500	1348583	375	1558	1400530	375	1670	1500778	375	1781	1600193	375	1893	1700350	375	2000	1796273	375	2005	1800831	375	2116	1900903	375	2224	2000745	375	2335	2100512	375	2446	2200149	375	2500	2248455	375	2558	2300506	375	2670	2400918	375	2781	2500507	375	
114	100719	332	227	200516	332	340	300743	332	453	400788	332	500	442406	332	566	500901	332	679	600775	332	792	700583	332	905	800179	332	1000	883818	332	1019	900587	332	1133	1000872	332	1238	1100224	332	1350	1200603	332	1463	1300060	332	1500	1332686	332	1577	1400780	332	1689	1500251	332	1802	1600104	332	1915	1700201	332	2000	1775240	332	2029	1800766	332	2142	1900735	332	2255	2000713	332	2368	2100403	332	2482	2200740	332	2500	2216570	332	2595	2300285	332	2709	2400803	332	2822	2500399	332	
119	100650	340	237	200450	340	353	300787	340	470	400229	340	500	425664	340	588	500194	340	706	600611	340	824	700732	340	942	800729	340	1000	849567	340	1060	900659	340	1178	1000845	340	1296	1100611	340	1414	1200301	340	1500	1273467	340	1532	1300546	340	1650	1400236	340	1768	1500180	340	1886	1600399	340	2000	1696892	340	2004	1700331	340	2123	1800764	340	2241	1900447	340	2360	2000872	340	2477	2100258	340	2500	2119773	340	2595	2200204	340	2713	2300096	340	2831	2400223	340	2950	2500618	340	
23	100478	1669	46	201827	1669	69	302691	1669	92	403083	1669	115	504109	1669	137	601132	1669	160	701594	1669	183	802948	1669	206	903916	1669	228	1000364	1669	251	1101467	1669	274	1202500	1669	297	1302992	1669	320	1403625	1669	343	1504462	1669	365	1600986	1669	388	1701464	1669	411	1802818	1669	434	1903667	1669	456	2000462	1669	479	2101276	1669	500	2193522	1669	502	2202492	1669	525	2302865	1669	547	2401210	1669	570	2502168	1669	
24	103068	1769	47	202528	1769	70	301711	1769	93	400944	1769	116	500411	1769	140	604250	1769	163	703419	1769	186	802478	1769	209	901419	1769	232	1000774	1769	256	1104270	1769	279	1203110	1769	302	1303204	1769	325	1403416	1769	348	1502197	1769	371	1602103	1769	394	1701206	1769	418	1804478	1769	441	1903383	1769	464	2002835	1769	487	2101980	1769	500	2157946	1769	510	2201436	1769	533	2300489	1769	557	2403887	1769	580	2503045	1769	
24	102743	1800	47	201857	1800	70	302251	1800	93	400889	1800	117	503438	1800	140	601586	1800	164	704417	1800	187	802943	1800	210	901899	1800	233	1000328	1800	257	1102762	1800	280	1201258	1800	304	1303757	1800	327	1401900	1800	350	1500531	1800	374	1603962	1800	397	1702146	1800	420	1800686	1800	444	1903174	1800	467	2001347	1800	491	2104062	1800	500	2142780	1800	514	2202600	1800	537	2301153	1800	561	2403724	1800	584	2501971	1800	
24	102353	1759	47	200430	1759	71	303375	1759	94	401307	1759	118	503743	1759	141	601267	1759	165	703522	1759	188	801869	1759	212	904389	1759	235	1002470	1759	258	1100568	1759	282	1203403	1759	305	1301527	1759	329	1403969	1759	352	1501949	1759	376	1604377	1759	399	1702491	1759	422	1800560	1759	446	1902743	1759	469	2000790	1759	493	2103030	1759	500	2133033	1759	516	2200913	1759	539	2301594	1759	563	2403759	1759	586	2502161	1759	
24	104078	1726	47	204112	1726	70	303463	1726	93	402963	1726	116	502402	1726	139	601875	1726	162	701126	1726	185	800367	1726	209	903760	1726	232	1003346	1726	255	1102426	1726	278	1202085	1726	301	1303956	1726	324	1403502	1726	347	1503079	1726	370	1602542	1726	393	1701605	1726	416	1801066	1726	439	1900525	1726	463	2004023	1726	486	2103573	1726	500	2164295	1726	509	2203430	1726	532	2303332	1726	555	2403227	1726	578	2502795	1726	
24	102778	1758	47	203426	1758	70	302043	1758	93	400541	1758	117	503346	1758	140	602044	1758	164	704789	1758	187	803604	1758	210	901878	1758	233	1000369	1758	257	1102864	1758	280	1200918	1758	304	1303977	1758	327	1402306	1758	350	1500508	1758	374	1603466	1758	397	1702253	1758	420	1800679	1758	444	1903252	1758	467	2002316	1758	490	2100578	1758	500	2143392	1758	514	2203354	1758	537	2301430	1758	561	2404407	1758	584	2503317	1758	
24	102473	1712	48	204554	1712	71	302855	1712	94	401197	1712	118	503944	1712	141	601919	1712	165	703847	1712	188	802279	1712	211	901043	1712	235	1003748	1712	258	1102416	1712	281	1200649	1712	305	1303088	1712	328	1401690	1712	352	1503963	1712	375	1602039	1712	399	1704013	1712	422	1802086	1712	446	1904602	1712	469	2002872	1712	492	2100618	1712	500	2135891	1712	515	2200949	1712	539	2303329	1712	562	2401785	1712	586	2504526	1712	
24	102963	1712	47	201632	1712	70	300910	1712	94	404218	1712	117	502301	1712	140	601393	1712	164	704196	1712	187	802989	1712	210	901269	1712	234	1004142	1712	257	1103553	1712	280	1202590	1712	303	1301625	1712	327	1404169	1712	350	1502823	1712	373	1601592	1712	396	1700308	1712	420	1803385	1712	443	1902379	1712	466	2000703	1712	490	2103443	1712	500	2146701	1712	513	2203109	1712	536	2301877	1712	559	2400705	1712	583	2503476	1712	
23	101791	1743	46	202673	1743	69	302833	1743	92	402362	1743	115	502002	1743	138	602320	1743	161	702611	1743	184	802980	1743	207	903145	1743	230	1003123	1743	253	1102940	1743	276	1202838	1743	299	1302749	1743	322	1402586	1743	345	1503200	1743	368	1602924	1743	391	1702566	1743	414	1802754	1743	437	1902914	1743	460	2002484	1743	483	2102916	1743	500	2176884	1743	506	2203226	1743	529	2303406	1743	552	2403353	1743	575	2503230	1743	
24	104466	1684	47	204209	1684	69	300381	1684	93	404570	1684	116	504592	1684	138	600907	1684	161	700996	1684	184	801134	1684	207	901288	1684	230	1001408	1684	253	1101528	1684	276	1201566	1684	299	1301519	1684	322	1401336	1684	345	1501557	1684	368	1602341	1684	391	1702121	1684	414	1802502	1684	437	1902690	1684	460	2003104	1684	482	2101020	1684	500	2179821	1684	505	2202209	1684	528	2303006	1684	551	2403049	1684	574	2503066	1684	
24	100625	1705	48	201782	1705	72	302640	1705	96	403851	1705	119	500432	1705	143	601353	1705	167	702764	1705	191	803976	1705	214	900693	1705	238	1001314	1705	262	1103795	1705	285	1200866	1705	309	1302187	1705	333	1403200	1705	357	1504063	1705	380	1600721	1705	404	1701484	1705	428	1802572	1705	452	1904052	1705	475	2000588	1705	499	2101445	1705	500	2105888	1705	523	2202825	1705	547	2304125	1705	570	2400725	1705	594	2502026	1705	
25	102970	1778	50	203854	1778	74	300684	1778	99	401270	1778	124	501877	1778	149	603022	1778	174	703955	1778	198	800686	1778	223	901288	1778	248	1002346	1778	273	1103293	1778	298	1203960	1778	322	1300994	1778	347	1401637	1778	372	1502612	1778	397	1603551	1778	421	1701141	1778	446	1801693	1778	471	1902160	1778	496	2003337	1778	500	2019588	1778	521	2104122	1778	545	2201529	1778	570	2302718	1778	595	2403329	1778	620	2504139	1778	
24	101723	1776	48	203740	1776	71	301372	1776	95	402865	1776	118	500498	1776	142	602360	1776	165	700958	1776	189	803722	1776	212	902186	1776	235	1000332	1776	259	1103109	1776	282	1201173	1776	306	1303001	1776	329	1401751	1776	353	1504184	1776	376	1602443	1776	400	1704483	1776	423	1802479	1776	446	1900433	1776	470	2003625	1776	493	2103100	1776	500	2133157	1776	516	2201384	1776	540	2303636	1776	563	2401313	1776	587	2503570	1776	
24	100326	1737	48	200802	1737	72	301367	1737	96	401680	1737	120	501817	1737	144	602052	1737	168	702323	1737	192	802763	1737	216	903535	1737	238	1001720	1737	262	1102163	1737	286	1202993	1737	310	1303359	1737	334	1403633	1737	358	1503763	1737	382	1604345	1737	406	1704325	1737	429	1800611	1737	453	1900932	1737	477	2000981	1737	500	2097392	1737	501	2101872	1737	525	2202070	1737	549	2302195	1737	573	2402362	1737	597	2502376	1737	
25	102121	1742	49	200622	1742	74	302840	1742	98	400819	1742	123	503840	1742	147	603484	1742	171	701951	1742	196	804336	1742	220	903033	1742	244	1001810	1742	269	1104030	1742	293	1202703	1742	317	1300708	1742	342	1402929	1742	366	1501222	1742	391	1603733	1742	415	1701728	1742	440	1804122	1742	464	1902491	1742	488	2001083	1742	500	2050558	1742	513	2103907	1742	537	2202100	1742	561	2300337	1742	586	2402828	1742	610	2501165	1742	
25	102106	1764	50	204294	1764	74	302991	1764	98	401268	1764	123	503736	1764	147	601993	1764	172	703762	1764	196	802320	1764	221	904241	1764	245	1002642	1764	269	1100683	1764	294	1202944	1764	318	1301004	1764	343	1403077	1764	367	1501013	1764	392	1603149	1764	416	1701699	1764	441	1804190	1764	465	1904402	1764	489	2003130	1764	500	2048829	1764	513	2101878	1764	538	2204225	1764	562	2302133	1764	587	2403947	1764	611	2501537	1764	
26	103973	1725	50	200324	1725	76	304265	1725	101	404308	1725	126	504112	1725	151	603952	1725	176	704112	1725	201	803727	1725	225	901775	1725	250	1001984	1725	275	1102403	1725	300	1202287	1725	325	1302178	1725	350	1402761	1725	375	1502531	1725	400	1602798	1725	425	1703198	1725	450	1803444	1725	475	1903798	1725	500	2003762	1725	500	2004049	1725	525	2103861	1725	550	2203938	1725	575	2303694	1725	600	2403729	1725	625	2503856	1725	
25	103384	1716	49	202347	1716	73	301423	1716	97	400690	1716	122	504228	1716	146	603190	1716	170	701887	1716	194	801263	1716	218	900776	1716	243	1004276	1716	267	1103354	1716	291	1202313	1716	315	1301640	1716	339	1400708	1716	364	1503609	1716	388	1602454	1716	412	1701325	1716	436	1800324	1716	461	1903501	1716	485	2002152	1716	500	2064001	1716	509	2101396	1716	533	2200793	1716	558	2303711	1716	582	2403029	1716	606	2501602	1716	
25	100913	1725	50	202359	1725	75	303398	1725	99	400693	1725	124	501787	1725	149	602611	1725	174	703281	1725	199	803545	1725	224	904156	1725	248	1000739	1725	273	1101562	1725	298	1202050	1725	323	1302417	1725	348	1403139	1725	373	1503571	1725	397	1600750	1725	422	1701325	1725	447	1802496	1725	471	1901254	1725	496	2001937	1725	500	2018360	1725	521	2103204	1725	546	2204218	1725	570	2300554	1725	595	2401172	1725	620	2502324	1725	
25	100601	1715	50	200838	1715	75	300636	1715	100	400627	1715	125	500469	1715	150	600504	1715	175	700590	1715	200	801405	1715	225	904069	1715	250	1004067	1715	275	1103780	1715	300	1203394	1715	325	1303547	1715	350	1403523	1715	375	1503299	1715	400	1603406	1715	425	1703351	1715	450	1803895	1715	475	1904058	1715	499	2000570	1715	500	2004810	1715	524	2101082	1715	549	2201500	1715	574	2301244	1715	599	2401763	1715	624	2501715	1715	
289	100085	293	500	174229	293	574	200233	293	858	300108	293	1000	350729	293	1141	400264	293	1426	500271	293	1500	526248	293	1710	600022	293	1994	700191	293	2000	702321	293	2278	800212	293	2500	878474	293	2562	900318	293	2846	1000071	293	3000	1054020	293	3131	1100128	293	3416	1200353	293	3500	1230092	293	3699	1300197	293	3983	1400114	293	4000	1406082	293	4267	1500288	293	4500	1582461	293	4550	1600062	293	4833	1700126	293	5000	1758624	293	5118	1800203	293	5403	1900272	293	5500	1934279	293	5688	2000156	293	5973	2100120	293	6000	2109669	293	6257	2200117	293	6500	2285798	293	6541	2300212	293	6826	2400263	293	7000	2461476	293	7110	2500217	293	
304	100119	239	500	166283	239	599	200193	239	896	300326	239	1000	335147	239	1192	400159	239	1492	500308	239	1500	503008	239	1790	600081	239	2000	670415	239	2089	700205	239	2387	800204	239	2500	838087	239	2685	900120	239	2984	1000188	239	3000	1005599	239	3282	1100313	239	3500	1173273	239	3580	1200139	239	3878	1300042	239	4000	1340766	239	4177	1400026	239	4477	1500219	239	4500	1507934	239	4774	1600169	239	5000	1676377	239	5071	1700173	239	5370	1800228	239	5500	1843648	239	5669	1900138	239	5966	2000019	239	6000	2011518	239	6261	2100182	239	6500	2181762	239	6554	2200083	239	6852	2300130	239	7000	2349681	239	7151	2400181	239	7449	2500159	239	
294	100156	410	500	171246	410	583	200119	410	872	300026	410	1000	344360	410	1162	400264	410	1452	500279	410	1500	516806	410	1741	600333	410	2000	689654	410	2031	700357	410	2319	800044	410	2500	862718	410	2608	900096	410	2897	1000028	410	3000	1035523	410	3187	1100040	410	3477	1200339	410	3500	1208281	410	3760	1300067	410	4000	1384308	410	4046	1400237	410	4336	1500305	410	4500	1557066	410	4624	1600114	410	4914	1700342	410	5000	1730123	410	5203	1800272	410	5493	1900188	410	5500	1902606	410	5782	2000120	410	6000	2075463	410	6072	2100262	410	6362	2200242	410	6500	2248192	410	6651	2300344	410	6940	2400237	410	7000	2421004	410	7230	2500180	410	
296	100175	277	500	170119	277	587	200100	277	878	300044	277	1000	342343	277	1169	400257	277	1455	500223	277	1500	515629	277	1745	600049	277	2000	687663	277	2037	700349	277	2327	800239	277	2500	859640	277	2618	900177	277	2909	1000021	277	3000	1031102	277	3201	1100106	277	3491	1200271	277	3500	1203364	277	3781	1300055	277	4000	1375101	277	4073	1400173	277	4365	1500212	277	4500	1546476	277	4656	1600073	277	4947	1700283	277	5000	1718457	277	5239	1800312	277	5500	1890131	277	5529	1900051	277	5817	2000202	277	6000	2062933	277	6109	2100275	277	6400	2200092	277	6500	2234461	277	6692	2300306	277	6984	2400319	277	7000	2405826	277	7275	2500326	277	
295	100045	302	500	170469	302	586	200057	302	877	300048	302	1000	342294	302	1169	400203	302	1461	500055	302	1500	513495	302	1751	600312	302	2000	685897	302	2038	700440	302	2323	800349	302	2500	861157	302	2614	900270	302	2905	1000135	302	3000	1032758	302	3197	1100194	302	3489	1200213	302	3500	1203995	302	3781	1300241	302	4000	1375462	302	4072	1400116	302	4362	1500100	302	4500	1548032	302	4651	1600082	302	4943	1700293	302	5000	1719747	302	5235	1800140	302	5500	1890851	302	5527	1900049	302	5819	2000049	302	6000	2062189	302	6111	2100289	302	6402	2200018	302	6500	2233570	302	6694	2300141	302	6986	2400305	302	7000	2405115	302	7277	2500015	302	
288	100227	392	500	174959	392	572	200229	392	856	300099	392	1000	351068	392	1139	400157	392	1423	500021	392	1500	527107	392	1707	600176	392	1991	700303	392	2000	703479	392	2275	800324	392	2500	879548	392	2559	900313	392	2842	1000052	392	3000	1055766	392	3126	1100260	392	3410	1200113	392	3500	1231688	392	3695	1300228	392	3980	1400199	392	4000	1407247	392	4265	1500326	392	4500	1583206	392	4548	1600054	392	4832	1700138	392	5000	1759179	392	5117	1800350	392	5394	1900316	392	5500	1937687	392	5677	2000307	392	5961	2100159	392	6000	2113793	392	6245	2200039	392	6500	2289753	392	6530	2300337	392	6814	2400176	392	7000	2465517	392	7099	2500335	392	
292	100122	347	500	172184	347	581	200296	347	869	300266	347	1000	345693	347	1157	400035	347	1447	500266	347	1500	518676	347	1734	600166	347	2000	692114	347	2023	700062	347	2312	800269	347	2500	865429	347	2600	900080	347	2888	1000190	347	3000	1040722	347	3170	1100195	347	3459	1200348	347	3500	1214617	347	3747	1300068	347	4000	1387718	347	4036	1400203	347	4325	1500292	347	4500	1561027	347	4613	1600284	347	4902	1700351	347	5000	1734171	347	5191	1800233	347	5479	1900060	347	5500	1907313	347	5768	2000052	347	6000	2080376	347	6057	2100068	347	6346	2200236	347	6500	2253430	347	6635	2300139	347	6923	2400216	347	7000	2426835	347	7212	2500115	347	
286	100105	438	500	175849	438	569	200236	438	843	300199	438	1000	355844	438	1124	400028	438	1405	500163	438	1500	533901	438	1687	600046	438	1970	700263	438	2000	710949	438	2253	800294	438	2500	888088	438	2534	900178	438	2816	1000192	438	3000	1065259	438	3099	1100330	438	3381	1200305	438	3500	1242738	438	3662	1300116	438	3945	1400175	438	4000	1419611	438	4228	1500367	438	4500	1596747	438	4510	1600286	438	4792	1700123	438	5000	1773653	438	5075	1800280	438	5358	1900197	438	5500	1950805	438	5640	2000336	438	5922	2100134	438	6000	2127914	438	6203	2200022	438	6486	2300253	438	6500	2305213	438	6769	2400269	438	7000	2481923	438	7052	2500346	438	
296	100098	391	500	169830	391	588	200136	391	880	300298	391	1000	341590	391	1170	400078	391	1462	500092	391	1500	513103	391	1755	600190	391	2000	684195	391	2047	700347	391	2338	800326	391	2500	855847	391	2629	900024	391	2922	1000281	391	3000	1026988	391	3214	1100263	391	3500	1198843	391	3504	1200235	391	3796	1300184	391	4000	1370094	391	4088	1400213	391	4378	1500174	391	4500	1542138	391	4670	1600284	391	4961	1700121	391	5000	1713446	391	5253	1800057	391	5500	1884575	391	5545	1900358	391	5837	2000284	391	6000	2055990	391	6129	2100096	391	6420	2200200	391	6500	2227617	391	6712	2300104	391	7000	2398965	391	7003	2400203	391	7290	2500241	391	
287	100215	581	500	175212	581	571	200232	581	853	300041	581	1000	352156	581	1136	400177	581	1420	500197	581	1500	528483	581	1703	600235	581	1986	700144	581	2000	705112	581	2268	800072	581	2500	881910	581	2552	900358	581	2835	1000311	581	3000	1058565	581	3117	1100282	581	3399	1200187	581	3500	1235849	581	3682	1300142	581	3966	1400276	581	4000	1412281	581	4247	1500151	581	4500	1591014	581	4525	1600371	581	4804	1700155	581	5000	1769700	581	5086	1800123	581	5368	1900277	581	5500	1946890	581	5650	2000203	581	5933	2100358	581	6000	2124298	581	6214	2200119	581	6497	2300201	581	6500	2301275	581	6781	2400354	581	7000	2477897	581	7063	2500185	581	
96	101055	1855	186	200579	1855	277	301128	1855	367	400838	1855	457	500688	1855	500	548333	1855	547	600342	1855	637	700119	1855	721	800351	1855	811	900138	1855	902	1000735	1855	992	1100265	1855	1000	1109263	1855	1082	1200249	1855	1172	1300174	1855	1262	1400375	1855	1352	1500178	1855	1443	1600929	1855	1500	1663955	1855	1533	1700649	1855	1623	1800129	1855	1714	1900663	1855	1804	2000599	1855	1894	2100203	1855	1984	2200365	1855	2000	2218088	1855	2074	2300269	1855	2165	2400778	1855	2255	2500161	1855	
98	100210	2716	192	201026	2716	285	300204	2716	379	400612	2716	473	500842	2716	500	529596	2716	567	600978	2716	660	700130	2716	754	800078	2716	848	900837	2716	942	1001103	2716	1000	1063054	2716	1035	1100272	2716	1129	1200923	2716	1223	1301059	2716	1316	1400070	2716	1410	1500173	2716	1500	1596409	2716	1504	1600816	2716	1598	1701050	2716	1691	1800363	2716	1784	1900117	2716	1878	2000423	2716	1972	2100544	2716	2000	2130468	2716	2066	2200714	2716	2160	2301051	2716	2253	2400299	2716	2347	2500541	2716	
99	100989	1952	193	200467	1952	288	300831	1952	382	400968	1952	475	500123	1952	500	526594	1952	570	600664	1952	664	700268	1952	758	800128	1952	853	900412	1952	948	1000770	1952	1000	1055812	1952	1042	1100386	1952	1137	1200712	1952	1231	1300378	1952	1326	1400843	1952	1421	1501129	1952	1500	1584560	1952	1515	1600440	1952	1609	1700071	1952	1704	1800628	1952	1799	1900720	1952	1893	2000070	1952	1986	2100679	1952	2000	2115453	1952	2080	2200075	1952	2175	2300705	1952	2269	2400545	1952	2363	2500213	1952	
96	100283	2147	188	200482	2147	280	300486	2147	372	401096	2147	463	500678	2147	500	541661	2147	554	600666	2147	646	700958	2147	737	800363	2147	829	900743	2147	921	1000910	2147	1000	1086822	2147	1013	1101054	2147	1103	1200991	2147	1193	1300686	2147	1285	1401017	2147	1376	1500240	2147	1468	1600367	2147	1500	1635402	2147	1560	1700810	2147	1651	1800227	2147	1743	1900300	2147	1835	2000635	2147	1926	2100270	2147	2000	2180676	2147	2018	2200399	2147	2109	2300155	2147	2201	2400328	2147	2293	2500472	2147	
96	100154	2321	188	201079	2321	279	301164	2321	368	400649	2321	459	500171	2321	500	545265	2321	551	601161	2321	642	700851	2321	733	800771	2321	824	900817	2321	915	1000936	2321	1000	1093926	2321	1006	1100560	2321	1097	1200274	2321	1188	1300403	2321	1280	1401060	2321	1371	1500607	2321	1462	1600180	2321	1500	1641809	2321	1554	1700961	2321	1645	1800561	2321	1736	1900491	2321	1827	2000383	2321	1918	2100324	2321	2000	2189967	2321	2010	2201041	2321	2101	2300940	2321	2192	2401004	2321	2283	2500456	2321	
97	101113	2332	188	200381	2332	280	300820	2332	372	400853	2332	464	500991	2332	500	540243	2332	555	600253	2332	647	700141	2332	739	800280	2332	831	900509	2332	922	1000096	2332	1000	1084805	2332	1014	1100342	2332	1106	1200370	2332	1198	1300438	2332	1290	1400388	2332	1381	1500273	2332	1473	1601164	2332	1500	1630680	2332	1564	1700505	2332	1656	1800450	2332	1748	1900461	2332	1840	2000292	2332	1932	2100220	2332	2000	2174203	2332	2024	2200404	2332	2116	2300780	2332	2207	2400321	2332	2297	2500542	2332	
96	100192	2950	189	200396	2950	282	300909	2950	375	401087	2950	467	500076	2950	500	535536	2950	561	601080	2950	653	700091	2950	746	800323	2950	839	900294	2950	932	1000375	2950	1000	1074119	2950	1025	1101107	2950	1117	1200234	2950	1210	1300551	2950	1303	1400753	2950	1396	1500984	2950	1487	1600157	2950	1500	1614606	2950	1580	1700948	2950	1672	1800101	2950	1765	1900158	2950	1858	2000436	2950	1951	2100204	2950	2000	2152832	2950	2044	2200286	2950	2136	2300306	2950	2229	2400459	2950	2322	2500733	2950	
98	101088	2099	191	201127	2099	283	300278	2099	376	400218	2099	469	500464	2099	500	533863	2099	562	600706	2099	654	700458	2099	745	800727	2099	837	900466	2099	930	1001013	2099	1000	1076281	2099	1023	1101082	2099	1115	1200339	2099	1208	1300836	2099	1301	1400956	2099	1393	1500566	2099	1486	1600608	2099	1500	1615893	2099	1578	1700243	2099	1671	1800614	2099	1764	1900760	2099	1857	2001128	2099	1949	2100415	2099	2000	2155132	2099	2042	2200611	2099	2135	2301078	2099	2227	2400288	2099	2320	2500477	2099	
97	100968	1532	188	200495	1532	280	301072	1532	370	400134	1532	462	500878	1532	500	542532	1532	553	600958	1532	644	700250	1532	736	800756	1532	827	900738	1532	918	1000523	1532	1000	1090253	1532	1010	1101130	1532	1101	1200488	1532	1192	1300101	1532	1284	1400997	1532	1375	1500717	1532	1466	1600736	1532	1500	1638235	1532	1557	1700647	1532	1649	1801082	1532	1740	1900684	1532	1831	2000306	1532	1923	2101024	1532	2000	2185251	1532	2014	2200662	1532	2105	2300318	1532	2197	2400789	1532	2288	2500446	1532	
97	100914	1725	187	200783	1725	277	300437	1725	368	400854	1725	458	500487	1725	500	546961	1725	549	601045	1725	639	700774	1725	729	800724	1725	819	900655	1725	909	1000256	1725	1000	1101154	1725	1000	1101224	1725	1090	1200523	1725	1181	1300738	1725	1272	1401098	1725	1362	1500916	1725	1452	1600302	1725	1500	1653377	1725	1543	1700801	1725	1633	1800284	1725	1723	1900070	1725	1814	2001055	1725	1902	2100186	1725	1993	2200709	1725	2000	2208533	1725	2083	2300691	1725	2174	2401100	1725	2264	2500542	1725	
21	104870	49528	41	204873	49528	61	304928	49528	81	404401	49528	101	503876	49528	121	603327	48697	141	703318	48697	161	803755	48697	181	903603	48697	201	1003644	48697	221	1104067	48697	240	1201165	48697	260	1301263	48697	280	1401347	48697	300	1501281	48697	320	1601204	48697	340	1700918	48697	360	1800704	48697	380	1900726	48697	400	2001047	48697	420	2100875	48697	440	2200764	48697	460	2300906	48697	480	2400497	47810	500	2500407	46957	500	2500792	46957	
20	102049	49956	40	202979	49956	60	303271	49956	80	402881	49956	100	503235	49956	120	603126	49956	140	703134	49956	160	802811	49956	180	903214	47454	200	1003072	45762	220	1102112	44030	240	1201368	43149	260	1301339	43149	280	1400967	42305	300	1501204	41420	320	1600573	39649	340	1700748	39649	360	1800705	39649	380	1900638	39649	401	2005221	39649	420	2100424	39649	440	2200440	39649	461	2305236	39649	481	2405336	39649	500	2499421	38804	501	2504754	38804	
21	104222	50094	41	203429	50094	61	302224	49235	81	400960	49235	102	504629	49235	122	603508	49235	142	702140	49235	162	801187	49235	183	905041	49235	203	1003551	49235	223	1102345	49235	243	1200930	49235	264	1304461	48373	284	1402832	46656	304	1502402	46656	324	1601348	44937	345	1703929	42347	365	1802622	42347	385	1901456	42347	405	2000954	42347	425	2101720	41456	445	2200728	40603	465	2300412	39742	486	2404987	39742	500	2474966	39742	505	2500509	39742	
21	104493	49416	41	204363	49416	61	304057	49416	81	404140	49416	101	504030	49416	121	603921	49416	141	703407	49416	161	803059	49416	181	903106	49416	201	1004840	49416	221	1104688	49416	241	1204463	49416	261	1303804	47649	281	1404154	47649	301	1504055	47649	321	1604175	47649	341	1703863	46817	361	1803620	46817	381	1903139	46817	401	2003372	46817	421	2103348	46817	441	2203607	46817	461	2303680	46817	481	2403795	46817	500	2498639	46817	501	2504009	46817	
21	104323	49591	41	203374	49591	61	302077	49591	81	401321	49591	102	505233	48732	122	604412	48732	142	703702	48732	162	803073	47873	182	902399	47873	202	1001525	47873	222	1100942	47873	243	1205025	47873	263	1304414	47873	283	1403281	47013	303	1502474	47013	323	1601602	47013	343	1700668	47013	364	1804925	47013	384	1904082	47013	404	2003067	47013	424	2102180	47013	444	2201237	47013	465	2305273	47013	485	2404271	47013	500	2478857	47013	505	2504045	46136	
20	101002	50128	40	201122	49282	60	301351	49282	80	401234	49282	100	502201	49282	120	602062	48413	140	702422	47561	160	802690	46676	180	903166	46676	200	1003367	45775	220	1103999	44901	240	1203911	44901	260	1303987	43208	280	1404369	43208	300	1504554	42320	320	1605308	42320	339	1700454	42320	359	1800754	42320	379	1903201	42320	399	2003190	41445	419	2102864	40609	439	2202790	40609	459	2302322	40609	479	2402185	40609	499	2502207	40609	
21	104329	50437	41	203564	50437	61	302897	50437	81	402032	50437	101	501234	50437	122	605237	50437	142	704950	50437	161	801468	50437	181	901027	50437	201	1000545	50437	222	1105151	50437	242	1204990	50437	262	1304728	50437	282	1403975	50437	302	1503351	50437	322	1602712	50437	342	1702048	50437	362	1801205	50437	382	1900646	50437	403	2004716	50437	423	2104083	50437	443	2203813	50437	463	2302940	50437	483	2402008	50437	500	2486684	50437	503	2501860	50437	
21	105158	49442	41	205160	49442	61	305191	49442	80	400459	49442	101	505330	49442	120	601057	48583	140	700614	48583	161	805010	47727	181	904810	47727	201	1004803	47727	221	1105117	47727	241	1204604	46879	261	1304296	46879	281	1404834	46879	301	1504680	46879	321	1604612	46879	341	1704545	46879	361	1804290	46879	381	1904086	46031	401	2004319	46031	421	2103874	46031	441	2203599	46031	461	2303427	46031	481	2403258	46031	500	2498331	46031	501	2503673	46031	
20	100526	50194	40	200979	50194	60	301325	50194	80	401871	50194	100	501936	50194	120	601429	49317	140	700885	49317	161	805044	48484	181	904387	48484	201	1004177	48484	221	1103598	48484	241	1203074	48484	261	1302744	48484	281	1402138	48484	301	1501781	48484	321	1601384	48484	341	1703840	48484	361	1803414	48484	381	1902734	48484	401	2002530	48484	421	2101796	48484	441	2201110	48484	461	2300757	48484	481	2400617	48484	500	2495552	48484	501	2500879	48484	
21	104480	50329	41	203801	49471	61	302433	47747	81	401117	45996	102	505074	44253	121	600807	44253	142	705178	43349	162	804990	43349	182	905123	43349	202	1004953	43349	222	1104762	43349	242	1204490	43349	262	1304234	42510	282	1404007	41644	302	1503386	41644	322	1602963	41644	342	1702463	41644	362	1801271	40801	383	1904910	40801	403	2004072	40801	423	2103097	39947	443	2202387	36477	463	2301038	35582	484	2404921	34715	500	2483875	32954	504	2504224	32110	
