wersja nr 3;wspolczynnik mutacji 3.200000;wielkosc populacji 5
3489	100019	239	6971	200013	239	10482	300025	239	13979	400009	239	17492	500021	239	20993	600031	239	24471	700002	208	27968	800010	208	31461	900023	208	34962	1000019	208	38472	1100024	208	41959	1200028	208	45471	1300022	208	48996	1400008	208	52486	1500021	208	55995	1600002	208	59519	1700012	208	63019	1800004	208	66521	1900003	208	70024	2000006	208	73551	2100022	188	77073	2200008	188	80584	2300014	188	84101	2400028	188	87626	2500006	188	91155	2600014	188	94667	2700031	188	98160	2800032	188	101651	2900006	188	105158	3000008	188	108662	3100008	188	112196	3200015	188	115711	3300005	188	119250	3400029	188	122772	3500016	188	
3515	100007	178	6996	200003	178	10480	300006	178	13954	400004	178	17440	500008	178	20919	600031	178	24388	700010	178	27857	800011	178	31334	900029	178	34815	1000015	178	38315	1100020	178	41789	1200016	178	45286	1300023	178	48766	1400011	178	52247	1500023	178	55728	1600008	178	59221	1700005	178	62700	1800014	178	66164	1900009	178	69632	2000034	178	73084	2100028	178	76521	2200002	178	79998	2300016	178	83476	2400008	178	86971	2500022	178	90454	2600017	178	93932	2700011	178	97417	2800021	178	100870	2900004	178	104350	3000024	178	107850	3100024	178	111357	3200022	178	114852	3300016	178	118347	3400014	178	121852	3500008	178	
3511	100033	259	7003	200031	259	10499	300021	259	13974	400005	259	17462	500005	259	20972	600012	259	24457	700018	259	27942	800027	259	31420	900008	218	34896	1000010	218	38378	1100022	218	41853	1200004	218	45331	1300020	218	48811	1400010	218	52288	1500004	218	55771	1600017	218	59250	1700005	218	62725	1800021	218	66188	1900015	218	69648	2000009	218	73125	2100019	218	76603	2200030	218	80078	2300024	218	83561	2400022	218	87056	2500013	218	90519	2600021	218	93981	2700006	218	97456	2800002	218	100945	2900027	218	104417	3000033	218	107884	3100019	218	111369	3200023	218	114852	3300026	218	118341	3400003	218	121834	3500023	218	
3513	100006	220	7003	200014	202	10502	300026	202	13981	400029	202	17445	500027	152	20929	600025	152	24417	700028	152	27931	800017	152	31460	900010	152	34950	1000021	152	38453	1100012	152	41927	1200002	152	45418	1300020	152	48926	1400014	152	52427	1500023	152	55932	1600021	152	59455	1700005	152	62963	1800017	152	66465	1900016	152	69975	2000025	152	73481	2100018	152	76983	2200016	152	80498	2300025	152	83997	2400006	119	87479	2500007	119	90963	2600009	119	94475	2700023	119	97982	2800022	119	101457	2900018	119	104929	3000023	119	108429	3100013	119	111913	3200026	119	115398	3300019	119	118902	3400002	119	122404	3500026	119	
3488	100017	294	6976	200024	267	10471	300019	267	13975	400014	267	17478	500016	243	20977	600030	243	24431	700013	224	27915	800010	224	31397	900005	224	34886	1000014	224	38370	1100029	224	41849	1200010	224	45347	1300017	224	48845	1400003	224	52338	1500026	224	55817	1600016	224	59280	1700030	224	62776	1800016	224	66276	1900016	206	69761	2000018	206	73236	2100020	206	76716	2200017	206	80201	2300022	206	83696	2400015	206	87195	2500002	206	90681	2600022	206	94149	2700002	206	97595	2800013	206	101070	2900011	206	104550	3000016	206	108022	3100022	206	111485	3200011	206	114963	3300028	206	118448	3400007	206	121931	3500005	206	
3660	100020	201	7280	200008	173	10925	300023	173	14594	400006	173	18252	500017	173	21911	600019	173	25552	700013	173	29198	800016	173	32866	900030	173	36474	1000022	173	40108	1100003	173	43754	1200018	173	47408	1300006	173	51055	1400011	173	54701	1500015	159	58327	1600010	159	61914	1700008	159	65536	1800021	159	69192	1900004	159	72843	2000028	159	76495	2100017	159	80142	2200002	159	83797	2300019	159	87433	2400021	159	91063	2500019	159	94716	2600029	159	98342	2700021	159	101982	2800014	159	105639	2900005	159	109288	3000027	159	112922	3100009	159	116562	3200021	159	120194	3300004	159	123851	3400011	159	127497	3500023	159	
3653	100010	126	7293	200020	126	10962	300009	126	14607	400019	126	18265	500025	126	21924	600004	126	25574	700009	126	29230	800021	93	32871	900007	93	36513	1000025	93	40158	1100030	93	43798	1200012	93	47449	1300021	93	51099	1400007	93	54763	1500015	93	58428	1600027	93	62091	1700024	93	65741	1800035	93	69401	1900003	93	73007	2000020	93	76668	2100020	93	80310	2200018	93	83954	2300004	93	87606	2400002	93	91222	2500002	93	94861	2600020	93	98494	2700030	93	102133	2800010	93	105808	2900007	93	109461	3000027	93	113116	3100026	93	116780	3200005	93	120425	3300018	93	124072	3400011	93	127711	3500014	93	
3648	100017	121	7295	200004	99	10948	300005	99	14571	400017	99	18229	500009	99	21857	600023	99	25499	700015	99	29165	800022	99	32813	900017	99	36451	1000021	99	40105	1100030	99	43717	1200003	99	47352	1300008	99	50970	1400007	99	54631	1500008	99	58265	1600016	99	61913	1700004	99	65573	1800023	99	69190	1900009	99	72839	2000003	99	76489	2100014	99	80143	2200022	99	83780	2300002	99	87390	2400027	99	91044	2500006	99	94699	2600004	99	98360	2700011	99	102010	2800019	99	105667	2900010	99	109290	3000011	99	112952	3100027	99	116610	3200026	99	120271	3300010	99	123938	3400013	99	127561	3500003	99	
3663	100026	131	7317	200019	131	10968	300009	131	14605	400023	131	18224	500013	131	21887	600006	131	25546	700009	115	29192	800020	115	32800	900018	115	36458	1000012	115	40104	1100012	115	43750	1200024	115	47420	1300004	115	51051	1400023	115	54691	1500011	115	58339	1600016	115	62000	1700029	115	65665	1800012	115	69287	1900024	115	72934	2000020	115	76601	2100024	115	80228	2200018	115	83870	2300010	115	87544	2400020	115	91205	2500008	115	94836	2600016	115	98475	2700028	115	102124	2800023	115	105792	2900019	115	109442	3000023	115	113115	3100012	115	116764	3200002	115	120400	3300012	115	124028	3400013	115	127666	3500003	115	
3645	100009	178	7308	200025	125	10969	300018	102	14610	400021	102	18258	500019	102	21931	600004	102	25616	700019	75	29272	800029	75	32919	900014	75	36575	1000007	75	40211	1100010	75	43842	1200009	75	47469	1300003	75	51141	1400008	75	54803	1500025	75	58449	1600010	75	62084	1700030	75	65737	1800006	75	69385	1900004	75	72999	2000002	75	76645	2100019	75	80280	2200015	75	83936	2300013	75	87601	2400016	75	91239	2500029	75	94865	2600009	75	98499	2700005	75	102155	2800022	75	105817	2900003	75	109477	3000006	75	113147	3100019	75	116803	3200012	75	120466	3300028	75	124148	3400020	75	127809	3500013	75	
1247	100041	2922	2480	200010	2922	3715	300078	2922	4948	400030	2922	6180	500081	2922	7405	600058	2922	8632	700078	2922	9867	800017	2922	11109	900019	2922	12339	1000013	2922	13576	1100042	2922	14811	1200019	2922	16046	1300022	2922	17278	1400024	2922	18512	1500033	2922	19743	1600012	2745	20978	1700040	2745	22214	1800045	2745	23453	1900040	2745	24669	2000028	2745	25904	2100071	2745	27139	2200036	2745	28373	2300070	2745	29597	2400066	2745	30813	2500019	2745	32050	2600034	2745	33283	2700062	2745	34518	2800050	2745	35755	2900051	2745	36979	3000045	2745	38215	3100042	2745	39454	3200080	2745	40687	3300066	2745	41916	3400032	2745	43146	3500017	2745	
1242	100082	3092	2478	200085	3092	3720	300058	2883	4961	400073	2883	6200	500016	2883	7432	600012	2883	8665	700052	2883	9901	800074	2883	11143	900061	2883	12377	1000031	2883	13618	1100081	2883	14850	1200057	2883	16089	1300041	2883	17326	1400069	2883	18566	1500022	2883	19791	1600018	2883	21016	1700025	2883	22248	1800016	2883	23463	1900011	2883	24701	2000061	2883	25941	2100073	2883	27163	2200084	2883	28400	2300072	2883	29640	2400076	2883	30882	2500022	2883	32115	2600027	2883	33354	2700048	2883	34580	2800034	2883	35808	2900053	2883	37043	3000016	2883	38272	3100089	2883	39513	3200023	2883	40743	3300036	2883	41980	3400035	2883	43210	3500078	2883	
1235	100033	2982	2461	200036	2982	3695	300056	2982	4927	400044	2982	6162	500041	2982	7403	600047	2982	8636	700013	2982	9871	800024	2982	11107	900075	2982	12341	1000028	2982	13574	1100023	2982	14807	1200016	2982	16037	1300080	2982	17276	1400037	2982	18510	1500058	2982	19749	1600061	2982	20985	1700061	2982	22226	1800062	2982	23466	1900021	2982	24714	2000050	2982	25960	2100044	2982	27199	2200050	2982	28432	2300013	2982	29671	2400073	2982	30909	2500026	2982	32135	2600049	2982	33355	2700021	2982	34583	2800034	2775	35828	2900039	2775	37058	3000012	2775	38303	3100021	2775	39540	3200015	2775	40768	3300076	2775	42001	3400023	2775	43229	3500056	2775	
1246	100058	2990	2484	200008	2990	3716	300060	2990	4954	400086	2990	6195	500046	2990	7434	600072	2990	8681	700087	2990	9925	800073	2990	11149	900073	2990	12382	1000081	2830	13617	1100072	2830	14846	1200061	2830	16082	1300066	2830	17323	1400064	2830	18557	1500075	2830	19794	1600059	2830	21024	1700090	2830	22260	1800056	2830	23499	1900020	2830	24736	2000070	2830	25969	2100023	2830	27203	2200042	2830	28439	2300030	2830	29673	2400023	2830	30907	2500032	2621	32131	2600015	2621	33373	2700078	2621	34612	2800056	2621	35845	2900091	2621	37064	3000058	2621	38291	3100063	2621	39515	3200079	2621	40744	3300015	2621	41966	3400068	2621	43201	3500062	2621	
1249	100068	3357	2492	200062	3152	3735	300076	3152	4985	400060	3152	6229	500069	3152	7465	600039	3152	8704	700070	3152	9940	800056	3152	11167	900040	3152	12405	1000012	3152	13653	1100075	3152	14895	1200016	3152	16135	1300036	3152	17376	1400075	3152	18620	1500008	3152	19868	1600062	3152	21105	1700044	3152	22344	1800027	3152	23581	1900029	3152	24823	2000043	3152	26056	2100020	3152	27292	2200031	3152	28540	2300033	3152	29778	2400072	3152	31014	2500046	3152	32248	2600037	3152	33485	2700071	3152	34726	2800019	3152	35965	2900030	3152	37199	3000031	3152	38436	3100068	3152	39671	3200070	3152	40908	3300014	3152	42150	3400013	3152	43389	3500055	3152	
1275	100044	4534	2524	200078	1454	3781	300086	1233	5033	400067	1233	6285	500022	1233	7534	600082	1233	8780	700032	1233	10034	800038	1233	11286	900040	1233	12537	1000086	1233	13784	1100031	1233	15038	1200060	1233	16293	1300058	1233	17526	1400055	1233	18776	1500049	1233	20024	1600046	1233	21279	1700034	1233	22536	1800091	1233	23789	1900054	1233	25034	2000079	1233	26281	2100050	1233	27532	2200087	1233	28769	2300071	1233	30020	2400089	1233	31274	2500076	1233	32532	2600080	1233	33785	2700055	1233	35043	2800074	1233	36290	2900053	1233	37541	3000070	1233	38785	3100068	1233	40028	3200024	1233	41279	3300047	1233	42538	3400069	1233	43790	3500069	1233	
1268	100093	2206	2543	200053	1777	3815	300070	1777	5075	400076	1777	6333	500018	1777	7593	600023	1777	8855	700074	1531	10115	800019	1531	11383	900049	1531	12640	1000059	1531	13892	1100035	1531	15147	1200051	1531	16405	1300037	1531	17672	1400080	1531	18924	1500011	1531	20182	1600011	1531	21450	1700016	1531	22720	1800042	1531	23992	1900067	1531	25261	2000069	1531	26522	2100092	1531	27774	2200076	1531	29040	2300071	1531	30296	2400048	1531	31549	2500051	1531	32805	2600058	1531	34072	2700067	1531	35333	2800046	1531	36601	2900073	1531	37866	3000028	1531	39124	3100021	1531	40391	3200017	1531	41651	3300081	1531	42908	3400028	1531	44163	3500017	1531	
1280	100045	3747	2538	200085	1549	3790	300082	1549	5046	400077	1549	6305	500044	1549	7573	600087	1549	8832	700083	1549	10091	800063	1549	11341	900055	1549	12588	1000089	1549	13845	1100034	1549	15112	1200051	1549	16369	1300082	1549	17626	1400066	1549	18872	1500068	1368	20121	1600024	1368	21375	1700031	1368	22633	1800038	1368	23867	1900087	1368	25111	2000011	1368	26363	2100070	1368	27615	2200062	1368	28876	2300044	1368	30140	2400013	1368	31393	2500055	1368	32641	2600094	1368	33893	2700066	1368	35143	2800066	1368	36392	2900035	1368	37637	3000090	1368	38884	3100033	1190	40125	3200052	1190	41365	3300044	1190	42611	3400059	1190	43857	3500060	1190	
1277	100053	1951	2539	200080	1732	3803	300034	1732	5064	400038	1732	6328	500047	1732	7593	600030	1536	8855	700066	1536	10116	800037	1536	11376	900085	1536	12640	1000074	1536	13898	1100056	1536	15150	1200055	1536	16405	1300036	1536	17665	1400018	1536	18924	1500070	1536	20176	1600041	1536	21421	1700029	1536	22680	1800062	1536	23934	1900051	1536	25196	2000072	1536	26459	2100053	1536	27714	2200042	1536	28964	2300051	1536	30220	2400023	1536	31490	2500062	1536	32749	2600064	1536	34012	2700023	1536	35272	2800061	1536	36533	2900055	1536	37787	3000068	1536	39048	3100061	1536	40307	3200046	1536	41565	3300043	1536	42823	3400026	1536	44074	3500072	1536	
1248	100019	3246	2523	200038	2067	3790	300037	1812	5052	400041	1601	6320	500041	1601	7580	600049	1601	8824	700043	1387	10061	800019	1387	11292	900071	1174	12532	1000079	1174	13773	1100066	1174	15010	1200019	1174	16265	1300063	1174	17520	1400011	1174	18769	1500023	1174	20022	1600018	1174	21270	1700040	1174	22519	1800014	1174	23768	1900016	1174	25015	2000041	1174	26260	2100013	1174	27504	2200023	1174	28750	2300085	1174	30003	2400051	1174	31251	2500013	1174	32506	2600036	1174	33745	2700085	1174	34998	2800063	1174	36249	2900074	1174	37497	3000068	1174	38734	3100049	1174	39972	3200019	1174	41213	3300081	1174	42456	3400056	1174	43698	3500035	1174	
281	100065	25272	556	200222	25272	834	300089	25272	1115	400356	25272	1395	500169	25272	1675	600237	25272	1955	700053	25272	2236	800273	25272	2516	900294	25272	2796	1000146	25272	3076	1100262	25272	3356	1200321	25272	3638	1300166	25272	3917	1400225	25272	4197	1500078	25272	4475	1600054	25272	4756	1700353	25272	5031	1800297	25272	5308	1900138	25272	5585	2000123	25272	5862	2100042	25272	6141	2200298	25272	6420	2300332	25272	6699	2400179	25272	6976	2500155	25272	7253	2600382	25272	7529	2700396	25272	7806	2800138	25272	8084	2900366	25272	8358	3000296	25272	8635	3100284	25272	8917	3200124	25272	9195	3300105	25272	9475	3400386	25272	9751	3500325	25272	
277	100130	25272	559	200058	25272	839	300357	25272	1120	400279	25272	1399	500221	25272	1678	600103	25272	1958	700282	25272	2237	800212	25272	2516	900292	25272	2796	1000303	25272	3076	1100217	25272	3354	1200083	25272	3633	1300159	25272	3911	1400185	25272	4191	1500234	25272	4470	1600072	25272	4743	1700149	25272	5023	1800379	25272	5302	1900323	25272	5584	2000369	25272	5860	2100275	25272	6140	2200341	25272	6416	2300115	25272	6695	2400257	25272	6972	2500326	25272	7248	2600061	25272	7525	2700046	25272	7803	2800342	25272	8082	2900145	25272	8363	3000151	25272	8637	3100057	25272	8917	3200339	25272	9198	3300121	25272	9476	3400239	25272	9756	3500173	25272	
280	100088	25272	560	200349	25272	839	300398	25272	1115	400234	25272	1391	500162	25272	1668	600206	25272	1948	700079	25272	2228	800101	25272	2505	900382	25272	2784	1000387	25272	3062	1100106	25272	3342	1200119	25272	3622	1300050	25272	3903	1400114	25272	4184	1500189	25272	4466	1600305	25272	4747	1700303	25272	5028	1800301	25272	5306	1900052	25272	5587	2000057	25272	5863	2100262	25272	6142	2200199	25272	6422	2300378	25272	6700	2400219	25272	6981	2500356	25272	7261	2600290	25272	7541	2700287	25272	7820	2800361	25272	8098	2900340	25272	8377	3000331	25272	8656	3100373	25272	8932	3200158	25272	9208	3300232	25272	9487	3400273	25272	9765	3500073	25272	
280	100056	25272	558	200107	25272	836	300072	25272	1112	400257	25272	1389	500047	25272	1668	600072	25272	1943	700186	25272	2222	800077	25272	2499	900058	25272	2780	1000140	25272	3060	1100209	25272	3338	1200087	25272	3620	1300072	25272	3900	1400078	25272	4181	1500308	25272	4461	1600217	25272	4742	1700343	25272	5022	1800068	25272	5301	1900322	25272	5582	2000306	25272	5861	2100105	25272	6140	2200350	25272	6416	2300087	25272	6694	2400358	25272	6971	2500252	25272	7250	2600371	25272	7526	2700189	25272	7805	2800363	25272	8082	2900169	25272	8363	3000182	25272	8644	3100381	25272	8921	3200253	25272	9200	3300213	25272	9479	3400300	25272	9757	3500228	25272	
281	100234	25272	560	200210	25272	841	300395	25272	1120	400296	25272	1401	500093	25272	1682	600210	25272	1961	700231	25272	2240	800244	25272	2520	900313	25272	2801	1000124	25272	3077	1100265	25272	3354	1200356	25272	3633	1300188	25272	3911	1400078	25272	4190	1500186	25272	4468	1600303	25272	4746	1700050	25272	5028	1800208	25272	5308	1900133	25272	5590	2000241	25272	5867	2100246	25272	6145	2200091	25272	6427	2300187	25272	6709	2400280	25272	6990	2500177	25272	7268	2600080	25272	7546	2700093	25272	7825	2800214	25272	8101	2900340	25272	8380	3000079	25272	8657	3100056	25272	8938	3200362	25272	9217	3300111	25272	9497	3400263	25272	9776	3500363	25272	
284	100143	25176	568	200268	25176	853	300175	25176	1136	400299	25176	1420	500222	25176	1702	600133	25176	1985	700090	25176	2270	800125	25176	2555	900332	25176	2837	1000044	25176	3119	1100307	25176	3400	1200079	25176	3685	1300262	25176	3969	1400359	25176	4253	1500190	25176	4539	1600170	25176	4823	1700236	25176	5108	1800359	25176	5394	1900368	25176	5677	2000305	25176	5957	2100054	25176	6240	2200138	25176	6523	2300092	25176	6805	2400040	25176	7089	2500108	25176	7374	2600065	25176	7662	2700183	25176	7943	2800188	25176	8228	2900279	25176	8515	3000257	25176	8800	3100271	25176	9082	3200124	25176	9368	3300347	25176	9655	3400347	25176	9941	3500147	25176	
285	100302	25176	567	200112	25176	853	300119	25176	1139	400263	25176	1420	500183	25176	1700	600135	25176	1984	700050	25176	2269	800345	25176	2552	900274	25176	2836	1000127	25176	3118	1100243	25176	3399	1200163	25176	3683	1300049	25176	3967	1400248	25176	4251	1500129	25176	4537	1600112	25176	4822	1700368	25176	5105	1800131	25176	5387	1900106	25176	5672	2000166	25176	5950	2100270	25176	6234	2200232	25176	6518	2300290	25176	6803	2400178	25176	7085	2500046	25176	7368	2600149	25176	7646	2700187	25176	7931	2800080	25176	8216	2900391	25176	8496	3000094	25176	8782	3100088	25176	9066	3200378	25176	9348	3300131	25176	9633	3400381	25176	9914	3500218	25176	
284	100070	25176	568	200062	25176	850	300162	25176	1132	400146	25176	1416	500307	25176	1702	600308	25176	1985	700276	25176	2270	800124	25176	2557	900292	25176	2842	1000301	25176	3125	1100052	25176	3410	1200318	25176	3693	1300108	25176	3975	1400287	25176	4257	1500109	25176	4542	1600064	25176	4827	1700311	25176	5111	1800251	25176	5396	1900105	25176	5682	2000121	25176	5968	2100348	25176	6252	2200332	25176	6538	2300269	25176	6823	2400239	25176	7108	2500295	25176	7394	2600353	25176	7676	2700140	25176	7959	2800191	25176	8243	2900228	25176	8525	3000200	25176	8807	3100299	25176	9087	3200362	25176	9371	3300227	25176	9655	3400231	25176	9937	3500190	25176	
286	100092	25176	571	200212	25176	857	300174	25176	1142	400084	25176	1427	500297	25176	1712	600177	25176	1996	700078	25176	2279	800139	25176	2561	900219	25176	2842	1000173	25176	3125	1100317	25176	3410	1200257	25176	3693	1300275	25176	3978	1400167	25176	4262	1500332	25176	4545	1600237	25176	4828	1700296	25176	5110	1800091	25176	5392	1900325	25176	5673	2000204	25176	5956	2100259	25176	6238	2200128	25176	6520	2300050	25176	6801	2400106	25176	7087	2500282	25176	7366	2600363	25176	7650	2700076	25176	7933	2800344	25176	8216	2900274	25176	8502	3000199	25176	8786	3100073	25176	9070	3200082	25176	9354	3300094	25176	9640	3400176	25176	9926	3500137	25176	
285	100308	25176	569	200103	25176	852	300281	25176	1133	400317	25176	1415	500301	25176	1698	600168	25176	1982	700251	25176	2266	800220	25176	2554	900319	25176	2836	1000179	25176	3121	1100291	25176	3403	1200233	25176	3687	1300304	25176	3970	1400241	25176	4255	1500177	25176	4539	1600250	25176	4822	1700091	25176	5106	1800088	25176	5389	1900265	25176	5669	2000422	25176	5949	2100155	25176	6228	2200045	25176	6514	2300380	25176	6800	2400316	25176	7083	2500060	25176	7367	2600140	25176	7651	2700125	25176	7933	2800320	25176	8213	2900084	25176	8496	3000384	25176	8782	3100286	25176	9065	3200119	25176	9349	3300364	25176	9635	3400370	25176	9917	3500050	25176	
4107	100003	67	8219	200004	67	12365	300004	67	16497	400006	67	20610	500013	67	24752	600012	67	28896	700008	67	33045	800014	67	37189	900004	67	41329	1000003	67	45430	1100009	67	49583	1200027	67	53707	1300002	67	57846	1400015	67	61973	1500016	67	66100	1600004	67	70221	1700020	67	74374	1800002	67	78497	1900007	67	82632	2000016	67	86747	2100006	67	90869	2200007	67	95022	2300002	67	99162	2400002	67	103312	2500017	67	107426	2600019	67	111530	2700022	67	115686	2800024	67	119830	2900026	67	123978	3000019	67	128118	3100003	67	132269	3200008	67	136421	3300014	67	140586	3400020	67	144731	3500005	67	
4139	100003	63	8295	200023	63	12412	300014	63	16542	400022	63	20661	500004	63	24810	600006	63	28974	700009	63	33138	800007	63	37272	900003	63	41409	1000002	55	45548	1100022	55	49704	1200009	55	53851	1300013	55	57983	1400007	55	62120	1500001	55	66257	1600018	55	70377	1700006	55	74519	1800017	55	78678	1900016	55	82811	2000007	55	86883	2100011	55	91016	2200023	55	95154	2300014	55	99293	2400020	55	103448	2500013	55	107612	2600012	55	111717	2700005	55	115872	2800003	55	120034	2900011	55	124160	3000012	55	128294	3100020	55	132407	3200016	55	136552	3300002	55	140700	3400011	55	144845	3500026	55	
4132	100011	64	8281	200021	64	12419	300016	64	16563	400018	53	20723	500021	53	24872	600021	53	28990	700016	53	33132	800009	53	37265	900008	53	41407	1000016	53	45547	1100022	53	49666	1200007	53	53794	1300017	53	57935	1400025	53	62031	1500020	53	66173	1600022	53	70308	1700014	53	74456	1800019	53	78600	1900009	53	82764	2000026	53	86921	2100019	53	91063	2200006	53	95213	2300014	53	99385	2400003	53	103503	2500002	53	107662	2600024	53	111783	2700022	53	115940	2800010	53	120086	2900022	53	124222	3000003	53	128368	3100017	53	132510	3200003	53	136665	3300018	53	140799	3400018	53	144953	3500025	53	
4158	100022	66	8296	200004	66	12425	300013	66	16560	400012	66	20687	500004	66	24838	600022	66	28992	700002	66	33137	800011	66	37282	900009	66	41409	1000020	66	45538	1100001	66	49672	1200002	66	53812	1300013	66	57954	1400009	66	62086	1500006	66	66203	1600017	66	70303	1700015	66	74445	1800008	66	78580	1900012	66	82701	2000022	66	86822	2100021	66	90957	2200006	66	95097	2300021	66	99234	2400010	66	103369	2500016	66	107497	2600022	66	111646	2700020	66	115775	2800005	66	119867	2900015	66	123959	3000014	66	128114	3100011	66	132242	3200013	66	136399	3300013	66	140564	3400014	66	144697	3500002	66	
4124	100005	67	8235	200019	67	12396	300021	56	16559	400004	56	20709	500011	56	24824	600012	56	28984	700020	56	33130	800007	56	37286	900006	56	41434	1000019	56	45580	1100017	56	49729	1200009	56	53874	1300020	56	58030	1400014	56	62185	1500015	56	66322	1600008	56	70469	1700010	56	74602	1800003	56	78737	1900016	56	82876	2000022	56	87023	2100013	56	91173	2200022	56	95331	2300006	56	99486	2400002	56	103627	2500003	56	107784	2600022	56	111938	2700007	56	116117	2800007	56	120280	2900018	56	124457	3000011	56	128617	3100021	56	132774	3200014	56	136925	3300023	56	141045	3400013	56	145168	3500016	56	
4553	100017	69	9090	200016	69	13620	300001	69	18146	400014	61	22692	500011	61	27250	600005	61	31797	700008	61	36336	800005	61	40889	900002	61	45422	1000008	61	49955	1100018	61	54482	1200006	61	59014	1300003	61	63572	1400012	61	68137	1500009	61	72685	1600012	61	77240	1700011	61	81784	1800001	61	86338	1900017	61	90901	2000011	61	95441	2100001	61	99993	2200018	61	104536	2300008	61	109082	2400014	61	113637	2500006	61	118204	2600002	61	122741	2700020	61	127266	2800003	61	131805	2900009	61	136357	3000019	61	140907	3100006	61	145469	3200010	61	150030	3300024	61	154587	3400024	61	159137	3500002	61	
4530	100004	71	9030	200014	71	13584	300005	71	18131	400007	71	22692	500014	71	27245	600006	71	31790	700009	71	36334	800010	71	40902	900003	71	45459	1000026	71	50000	1100011	71	54534	1200016	71	59077	1300004	71	63629	1400002	71	68170	1500002	71	72701	1600018	71	77225	1700003	71	81757	1800017	71	86309	1900016	71	90841	2000022	71	95359	2100021	71	99880	2200013	71	104437	2300015	71	108972	2400010	71	113516	2500001	71	118036	2600010	71	122545	2700011	71	127081	2800025	71	131621	2900024	71	136134	3000010	71	140662	3100015	71	145203	3200010	71	149753	3300023	71	154296	3400021	71	158783	3500005	71	
4503	100019	64	9023	200010	64	13578	300011	64	18112	400021	64	22663	500005	64	27191	600009	64	31733	700021	64	36283	800003	64	40830	900012	64	45371	1000006	64	49934	1100017	64	54456	1200018	64	58991	1300011	64	63541	1400011	64	68096	1500008	64	72626	1600011	64	77142	1700013	64	81690	1800014	64	86195	1900017	64	90740	2000009	64	95280	2100006	64	99813	2200002	64	104342	2300017	64	108887	2400018	64	113372	2500013	64	117872	2600018	64	122381	2700008	64	126913	2800005	64	131424	2900001	64	135965	3000016	64	140500	3100005	64	145041	3200023	64	149564	3300010	64	154064	3400018	64	158569	3500011	64	
4552	100005	62	9100	200002	62	13630	300013	62	18184	400021	62	22729	500002	62	27286	600013	62	31825	700002	62	36376	800018	62	40954	900021	62	45508	1000011	62	50031	1100004	62	54568	1200004	62	59088	1300024	62	63632	1400002	62	68170	1500021	62	72737	1600025	62	77291	1700007	62	81843	1800017	62	86380	1900019	62	90935	2000001	62	95481	2100005	62	100020	2200014	62	104569	2300013	62	109067	2400025	62	113604	2500008	62	118127	2600001	62	122667	2700007	62	127211	2800001	62	131757	2900012	62	136277	3000017	62	140804	3100017	62	145357	3200009	62	149892	3300007	62	154429	3400026	62	158972	3500013	62	
4535	100002	67	9090	200019	67	13650	300015	67	18204	400013	67	22741	500002	67	27268	600007	67	31802	700011	67	36350	800008	67	40911	900008	67	45447	1000019	67	49999	1100008	67	54553	1200020	67	59113	1300012	67	63635	1400003	67	68164	1500019	67	72685	1600014	67	77206	1700018	67	81745	1800018	67	86298	1900025	67	90841	2000009	67	95380	2100016	67	99925	2200011	67	104453	2300026	67	108983	2400022	67	113519	2500019	67	118076	2600018	67	122637	2700002	67	127199	2800006	67	131733	2900018	67	136289	3000013	67	140833	3100013	67	145377	3200003	67	149926	3300018	67	154438	3400006	67	158995	3500017	67	
1320	100017	355	2620	200043	355	3939	300042	355	5274	400079	355	6604	500065	355	7919	600085	355	9242	700060	355	10569	800053	355	11899	900071	355	13217	1000053	355	14536	1100008	355	15866	1200073	355	17180	1300035	355	18512	1400034	355	19839	1500011	355	21170	1600073	355	22491	1700074	355	23826	1800013	355	25162	1900027	355	26495	2000032	355	27832	2100019	355	29157	2200079	355	30475	2300023	355	31801	2400057	355	33121	2500054	355	34432	2600022	355	35750	2700078	355	37079	2800018	355	38387	2900068	355	39707	3000014	355	41032	3100028	355	42361	3200063	355	43685	3300027	355	45006	3400031	355	46319	3500056	355	
1326	100051	355	2655	200059	355	3983	300008	355	5315	400081	355	6637	500053	355	7970	600062	355	9296	700051	355	10613	800062	355	11942	900055	355	13277	1000069	355	14607	1100051	355	15931	1200050	355	17255	1300069	355	18591	1400034	355	19918	1500078	355	21245	1600029	355	22575	1700069	355	23901	1800033	355	25226	1900052	355	26550	2000079	355	27867	2100018	355	29193	2200070	355	30528	2300069	355	31860	2400074	355	33182	2500040	355	34507	2600073	355	35828	2700017	355	37159	2800074	355	38474	2900039	355	39800	3000008	355	41130	3100063	355	42467	3200027	355	43797	3300023	355	45124	3400009	355	46460	3500054	355	
1328	100036	355	2656	200066	355	3983	300034	355	5313	400077	355	6639	500035	355	7968	600056	355	9288	700064	355	10617	800029	355	11942	900069	355	13261	1000041	355	14593	1100033	355	15922	1200077	355	17244	1300030	355	18563	1400026	355	19894	1500058	355	21212	1600025	355	22545	1700070	355	23868	1800064	355	25194	1900075	355	26526	2000063	355	27845	2100050	355	29178	2200013	355	30503	2300034	355	31832	2400071	355	33150	2500076	355	34482	2600018	355	35795	2700028	355	37124	2800051	355	38446	2900009	355	39767	3000041	355	41086	3100009	355	42415	3200071	355	43726	3300070	355	45041	3400071	355	46367	3500087	355	
1332	100008	355	2670	200073	355	4004	300041	355	5314	400024	355	6631	500045	355	7951	600078	355	9282	700075	355	10596	800066	355	11915	900021	355	13239	1000065	355	14570	1100044	355	15897	1200055	355	17236	1300036	355	18563	1400071	355	19888	1500059	355	21218	1600044	355	22549	1700008	355	23884	1800052	355	25210	1900039	355	26530	2000022	355	27853	2100033	355	29175	2200047	355	30505	2300048	355	31807	2400042	355	33136	2500064	355	34468	2600065	355	35786	2700041	355	37118	2800015	355	38440	2900023	355	39762	3000040	355	41081	3100059	355	42399	3200073	355	43731	3300062	355	45057	3400076	355	46385	3500050	355	
1313	100034	355	2634	200076	355	3948	300081	355	5268	400040	355	6592	500009	355	7918	600009	355	9255	700062	355	10575	800066	355	11899	900042	355	13235	1000007	355	14566	1100019	355	15884	1200056	355	17225	1300032	355	18561	1400078	355	19891	1500067	355	21217	1600036	355	22545	1700027	355	23883	1800021	355	25215	1900016	355	26542	2000071	355	27878	2100076	355	29214	2200081	355	30531	2300033	355	31852	2400066	355	33176	2500047	355	34497	2600042	355	35823	2700059	355	37144	2800014	355	38467	2900053	355	39775	3000050	355	41093	3100058	355	42419	3200022	355	43756	3300077	355	45085	3400012	355	46418	3500056	355	
1422	100021	365	2852	200035	365	4280	300027	365	5702	400027	365	7138	500067	365	8571	600011	365	10000	700023	365	11407	800049	365	12828	900047	365	14258	1000014	365	15674	1100015	365	17099	1200006	365	18539	1300051	365	19965	1400055	365	21406	1500026	365	22836	1600016	365	24258	1700065	365	25700	1800009	365	27139	1900058	365	28569	2000014	365	29995	2100057	365	31416	2200029	365	32855	2300061	365	34279	2400008	365	35703	2500008	365	37142	2600021	365	38578	2700066	365	40014	2800027	365	41448	2900056	365	42876	3000068	365	44316	3100071	365	45752	3200046	365	47180	3300018	365	48624	3400057	365	50048	3500036	365	
1426	100011	365	2853	200017	365	4269	300027	365	5681	400010	365	7100	500064	365	8534	600011	365	9967	700067	365	11400	800029	365	12831	900064	365	14253	1000028	365	15685	1100037	365	17114	1200016	365	18539	1300009	365	19962	1400013	365	21400	1500069	365	22834	1600068	365	24243	1700009	365	25660	1800073	365	27086	1900069	365	28519	2000037	365	29885	2100073	365	31312	2200064	365	32742	2300051	365	34176	2400040	365	35596	2500056	365	37010	2600072	365	38433	2700015	365	39863	2800041	365	41287	2900068	365	42716	3000037	365	44141	3100075	365	45563	3200028	365	46995	3300047	365	48432	3400060	365	49854	3500077	365	
1427	100050	365	2854	200058	365	4286	300034	365	5722	400041	365	7159	500011	365	8592	600042	365	10027	700034	365	11456	800012	365	12878	900015	365	14298	1000067	365	15734	1100039	365	17159	1200050	365	18582	1300054	365	20003	1400040	365	21419	1500020	365	22855	1600057	365	24285	1700071	365	25712	1800069	365	27140	1900013	365	28577	2000015	365	30016	2100061	365	31448	2200029	365	32872	2300031	365	34295	2400050	365	35716	2500008	365	37150	2600070	365	38585	2700065	365	40022	2800032	365	41460	2900067	365	42892	3000007	365	44318	3100009	365	45741	3200066	365	47172	3300029	365	48605	3400054	365	50037	3500013	365	
1443	100055	365	2869	200011	365	4301	300022	365	5735	400052	365	7171	500023	365	8603	600068	365	10032	700027	365	11451	800066	365	12869	900042	365	14286	1000007	365	15710	1100064	365	17126	1200040	365	18545	1300060	365	19983	1400069	365	21421	1500028	365	22846	1600036	365	24263	1700074	365	25686	1800047	365	27100	1900019	365	28502	2000069	365	29922	2100058	365	31351	2200032	365	32781	2300059	365	34205	2400045	365	35637	2500036	365	37052	2600058	365	38473	2700019	365	39903	2800056	365	41330	2900047	365	42763	3000036	365	44184	3100013	365	45598	3200043	365	47015	3300045	365	48436	3400023	365	49869	3500049	365	
1421	100064	365	2854	200054	365	4284	300045	365	5717	400013	365	7136	500074	365	8560	600045	365	9984	700072	365	11406	800023	365	12821	900038	365	14254	1000050	365	15687	1100063	365	17125	1200021	365	18550	1300071	365	19976	1400066	365	21408	1500068	365	22839	1600030	365	24264	1700031	365	25704	1800021	365	27136	1900066	365	28577	2000059	365	30013	2100069	365	31446	2200046	365	32872	2300028	365	34302	2400014	365	35733	2500069	365	37161	2600029	365	38583	2700039	365	40016	2800034	365	41441	2900041	365	42871	3000068	365	44307	3100073	365	45742	3200022	365	47178	3300027	365	48592	3400010	365	50017	3500035	365	
317	100177	1803	637	200181	1803	957	300214	1803	1277	400243	1803	1594	500326	1803	1913	600189	1803	2229	700166	1803	2549	800253	1803	2868	900033	1803	3189	1000330	1803	3508	1100145	1803	3828	1200267	1803	4147	1300036	1803	4469	1400296	1803	4787	1500179	1803	5109	1600143	1803	5430	1700082	1803	5748	1800258	1803	6068	1900095	1803	6387	2000101	1803	6708	2100072	1803	7028	2200277	1803	7346	2300276	1803	7664	2400164	1803	7981	2500141	1803	8301	2600284	1803	8619	2700326	1803	8940	2800160	1803	9254	2900084	1803	9573	3000204	1803	9892	3100045	1803	10210	3200229	1803	10530	3300145	1803	10852	3400241	1803	11174	3500212	1803	
320	100065	1803	640	200116	1803	953	300307	1803	1271	400284	1803	1591	500071	1803	1911	600118	1803	2233	700266	1803	2550	800241	1803	2870	900295	1803	3187	1000325	1803	3505	1100288	1803	3823	1200034	1803	4142	1300132	1803	4457	1400083	1803	4772	1500284	1803	5091	1600136	1803	5411	1700088	1803	5728	1800134	1803	6045	1900250	1803	6362	2000184	1803	6681	2100245	1803	6998	2200227	1803	7317	2300358	1803	7628	2400262	1803	7948	2500344	1803	8268	2600325	1803	8583	2700098	1803	8904	2800132	1803	9217	2900125	1803	9535	3000309	1803	9852	3100124	1803	10172	3200278	1803	10492	3300278	1803	10812	3400206	1803	11130	3500044	1803	
317	100046	1803	635	200045	1803	956	300061	1803	1276	400209	1803	1597	500299	1803	1917	600209	1803	2236	700149	1803	2554	800051	1803	2871	900077	1803	3189	1000195	1803	3506	1100087	1803	3824	1200131	1803	4145	1300332	1803	4464	1400086	1803	4781	1500323	1803	5096	1600122	1803	5417	1700311	1803	5732	1800224	1803	6044	1900186	1803	6358	2000130	1803	6673	2100140	1803	6992	2200334	1803	7312	2300063	1803	7633	2400164	1803	7951	2500108	1803	8269	2600208	1803	8586	2700095	1803	8905	2800087	1803	9226	2900160	1803	9546	3000141	1803	9866	3100156	1803	10184	3200162	1803	10502	3300226	1803	10817	3400236	1803	11132	3500174	1803	
316	100073	1803	635	200251	1803	955	300251	1803	1276	400329	1803	1594	500044	1803	1913	600340	1803	2229	700091	1803	2550	800325	1803	2865	900263	1803	3183	1000044	1803	3504	1100279	1803	3824	1200309	1803	4145	1300220	1803	4466	1400252	1803	4786	1500060	1803	5108	1600245	1803	5427	1700302	1803	5741	1800217	1803	6056	1900125	1803	6375	2000116	1803	6693	2100323	1803	7012	2200256	1803	7328	2300343	1803	7645	2400236	1803	7965	2500176	1803	8282	2600108	1803	8597	2700141	1803	8916	2800333	1803	9235	2900181	1803	9553	3000057	1803	9869	3100085	1803	10186	3200326	1803	10505	3300049	1803	10824	3400273	1803	11142	3500313	1803	
316	100080	1803	628	200043	1803	947	300229	1803	1264	400310	1803	1578	500097	1803	1892	600268	1803	2209	700138	1803	2529	800344	1803	2848	900101	1803	3164	1000045	1803	3484	1100284	1803	3803	1200259	1803	4122	1300265	1803	4442	1400251	1803	4761	1500217	1803	5079	1600216	1803	5398	1700125	1803	5718	1800207	1803	6038	1900129	1803	6358	2000232	1803	6679	2100133	1803	6998	2200086	1803	7318	2300292	1803	7635	2400241	1803	7955	2500105	1803	8273	2600129	1803	8595	2700326	1803	8915	2800202	1803	9237	2900202	1803	9556	3000210	1803	9877	3100275	1803	10198	3200147	1803	10516	3300292	1803	10831	3400088	1803	11148	3500338	1803	
343	100083	1754	688	200113	1754	1023	300076	1754	1367	400213	1754	1714	500292	1754	2059	600294	1754	2403	700038	1754	2747	800175	1754	3093	900190	1754	3438	1000271	1754	3783	1100286	1754	4131	1200105	1754	4475	1300309	1754	4817	1400092	1754	5165	1500274	1754	5513	1600032	1754	5859	1700197	1754	6204	1800320	1754	6547	1900239	1754	6892	2000235	1754	7239	2100129	1754	7586	2200096	1754	7933	2300252	1754	8280	2400052	1754	8628	2500061	1754	8973	2600221	1754	9317	2700263	1754	9663	2800233	1754	10007	2900246	1754	10350	3000257	1754	10698	3100071	1754	11046	3200330	1754	11393	3300310	1754	11737	3400208	1754	12081	3500079	1754	
346	100286	1754	693	200050	1754	1042	300227	1754	1388	400134	1754	1732	500105	1754	2079	600082	1754	2425	700215	1754	2772	800207	1754	3118	900278	1754	3465	1000232	1754	3812	1100118	1754	4158	1200158	1754	4500	1300129	1754	4845	1400200	1754	5191	1500112	1754	5539	1600096	1754	5886	1700062	1754	6234	1800194	1754	6582	1900259	1754	6928	2000116	1754	7273	2100318	1754	7618	2200190	1754	7966	2300310	1754	8313	2400298	1754	8658	2500184	1754	9002	2600207	1754	9347	2700297	1754	9688	2800273	1754	10035	2900076	1754	10381	3000103	1754	10729	3100224	1754	11076	3200031	1754	11425	3300307	1754	11773	3400218	1754	12119	3500265	1754	
346	100076	1754	692	200060	1754	1037	300317	1754	1385	400248	1754	1734	500289	1754	2080	600263	1754	2427	700115	1754	2774	800080	1754	3121	900117	1754	3469	1000051	1754	3817	1100089	1754	4161	1200080	1754	4505	1300080	1754	4848	1400159	1754	5194	1500126	1754	5539	1600055	1754	5884	1700178	1754	6229	1800157	1754	6576	1900149	1754	6921	2000303	1754	7261	2100088	1754	7607	2200091	1754	7948	2300265	1754	8295	2400162	1754	8639	2500138	1754	8981	2600172	1754	9327	2700219	1754	9671	2800184	1754	10013	2900276	1754	10352	3000211	1754	10694	3100125	1754	11038	3200260	1754	11384	3300113	1754	11728	3400245	1754	12075	3500284	1754	
344	100325	1754	684	200109	1754	1032	300241	1754	1375	400132	1754	1723	500306	1754	2067	600128	1754	2412	700039	1754	2758	800191	1754	3102	900214	1754	3448	1000041	1754	3794	1100169	1754	4141	1200307	1754	4487	1300297	1754	4830	1400138	1754	5176	1500246	1754	5522	1600218	1754	5869	1700250	1754	6217	1800219	1754	6564	1900248	1754	6910	2000252	1754	7257	2100194	1754	7601	2200091	1754	7948	2300197	1754	8294	2400216	1754	8642	2500162	1754	8989	2600294	1754	9332	2700132	1754	9679	2800296	1754	10025	2900044	1754	10373	3000082	1754	10715	3100186	1754	11060	3200120	1754	11404	3300162	1754	11749	3400182	1754	12096	3500090	1754	
348	100208	1754	693	200142	1754	1036	300118	1754	1379	400273	1754	1722	500099	1754	2070	600073	1754	2416	700054	1754	2761	800042	1754	3104	900162	1754	3447	1000313	1754	3788	1100157	1754	4133	1200308	1754	4478	1300203	1754	4826	1400088	1754	5173	1500054	1754	5518	1600081	1754	5864	1700178	1754	6207	1800254	1754	6549	1900187	1754	6892	2000102	1754	7237	2100221	1754	7584	2200151	1754	7932	2300040	1754	8280	2400058	1754	8626	2500141	1754	8972	2600187	1754	9320	2700299	1754	9666	2800045	1754	10015	2900292	1754	10363	3000245	1754	10710	3100088	1754	11058	3200301	1754	11398	3300048	1754	11745	3400250	1754	12090	3500070	1754	
3727	100004	242	7451	200024	242	11167	300028	242	14891	400003	242	18595	500023	242	22313	600019	242	26029	700002	215	29727	800005	215	33415	900019	215	37136	1000011	215	40834	1100023	215	44544	1200023	215	48257	1300028	215	51945	1400006	215	55665	1500019	215	59376	1600025	215	63085	1700022	215	66800	1800002	215	70487	1900024	215	74177	2000018	215	77870	2100002	215	81563	2200015	215	85278	2300010	215	89003	2400027	215	92727	2500020	215	96448	2600019	188	100150	2700020	188	103848	2800012	188	107538	2900014	188	111218	3000015	188	114898	3100008	188	118576	3200004	188	122256	3300029	188	125965	3400009	188	129673	3500014	188	
3701	100019	318	7394	200008	294	11122	300006	294	14854	400005	294	18590	500023	267	22314	600019	267	26046	700019	267	29745	800012	267	33488	900007	267	37215	1000022	267	40925	1100006	267	44639	1200017	267	48358	1300024	267	52073	1400017	267	55800	1500026	267	59521	1600016	267	63229	1700012	267	66957	1800003	267	70677	1900028	267	74382	2000020	267	78027	2100004	267	81731	2200005	267	85447	2300026	267	89166	2400007	267	92863	2500020	267	96588	2600020	267	100304	2700007	267	104035	2800007	244	107764	2900017	244	111400	3000004	244	115097	3100011	244	118817	3200008	244	122537	3300024	244	126252	3400014	244	129960	3500005	244	
3668	100013	229	7349	200013	229	11037	300009	229	14742	400028	229	18424	500021	229	22103	600002	207	25794	700021	207	29470	800010	207	33169	900010	207	36842	1000007	207	40540	1100024	207	44203	1200009	207	47912	1300004	207	51600	1400012	207	55285	1500019	207	58974	1600026	207	62660	1700002	207	66330	1800010	207	70027	1900029	207	73715	2000027	207	77406	2100015	207	81104	2200011	207	84794	2300004	207	88495	2400005	207	92187	2500013	207	95891	2600019	207	99564	2700027	207	103245	2800007	207	106921	2900027	207	110568	3000023	207	114250	3100004	207	117936	3200025	207	121590	3300005	207	125218	3400013	207	128856	3500013	207	
3698	100006	313	7408	200017	258	11108	300013	226	14804	400012	226	18473	500003	226	22159	600020	226	25819	700016	226	29510	800006	226	33208	900023	226	36887	1000004	197	40572	1100022	197	44269	1200008	197	47964	1300010	197	51624	1400032	197	55312	1500016	197	59009	1600018	197	62691	1700016	197	66392	1800010	197	70078	1900007	197	73758	2000005	197	77454	2100018	197	81143	2200005	197	84817	2300019	197	88531	2400010	197	92219	2500010	197	95918	2600025	197	99617	2700028	197	103284	2800025	197	106944	2900009	197	110596	3000006	197	114252	3100028	197	117908	3200002	197	121608	3300003	197	125307	3400022	197	129011	3500010	197	
3700	100030	191	7379	200022	191	11100	300019	191	14793	400021	164	18497	500007	164	22193	600003	164	25883	700002	164	29565	800024	164	33274	900022	164	36957	1000008	164	40648	1100023	164	44347	1200027	164	48062	1300019	164	51740	1400003	164	55447	1500002	164	59134	1600009	164	62824	1700008	164	66524	1800022	164	70236	1900011	164	73951	2000028	164	77647	2100006	164	81359	2200015	164	85061	2300005	164	88771	2400005	164	92475	2500014	164	96173	2600002	164	99868	2700017	164	103571	2800013	164	107278	2900028	164	110977	3000011	164	114687	3100011	164	118383	3200002	164	122084	3300003	164	125792	3400019	164	129498	3500003	164	
1265	100018	5755	2507	200012	1910	3751	300043	1910	4996	400049	1910	6209	500038	1736	7445	600022	1736	8683	700016	1736	9908	800059	1736	11140	900028	1736	12368	1000085	1736	13593	1100020	1736	14832	1200040	1736	16055	1300036	1736	17295	1400012	1736	18526	1500049	1736	19760	1600049	1736	21002	1700054	1736	22233	1800078	1736	23471	1900026	1736	24705	2000012	1736	25931	2100009	1736	27160	2200041	1736	28400	2300048	1736	29645	2400037	1736	30882	2500064	1736	32115	2600061	1736	33350	2700037	1736	34580	2800024	1736	35801	2900012	1736	37019	3000053	1736	38260	3100087	1736	39498	3200073	1736	40727	3300071	1736	41961	3400045	1736	43196	3500080	1736	
1248	100052	3102	2497	200055	2458	3733	300033	2216	4969	400051	2216	6196	500020	2216	7435	600080	2216	8683	700071	2216	9931	800038	2216	11149	900026	2216	12377	1000021	2216	13614	1100083	2216	14856	1200030	2216	16094	1300015	2216	17334	1400039	1993	18565	1500024	1993	19808	1600046	1993	21043	1700042	1993	22284	1800043	1993	23525	1900027	1993	24772	2000027	1993	26010	2100071	1993	27235	2200011	1993	28476	2300067	1993	29704	2400061	1993	30939	2500070	1993	32166	2600038	1993	33402	2700047	1993	34639	2800063	1993	35879	2900047	1993	37111	3000065	1993	38340	3100019	1993	39575	3200048	1993	40794	3300044	1993	42032	3400075	1993	43272	3500016	1993	
1257	100066	2567	2499	200017	2567	3739	300048	2397	4983	400007	2397	6228	500074	2397	7457	600075	2202	8695	700083	2202	9926	800023	2019	11172	900072	2019	12417	1000035	2019	13660	1100062	2019	14896	1200041	2019	16137	1300040	2019	17380	1400007	2019	18630	1500078	2019	19873	1600050	2019	21116	1700085	2019	22354	1800076	2019	23594	1900023	2019	24833	2000084	2019	26077	2100062	2019	27321	2200052	2019	28566	2300020	2019	29809	2400051	2019	31050	2500044	2019	32288	2600027	2019	33526	2700054	2019	34770	2800030	2019	36010	2900067	2019	37244	3000041	1825	38488	3100009	1825	39727	3200076	1825	40965	3300008	1825	42203	3400036	1825	43432	3500032	1825	
1257	100046	2370	2503	200017	2370	3756	300080	2370	5000	400014	2370	6248	500036	2370	7496	600082	2370	8747	700071	2370	10000	800012	2177	11250	900079	2177	12477	1000024	2177	13724	1100045	2177	14972	1200076	2177	16219	1300086	2177	17467	1400008	1955	18703	1500078	1955	19938	1600062	1955	21181	1700065	1955	22426	1800029	1955	23669	1900023	1955	24890	2000074	1955	26134	2100068	1955	27373	2200087	1955	28622	2300039	1955	29856	2400089	1955	31086	2500058	1955	32311	2600031	1955	33555	2700055	1955	34795	2800083	1955	36045	2900036	1955	37281	3000080	1955	38522	3100074	1955	39765	3200008	1955	40996	3300046	1955	42236	3400012	1955	43480	3500045	1955	
1229	100025	2445	2469	200030	2266	3710	300082	2036	4935	400056	2036	6170	500014	2036	7412	600015	2036	8656	700065	2036	9899	800071	2036	11147	900070	2036	12377	1000041	2036	13618	1100080	2036	14860	1200036	2036	16108	1300029	2036	17349	1400045	2036	18586	1500080	2036	19823	1600033	2036	21066	1700025	2036	22317	1800054	2036	23559	1900081	2036	24809	2000023	2036	26054	2100083	2036	27277	2200074	2036	28520	2300026	2036	29740	2400017	2036	30984	2500089	2036	32224	2600071	2036	33469	2700046	2036	34713	2800057	2036	35946	2900087	2036	37182	3000074	2036	38424	3100026	2036	39671	3200011	2036	40904	3300010	2036	42145	3400061	2036	43389	3500082	2036	
285	100168	50414	570	200330	50414	857	300327	50414	1144	400258	50414	1430	500082	50414	1716	600310	50414	2000	700048	50414	2285	800383	50414	2569	900401	50414	2851	1000287	50414	3131	1100068	50414	3416	1200326	50414	3702	1300197	50414	3989	1400280	50414	4275	1500247	50414	4560	1600107	50414	4845	1700059	50414	5133	1800298	50414	5419	1900250	50414	5705	2000108	50414	5991	2100316	50414	6277	2200211	50414	6565	2300075	50414	6850	2400136	50414	7135	2500270	50414	7420	2600092	50414	7707	2700321	50414	7993	2800181	50414	8279	2900155	50414	8565	3000307	50414	8852	3100332	50414	9137	3200084	50414	9424	3300362	50414	9708	3400101	50414	9994	3500072	50414	
285	100334	50414	571	200149	50414	857	300223	50414	1142	400301	50414	1427	500314	50414	1713	600045	50414	1998	700090	50414	2285	800079	50414	2570	900193	50414	2853	1000071	50414	3139	1100297	50414	3424	1200121	50414	3710	1300231	50414	3998	1400139	50414	4283	1500170	50414	4565	1600388	50414	4852	1700305	50414	5133	1800050	50414	5418	1900297	50414	5701	2000311	50414	5984	2100149	50414	6267	2200396	50414	6552	2300175	50414	6834	2400296	50414	7118	2500112	50414	7405	2600218	50414	7689	2700290	50414	7972	2800286	50414	8257	2900236	50414	8545	3000342	50414	8830	3100111	50414	9115	3200119	50414	9401	3300287	50414	9686	3400140	50414	9972	3500364	50414	
286	100150	50414	571	200251	50414	857	300132	50414	1143	400284	50414	1425	500216	50414	1709	600368	50414	1994	700168	50414	2280	800203	50414	2564	900362	50414	2849	1000309	50414	3130	1100155	50414	3416	1200206	50414	3700	1300112	50414	3985	1400363	50414	4266	1500186	50414	4550	1600361	50414	4835	1700360	50414	5120	1800138	50414	5406	1900209	50414	5690	2000111	50414	5975	2100093	50414	6260	2200057	50414	6545	2300292	50414	6829	2400255	50414	7109	2500060	50414	7390	2600272	50414	7672	2700262	50414	7953	2800331	50414	8237	2900322	50414	8525	3000313	50414	8811	3100237	50414	9094	3200164	50414	9381	3300368	50414	9666	3400069	50414	9952	3500344	50414	
287	100113	50414	574	200068	50414	853	300096	50414	1137	400181	50414	1420	500394	50414	1706	600348	50414	1992	700352	50414	2275	800086	50414	2560	900265	50414	2845	1000302	50414	3130	1100380	50414	3415	1200190	50414	3701	1300250	50414	3984	1400286	50414	4269	1500253	50414	4551	1600167	50414	4833	1700085	50414	5120	1800279	50414	5405	1900142	50414	5690	2000115	50414	5976	2100173	50414	6263	2200335	50414	6547	2300249	50414	6831	2400230	50414	7117	2500344	50414	7400	2600091	50414	7684	2700212	50414	7969	2800378	50414	8254	2900297	50414	8537	3000091	50414	8821	3100214	50414	9104	3200165	50414	9390	3300188	50414	9675	3400339	50414	9961	3500150	50414	
285	100277	50414	571	200212	50414	857	300255	50414	1142	400300	50414	1428	500284	50414	1712	600262	50414	1996	700181	50414	2280	800080	50414	2566	900285	50414	2852	1000080	50414	3137	1100340	50414	3422	1200102	50414	3706	1300246	50414	3989	1400287	50414	4271	1500058	50414	4557	1600140	50414	4840	1700203	50414	5125	1800230	50414	5410	1900244	50414	5694	2000353	50414	5980	2100371	50414	6264	2200238	50414	6546	2300154	50414	6834	2400122	50414	7119	2500092	50414	7404	2600209	50414	7689	2700090	50414	7974	2800043	50414	8260	2900047	50414	8546	3000170	50414	8831	3100081	50414	9117	3200187	50414	9403	3300360	50414	9688	3400318	50414	9972	3500183	50414	
