wersja nr 3;wspolczynnik mutacji 0.100000;wielkosc populacji 15
979	100090	1420	1960	200074	1420	2939	300062	1420	3924	400009	1420	4906	500083	1419	5883	600090	1419	6867	700071	1419	7845	800039	1419	8826	900065	1419	9807	1000097	1419	10782	1100015	1419	11765	1200085	1419	12750	1300106	1419	13734	1400109	1419	14712	1500103	1419	15695	1600082	1419	16675	1700087	1419	17654	1800090	1418	18634	1900034	1418	19605	2000104	1418	20580	2100048	1418	21563	2200037	1417	22546	2300083	1417	23528	2400059	1417	24508	2500070	1417	25489	2600098	1417	26470	2700105	1417	27453	2800009	1417	28435	2900056	1417	29414	3000042	1417	30395	3100058	1417	31378	3200068	1417	32356	3300066	1417	33337	3400071	1417	34318	3500015	1415	
975	100040	1420	1961	200105	1420	2938	300046	1419	3919	400036	1419	4898	500052	1419	5881	600094	1418	6858	700005	1418	7835	800081	1418	8810	900020	1418	9793	1000078	1418	10778	1100077	1417	11758	1200085	1417	12738	1300084	1417	13720	1400095	1417	14701	1500073	1417	15680	1600013	1417	16661	1700054	1417	17644	1800045	1417	18626	1900084	1417	19604	2000082	1417	20587	2100090	1417	21567	2200059	1417	22552	2300041	1417	23529	2400096	1417	24509	2500083	1417	25488	2600019	1417	26469	2700079	1417	27449	2800051	1417	28433	2900005	1417	29412	3000052	1417	30398	3100071	1416	31376	3200028	1416	32356	3300034	1416	33337	3400059	1416	34319	3500005	1415	
986	100047	1420	1965	200063	1419	2942	300037	1419	3920	400025	1418	4901	500056	1418	5883	600093	1418	6858	700019	1418	7835	800036	1418	8815	900044	1418	9792	1000019	1418	10777	1100099	1418	11760	1200083	1418	12742	1300014	1418	13726	1400065	1418	14708	1500058	1418	15688	1600018	1417	16664	1700033	1417	17640	1800070	1417	18614	1900093	1417	19589	2000022	1417	20572	2100086	1417	21551	2200030	1417	22532	2300064	1417	23512	2400035	1417	24491	2500072	1417	25475	2600078	1417	26455	2700063	1417	27438	2800049	1417	28415	2900075	1416	29394	3000045	1416	30370	3100054	1416	31351	3200072	1416	32330	3300031	1415	33314	3400074	1415	34293	3500076	1415	
981	100054	1420	1957	200098	1420	2941	300081	1420	3915	400027	1420	4898	500009	1419	5881	600068	1419	6858	700056	1419	7842	800085	1419	8825	900079	1419	9807	1000029	1419	10792	1100012	1419	11770	1200070	1417	12753	1300018	1417	13739	1400094	1417	14715	1500061	1417	15697	1600094	1417	16678	1700036	1416	17660	1800015	1416	18641	1900052	1416	19620	2000060	1416	20598	2100082	1416	21577	2200011	1416	22556	2300090	1416	23536	2400033	1415	24518	2500103	1415	25501	2600060	1415	26482	2700068	1415	27462	2800073	1415	28444	2900045	1415	29423	3000022	1415	30405	3100025	1415	31384	3200012	1415	32362	3300034	1414	33340	3400065	1413	34320	3500011	1413	
978	100078	1419	1954	200105	1419	2933	300102	1419	3912	400046	1419	4894	500033	1419	5878	600062	1419	6861	700021	1419	7843	800056	1419	8825	900104	1419	9806	1000033	1418	10788	1100055	1418	11769	1200099	1418	12746	1300009	1418	13726	1400056	1417	14672	1500090	1416	15612	1600012	1416	16553	1700014	1416	17494	1800008	1416	18434	1900067	1415	19375	2000094	1414	20316	2100111	1414	21257	2200034	1414	22199	2300036	1414	23141	2400076	1414	24082	2500040	1414	25023	2600089	1414	25966	2700034	1414	26947	2800036	1414	27913	2900052	1414	28896	3000016	1414	29877	3100078	1413	30859	3200061	1413	31843	3300055	1413	32823	3400028	1413	33804	3500039	1413	
1028	100096	1354	2052	200054	1354	3077	300098	1354	4105	400055	1354	5130	500074	1353	6159	600099	1353	7182	700048	1353	8215	800047	1353	9241	900013	1353	10267	1000033	1353	11301	1100091	1353	12337	1200091	1353	13364	1300011	1353	14394	1400093	1353	15420	1500078	1353	16449	1600046	1353	17478	1700045	1353	18502	1800100	1353	19518	1900032	1352	20543	2000075	1352	21575	2100069	1352	22605	2200038	1352	23638	2300077	1351	24660	2400074	1351	25688	2500024	1351	26720	2600035	1351	27747	2700076	1351	28777	2800090	1351	29808	2900081	1351	30833	3000050	1351	31863	3100054	1351	32882	3200012	1351	33911	3300096	1351	34937	3400088	1351	35967	3500054	1351	
1030	100071	1354	2057	200053	1354	3085	300051	1353	4111	400101	1353	5045	500037	1353	6073	600039	1352	7100	700037	1352	8130	800087	1352	9160	900035	1352	10188	1000090	1352	11220	1100058	1351	12250	1200071	1351	13279	1300006	1351	14307	1400048	1351	15334	1500023	1351	16363	1600091	1351	17390	1700058	1351	18413	1800015	1351	19445	1900048	1351	20473	2000028	1351	21490	2100076	1351	22507	2200029	1351	23532	2300033	1351	24554	2400073	1351	25583	2500034	1351	26611	2600079	1351	27638	2700020	1351	28667	2800073	1351	29700	2900029	1351	30732	3000047	1351	31757	3100102	1351	32782	3200007	1350	33810	3300020	1350	34837	3400082	1350	35865	3500095	1350	
1030	100031	1354	2056	200050	1353	3080	300113	1353	4106	400080	1352	5132	500036	1352	6166	600029	1352	7194	700047	1352	8224	800077	1352	9249	900013	1352	10275	1000099	1352	11308	1100062	1352	12338	1200011	1352	13366	1300045	1352	14396	1400090	1352	15426	1500006	1352	16458	1600060	1352	17489	1700085	1351	18511	1800035	1351	19535	1900023	1351	20555	2000097	1351	21574	2100078	1351	22594	2200065	1351	23622	2300103	1351	24650	2400055	1351	25664	2500045	1351	26691	2600081	1351	27718	2700041	1351	28747	2800038	1351	29771	2900025	1351	30802	3000060	1350	31825	3100054	1350	32853	3200081	1350	33878	3300081	1350	34903	3400071	1349	35928	3500060	1349	
1028	100027	1354	2059	200037	1354	3084	300100	1354	4110	400029	1354	5137	500091	1353	6157	600030	1353	7188	700106	1353	8214	800009	1353	9245	900038	1353	10273	1000006	1353	11292	1100080	1353	12319	1200101	1352	13336	1300033	1352	14359	1400021	1352	15385	1500047	1352	16414	1600071	1352	17437	1700051	1351	18464	1800071	1351	19491	1900013	1351	20523	2000091	1351	21553	2100080	1351	22584	2200018	1351	23617	2300061	1351	24648	2400095	1351	25676	2500022	1350	26705	2600007	1350	27734	2700096	1350	28766	2800050	1350	29790	2900042	1350	30820	3000101	1350	31844	3100006	1350	32874	3200028	1350	33901	3300090	1350	34906	3400018	1349	35932	3500081	1347	
1025	100097	1353	2049	200066	1353	3081	300037	1353	4107	400018	1353	5135	500056	1353	6164	600073	1353	7189	700039	1353	8216	800053	1353	9240	900025	1353	10267	1000046	1353	11299	1100077	1353	12328	1200091	1353	13354	1300055	1353	14378	1400043	1352	15398	1500040	1352	16428	1600029	1351	17453	1700094	1351	18477	1800081	1351	19491	1900083	1351	20513	2000060	1349	21537	2100095	1349	22571	2200010	1349	23595	2300017	1349	24625	2400045	1349	25650	2500011	1349	26679	2600023	1349	27709	2700021	1349	28735	2800065	1349	29764	2900091	1349	30790	3000005	1349	31820	3100017	1349	32838	3200074	1349	33869	3300022	1349	34901	3400082	1349	35922	3500081	1349	
305	100197	5189	610	200277	5189	915	300138	5189	1221	400206	5188	1527	500250	5188	1832	600103	5188	2138	700180	5188	2443	800237	5188	2748	900341	5188	3053	1000224	5188	3358	1100023	5188	3663	1200294	5188	3968	1300304	5188	4271	1400322	5188	4576	1500188	5187	4881	1600054	5187	5187	1700309	5187	5492	1800225	5186	5797	1900174	5186	6102	2000113	5186	6408	2100207	5186	6713	2200098	5186	7019	2300280	5186	7324	2400115	5186	7631	2500201	5186	7937	2600194	5186	8240	2700236	5186	8545	2800187	5184	8849	2900296	5184	9154	3000306	5184	9459	3100200	5183	9764	3200049	5183	10069	3300204	5183	10373	3400131	5183	10679	3500208	5182	
306	100234	5189	613	200344	5189	919	300066	5188	1225	400343	5188	1528	500190	5187	1805	600078	5187	2110	700253	5187	2414	800196	5187	2719	900281	5186	3025	1000218	5186	3332	1100305	5186	3638	1200156	5186	3943	1300166	5186	4248	1400267	5186	4552	1500146	5186	4858	1600047	5186	5163	1700119	5186	5468	1800043	5186	5773	1900117	5186	6076	2000152	5186	6383	2100256	5186	6689	2200150	5186	6994	2300252	5186	7299	2400205	5186	7604	2500153	5185	7909	2600153	5185	8214	2700341	5185	8519	2800244	5184	8825	2900303	5184	9130	3000178	5184	9435	3100076	5184	9739	3200024	5182	10043	3300153	5182	10348	3400175	5182	10654	3500306	5182	
306	100152	5189	611	200091	5188	916	300308	5187	1220	400087	5187	1525	500046	5187	1830	600110	5187	2135	700149	5187	2440	800116	5187	2746	900113	5187	3053	1000059	5187	3359	1100061	5187	3665	1200064	5187	3970	1300165	5186	4276	1400228	5186	4581	1500163	5186	4886	1600221	5186	5191	1700186	5186	5494	1800125	5186	5799	1900335	5186	6105	2000331	5186	6410	2100180	5186	6716	2200084	5186	7022	2300093	5185	7327	2400039	5185	7634	2500259	5185	7939	2600181	5184	8244	2700172	5184	8547	2800232	5184	8851	2900079	5183	9156	3000044	5183	9462	3100299	5183	9767	3200023	5183	10073	3300174	5183	10378	3400335	5183	10682	3500287	5183	
306	100095	5189	610	200076	5189	916	300283	5189	1220	400082	5188	1526	500192	5188	1828	600206	5188	2133	700183	5188	2438	800137	5188	2743	900050	5188	3048	1000082	5186	3352	1100074	5186	3659	1200264	5186	3964	1300066	5186	4270	1400264	5185	4576	1500233	5185	4881	1600173	5185	5186	1700091	5185	5492	1800345	5185	5797	1900344	5184	6101	2000078	5184	6405	2100069	5184	6710	2200062	5184	7014	2300114	5184	7319	2400336	5184	7623	2500248	5184	7927	2600341	5183	8232	2700120	5182	8537	2800200	5182	8841	2900091	5181	9146	3000311	5181	9452	3100348	5181	9757	3200266	5181	10057	3300026	5178	10361	3400133	5178	10664	3500137	5178	
305	100303	5188	611	200249	5188	916	300190	5188	1220	400255	5188	1523	500151	5188	1829	600306	5188	2133	700237	5188	2438	800172	5187	2743	900082	5187	3048	1000276	5187	3352	1100140	5186	3658	1200285	5185	3964	1300257	5185	4269	1400031	5185	4575	1500323	5184	4881	1600313	5183	5187	1700329	5183	5487	1800225	5183	5791	1900233	5183	6095	2000149	5183	6400	2100095	5183	6706	2200247	5183	7011	2300034	5183	7316	2400026	5183	7621	2500114	5182	7926	2600026	5182	8232	2700084	5182	8536	2800199	5182	8842	2900190	5182	9147	3000199	5182	9451	3100342	5182	9756	3200258	5182	10061	3300169	5182	10366	3400110	5182	10669	3500099	5181	
311	100271	5037	619	200186	5037	929	300231	5037	1239	400133	5036	1549	500166	5036	1859	600124	5036	2168	700203	5036	2477	800190	5036	2787	900260	5036	3097	1000212	5036	3406	1100083	5036	3717	1200254	5036	4025	1300046	5036	4335	1400213	5036	4644	1500194	5035	4953	1600192	5035	5262	1700285	5035	5571	1800307	5034	5880	1900111	5034	6191	2000286	5034	6501	2100235	5034	6812	2200047	5034	7120	2300238	5034	7430	2400294	5034	7738	2500330	5034	8048	2600300	5034	8357	2700084	5034	8668	2800060	5032	8979	2900152	5032	9290	3000196	5032	9599	3100072	5031	9909	3200253	5031	10219	3300087	5031	10531	3400324	5030	10838	3500145	5030	
308	100261	5037	616	200318	5037	925	300169	5036	1212	400229	5036	1522	500211	5035	1831	600179	5035	2140	700136	5035	2448	800241	5035	2757	900201	5034	3064	1000081	5034	3374	1100144	5034	3685	1200291	5034	3993	1300341	5034	4301	1400168	5034	4612	1500302	5034	4921	1600139	5034	5232	1700329	5034	5542	1800317	5034	5851	1900213	5034	6162	2000295	5034	6471	2100155	5034	6780	2200086	5034	7091	2300191	5034	7402	2400335	5034	7711	2500180	5033	8021	2600119	5033	8332	2700251	5033	8642	2800208	5032	8953	2900117	5032	9264	3000170	5032	9573	3100066	5032	9884	3200130	5031	10194	3300244	5030	10505	3400139	5030	10815	3500292	5030	
310	100327	5037	619	200174	5036	929	300047	5035	1238	400079	5035	1549	500183	5035	1856	600105	5035	2166	700328	5035	2476	800236	5035	2786	900236	5035	3094	1000231	5035	3405	1100257	5035	3716	1200310	5035	4027	1300180	5034	4339	1400316	5034	4649	1500276	5034	4958	1600068	5034	5269	1700083	5034	5580	1800264	5034	5888	1900215	5034	6198	2000323	5034	6507	2100261	5034	6818	2200212	5034	7129	2300213	5033	7438	2400215	5033	7743	2500055	5033	8051	2600034	5032	8361	2700258	5032	8670	2800064	5032	8981	2900286	5030	9291	3000332	5030	9602	3100240	5030	9912	3200208	5030	10224	3300215	5030	10535	3400228	5030	10845	3500102	5030	
310	100085	5037	620	200236	5037	930	300139	5037	1240	400333	5036	1550	500166	5036	1859	600060	5036	2170	700199	5036	2480	800196	5036	2789	900146	5036	3098	1000192	5034	3407	1100302	5034	3717	1200338	5034	4026	1300191	5034	4335	1400307	5033	4641	1500147	5033	4951	1600327	5033	5261	1700201	5033	5571	1800215	5033	5881	1900204	5032	6191	2000295	5032	6500	2100140	5032	6811	2200312	5032	7121	2300260	5032	7432	2400225	5032	7741	2500109	5032	8051	2600133	5031	8360	2700169	5031	8668	2800159	5031	8978	2900059	5030	9286	3000118	5030	9595	3100227	5030	9905	3200077	5030	10215	3300179	5028	10524	3400128	5027	10833	3500219	5027	
310	100180	5036	620	200092	5036	931	300089	5036	1242	400122	5036	1552	500187	5036	1861	600371	5036	2169	700097	5036	2479	800182	5035	2789	900163	5035	3099	1000282	5035	3409	1100204	5034	3719	1200284	5034	4029	1300205	5033	4338	1400102	5033	4648	1500264	5033	4959	1600241	5031	5264	1700159	5031	5573	1800225	5031	5881	1900202	5031	6189	2000023	5031	6499	2100169	5031	6810	2200259	5031	7117	2300124	5031	7426	2400287	5031	7734	2500104	5030	8044	2600324	5030	8348	2700291	5030	8658	2800342	5030	8967	2900232	5030	9277	3000261	5030	9587	3100125	5030	9897	3200310	5030	10207	3300203	5030	10517	3400205	5030	10827	3500291	5029	
66	101317	25272	131	201173	25272	196	301069	25272	261	400946	25271	325	500179	25271	390	600749	25271	455	700672	25271	520	801083	25271	584	900226	25271	649	1000339	25271	714	1100297	25271	780	1201444	25271	844	1300353	25271	909	1400231	25270	974	1501597	25270	1038	1601141	25270	1103	1700923	25269	1168	1800360	25269	1233	1900498	25269	1298	2000528	25269	1363	2101060	25269	1428	2201375	25269	1492	2300537	25269	1557	2401149	25269	1622	2501508	25269	1687	2601339	25268	1752	2701203	25267	1817	2801551	25267	1882	2901369	25267	1947	3001191	25266	2011	3100640	25266	2076	3201496	25265	2140	3300141	25265	2205	3400398	25265	2270	3501282	25265	
65	101097	25272	125	201094	25271	190	301640	25271	255	401301	25270	320	500968	25270	385	601487	25270	450	701380	25270	514	800664	25270	580	901636	25270	644	1000259	25270	709	1100301	25270	774	1200541	25270	839	1301026	25270	904	1401041	25270	969	1501556	25270	1034	1601151	25270	1099	1701270	25270	1164	1801055	25270	1229	1900692	25270	1294	2000812	25270	1359	2101163	25270	1424	2200943	25270	1489	2301012	25270	1554	2400883	25269	1619	2500595	25269	1684	2600399	25269	1749	2700808	25269	1814	2801367	25269	1879	2901329	25269	1943	3000122	25269	2008	3100946	25267	2072	3200394	25267	2138	3301436	25267	2203	3401356	25267	2268	3501586	25267	
65	100792	25272	129	200328	25271	194	301400	25270	258	400137	25270	324	501569	25270	388	600562	25270	452	700388	25270	517	801584	25270	582	901445	25270	647	1001200	25270	711	1100276	25270	776	1200573	25269	841	1301118	25269	905	1400311	25269	970	1500802	25269	1035	1601314	25269	1099	1700374	25269	1164	1800638	25269	1229	1901160	25269	1293	2000984	25269	1358	2101281	25269	1422	2200411	25268	1486	2301119	25268	1550	2400148	25268	1615	2500972	25267	1680	2601623	25267	1744	2701156	25267	1808	2800282	25266	1873	2900869	25266	1938	3000960	25266	2003	3101559	25266	2067	3200723	25266	2131	3300208	25266	2196	3400435	25266	2261	3500609	25266	
66	101513	25272	130	200236	25272	195	301467	25272	260	400978	25271	325	500850	25271	390	601101	25271	454	700378	25271	519	800685	25271	584	901375	25269	648	1000159	25269	713	1101190	25269	777	1200148	25269	842	1300976	25268	906	1400309	25268	971	1500802	25268	1036	1600301	25268	1101	1700746	25268	1166	1800434	25267	1231	1901400	25267	1296	2001518	25267	1360	2100747	25267	1424	2200645	25267	1489	2300806	25267	1554	2401157	25267	1619	2500889	25266	1684	2600913	25265	1749	2700938	25265	1814	2800818	25264	1879	2900446	25264	1944	3000219	25264	2008	3100439	25262	2073	3200757	25261	2138	3300717	25261	2203	3400904	25261	2268	3501362	25260	
66	101317	25271	130	200884	25271	194	301242	25271	258	400246	25271	324	501642	25271	388	601345	25271	452	700376	25271	517	800472	25270	582	901058	25270	647	1001415	25270	711	1101486	25269	775	1200921	25268	840	1300778	25268	905	1401610	25268	969	1501314	25267	1033	1600747	25267	1098	1701506	25267	1162	1800156	25267	1227	1900715	25267	1292	2001064	25267	1357	2101000	25267	1422	2201184	25267	1486	2300487	25266	1551	2401206	25266	1615	2500367	25266	1680	2600604	25266	1745	2701420	25266	1809	2800242	25266	1874	2900563	25266	1939	3000782	25266	2004	3100821	25266	2069	3201512	25266	2134	3301558	25265	2199	3401272	25265	2264	3501527	25265	
66	100290	25176	132	201237	25176	198	301396	25176	264	401097	25175	330	501069	25175	396	601374	25175	461	700213	25175	527	801354	25175	592	900377	25175	658	1000324	25175	724	1101564	25175	789	1200806	25175	855	1300615	25175	921	1401257	25174	987	1501108	25174	1053	1601072	25174	1119	1700852	25173	1185	1800777	25173	1251	1900906	25173	1317	2000820	25173	1383	2100616	25173	1449	2200691	25173	1515	2300729	25173	1580	2400152	25173	1646	2501161	25173	1712	2601376	25172	1778	2701189	25171	1844	2801218	25171	1910	2901431	25171	1976	3001152	25170	2041	3100815	25170	2102	3201472	25169	2167	3300799	25168	2232	3400409	25168	2298	3500462	25168	
67	101461	25176	132	200466	25175	197	300322	25175	263	400836	25174	329	500753	25174	395	600755	25174	460	700649	25174	526	801205	25174	592	901580	25174	657	1000433	25174	723	1101338	25174	788	1200333	25174	854	1300384	25174	920	1400317	25174	986	1500152	25174	1052	1600869	25174	1118	1701515	25174	1183	1800848	25174	1249	1901106	25174	1315	2001406	25174	1381	2101571	25174	1446	2200456	25174	1512	2300481	25174	1578	2400440	25173	1644	2500793	25173	1710	2601225	25172	1775	2700489	25172	1840	2800660	25172	1905	2900769	25172	1971	3000751	25171	2037	3100593	25171	2103	3201382	25171	2168	3300124	25171	2235	3401376	25171	2301	3501317	25171	
66	101348	25176	132	201569	25175	198	301150	25175	264	401471	25175	330	501511	25175	396	601247	25175	462	701262	25175	528	801432	25175	593	900255	25175	659	1000580	25175	725	1100285	25175	791	1200306	25174	857	1301283	25174	923	1401460	25174	988	1500317	25174	1055	1601548	25174	1121	1701585	25174	1186	1800377	25174	1252	1901444	25174	1318	2001657	25174	1383	2100352	25174	1450	2201586	25173	1516	2301181	25173	1582	2401220	25173	1647	2501122	25172	1713	2601546	25172	1779	2701483	25171	1844	2800425	25171	1910	2900576	25171	1976	3000163	25171	2042	3100281	25171	2108	3200540	25171	2174	3301442	25171	2239	3400894	25171	2305	3500542	25169	
66	100311	25176	132	200607	25176	198	301011	25176	264	400802	25175	330	500919	25175	396	601263	25175	461	700422	25175	527	800173	25175	594	901487	25173	659	1000961	25173	725	1100972	25173	791	1201389	25173	856	1300667	25172	922	1400939	25172	988	1501600	25172	1053	1600233	25172	1120	1701594	25172	1186	1801501	25172	1251	1900801	25172	1317	2000161	25172	1383	2100119	25172	1449	2200935	25172	1515	2301144	25172	1580	2400234	25172	1646	2500161	25171	1712	2600430	25170	1777	2700486	25170	1843	2800651	25169	1909	2901005	25169	1974	3000261	25169	2040	3100370	25166	2107	3201524	25165	2172	3300257	25165	2238	3400519	25165	2304	3501386	25164	
66	100317	25175	132	200995	25175	197	300497	25175	263	400901	25175	329	501447	25175	394	600748	25175	460	701565	25175	525	800305	25174	592	901311	25174	657	1001091	25174	723	1101477	25173	789	1201387	25173	855	1301458	25173	920	1400548	25173	986	1500705	25171	1052	1601379	25171	1117	1700204	25171	1183	1800915	25171	1249	1901584	25171	1314	2000958	25171	1380	2101356	25171	1446	2201466	25171	1512	2301301	25170	1578	2400933	25170	1644	2501118	25170	1709	2600613	25170	1775	2700814	25170	1841	2801381	25170	1906	2900198	25170	1972	3000516	25170	2038	3100958	25170	2104	3201182	25170	2170	3301447	25169	2235	3400354	25169	2301	3500138	25169	
1179	100030	87	2361	200008	87	3548	300040	87	4728	400060	87	5896	500048	87	7074	600005	85	8256	700046	85	9440	800065	85	10621	900081	85	11803	1000039	85	12981	1100069	85	14156	1200061	85	15345	1300029	85	16531	1400071	85	17709	1500019	85	18881	1600043	85	20059	1700088	85	21244	1800086	85	22421	1900058	85	23603	2000072	85	24780	2100062	85	25960	2200080	85	27143	2300031	85	28331	2400047	85	29514	2500074	85	30698	2600059	85	31879	2700019	85	32961	2800029	85	34139	2900004	85	35321	3000040	85	36500	3100055	85	37681	3200022	85	38860	3300044	85	40042	3400055	85	41223	3500055	85	
1184	100057	87	2371	200078	87	3552	300031	85	4737	400079	85	5922	500039	85	7105	600054	85	8287	700048	85	9461	800074	85	10639	900084	85	11821	1000006	85	13000	1100075	85	14182	1200078	84	15359	1300039	84	16541	1400053	84	17723	1500085	84	18902	1600064	84	20083	1700047	84	21265	1800007	84	22438	1900006	84	23620	2000030	84	24802	2100009	84	25988	2200030	84	27176	2300027	84	28357	2400039	84	29540	2500027	84	30723	2600079	84	31902	2700088	84	33080	2800024	84	34263	2900054	84	35449	3000061	84	36630	3100039	84	37819	3200087	84	39003	3300087	84	40180	3400067	83	41364	3500051	83	
1182	100028	87	2359	200017	87	3544	300027	87	4719	400009	86	5900	500012	86	7087	600016	86	8270	700068	86	9456	800088	86	10637	900004	86	11816	1000014	86	12996	1100034	86	14174	1200029	86	15344	1300017	86	16521	1400058	86	17690	1500010	86	18864	1600077	86	20045	1700072	85	21222	1800056	85	22404	1900034	85	23587	2000061	85	24762	2100080	85	25941	2200086	85	27122	2300083	85	28299	2400027	85	29475	2500042	85	30657	2600018	85	31840	2700007	85	33012	2800081	85	34188	2900010	85	35370	3000066	85	36552	3100084	85	37731	3200082	85	38912	3300072	85	40094	3400006	85	41271	3500011	85	
1183	100018	87	2365	200080	87	3549	300043	87	4733	400072	87	5919	500017	86	7096	600090	86	8279	700072	86	9461	800090	86	10647	900037	86	11826	1000050	86	13008	1100037	86	14191	1200031	86	15378	1300011	85	16564	1400053	85	17752	1500008	85	18939	1600006	85	20120	1700078	85	21298	1800075	85	22481	1900040	85	23662	2000031	85	24836	2100017	85	26021	2200046	85	27200	2300012	85	28379	2400050	85	29562	2500080	85	30742	2600077	84	31917	2700033	84	33102	2800076	84	34286	2900080	84	35472	3000029	84	36656	3100025	84	37839	3200021	84	39019	3300020	84	40201	3400027	84	41379	3500014	84	
1176	100067	87	2360	200072	87	3541	300027	87	4724	400055	87	5906	500015	87	7071	600049	87	8251	700005	87	9436	800057	87	10619	900014	87	11801	1000069	87	12978	1100013	87	14162	1200060	87	15344	1300004	87	16525	1400062	87	17708	1500059	86	18873	1600086	86	20054	1700084	85	21231	1800031	85	22403	1900010	85	23582	2000068	85	24761	2100051	82	25940	2200030	82	27118	2300015	82	28301	2400088	82	29479	2500047	82	30654	2600080	82	31827	2700037	82	33001	2800021	82	34184	2900017	82	35361	3000064	82	36540	3100064	82	37716	3200058	82	38900	3300046	82	40075	3400019	82	41254	3500049	82	
1329	100022	92	2655	200035	92	3978	300023	92	5302	400013	92	6620	500007	92	7935	600081	92	9257	700030	92	10570	800059	92	11894	900055	92	13217	1000020	92	14543	1100051	92	15867	1200068	92	17193	1300073	92	18519	1400057	92	19844	1500023	92	21167	1600059	92	22489	1700029	92	23807	1800071	92	25126	1900037	92	26451	2000026	92	27765	2100013	91	29086	2200053	91	30408	2300055	91	31719	2400059	91	33044	2500054	90	34367	2600021	90	35690	2700019	90	37016	2800040	90	38338	2900077	90	39665	3000047	90	40991	3100020	90	42322	3200035	90	43648	3300058	90	44962	3400027	90	46279	3500014	90	
1327	100066	92	2651	200033	92	3974	300046	91	5300	400015	91	6628	500035	91	7951	600047	87	9272	700021	87	10593	800041	87	11918	900006	87	13226	1000023	87	14541	1100073	87	15866	1200065	87	17192	1300055	86	18519	1400029	86	19843	1500059	86	21166	1600015	86	22490	1700014	86	23818	1800031	86	25141	1900044	86	26464	2000017	86	27788	2100008	86	29113	2200047	86	30434	2300059	86	31753	2400013	86	33078	2500049	86	34409	2600021	86	35735	2700056	86	37060	2800062	86	38383	2900048	86	39711	3000067	86	41036	3100068	86	42362	3200053	86	43687	3300027	86	45009	3400061	86	46327	3500066	86	
1320	100059	92	2638	200062	92	3970	300012	91	5298	400035	91	6617	500065	91	7943	600064	91	9273	700066	91	10600	800043	91	11925	900014	91	13254	1000064	91	14581	1100022	91	15906	1200058	91	17233	1300056	91	18564	1400040	91	19887	1500052	91	21208	1600047	91	22530	1700034	91	23852	1800059	90	25176	1900029	90	26498	2000063	90	27817	2100048	90	29136	2200057	90	30459	2300046	90	31780	2400072	90	33098	2500045	90	34410	2600065	90	35726	2700009	90	37038	2800015	90	38346	2900061	90	39661	3000035	90	40978	3100068	90	42293	3200044	90	43611	3300033	88	44931	3400030	88	46250	3500018	88	
1324	100057	92	2646	200011	92	3968	300047	92	5296	400012	92	6621	500072	92	7942	600009	92	9264	700018	92	10590	800034	92	11914	900015	92	13247	1000026	92	14579	1100060	92	15909	1200015	92	17231	1300043	92	18556	1400052	88	19876	1500031	88	21204	1600022	88	22534	1700060	88	23861	1800037	88	25179	1900028	86	26506	2000069	86	27821	2100071	86	29137	2200032	86	30455	2300034	86	31771	2400012	86	33095	2500039	86	34414	2600075	86	35736	2700028	86	37062	2800046	83	38384	2900045	83	39711	3000060	83	41040	3100052	83	42363	3200047	83	43684	3300023	83	45010	3400057	83	46330	3500009	83	
1320	100021	92	2645	200062	89	3971	300080	89	5288	400029	89	6604	500077	89	7925	600007	89	9250	700052	89	10577	800037	89	11906	900010	89	13228	1000055	89	14549	1100041	89	15874	1200040	89	17203	1300026	89	18523	1400017	89	19837	1500007	89	21150	1600026	89	22470	1700057	89	23796	1800004	88	25128	1900066	88	26449	2000024	88	27770	2100012	88	29094	2200009	87	30417	2300069	87	31727	2400028	87	33049	2500045	87	34363	2600070	87	35681	2700032	87	37004	2800032	87	38318	2900065	87	39634	3000073	87	40953	3100030	87	42271	3200022	87	43595	3300069	87	44916	3400014	87	46236	3500068	86	
333	100219	355	664	200096	355	996	300178	355	1328	400276	354	1658	500122	354	1988	600170	354	2317	700208	354	2647	800221	354	2978	900287	354	3308	1000251	354	3640	1100190	354	3971	1200221	354	4298	1300301	354	4629	1400093	354	4961	1500316	354	5290	1600141	354	5621	1700024	354	5954	1800249	353	6286	1900149	353	6618	2000037	353	6951	2100118	353	7282	2200120	353	7615	2300233	353	7946	2400157	353	8278	2500074	353	8608	2600094	353	8941	2700291	353	9272	2800291	352	9603	2900127	352	9935	3000114	352	10266	3100112	352	10598	3200272	352	10928	3300138	352	11259	3400115	352	11591	3500185	352	
329	100259	355	659	200242	355	989	300313	355	1319	400079	355	1651	500311	355	1981	600288	355	2309	700027	355	2638	800023	355	2968	900123	354	3298	1000291	354	3629	1100099	354	3959	1200241	354	4289	1300162	354	4619	1400256	354	4949	1500026	354	5279	1600199	354	5607	1700124	354	5939	1800126	354	6270	1900026	354	6602	2000070	354	6933	2100287	354	7264	2200056	354	7594	2300087	354	7925	2400134	354	8257	2500196	354	8586	2600122	353	8919	2700227	353	9250	2800212	352	9583	2900310	352	9913	3000138	352	10245	3100132	352	10577	3200314	352	10905	3300093	351	11234	3400092	351	11564	3500165	351	
332	100247	355	663	200145	355	994	300122	354	1323	400123	354	1651	500042	354	1980	600060	354	2310	700277	354	2641	800317	354	2972	900288	354	3305	1000233	354	3637	1100093	354	3970	1200173	354	4303	1300303	353	4635	1400248	353	4964	1500115	353	5296	1600096	353	5626	1700157	353	5956	1800197	353	6285	1900235	353	6615	2000186	353	6947	2100227	353	7280	2200285	353	7609	2300276	352	7939	2400191	352	8270	2500178	352	8600	2600177	352	8931	2700220	351	9260	2800075	351	9591	2900257	351	9922	3000279	351	10253	3100141	351	10582	3200244	351	10912	3300121	351	11243	3400033	351	11575	3500041	351	
330	100114	355	661	200237	355	992	300282	355	1321	400176	355	1651	500164	355	1982	600141	355	2312	700152	355	2645	800098	355	2975	900049	355	3307	1000030	353	3638	1100249	353	3969	1200229	353	4299	1300087	353	4632	1400114	352	4963	1500250	352	5293	1600239	352	5624	1700231	352	5956	1800082	352	6286	1900165	352	6618	2000294	352	6949	2100065	352	7280	2200290	352	7609	2300068	352	7939	2400033	352	8269	2500135	352	8599	2600218	352	8931	2700130	352	9259	2800221	352	9589	2900121	352	9922	3000244	351	10252	3100058	351	10583	3200045	351	10912	3300041	348	11241	3400151	347	11570	3500063	347	
333	100089	354	666	200316	354	997	300071	354	1326	400300	354	1655	500197	354	1986	600298	354	2318	700276	354	2647	800062	351	2978	900137	351	3308	1000279	351	3635	1100203	351	3967	1200301	351	4299	1300180	350	4630	1400298	350	4957	1500048	350	5289	1600094	348	5620	1700276	348	5950	1800289	348	6280	1900193	348	6610	2000298	348	6940	2100146	348	7270	2200057	348	7599	2300130	348	7930	2400218	348	8259	2500175	348	8590	2600208	348	8921	2700252	348	9251	2800201	348	9582	2900054	348	9914	3000046	348	10246	3100309	348	10577	3200164	348	10909	3300338	348	11237	3400130	348	11569	3500117	347	
361	100067	365	722	200234	365	1078	300018	365	1439	400100	364	1800	500257	364	2159	600033	364	2520	700065	364	2879	800072	364	3237	900126	364	3597	1000229	364	3954	1100205	364	4312	1200145	364	4672	1300094	364	5029	1400044	364	5387	1500250	363	5745	1600184	363	6106	1700153	363	6466	1800076	362	6821	1900095	362	7181	2000265	362	7543	2100045	362	7905	2200206	362	8261	2300204	362	8622	2400197	362	8984	2500064	362	9346	2600281	362	9703	2700184	362	10065	2800102	362	10427	2900171	361	10787	3000054	361	11143	3100082	361	11499	3200090	361	11860	3300143	361	12220	3400213	361	12580	3500112	360	
362	100232	365	723	200107	365	1084	300176	365	1443	400064	365	1804	500151	364	2164	600045	364	2527	700197	364	2888	800272	364	3250	900283	363	3611	1000290	363	3971	1100037	363	4328	1200036	363	4689	1300062	363	5050	1400184	363	5407	1500071	363	5767	1600268	363	6127	1700153	363	6489	1800271	363	6850	1900087	363	7210	2000133	363	7569	2100253	363	7927	2200028	363	8284	2300292	363	8645	2400200	363	9005	2500074	363	9368	2600254	362	9729	2700218	362	10089	2800047	360	10449	2900144	360	10809	3000024	360	11171	3100114	360	11529	3200179	360	11887	3300276	358	12246	3400295	358	12605	3500171	358	
360	100168	365	720	200093	364	1080	300187	363	1438	400022	363	1798	500085	363	2157	600271	363	2517	700135	363	2879	800276	363	3239	900158	363	3601	1000237	363	3961	1100144	363	4323	1200287	363	4681	1300278	361	5039	1400202	361	5398	1500078	361	5759	1600026	361	6120	1700043	361	6482	1800111	361	6842	1900214	361	7200	2000059	361	7560	2100161	361	7922	2200297	361	8282	2300143	361	8641	2400085	360	9001	2500171	360	9362	2600159	360	9723	2700237	359	10082	2800247	359	10442	2900181	359	10804	3000219	359	11165	3100186	359	11525	3200192	359	11884	3300133	359	12243	3400148	359	12601	3500291	359	
360	100063	365	722	200273	365	1083	300215	365	1442	400074	365	1804	500099	365	2164	600267	365	2524	700034	365	2883	800188	365	3241	900054	365	3601	1000107	363	3960	1100071	363	4321	1200076	363	4679	1300055	363	5041	1400128	363	5402	1500228	363	5762	1600225	363	6123	1700262	363	6484	1800138	363	6843	1900109	363	7203	2000176	363	7565	2100140	363	7927	2200232	363	8288	2300246	363	8649	2400231	363	9009	2500220	363	9369	2600295	363	9728	2700138	363	10090	2800242	363	10449	2900037	363	10810	3000074	361	11171	3100158	361	11532	3200279	361	11892	3300080	360	12254	3400289	359	12615	3500238	359	
360	100260	365	720	200093	365	1080	300276	365	1436	400239	365	1797	500133	365	2158	600074	365	2521	700085	365	2883	800142	364	3247	900249	364	3608	1000158	364	3970	1100024	362	4332	1200195	362	4695	1300281	361	5040	1400243	361	5399	1500135	361	5759	1600123	359	6121	1700275	359	6481	1800183	359	6839	1900020	359	7199	2000172	359	7559	2100022	359	7920	2200176	359	8279	2300128	359	8640	2400229	359	9000	2500042	357	9361	2600137	357	9720	2700165	357	10076	2800237	357	10431	2900216	357	10792	3000083	357	11151	3100243	357	11507	3200032	357	11866	3300274	357	12225	3400022	357	12582	3500176	357	
77	100618	1803	153	200367	1803	230	301230	1803	305	400222	1802	382	500541	1802	459	601179	1802	534	700209	1802	610	800349	1802	687	901386	1802	763	1000774	1802	839	1100841	1802	915	1200505	1802	991	1300302	1802	1068	1401060	1802	1144	1500868	1802	1220	1600602	1802	1296	1700392	1801	1373	1801214	1801	1449	1900804	1801	1523	2000601	1801	1599	2100585	1801	1675	2200353	1801	1751	2300352	1801	1827	2400304	1801	1903	2500596	1801	1979	2600219	1801	2056	2701172	1800	2132	2800660	1800	2208	2900314	1800	2284	3000763	1800	2360	3100253	1800	2436	3201267	1800	2512	3301284	1800	2586	3400513	1800	2662	3501147	1800	
77	100550	1803	154	201085	1802	230	301033	1802	306	400906	1801	381	500161	1801	458	600897	1801	534	700812	1801	610	800736	1801	686	900363	1800	763	1001106	1800	839	1100389	1800	916	1201014	1800	992	1300589	1800	1068	1400916	1800	1144	1500688	1800	1220	1600194	1800	1297	1701270	1800	1373	1800874	1800	1449	1900850	1800	1525	2000484	1800	1601	2100411	1800	1677	2200564	1800	1754	2301252	1800	1830	2400659	1799	1907	2501364	1799	1982	2600144	1799	2059	2701189	1797	2135	2800713	1797	2211	2900298	1797	2288	3001187	1797	2363	3100871	1795	2439	3201302	1795	2515	3301406	1795	2591	3401239	1795	2667	3500652	1795	
77	100911	1803	153	200494	1803	229	300140	1802	306	401255	1802	382	500990	1802	458	600327	1802	535	701155	1802	610	800598	1802	686	900200	1802	762	1000808	1802	837	1100418	1802	913	1200982	1801	989	1300990	1801	1065	1400328	1801	1141	1500163	1801	1216	1601218	1801	1292	1700798	1801	1368	1800711	1801	1442	1901100	1801	1518	2000249	1801	1595	2101217	1801	1671	2201002	1801	1747	2300626	1801	1824	2401274	1801	1900	2501169	1801	1975	2601035	1801	2052	2701400	1801	2128	2801327	1800	2204	2900491	1800	2280	3000456	1800	2357	3101121	1800	2433	3200725	1800	2509	3300198	1800	2586	3401198	1800	2662	3501117	1800	
77	101197	1803	152	200172	1803	228	300347	1803	304	400271	1803	381	501337	1803	457	600653	1803	534	700928	1803	611	801102	1803	687	900701	1800	763	1000148	1800	839	1100242	1800	915	1200154	1800	992	1300677	1800	1068	1400221	1800	1144	1500661	1800	1219	1601032	1800	1295	1700837	1800	1371	1801166	1800	1447	1900669	1799	1523	2000327	1799	1600	2101090	1799	1676	2200871	1799	1752	2300256	1799	1829	2401144	1799	1903	2501202	1799	1979	2600820	1799	2055	2700162	1799	2132	2800676	1798	2208	2900221	1798	2285	3000846	1798	2362	3101349	1795	2437	3200948	1794	2513	3300728	1794	2589	3400120	1794	2666	3500968	1794	
77	100942	1802	153	200545	1802	229	300540	1802	306	401402	1802	382	500547	1802	459	601268	1802	535	701314	1802	611	800822	1802	687	900120	1802	764	1001110	1802	840	1101109	1802	915	1200360	1799	991	1301181	1799	1067	1400219	1799	1144	1501173	1797	1220	1601017	1797	1295	1700726	1797	1370	1800501	1797	1446	1900315	1797	1522	2000833	1797	1597	2100268	1797	1673	2200385	1797	1750	2301299	1797	1826	2400495	1797	1903	2501184	1797	1979	2600690	1797	2056	2701371	1797	2132	2800742	1797	2208	2900489	1797	2284	3000337	1797	2361	3100737	1797	2438	3201186	1797	2514	3300677	1797	2590	3400978	1797	2666	3501428	1797	
84	101056	1754	166	200513	1754	249	300827	1754	332	400626	1754	415	501190	1754	497	600400	1754	580	701009	1754	663	800893	1754	746	900476	1754	829	1000716	1754	912	1100285	1754	995	1200130	1754	1078	1300483	1754	1162	1401176	1754	1244	1500379	1754	1327	1600235	1754	1411	1700825	1753	1494	1800590	1753	1577	1900300	1753	1661	2001097	1753	1744	2100849	1753	1827	2200330	1753	1910	2300951	1753	1993	2401087	1753	2076	2500866	1753	2159	2600641	1753	2242	2700156	1753	2325	2800277	1753	2408	2900243	1753	2491	3000449	1753	2575	3100915	1753	2658	3200586	1753	2741	3300453	1753	2824	3400555	1753	2907	3500372	1753	
84	100821	1754	168	201175	1754	251	301221	1754	334	400857	1754	417	501267	1754	500	601007	1754	583	700965	1754	666	800677	1754	749	900839	1754	832	1000169	1754	916	1101282	1754	999	1200746	1754	1082	1300620	1754	1165	1400172	1754	1248	1500235	1754	1332	1601075	1754	1415	1700664	1754	1498	1800648	1754	1581	1900425	1754	1665	2001127	1754	1748	2100968	1754	1831	2201152	1754	1914	2300710	1754	1997	2400768	1754	2080	2501120	1754	2163	2600326	1753	2246	2700525	1753	2329	2800384	1753	2413	2900909	1753	2496	3000602	1753	2579	3100510	1753	2662	3200647	1753	2745	3301261	1753	2828	3400657	1753	2912	3501126	1753	
84	100779	1754	167	200370	1753	251	300908	1753	334	400283	1753	417	500149	1753	501	600830	1753	584	700347	1753	667	800171	1753	751	900692	1753	834	1000385	1753	917	1100940	1753	1000	1200595	1753	1084	1301195	1753	1167	1401035	1753	1250	1501091	1753	1333	1600580	1753	1416	1700947	1753	1499	1800660	1753	1582	1900433	1753	1665	2000558	1753	1748	2100522	1753	1831	2200431	1753	1914	2300205	1753	1998	2400778	1753	2081	2501128	1752	2164	2601182	1752	2246	2700177	1752	2329	2800669	1752	2412	2900443	1752	2495	3000527	1752	2578	3100627	1752	2660	3200265	1752	2743	3300149	1752	2826	3400170	1752	2910	3500708	1752	
84	100832	1754	167	200395	1754	250	300454	1754	333	400232	1753	417	500975	1753	499	600646	1753	582	700133	1753	666	801090	1753	749	901033	1753	832	1000788	1753	915	1100763	1753	998	1200278	1753	1081	1300148	1753	1164	1400131	1753	1247	1500196	1753	1331	1600863	1753	1414	1700510	1753	1498	1801127	1752	1580	1900460	1752	1663	2000166	1752	1747	2100414	1752	1830	2200114	1752	1914	2301006	1752	1997	2400496	1752	2081	2501089	1751	2164	2600543	1751	2247	2700324	1751	2331	2800980	1751	2414	2900793	1751	2497	3000808	1751	2580	3101036	1750	2663	3200912	1749	2745	3300828	1749	2828	3400341	1749	2911	3500184	1748	
83	100829	1753	166	200376	1753	250	300879	1753	333	401029	1753	415	500122	1753	499	601247	1753	581	700316	1753	663	800908	1753	746	900163	1753	830	1000951	1753	913	1100755	1752	996	1200699	1751	1080	1301262	1751	1163	1400422	1751	1246	1500528	1750	1330	1601167	1750	1413	1700663	1750	1496	1800363	1750	1579	1900126	1750	1663	2000585	1750	1745	2100179	1750	1829	2201273	1750	1912	2301104	1749	1994	2400621	1749	2077	2500532	1749	2161	2601170	1749	2244	2700886	1749	2327	2800671	1749	2410	2900173	1749	2494	3001019	1749	2577	3100477	1749	2661	3201196	1749	2744	3301068	1749	2827	3400620	1749	2910	3500474	1749	
1043	100036	2611	2086	200011	2611	3131	300039	2611	4172	400018	2611	5212	500018	2610	6253	600045	2610	7290	700029	2610	8324	800071	2610	9369	900039	2610	10413	1000052	2610	11452	1100090	2610	12484	1200085	2610	13522	1300033	2610	14563	1400011	2610	15610	1500032	2610	16655	1600069	2610	17702	1700092	2610	18742	1800010	2610	19786	1900048	2609	20826	2000027	2609	21864	2100012	2609	22907	2200043	2609	23949	2300046	2608	24994	2400060	2608	26040	2500005	2608	27085	2600025	2608	28132	2700052	2608	29171	2800013	2608	30215	2900018	2608	31259	3000085	2608	32303	3100033	2608	33351	3200096	2608	34394	3300057	2608	35428	3400035	2608	36469	3500065	2607	
1043	100008	2611	2090	200047	2611	3137	300085	2610	4181	400015	2610	5228	500089	2610	6270	600081	2609	7310	700063	2609	8349	800011	2609	9396	900009	2609	10443	1000092	2609	11482	1100011	2608	12528	1200075	2608	13571	1300056	2608	14610	1400027	2608	15652	1500083	2608	16699	1600084	2608	17747	1700074	2608	18789	1800039	2608	19831	1900031	2608	20876	2000080	2608	21920	2100007	2608	22966	2200097	2608	24008	2300021	2608	25058	2400087	2608	26099	2500068	2608	27134	2600052	2608	28180	2700065	2608	29225	2800053	2608	30273	2900010	2608	31320	3000012	2608	32365	3100044	2608	33407	3200027	2607	34451	3300074	2607	35495	3400014	2607	36544	3500088	2606	
1047	100101	2611	2091	200005	2610	3137	300072	2610	4185	400092	2609	5227	500035	2609	6274	600007	2609	7315	700037	2609	8362	800029	2609	9406	900052	2609	10453	1000045	2609	11487	1100073	2609	12520	1200011	2609	13557	1300027	2609	14603	1400012	2609	15652	1500071	2609	16695	1600033	2608	17743	1700034	2608	18788	1800094	2608	19831	1900015	2608	20872	2000045	2608	21921	2100030	2608	22966	2200018	2608	24010	2300067	2608	25053	2400039	2608	26094	2500072	2608	27140	2600087	2608	28190	2700009	2608	29234	2800093	2608	30277	2900087	2607	31317	3000020	2607	32359	3100063	2607	33405	3200051	2607	34453	3300079	2606	35492	3400049	2606	36536	3500054	2606	
1045	100046	2611	2095	200069	2611	3139	300030	2611	4184	400012	2611	5231	500049	2610	6273	600012	2610	7316	700025	2610	8356	800051	2610	9405	900021	2610	10447	1000038	2610	11493	1100094	2610	12539	1200022	2608	13586	1300086	2608	14627	1400014	2608	15674	1500077	2608	16711	1600100	2608	17748	1700057	2606	18791	1800051	2606	19835	1900070	2606	20883	2000095	2606	21928	2100051	2606	22974	2200063	2606	24017	2300032	2606	25051	2400073	2606	26097	2500097	2605	27142	2600025	2605	28187	2700060	2605	29223	2800095	2605	30258	2900073	2605	31287	3000024	2605	32332	3100038	2605	33378	3200063	2605	34421	3300075	2604	35466	3400033	2603	36509	3500080	2603	
1042	100040	2610	2087	200036	2610	3135	300088	2610	4182	400035	2610	5216	500048	2610	6262	600074	2610	7306	700037	2610	8354	800093	2610	9399	900093	2610	10442	1000046	2609	11485	1100060	2609	12530	1200076	2609	13579	1300081	2609	14620	1400095	2608	15659	1500075	2608	16700	1600007	2607	17751	1700047	2607	18798	1800083	2607	19845	1900025	2607	20888	2000054	2605	21930	2100005	2605	22980	2200030	2605	24022	2300100	2605	25070	2400039	2605	26118	2500084	2605	27166	2600068	2605	28208	2700018	2605	29248	2800027	2605	30293	2900081	2605	31339	3000036	2605	32383	3100087	2604	33424	3200060	2604	34464	3300048	2604	35509	3400053	2604	36546	3500033	2604	
305	100346	10027	610	200268	10027	916	300131	10027	1221	400189	10026	1526	500259	10026	1832	600302	10026	2137	700070	10026	2443	800091	10026	2748	900094	10026	3055	1000314	10026	3360	1100059	10026	3665	1200196	10026	3971	1300024	10026	4277	1400100	10026	4582	1500305	10025	4887	1600080	10025	5192	1700284	10025	5497	1800170	10024	5803	1900025	10024	6107	2000047	10024	6412	2100077	10024	6718	2200161	10024	7024	2300076	10024	7329	2400309	10024	7636	2500297	10024	7942	2600292	10024	8248	2700286	10024	8551	2800077	10022	8859	2900311	10022	9162	3000048	10022	9468	3100210	10021	9773	3200109	10021	10078	3300045	10021	10382	3400073	10020	10686	3500044	10019	
304	100287	10027	610	200289	10027	914	300173	10026	1219	400047	10026	1524	500101	10025	1830	600170	10025	2135	700058	10025	2440	800198	10025	2743	900211	10024	3050	1000337	10024	3355	1100284	10024	3659	1200126	10024	3964	1300098	10024	4271	1400265	10024	4577	1500155	10024	4883	1600211	10024	5187	1700153	10024	5493	1800206	10024	5799	1900063	10024	6106	2000269	10024	6411	2100156	10024	6717	2200148	10024	7024	2300262	10024	7327	2400269	10024	7631	2500177	10023	7937	2600248	10023	8242	2700129	10023	8549	2800061	10022	8855	2900216	10022	9159	3000212	10022	9464	3100220	10022	9769	3200100	10020	10074	3300125	10020	10379	3400248	10020	10683	3500269	10020	
305	100044	10027	610	200317	10026	912	300165	10025	1217	400259	10025	1522	500132	10025	1828	600077	10025	2132	700180	10025	2437	800044	10025	2744	900329	10025	3050	1000349	10025	3355	1100236	10025	3661	1200044	10025	3965	1300083	10024	4270	1400115	10024	4577	1500181	10024	4883	1600241	10024	5188	1700086	10024	5494	1800117	10024	5798	1900329	10024	6102	2000217	10024	6408	2100134	10024	6714	2200233	10024	7020	2300076	10023	7325	2400214	10023	7629	2500133	10023	7934	2600026	10022	8238	2700230	10022	8542	2800178	10022	8848	2900153	10021	9153	3000254	10021	9459	3100304	10021	9763	3200327	10021	10067	3300060	10021	10374	3400098	10021	10681	3500048	10021	
306	100272	10027	608	200048	10027	915	300105	10027	1222	400309	10026	1528	500259	10026	1834	600356	10026	2137	700041	10026	2443	800332	10026	2747	900245	10026	3054	1000204	10024	3360	1100238	10024	3667	1200184	10024	3972	1300241	10024	4278	1400040	10023	4583	1500145	10023	4889	1600335	10023	5192	1700075	10023	5498	1800305	10023	5805	1900277	10022	6111	2000118	10022	6418	2100226	10022	6722	2200240	10022	7028	2300305	10022	7334	2400106	10022	7639	2500111	10022	7945	2600029	10021	8251	2700341	10020	8558	2800300	10020	8856	2900118	10019	9160	3000305	10019	9466	3100350	10019	9771	3200307	10019	10076	3300160	10016	10381	3400191	10016	10687	3500122	10016	
306	100299	10026	612	200169	10026	917	300083	10026	1209	400332	10026	1512	500049	10026	1815	600031	10026	2122	700190	10026	2428	800218	10025	2731	900054	10025	3035	1000124	10025	3341	1100060	10024	3648	1200113	10024	3953	1300094	10023	4259	1400153	10023	4565	1500053	10023	4871	1600220	10022	5178	1700285	10022	5483	1800052	10022	5789	1900047	10022	6094	2000319	10022	6400	2100249	10022	6703	2200318	10022	7007	2300130	10022	7311	2400139	10022	7615	2500164	10021	7920	2600261	10021	8224	2700109	10021	8528	2800221	10021	8831	2900207	10021	9132	3000217	10021	9438	3100180	10021	9743	3200231	10021	10048	3300048	10021	10354	3400221	10021	10661	3500217	10020	
67	101597	50414	132	200175	50414	199	301332	50414	265	400649	50413	331	500453	50413	397	600309	50413	464	701248	50413	530	800903	50413	596	900884	50413	662	1000612	50413	728	1100527	50413	794	1200143	50413	861	1301452	50413	927	1401070	50412	993	1500441	50412	1060	1601450	50412	1126	1701129	50412	1192	1800983	50412	1258	1901542	50412	1324	2000972	50412	1390	2100747	50412	1456	2200511	50412	1523	2301559	50412	1588	2400337	50412	1655	2501488	50412	1721	2601356	50411	1787	2700967	50410	1853	2800371	50410	1919	2900623	50410	1985	3000395	50409	2051	3100809	50409	2117	3200668	50408	2183	3300751	50408	2249	3400713	50407	2315	3500492	50407	
66	100271	50414	133	201358	50412	199	301188	50412	265	401239	50411	331	500966	50411	397	600543	50411	464	701533	50411	530	801629	50410	596	901594	50410	662	1001365	50410	728	1100838	50410	794	1201261	50410	859	1300564	50410	925	1400545	50410	991	1500324	50410	1057	1600325	50410	1123	1700336	50410	1190	1801190	50410	1256	1901226	50410	1322	2001032	50410	1388	2101163	50410	1454	2200500	50410	1521	2301323	50410	1587	2401106	50408	1652	2500208	50408	1719	2601463	50408	1785	2701325	50407	1851	2800887	50407	1917	2900841	50407	1983	3000482	50407	2050	3101106	50405	2116	3200420	50405	2182	3301041	50405	2248	3400833	50405	2314	3500788	50405	
67	101169	50414	133	200388	50413	199	300755	50412	265	400695	50412	331	500321	50412	397	600352	50412	464	701432	50412	529	800173	50412	595	900488	50412	661	1000531	50412	727	1100929	50412	793	1201273	50411	858	1300725	50411	924	1400432	50411	990	1500160	50411	1056	1600468	50411	1122	1700848	50411	1188	1800964	50411	1254	1900435	50411	1320	2000308	50411	1387	2101469	50411	1453	2201370	50410	1518	2300254	50410	1585	2401327	50410	1651	2501065	50409	1717	2601056	50409	1783	2700698	50409	1849	2800157	50408	1916	2901581	50408	1981	3000176	50408	2047	3100280	50408	2114	3201593	50408	2180	3301488	50408	2246	3401359	50408	2312	3501112	50408	
67	100948	50414	133	201108	50414	199	301488	50414	265	401487	50413	331	501562	50413	397	601281	50413	463	701239	50413	529	801605	50413	594	900181	50411	661	1001279	50411	727	1100720	50411	793	1201310	50411	859	1300931	50410	925	1400938	50410	991	1500938	50410	1057	1600986	50410	1123	1700865	50410	1189	1800670	50409	1255	1900515	50409	1321	2000351	50409	1387	2100220	50409	1453	2200205	50409	1520	2301308	50409	1586	2401119	50409	1652	2500782	50408	1719	2601303	50407	1785	2701536	50407	1851	2801328	50407	1917	2901638	50407	1983	3001381	50407	2049	3100878	50405	2115	3200618	50404	2181	3300367	50404	2247	3400377	50404	2314	3501472	50403	
67	101252	50413	132	200425	50413	197	300202	50413	264	401522	50413	330	501146	50413	396	601402	50413	462	701567	50413	528	801639	50412	594	901067	50412	660	1000392	50412	727	1101564	50411	793	1200923	50410	859	1300872	50410	925	1400904	50410	991	1500437	50408	1057	1601101	50408	1123	1700593	50408	1189	1800514	50408	1255	1900372	50408	1321	2000150	50408	1388	2101146	50408	1453	2200166	50408	1519	2300808	50407	1585	2400838	50407	1651	2500896	50407	1717	2600377	50407	1783	2700375	50407	1849	2800739	50407	1915	2900953	50407	1981	3000771	50407	2047	3100878	50407	2112	3200644	50407	2178	3300919	50406	2244	3400933	50406	2310	3500647	50406	
