versja nr 1;wspolczynnik mutacji 3.000000;wielkosc populacji 60
319	100281	394	500	158076	111	635	200289	44	952	300121	44	1000	315166	44	1269	400131	44	1500	473259	44	1585	500080	44	1903	600316	44	2000	630917	44	2216	700045	44	2500	789684	44	2533	800148	44	2851	900168	44	3000	947025	44	3168	1000326	44	3483	1100272	44	3500	1105809	44	3793	1200248	44	4000	1266846	44	4105	1300134	44	4423	1400190	44	4500	1425859	44	4727	1500021	44	5000	1586369	44	5044	1600234	44	5361	1700145	44	5500	1744017	44	5677	1800115	44	5995	1900307	44	6000	1901895	44	6312	2000244	44	6500	2059491	44	6629	2100192	44	6947	2200317	44	7000	2216952	44	7264	2300267	44	7500	2374615	44	7581	2400274	44	7896	2500237	44	
331	100228	267	500	152699	61	651	200187	50	969	300282	50	1000	310110	50	1284	400056	50	1500	470665	50	1592	500211	50	1907	600327	50	2000	629580	50	2223	700259	50	2500	787674	50	2540	800320	50	2856	900157	50	3000	945452	50	3174	1000297	50	3492	1100202	50	3500	1102744	50	3808	1200292	50	4000	1261208	50	4123	1300215	50	4437	1400116	50	4500	1420207	50	4754	1500179	50	5000	1578456	50	5069	1600328	50	5384	1700214	50	5500	1736763	50	5701	1800099	50	6000	1895663	50	6014	1900155	50	6328	2000061	50	6500	2054186	50	6646	2100260	50	6963	2200111	50	7000	2211814	50	7281	2300084	50	7500	2369429	50	7597	2400055	50	7914	2500074	50	
334	100207	324	500	150822	103	658	200065	48	978	300123	48	1000	307017	48	1297	400040	48	1500	463579	48	1617	500132	48	1936	600073	48	2000	620102	48	2256	700283	48	2500	776796	48	2575	800328	48	2894	900113	48	3000	933332	48	3213	1000151	48	3500	1090498	48	3530	1100176	48	3850	1200274	48	4000	1247311	48	4170	1300322	48	4490	1400172	48	4500	1403307	48	4809	1500233	48	5000	1560047	48	5128	1600031	48	5446	1700061	48	5500	1717033	48	5764	1800065	48	6000	1874083	48	6084	1900325	48	6404	2000196	48	6500	2030195	48	6724	2100181	48	7000	2186401	48	7044	2200276	48	7364	2300033	48	7500	2342558	48	7684	2400278	48	7994	2500032	48	
337	100075	398	500	149193	147	666	200117	56	988	300236	56	1000	303985	56	1308	400270	56	1500	460909	56	1626	500118	56	1947	600313	56	2000	616847	56	2268	700116	56	2500	772447	56	2589	800209	56	2908	900133	56	3000	928894	56	3225	1000086	56	3500	1086181	56	3544	1100094	56	3865	1200225	56	4000	1242510	56	4185	1300032	56	4500	1398595	56	4505	1400174	56	4822	1500231	56	5000	1557221	56	5138	1600169	56	5457	1700029	56	5500	1713418	56	5778	1800025	56	6000	1869049	56	6100	1900224	56	6420	2000169	56	6500	2025176	56	6740	2100154	56	7000	2181309	56	7060	2200054	56	7381	2300152	56	7500	2337084	56	7703	2400122	56	8000	2492657	56	8024	2500183	56	
333	100137	337	500	151796	107	655	200324	46	972	300099	46	1000	308905	46	1289	400023	46	1500	466470	46	1605	500030	46	1915	600230	46	2000	627125	46	2232	700171	46	2500	784408	46	2550	800176	46	2867	900072	46	3000	941878	46	3184	1000123	46	3500	1099592	46	3502	1100251	46	3820	1200128	46	4000	1256753	46	4137	1300050	46	4451	1400052	46	4500	1415722	46	4765	1500090	46	5000	1574116	46	5083	1600304	46	5399	1700235	46	5500	1732171	46	5715	1800116	46	6000	1889718	46	6033	1900056	46	6352	2000296	46	6500	2046836	46	6669	2100105	46	6987	2200155	46	7000	2204280	46	7305	2300244	46	7500	2361575	46	7623	2400316	46	7939	2500273	46	
332	100083	249	500	152131	53	652	200036	50	970	300058	50	1000	309502	50	1288	400179	50	1500	466791	50	1606	500229	50	1922	600294	50	2000	624891	50	2238	700135	50	2500	782622	50	2555	800126	50	2872	900190	50	3000	940677	50	3188	1000066	50	3500	1098214	50	3506	1100112	50	3818	1200035	50	4000	1258185	50	4130	1300023	50	4443	1400322	50	4500	1418511	50	4756	1500234	50	5000	1577474	50	5072	1600312	50	5390	1700245	50	5500	1734877	50	5707	1800089	50	6000	1893092	50	6022	1900220	50	6339	2000318	50	6500	2051304	50	6654	2100149	50	6973	2200322	50	7000	2208881	50	7290	2300101	50	7500	2366199	50	7608	2400188	50	7926	2500267	50	
333	100088	326	500	151224	99	656	200185	55	975	300157	55	1000	307996	55	1294	400148	55	1500	464707	55	1613	500333	55	1932	600328	55	2000	621623	55	2250	700027	55	2500	778347	55	2570	800269	55	2889	900061	55	3000	934933	55	3209	1000295	55	3500	1091463	55	3528	1100306	55	3846	1200149	55	4000	1248360	55	4165	1300292	55	4484	1400279	55	4500	1405331	55	4802	1500140	55	5000	1562715	55	5113	1600047	55	5431	1700239	55	5500	1721826	55	5750	1800061	55	6000	1878471	55	6069	1900026	55	6388	2000107	55	6500	2035295	55	6706	2100048	55	7000	2192122	55	7026	2200258	55	7344	2300104	55	7500	2348988	55	7662	2400129	55	7980	2500074	55	
332	100182	261	500	151873	70	652	200186	48	968	300121	48	1000	310263	48	1285	400175	48	1500	468202	48	1601	500252	48	1916	600031	48	2000	628582	48	2224	700320	48	2500	787458	48	2540	800113	48	2857	900285	48	3000	945460	48	3173	1000078	48	3487	1100062	48	3500	1104178	48	3804	1200327	48	4000	1263205	48	4117	1300295	48	4433	1400076	48	4500	1421368	48	4749	1500212	48	5000	1579477	48	5065	1600107	48	5382	1700226	48	5500	1737390	48	5699	1800143	48	6000	1895204	48	6016	1900298	48	6331	2000174	48	6500	2053712	48	6646	2100307	48	6963	2200148	48	7000	2211834	48	7280	2300250	48	7500	2369780	48	7596	2400152	48	7912	2500074	48	
327	100163	281	500	153712	70	647	200326	56	962	300036	56	1000	312154	56	1279	400267	56	1500	470014	56	1595	500262	56	1909	600243	56	2000	629150	56	2222	700116	56	2500	788198	56	2538	800291	56	2853	900247	56	3000	946779	56	3168	1000019	56	3483	1100036	56	3500	1105426	56	3800	1200182	56	4000	1263341	56	4117	1300181	56	4433	1400326	56	4500	1421625	56	4747	1500159	56	5000	1580355	56	5062	1600183	56	5378	1700309	56	5500	1738785	56	5694	1800067	56	6000	1897117	56	6010	1900278	56	6326	2000185	56	6500	2055129	56	6642	2100158	56	6959	2200245	56	7000	2213209	56	7275	2300039	56	7500	2370876	56	7593	2400239	56	7910	2500329	56	
334	100134	290	500	150622	82	659	200106	55	979	300075	55	1000	306629	55	1298	400280	55	1500	464021	55	1615	500311	55	1935	600307	55	2000	620692	55	2255	700260	55	2500	776727	55	2575	800129	55	2895	900178	55	3000	933002	55	3214	1000060	55	3500	1089282	55	3534	1100087	55	3854	1200098	55	4000	1245810	55	4174	1300247	55	4494	1400180	55	4500	1402065	55	4814	1500085	55	5000	1558189	55	5134	1600127	55	5445	1700363	55	5500	1717831	55	5762	1800180	55	6000	1874670	55	6082	1900327	55	6401	2000067	55	6500	2031240	55	6719	2100115	55	7000	2188552	55	7037	2200068	55	7357	2300256	55	7500	2344864	55	7677	2400177	55	7997	2500152	55	
339	100193	374	500	148035	101	672	200239	46	1000	299802	46	1001	300134	46	1331	400318	46	1500	451674	46	1660	500261	46	1990	600331	46	2000	603374	46	2312	700179	46	2500	758308	46	2638	800148	46	2967	900128	46	3000	910202	46	3294	1000255	46	3500	1062848	46	3622	1100150	46	3951	1200171	46	4000	1215072	46	4281	1300169	46	4500	1366405	46	4611	1400084	46	4941	1500312	46	5000	1518272	46	5270	1600221	46	5500	1670420	46	5598	1700090	46	5928	1800317	46	6000	1822127	46	6258	1900276	46	6500	1973769	46	6587	2000203	46	6916	2100232	46	7000	2125728	46	7246	2200151	46	7500	2277259	46	7576	2300319	46	7900	2400040	46	8000	2430826	46	8226	2500164	46	
332	100265	394	500	151367	116	656	200027	50	975	300261	50	1000	308125	50	1293	400212	50	1500	465428	50	1610	500077	50	1926	600095	50	2000	623326	50	2243	700268	50	2500	781180	50	2560	800036	50	2878	900224	50	3000	938627	50	3195	1000070	50	3500	1095960	50	3513	1100073	50	3831	1200044	50	4000	1253039	50	4150	1300289	50	4468	1400293	50	4500	1410365	50	4786	1500289	50	5000	1567524	50	5104	1600215	50	5421	1700318	50	5500	1725368	50	5737	1800023	50	6000	1882781	50	6055	1900139	50	6372	2000024	50	6500	2040301	50	6690	2100332	50	7000	2197763	50	7008	2200315	50	7326	2300181	50	7500	2354946	50	7644	2400167	50	7963	2500226	50	
334	100256	416	500	150469	128	660	200222	47	977	300064	47	1000	307325	47	1294	400214	47	1500	465325	47	1610	500248	47	1927	600097	47	2000	622964	47	2241	700050	47	2500	781713	47	2559	800217	47	2877	900309	47	3000	939167	47	3193	1000028	47	3500	1096819	47	3510	1100022	47	3828	1200237	47	4000	1254269	47	4145	1300214	47	4463	1400293	47	4500	1411923	47	4780	1500024	47	5000	1569695	47	5097	1600209	47	5415	1700301	47	5500	1727114	47	5724	1800218	47	6000	1887111	47	6041	1900076	47	6359	2000231	47	6500	2044505	47	6676	2100032	47	6994	2200055	47	7000	2201967	47	7308	2300056	47	7500	2361325	47	7622	2400288	47	7935	2500334	47	
324	100075	370	500	155086	94	641	200053	49	954	300305	49	1000	315086	49	1266	400298	49	1500	475260	49	1578	500182	49	1892	600186	49	2000	634591	49	2204	700316	49	2500	797659	49	2508	800343	49	2820	900304	49	3000	957696	49	3133	1000132	49	3447	1100318	49	3500	1117184	49	3760	1200173	49	4000	1276706	49	4071	1300091	49	4383	1400101	49	4500	1437521	49	4696	1500155	49	5000	1597083	49	5010	1600307	49	5324	1700310	49	5500	1756423	49	5637	1800326	49	5949	1900300	49	6000	1916597	49	6261	2000218	49	6500	2076415	49	6573	2100298	49	6886	2200080	49	7000	2236587	49	7199	2300199	49	7500	2396671	49	7511	2400194	49	7825	2500291	49	
336	100307	404	500	149883	136	660	200029	53	979	300108	53	1000	306696	53	1297	400174	53	1500	463719	53	1616	500084	53	1934	600274	53	2000	620984	53	2252	700102	53	2500	778327	53	2570	800327	53	2888	900276	53	3000	935369	53	3206	1000033	53	3500	1092507	53	3524	1100082	53	3843	1200303	53	4000	1249540	53	4161	1300212	53	4477	1400076	53	4500	1407267	53	4797	1500275	53	5000	1563898	53	5116	1600219	53	5435	1700032	53	5500	1720369	53	5752	1800116	53	6000	1878503	53	6069	1900256	53	6384	2000130	53	6500	2036583	53	6703	2100331	53	7000	2193753	53	7020	2200032	53	7340	2300229	53	7500	2350225	53	7659	2400030	53	7977	2500194	53	
329	100191	378	500	153115	118	649	200336	47	965	300319	47	1000	311361	47	1281	400115	47	1500	468977	47	1599	500225	47	1916	600204	47	2000	626663	47	2230	700219	47	2500	786077	47	2544	800156	47	2859	900064	47	3000	944849	47	3174	1000160	47	3490	1100061	47	3500	1103239	47	3808	1200256	47	4000	1260773	47	4125	1300324	47	4442	1400264	47	4500	1418525	47	4758	1500084	47	5000	1576410	47	5075	1600047	47	5393	1700150	47	5500	1733766	47	5711	1800206	47	6000	1893627	47	6021	1900313	47	6337	2000143	47	6500	2051509	47	6654	2100343	47	6970	2200325	47	7000	2209860	47	7286	2300243	47	7500	2367878	47	7601	2400109	47	7916	2500213	47	
326	100069	371	500	154297	114	645	200026	47	961	300292	47	1000	312690	47	1275	400101	47	1500	471028	47	1592	500115	47	1909	600046	47	2000	628977	47	2226	700220	47	2500	786607	47	2542	800161	47	2847	900172	47	3000	949334	47	3160	1000109	47	3476	1100211	47	3500	1107831	47	3793	1200316	47	4000	1265946	47	4109	1300268	47	4423	1400083	47	4500	1424410	47	4741	1500334	47	5000	1582236	47	5056	1600112	47	5372	1700290	47	5500	1740759	47	5688	1800113	47	6000	1898659	47	6005	1900256	47	6321	2000059	47	6500	2056569	47	6638	2100167	47	6954	2200021	47	7000	2214583	47	7271	2300148	47	7500	2372348	47	7588	2400134	47	7905	2500090	47	
332	100077	442	500	151586	170	656	200256	49	974	300080	49	1000	308244	49	1292	400233	49	1500	465356	49	1611	500120	49	1930	600253	49	2000	622458	49	2244	700224	49	2500	780738	49	2562	800276	49	2880	900312	49	3000	937980	49	3198	1000277	49	3500	1095183	49	3516	1100288	49	3832	1200264	49	4000	1252978	49	4150	1300125	49	4469	1400176	49	4500	1409959	49	4787	1500081	49	5000	1566882	49	5106	1600173	49	5424	1700248	49	5500	1724018	49	5743	1800236	49	6000	1881578	49	6059	1900115	49	6376	2000294	49	6500	2039025	49	6695	2100213	49	7000	2195652	49	7014	2200057	49	7333	2300156	49	7500	2352625	49	7651	2400223	49	7970	2500329	49	
325	100248	379	500	155377	100	640	200113	44	954	300307	44	1000	314988	44	1267	400183	44	1500	474481	44	1581	500272	44	1895	600309	44	2000	633724	44	2209	700322	44	2500	793311	44	2522	800332	44	2833	900030	44	3000	953239	44	3147	1000075	44	3461	1100191	44	3500	1112668	44	3774	1200324	44	4000	1272304	44	4088	1300267	44	4401	1400078	44	4500	1431579	44	4714	1500102	44	5000	1591137	44	5028	1600020	44	5343	1700310	44	5500	1750523	44	5656	1800220	44	5969	1900283	44	6000	1911359	44	6273	2000055	44	6500	2072455	44	6587	2100172	44	6900	2200061	44	7000	2232233	44	7214	2300313	44	7500	2391388	44	7527	2400131	44	7841	2500086	44	
330	100183	341	500	152796	76	649	200135	43	965	300310	43	1000	311374	43	1280	400115	43	1500	470884	43	1591	500241	43	1904	600134	43	2000	630508	43	2219	700283	43	2500	789072	43	2535	800202	43	2849	900077	43	3000	950020	43	3155	1000085	43	3469	1100083	43	3500	1109999	43	3785	1200272	43	4000	1268349	43	4100	1300065	43	4417	1400317	43	4500	1426567	43	4732	1500193	43	5000	1585832	43	5045	1600067	43	5361	1700270	43	5500	1744379	43	5676	1800029	43	5991	1900120	43	6000	1902994	43	6305	2000090	43	6500	2062102	43	6620	2100247	43	6935	2200117	43	7000	2220802	43	7250	2300117	43	7500	2378985	43	7567	2400271	43	7883	2500169	43	
131	100372	4358	261	200125	3766	392	300756	3213	500	383518	2797	522	400493	2715	652	500477	2262	781	600423	1915	910	700294	1575	1000	770431	1348	1038	800268	1273	1166	901061	1023	1290	1000230	823	1415	1100496	653	1500	1168581	541	1539	1200157	496	1661	1300794	387	1781	1400449	301	1900	1500899	235	2000	1586861	208	2016	1600768	207	2131	1700623	207	2246	1800174	207	2362	1900485	207	2477	2000521	207	2500	2020446	207	2593	2100943	207	2708	2200560	207	2823	2300317	207	2939	2400589	207	3000	2453448	207	3054	2500356	207	
131	100622	4439	261	200143	3829	391	300111	3281	500	384542	2869	520	400126	2797	649	500274	2335	777	600275	1943	906	700846	1591	1000	774996	1361	1032	800164	1283	1161	900785	1022	1288	1000869	810	1414	1100384	635	1500	1169081	521	1539	1200204	480	1664	1300661	357	1785	1400104	275	1906	1500610	210	2000	1580937	197	2023	1600692	197	2140	1700898	197	2256	1800571	197	2373	1900616	197	2488	2000923	197	2500	2011750	197	2602	2100572	197	2718	2200280	197	2835	2300582	197	2951	2400393	197	3000	2442962	197	3067	2500646	197	
132	100438	4353	263	200745	3727	393	300486	3167	500	383205	2743	522	400134	2659	653	500785	2212	782	600317	1812	911	700095	1465	1000	769285	1248	1039	800130	1165	1166	900528	907	1290	1000549	698	1412	1100269	525	1500	1170568	423	1537	1200350	386	1660	1300388	279	1781	1400886	222	1898	1500770	196	2000	1588566	195	2014	1600905	195	2129	1700536	195	2245	1800389	195	2361	1900603	195	2476	2000193	195	2500	2020978	195	2592	2100229	195	2708	2200262	195	2824	2300428	195	2940	2400439	195	3000	2452015	195	3056	2500205	195	
129	100705	4590	261	200680	3919	392	300186	3345	500	382315	2904	524	400734	2799	655	500764	2296	786	600733	1871	916	700343	1506	1000	764918	1298	1046	800585	1188	1174	900387	906	1302	1000569	705	1429	1100712	545	1500	1157321	464	1553	1200178	413	1675	1300470	328	1795	1400920	272	1913	1500818	238	2000	1575046	226	2030	1600865	226	2146	1700144	226	2263	1800200	226	2381	1900862	226	2497	2000680	226	2500	2003326	226	2613	2100254	226	2730	2200617	226	2846	2300241	226	2963	2400343	226	3000	2432060	226	3080	2500473	226	
129	100414	4350	257	200199	3776	385	300508	3221	500	390544	2775	513	400811	2726	640	500206	2282	767	600341	1893	893	700672	1543	1000	785200	1273	1019	800371	1231	1144	900205	966	1268	1000800	756	1391	1100812	574	1500	1190523	450	1512	1200439	440	1632	1300427	334	1751	1400827	253	1866	1500418	211	1980	1600206	200	2000	1617771	200	2094	1700486	200	2208	1800388	200	2322	1900270	200	2436	2000120	200	2500	2056719	200	2547	2100306	200	2661	2200750	200	2775	2300721	200	2889	2400706	200	3000	2498406	200	3002	2500263	200	
131	100651	4206	262	200651	3577	392	300626	3022	500	383928	2624	521	400322	2549	650	500522	2126	778	600621	1743	906	700264	1399	1000	773855	1199	1034	800589	1130	1160	900232	893	1286	1000696	684	1407	1100559	523	1500	1176642	429	1529	1200390	405	1650	1300405	306	1768	1400166	246	1885	1500792	208	2000	1600288	195	2000	1600378	195	2115	1700218	195	2230	1800375	195	2345	1900254	195	2460	2000457	195	2500	2035461	195	2575	2100818	195	2690	2200711	195	2805	2300865	195	2920	2400785	195	3000	2470379	195	3035	2500836	195	
130	100599	4614	255	200726	4013	383	300357	3466	500	391671	2994	511	400313	2950	639	500143	2511	767	600796	2142	894	700554	1779	1000	783902	1496	1021	800483	1444	1147	900257	1143	1273	1000246	883	1399	1100861	654	1500	1181567	481	1523	1200236	441	1646	1300475	314	1766	1400795	242	1883	1500604	205	1998	1600102	196	2000	1601940	196	2113	1700223	196	2228	1800173	196	2344	1900834	196	2458	2000164	196	2500	2036813	196	2573	2100552	196	2688	2200756	196	2803	2300800	196	2918	2400772	196	3000	2472691	196	3032	2500660	196	
130	100442	4997	260	200555	4347	389	300571	3793	500	386706	3337	518	400703	3256	647	500419	2752	776	600652	2301	904	700263	1908	1000	775837	1620	1031	800168	1536	1159	900412	1204	1287	1000838	925	1413	1100616	695	1500	1170765	572	1537	1200613	527	1659	1300131	393	1780	1400114	299	1900	1500576	233	2000	1585940	197	2017	1600879	195	2131	1700310	194	2246	1800686	194	2360	1900665	194	2475	2000931	194	2500	2022884	194	2588	2100396	194	2700	2200678	194	2814	2300129	194	2929	2400583	194	3000	2462716	194	3043	2500364	194	
130	100229	4515	260	200268	3886	391	300517	3292	500	384332	2818	521	400746	2737	650	500198	2211	780	600645	1757	909	700661	1390	1000	771239	1174	1037	800250	1086	1165	900805	805	1291	1000664	608	1414	1100575	462	1500	1172586	372	1533	1200456	346	1654	1300849	260	1772	1400479	212	1888	1500151	196	2000	1597005	196	2004	1600584	196	2118	1700352	196	2234	1800899	196	2349	1900294	196	2465	2000428	196	2500	2030621	196	2580	2100439	196	2695	2200422	196	2810	2300322	196	2925	2400654	196	3000	2465814	196	3040	2500580	196	
129	100312	4707	255	200312	4105	384	300431	3527	500	390672	3043	512	400128	2996	641	500564	2523	769	600257	2114	897	700566	1744	1000	781528	1461	1024	800515	1400	1151	900634	1101	1278	1000740	832	1403	1100868	627	1500	1179787	486	1525	1200218	459	1648	1300760	342	1767	1400236	264	1885	1500494	217	2000	1600422	193	2000	1600516	193	2114	1700225	193	2228	1800092	193	2342	1900128	193	2457	2000873	193	2500	2038504	193	2571	2100920	193	2685	2200946	193	2798	2300729	193	2911	2400124	193	3000	2477897	193	3026	2500708	193	
132	100330	4264	263	200400	3637	395	300561	3022	500	380692	2505	526	400599	2376	656	500106	1784	787	600607	1221	917	700821	780	1000	765268	563	1045	800566	474	1170	900922	301	1289	1000490	224	1405	1100869	202	1500	1183256	202	1520	1200769	202	1635	1300831	202	1750	1400436	202	1866	1500862	202	1981	1600669	202	2000	1617123	202	2096	1700342	202	2211	1800194	202	2327	1900510	202	2442	2000213	202	2500	2050500	202	2558	2100669	202	2673	2200731	202	2785	2300258	202	2901	2400784	202	3000	2486547	202	3016	2500454	202	
135	100770	4400	268	200420	3689	401	300274	3035	500	374528	2559	534	400253	2386	667	500623	1752	798	600543	1188	929	700346	743	1000	754686	568	1059	800464	464	1186	900774	319	1307	1000845	243	1427	1100365	199	1500	1162711	198	1544	1200096	198	1658	1300316	198	1776	1400705	198	1894	1500887	198	2000	1591109	198	2011	1600526	198	2129	1700704	198	2247	1800779	198	2364	1900525	198	2482	2000865	198	2500	2016342	198	2599	2100362	198	2717	2200754	198	2835	2300920	198	2952	2400878	198	3000	2441662	198	3069	2500271	198	
133	100702	4338	265	200641	3675	393	300570	3061	500	382152	2529	524	400687	2415	655	500354	1853	786	600561	1357	916	700346	954	1000	765258	740	1045	800344	634	1172	900501	412	1296	1000514	278	1415	1100286	219	1500	1173361	210	1531	1200284	210	1647	1300366	210	1763	1400149	210	1879	1500399	210	1995	1600377	210	2000	1604773	210	2111	1700243	210	2227	1800486	210	2342	1900099	210	2459	2000943	210	2500	2036339	210	2574	2100423	210	2689	2200166	210	2805	2300181	210	2921	2400284	210	3000	2469053	210	3036	2500372	210	
134	100249	4428	268	200659	3759	402	300737	3092	500	374442	2636	534	400201	2462	668	500812	1816	800	600452	1274	932	700812	796	1000	753045	639	1061	800325	518	1189	900832	327	1311	1000797	238	1430	1100951	211	1500	1160576	211	1547	1200800	211	1664	1300430	211	1782	1400816	211	1899	1500441	211	2000	1586528	211	2016	1600217	211	2133	1700288	211	2251	1800559	211	2368	1900236	211	2485	2000101	211	2500	2012927	211	2603	2100699	211	2720	2200586	211	2835	2300881	211	2950	2400160	211	3000	2442865	211	3068	2500810	211	
137	100425	4442	273	200307	3750	409	300590	3073	500	367393	2618	545	400485	2395	680	500529	1725	814	600406	1156	948	700644	698	1000	739830	572	1079	800198	425	1207	900302	272	1331	1000780	207	1450	1100401	198	1500	1142119	198	1570	1200586	198	1688	1300369	198	1804	1400502	198	1924	1500562	198	2000	1564106	198	2044	1600939	198	2162	1700513	198	2281	1800241	198	2401	1900692	198	2500	1983468	198	2520	2000300	198	2640	2100378	198	2759	2200265	198	2879	2300695	198	2998	2400255	198	3000	2402008	198	3117	2500389	198	
132	100093	4266	264	200403	3603	395	300348	2958	500	382462	2436	524	400829	2321	654	500347	1711	784	600397	1148	913	700523	692	1000	768254	501	1041	800420	432	1166	900608	300	1287	1000198	227	1405	1100644	194	1500	1182685	194	1521	1200831	194	1636	1300100	194	1753	1400600	194	1869	1500533	194	1985	1600308	194	2000	1613260	194	2101	1700379	194	2217	1800128	194	2333	1900268	194	2449	2000744	194	2500	2044696	194	2565	2100495	194	2681	2200575	194	2797	2300534	194	2913	2400118	194	3000	2474966	194	3030	2500833	194	
139	100343	4279	277	200173	3551	415	300296	2845	500	362027	2410	553	400343	2163	690	500130	1510	825	600276	985	961	700630	567	1000	729773	487	1093	800361	348	1220	900470	239	1342	1000309	203	1464	1100800	203	1500	1130377	203	1585	1200124	203	1707	1300608	203	1829	1400868	203	1950	1500228	203	2000	1541530	203	2072	1600836	203	2193	1700915	203	2314	1800388	203	2436	1900686	203	2500	1953501	203	2557	2000503	203	2678	2100569	203	2799	2200388	203	2920	2300096	203	3000	2368124	203	3039	2400692	203	3160	2500737	203	
132	100490	4317	263	200146	3664	394	300370	3017	500	381578	2471	524	400088	2357	655	500766	1761	784	600572	1258	912	700135	829	1000	769141	580	1040	800616	489	1163	900559	316	1282	1000481	241	1399	1100824	206	1500	1188543	202	1514	1200801	202	1628	1300135	202	1741	1401000	202	1855	1500558	202	1970	1600725	202	2000	1626903	202	2084	1700228	202	2199	1800276	202	2314	1900269	202	2429	2000490	202	2500	2062247	202	2544	2100702	202	2658	2200137	202	2773	2300651	202	2888	2400866	202	3000	2498605	202	3002	2500433	202	
132	100805	4491	262	200343	3810	393	300747	3148	500	382576	2615	522	400757	2507	650	500654	1886	779	600358	1303	908	700770	826	1000	773252	584	1034	800532	524	1157	900128	339	1278	1000154	237	1395	1100579	189	1500	1193153	189	1508	1200303	189	1623	1300569	189	1738	1400778	189	1853	1500790	189	1968	1600949	189	2000	1628869	189	2082	1700267	189	2198	1800951	189	2312	1900139	189	2427	2000170	189	2500	2063729	189	2542	2100272	189	2657	2200199	189	2772	2300601	189	2887	2400693	189	3000	2498917	189	3002	2500755	189	
137	100687	4265	272	200179	3600	409	300721	2939	500	368023	2473	544	400661	2280	678	500206	1669	812	600356	1135	945	700498	716	1000	741972	585	1077	800412	427	1205	900287	282	1330	1000306	210	1451	1100772	195	1500	1141773	195	1570	1200123	195	1690	1300457	195	1810	1400903	195	1929	1500095	195	2000	1559492	195	2049	1600548	195	2169	1700853	195	2288	1800287	195	2407	1900167	195	2500	1978429	195	2526	2000306	195	2646	2100531	195	2766	2200923	195	2885	2300675	195	3000	2397101	195	3004	2400556	195	3120	2500893	195	
30	102496	24716	59	201046	24152	89	303184	23581	118	401550	23051	148	503385	22494	177	601658	21981	207	703323	21483	236	801711	20968	266	903249	20463	295	1001559	19973	325	1103278	19479	354	1201785	18983	384	1303499	18504	413	1402314	18051	442	1503653	17652	471	1602207	17241	500	1700094	16823	500	1700594	16823	530	1802049	16412	560	1903564	15992	589	2001707	15608	619	2103128	15240	648	2201669	14887	678	2303454	14525	707	2402196	14194	736	2500896	13872	
30	102278	24664	59	200896	24111	89	302295	23560	118	400485	23050	147	501727	22535	177	603010	21984	206	700825	21492	236	801875	20991	266	902833	20502	295	1000589	20026	325	1101798	19551	355	1202640	19065	385	1303643	18583	414	1401825	18130	444	1502870	17679	474	1603627	17219	500	1691567	16819	503	1702007	16783	533	1803468	16373	562	1900896	15980	592	2002064	15572	622	2102990	15167	651	2200716	14801	681	2301734	14423	711	2403143	14055	740	2501119	13719	
30	102114	24033	60	203217	23470	89	301950	22902	118	400536	22344	148	502122	21811	178	603791	21270	207	701759	20751	237	803199	20236	266	901406	19740	296	1003332	19239	325	1101423	18742	355	1202396	18273	384	1300785	17828	414	1402939	17361	443	1501635	16926	473	1603627	16468	500	1695365	16075	502	1702637	16044	531	1801498	15630	561	1903592	15233	590	2002442	14868	619	2101143	14482	649	2203254	14113	678	2301789	13740	707	2400838	13412	736	2502839	13100	
31	103429	24609	61	202950	24035	91	302672	23482	121	402805	22964	151	502374	22425	181	601997	21869	211	701772	21336	241	802045	20853	271	902202	20393	301	1002294	19928	331	1101830	19457	361	1201863	19009	391	1301593	18541	421	1402002	18093	450	1502733	17700	480	1603751	17302	500	1670723	17013	509	1701404	16898	539	1802199	16502	569	1902968	16146	598	2000499	15772	628	2101471	15404	658	2202048	15040	688	2302721	14705	717	2400589	14395	747	2501266	14058	
30	103309	25097	59	202142	24527	88	300890	23983	118	403741	23408	146	502045	22881	175	601709	22361	204	700561	21837	234	803336	21294	263	902394	20798	292	1001576	20316	321	1100783	19836	351	1203623	19355	380	1302536	18889	409	1401770	18421	438	1500506	17990	468	1602922	17545	497	1701692	17114	500	1712245	17066	526	1801038	16672	556	1903880	16251	585	2003305	15843	614	2102649	15463	643	2202260	15109	672	2301697	14763	701	2402489	14420	730	2501833	14099	
30	100766	24663	60	201125	24091	90	301051	23523	120	401562	22973	150	502958	22414	180	603183	21893	210	703318	21365	240	803794	20839	269	901497	20370	299	1002131	19881	329	1102848	19402	359	1203483	18927	388	1300482	18471	418	1401339	18030	448	1501536	17587	478	1601430	17162	500	1675075	16884	508	1702266	16774	538	1803196	16395	568	1903404	16043	598	2003603	15698	627	2100805	15380	657	2201337	15063	687	2301539	14765	717	2401818	14430	746	2501009	14132	
30	101704	25072	60	202471	24512	90	303324	23944	119	400914	23390	149	501641	22853	179	602932	22302	208	702454	21786	238	803372	21235	267	900672	20756	297	1001418	20282	327	1102304	19790	357	1203516	19316	386	1301208	18857	416	1402571	18400	445	1502387	17970	474	1601174	17566	500	1689242	17192	504	1703044	17138	533	1802119	16750	563	1903556	16362	592	2001720	16028	622	2103717	15702	651	2202211	15394	680	2300467	15072	710	2402515	14738	739	2501365	14431	
30	100902	24849	60	200718	24297	90	300742	23733	120	401452	23157	150	503822	22607	179	601969	22068	209	702493	21539	239	803529	20983	268	900859	20466	298	1001642	19932	328	1102243	19423	358	1203164	18908	388	1303554	18428	417	1400855	17983	447	1501287	17543	477	1601667	17122	500	1679187	16811	507	1703095	16687	536	1800878	16300	566	1901938	15931	596	2002988	15539	626	2103603	15140	655	2200618	14767	685	2302422	14413	714	2400612	14085	744	2502294	13770	
30	103471	24952	59	202400	24386	88	301454	23842	117	401876	23315	146	500699	22791	176	602942	22257	205	702474	21736	234	801985	21218	263	901412	20705	292	1000971	20205	321	1100582	19701	350	1200746	19188	379	1300792	18696	408	1400635	18228	438	1503600	17753	467	1603169	17273	496	1703055	16844	500	1717135	16780	525	1803224	16410	554	1903508	15974	583	2003625	15551	612	2103871	15119	641	2203886	14742	670	2303694	14374	699	2403499	13983	727	2501217	13629	
30	102447	25744	59	200565	25182	89	302834	24606	118	402092	24070	147	500508	23513	177	602591	22940	206	701196	22397	236	803057	21860	265	901619	21359	295	1003820	20854	324	1102380	20366	353	1200827	19881	383	1302867	19403	412	1401632	18933	441	1501995	18484	470	1602120	18050	499	1700628	17625	500	1704542	17620	529	1803395	17214	558	1902549	16835	587	2001859	16456	616	2100513	16094	646	2202446	15703	675	2301563	15345	704	2400690	15017	734	2502840	14683	
30	100668	25029	60	200716	24509	90	300688	23952	120	400693	23409	150	501055	22874	180	602518	22384	210	701961	21882	240	801846	21351	270	901155	20824	300	1000978	20293	330	1101402	19780	360	1201659	19272	390	1301040	18749	420	1400903	18229	451	1503619	17728	481	1602859	17228	500	1665958	16890	511	1702753	16713	541	1802999	16183	571	1902683	15676	601	2003073	15145	631	2102717	14603	661	2202462	14113	691	2302235	13586	721	2401865	13066	751	2501499	12544	
31	101204	24567	62	201631	24020	93	301520	23447	124	401814	22878	155	502031	22356	186	601762	21843	217	701648	21304	248	801629	20733	279	901762	20177	310	1001409	19629	341	1101043	19077	372	1201221	18512	403	1301489	17985	434	1402001	17459	465	1502016	16918	496	1602975	16409	500	1616229	16330	527	1703805	15866	557	1801289	15340	588	1901897	14796	619	2002382	14240	650	2103067	13682	681	2203348	13123	711	2300794	12610	742	2401541	12082	773	2502165	11572	
30	101222	24799	60	201321	24292	90	300959	23782	120	401939	23248	150	501688	22717	180	602106	22189	210	702383	21634	240	802603	21110	270	902133	20594	300	1001977	20074	330	1102030	19585	360	1201373	19070	390	1300671	18552	420	1401031	18016	450	1500572	17526	480	1603502	17001	500	1670141	16657	510	1703593	16464	540	1803261	15937	570	1902380	15444	600	2002744	14918	630	2103708	14437	660	2203146	13948	690	2302415	13431	720	2402098	12919	750	2502199	12401	
30	101178	24610	61	203487	24070	91	302670	23543	121	401832	23021	151	501879	22524	180	601671	22053	210	701695	21565	240	801116	21060	271	903769	20518	301	1003507	19999	331	1103263	19507	361	1202417	19021	391	1301435	18508	421	1400973	17973	452	1503753	17464	482	1603684	16966	500	1663561	16674	512	1703386	16480	542	1802423	15987	572	1901723	15521	602	2001134	15041	632	2100558	14588	663	2203246	14099	693	2303084	13643	723	2402102	13146	753	2501499	12649	
31	103280	24552	61	202091	24021	91	301442	23457	122	403208	22880	152	501693	22329	183	603373	21790	213	701862	21263	243	800612	20734	274	903013	20179	304	1002130	19664	334	1101268	19113	365	1203729	18564	395	1302637	18053	425	1402274	17533	455	1501701	16992	485	1600883	16464	500	1650310	16210	516	1703222	15959	546	1801523	15447	577	1903382	14914	607	2002273	14389	637	2100871	13865	668	2202973	13321	698	2301870	12793	728	2400806	12269	759	2503076	11732	
31	102982	25091	61	201871	24573	91	300814	24047	122	402890	23535	152	501495	23002	183	603315	22466	213	701911	21945	244	803511	21429	274	901268	20886	305	1002603	20336	335	1100787	19808	366	1201983	19291	397	1303587	18773	427	1401909	18273	457	1500857	17765	487	1602473	17245	500	1645966	17041	517	1702164	16738	547	1800962	16215	578	1903014	15658	608	2001958	15115	638	2101019	14585	669	2203060	14023	699	2301213	13514	730	2403070	12995	760	2502137	12484	
30	101404	24851	60	202086	24315	90	302591	23791	120	403386	23260	149	501134	22748	178	601227	22229	208	703275	21672	238	803684	21148	268	903322	20633	298	1003492	20109	327	1100592	19623	357	1201032	19095	387	1301052	18590	417	1401072	18093	447	1501306	17629	477	1600979	17144	500	1677893	16780	507	1701512	16669	537	1801459	16203	567	1901376	15719	597	2001050	15213	627	2101053	14693	657	2201548	14186	687	2301829	13700	717	2403050	13154	746	2500797	12668	
31	103369	24548	61	203256	24019	91	302851	23476	121	403701	22926	151	503020	22375	181	601854	21849	211	700977	21331	242	803548	20755	272	902237	20209	302	1001171	19652	333	1103720	19071	363	1202170	18527	393	1301232	18006	424	1402671	17464	454	1501304	16941	484	1600546	16418	500	1653747	16133	515	1703389	15851	545	1802424	15313	575	1901939	14757	605	2000797	14219	636	2103318	13663	666	2202450	13128	696	2301562	12616	726	2401068	12077	756	2501042	11568	
31	101649	24820	62	202769	24264	93	303730	23735	123	401607	23194	154	502864	22607	184	601260	22057	215	701860	21516	246	802787	20952	277	903675	20410	307	1001369	19902	338	1102606	19347	368	1201027	18795	399	1302055	18262	430	1403279	17696	460	1501772	17134	490	1602296	16600	500	1635627	16421	520	1701167	16061	551	1802234	15501	582	1903469	14955	612	2001602	14399	643	2103158	13828	673	2201134	13305	704	2302155	12757	735	2403648	12213	765	2502086	11659	
31	101660	24733	62	202076	24197	93	302696	23638	123	401710	23086	154	503107	22496	184	603104	21950	214	701563	21444	245	802522	20908	276	903167	20395	306	1000987	19904	337	1101863	19396	368	1202671	18865	398	1300602	18352	429	1401755	17842	460	1503393	17324	490	1602132	16820	500	1635237	16653	520	1700759	16299	551	1801656	15752	582	1902603	15192	612	2000750	14660	643	2102217	14127	674	2203558	13597	704	2301287	13106	735	2402914	12613	765	2501228	12112	
339	100166	50	500	148604	50	675	200081	50	1000	295618	50	1015	300050	50	1354	400166	50	1500	443385	50	1692	500106	50	2000	591007	50	2031	600149	50	2368	700048	50	2500	739092	50	2708	800142	50	3000	886148	50	3047	900057	50	3386	1000154	50	3500	1033738	50	3726	1100299	50	4000	1181412	50	4064	1200244	50	4404	1300201	50	4500	1328381	50	4743	1400033	50	5000	1476300	50	5081	1500258	50	5420	1600092	50	5500	1623705	50	5760	1700138	50	6000	1771098	50	6099	1800272	50	6438	1900303	50	6500	1918660	50	6777	2000273	50	7000	2065951	50	7116	2100106	50	7455	2200087	50	7500	2213335	50	7794	2300120	50	8000	2360815	50	8133	2400030	50	8472	2500191	50	
334	100125	48	500	149729	48	668	200163	48	1000	299856	48	1001	300179	48	1335	400301	48	1500	449764	48	1667	500257	48	1999	600303	48	2000	600620	48	2332	700228	48	2500	750523	48	2666	800221	48	3000	900304	48	3000	900326	48	3334	1000218	48	3500	1050062	48	3667	1100194	48	4000	1200085	48	4000	1200109	48	4333	1300079	48	4500	1350154	48	4666	1400049	48	4998	1500080	48	5000	1500695	48	5330	1600260	48	5500	1653871	48	5651	1700141	48	5984	1800162	48	6000	1805014	48	6318	1900263	48	6500	1954986	48	6651	2000175	48	6984	2100124	48	7000	2104924	48	7316	2200116	48	7500	2255494	48	7649	2300142	48	7982	2400270	48	8000	2405747	48	8314	2500219	48	
344	100299	44	500	145804	44	687	200290	44	1000	291415	44	1030	300160	44	1374	400240	44	1500	436991	44	1716	500027	44	2000	583304	44	2058	600289	44	2390	700304	44	2500	732644	44	2732	800269	44	3000	878277	44	3075	900119	44	3418	1000081	44	3500	1023943	44	3760	1100072	44	4000	1169850	44	4104	1200195	44	4447	1300272	44	4500	1315745	44	4789	1400035	44	5000	1461559	44	5132	1500214	44	5474	1600297	44	5500	1607911	44	5816	1700060	44	6000	1753677	44	6159	1800211	44	6500	1900061	44	6500	1900084	44	6842	2000165	44	7000	2046369	44	7185	2100025	44	7500	2192138	44	7527	2200098	44	7871	2300198	44	8000	2337728	44	8213	2400190	44	8500	2483717	44	8556	2500071	44	
339	100145	54	500	147371	54	680	200186	54	1000	294569	54	1019	300160	54	1359	400126	54	1500	441561	54	1699	500182	54	2000	589447	54	2036	600054	54	2374	700111	54	2500	737222	54	2714	800133	54	3000	884044	54	3055	900197	54	3396	1000300	54	3500	1030874	54	3735	1100123	54	4000	1177991	54	4075	1200105	54	4414	1300075	54	4500	1325319	54	4752	1400067	54	5000	1473635	54	5090	1500044	54	5428	1600123	54	5500	1621299	54	5768	1700099	54	6000	1768409	54	6107	1800163	54	6445	1900166	54	6500	1916379	54	6785	2000046	54	7000	2063316	54	7126	2100270	54	7465	2200226	54	7500	2210515	54	7805	2300290	54	8000	2358001	54	8143	2400239	54	8482	2500226	54	
311	100078	53	500	161076	53	622	200291	53	931	300105	53	1000	322604	53	1240	400119	53	1500	483663	53	1551	500100	53	1860	600071	53	2000	645393	53	2171	700290	53	2481	800034	53	2500	806227	53	2792	900331	53	3000	967310	53	3102	1000263	53	3412	1100041	53	3500	1128502	53	3721	1200092	53	4000	1290201	53	4031	1300208	53	4341	1400101	53	4500	1451209	53	4652	1500211	53	4962	1600257	53	5000	1612476	53	5272	1700205	53	5500	1776678	53	5573	1800200	53	5883	1900068	53	6000	1937799	53	6194	2000282	53	6500	2098812	53	6504	2100137	53	6812	2200046	53	7000	2260571	53	7123	2300248	53	7433	2400037	53	7500	2421705	53	7744	2500114	53	
358	100032	49	500	139693	49	716	200099	49	1000	279861	49	1072	300064	49	1429	400063	49	1500	420274	49	1787	500252	49	2000	559534	49	2145	600197	49	2500	699686	49	2502	700275	49	2850	800274	49	3000	842050	49	3209	900254	49	3500	981829	49	3566	1000277	49	3924	1100271	49	4000	1121432	49	4283	1200234	49	4500	1260909	49	4641	1300111	49	4998	1400147	49	5000	1400761	49	5356	1500132	49	5500	1540399	49	5713	1600049	49	6000	1680034	49	6072	1700132	49	6430	1800017	49	6500	1819548	49	6789	1900083	49	7000	1958943	49	7147	2000181	49	7500	2099180	49	7503	2100050	49	7861	2200078	49	8000	2239256	49	8218	2300116	49	8500	2378875	49	8576	2400109	49	8934	2500039	49	
313	100329	47	500	160098	47	625	200313	47	936	300211	47	1000	320750	47	1243	400036	47	1500	482565	47	1555	500153	47	1866	600114	47	2000	643111	47	2179	700321	47	2490	800320	47	2500	803544	47	2802	900131	47	3000	963718	47	3114	1000249	47	3425	1100026	47	3500	1124103	47	3737	1200169	47	4000	1284163	47	4050	1300207	47	4362	1400249	47	4500	1444564	47	4674	1500327	47	4986	1600339	47	5000	1604861	47	5297	1700096	47	5500	1765404	47	5608	1800148	47	5920	1900243	47	6000	1925877	47	6232	2000187	47	6500	2086241	47	6544	2100310	47	6855	2200148	47	7000	2246652	47	7167	2300079	47	7478	2400331	47	7500	2407389	47	7790	2500136	47	
347	100046	44	500	144381	44	694	200112	44	1000	288625	44	1040	300235	44	1387	400301	44	1500	432853	44	1733	500020	44	2000	576620	44	2082	600176	44	2429	700044	44	2500	720482	44	2778	800237	44	3000	864347	44	3125	900262	44	3471	1000060	44	3500	1008388	44	3819	1100180	44	4000	1152176	44	4167	1200049	44	4500	1295715	44	4515	1300062	44	4861	1400251	44	5000	1440350	44	5208	1500154	44	5500	1584564	44	5554	1600117	44	5902	1700048	44	6000	1728160	44	6250	1800108	44	6500	1874606	44	6588	1900210	44	6936	2000183	44	7000	2018597	44	7284	2100071	44	7500	2161934	44	7633	2200110	44	7982	2300253	44	8000	2305485	44	8329	2400261	44	8500	2449543	44	8676	2500106	44	
332	100304	50	500	151083	50	662	200027	50	993	300087	50	1000	302221	50	1323	400187	50	1500	453861	50	1654	500285	50	1983	600039	50	2000	605196	50	2314	700101	50	2500	756332	50	2645	800182	50	2965	900038	50	3000	910791	50	3296	1000228	50	3500	1061774	50	3627	1100117	50	3958	1200195	50	4000	1212940	50	4289	1300126	50	4500	1363976	50	4619	1400022	50	4950	1500306	50	5000	1515381	50	5280	1600181	50	5500	1666897	50	5610	1700023	50	5942	1800229	50	6000	1817741	50	6271	1900078	50	6500	1969318	50	6602	2000247	50	6932	2100177	50	7000	2120707	50	7263	2200320	50	7500	2271823	50	7594	2300176	50	7924	2400052	50	8000	2423098	50	8255	2500184	50	
334	100021	43	500	149882	43	668	200291	43	1000	299934	43	1001	300260	43	1334	400063	43	1500	449985	43	1667	500177	43	1997	600280	43	2000	601190	43	2329	700116	43	2500	751519	43	2662	800197	43	2995	900262	43	3000	901781	43	3327	1000055	43	3500	1052178	43	3660	1100182	43	3993	1200162	43	4000	1202271	43	4327	1300315	43	4500	1352328	43	4659	1400261	43	4992	1500185	43	5000	1502591	43	5326	1600273	43	5500	1652665	43	5658	1700237	43	5990	1800140	43	6000	1803155	43	6323	1900257	43	6500	1953374	43	6656	2000211	43	6989	2100023	43	7000	2103315	43	7322	2200077	43	7500	2253392	43	7656	2300223	43	7989	2400166	43	8000	2403482	43	8322	2500077	43	
383	100132	46	500	130749	46	763	200106	46	1000	261932	46	1146	300140	46	1500	394046	46	1523	400073	46	1907	500251	46	2000	524596	46	2289	600277	46	2500	655205	46	2672	700169	46	3000	785975	46	3054	800155	46	3436	900269	46	3500	916993	46	3819	1000134	46	4000	1047366	46	4203	1100200	46	4500	1177874	46	4585	1200138	46	4969	1300127	46	5000	1308208	46	5352	1400022	46	5500	1438908	46	5735	1500118	46	6000	1569291	46	6118	1600091	46	6500	1699689	46	6502	1700233	46	6885	1800271	46	7000	1830253	46	7261	1900142	46	7500	1963458	46	7640	2000117	46	8000	2093975	46	8024	2100245	46	8406	2200238	46	8500	2225036	46	8788	2300048	46	9000	2355379	46	9170	2400033	46	9500	2486005	46	9554	2500044	46	
350	100207	46	500	143099	46	697	200022	46	1000	287096	46	1045	300023	46	1392	400073	46	1500	430980	46	1741	500035	46	2000	574335	46	2090	600037	46	2439	700096	46	2500	717785	46	2787	800150	46	3000	861152	46	3136	900212	46	3476	1000301	46	3500	1007200	46	3822	1100278	46	4000	1151407	46	4170	1200174	46	4500	1294799	46	4519	1300274	46	4865	1400039	46	5000	1438734	46	5215	1500197	46	5500	1582164	46	5563	1600269	46	5911	1700029	46	6000	1725855	46	6259	1800029	46	6500	1869202	46	6608	1900181	46	6956	2000072	46	7000	2012784	46	7305	2100280	46	7500	2156309	46	7653	2200232	46	8000	2300049	46	8000	2300071	46	8350	2400280	46	8500	2443594	46	8697	2500271	46	
360	100055	40	500	139070	40	722	200177	40	1000	276852	40	1085	300219	40	1447	400026	40	1500	414687	40	1810	500189	40	2000	553033	40	2171	600256	40	2500	691246	40	2532	700092	40	2895	800139	40	3000	829015	40	3257	900037	40	3500	966929	40	3621	1000247	40	3982	1100169	40	4000	1105130	40	4345	1200232	40	4500	1242947	40	4708	1300178	40	5000	1380682	40	5071	1400208	40	5434	1500146	40	5500	1518254	40	5797	1600101	40	6000	1656224	40	6160	1700201	40	6500	1794165	40	6522	1800213	40	6885	1900172	40	7000	1931844	40	7247	2000233	40	7500	2070002	40	7610	2100266	40	7974	2200226	40	8000	2207387	40	8337	2300065	40	8500	2344827	40	8700	2400033	40	9000	2482806	40	9063	2500161	40	
379	100201	46	500	132030	46	758	200208	46	1000	264159	46	1136	300040	46	1500	396109	46	1515	400082	46	1894	500246	46	2000	528282	46	2273	600124	46	2500	659958	46	2652	700114	46	3000	792045	46	3030	800151	46	3409	900116	46	3500	924078	46	3788	1000218	46	4000	1056200	46	4167	1100185	46	4500	1187808	46	4547	1200188	46	4926	1300020	46	5000	1319498	46	5306	1400225	46	5500	1451669	46	5684	1500251	46	6000	1584084	46	6061	1600218	46	6440	1700141	46	6500	1715933	46	6819	1800272	46	7000	1848051	46	7198	1900239	46	7500	1981422	46	7569	2000307	46	7945	2100250	46	8000	2114815	46	8324	2200242	46	8500	2246783	46	8702	2300049	46	9000	2378544	46	9081	2400212	46	9459	2500029	46	
338	100075	46	500	148046	46	675	200233	46	1000	296394	46	1013	300245	46	1350	400082	46	1500	444734	46	1687	500170	46	2000	592978	46	2024	600103	46	2362	700234	46	2500	741125	46	2700	800175	46	3000	888716	46	3039	900230	46	3374	1000186	46	3500	1039082	46	3706	1100075	46	4000	1187006	46	4044	1200053	46	4383	1300246	46	4500	1334773	46	4721	1400298	46	5000	1483129	46	5058	1500308	46	5396	1600245	46	5500	1630993	46	5734	1700299	46	6000	1779271	46	6070	1800112	46	6407	1900119	46	6500	1927801	46	6745	2000283	46	7000	2076076	46	7081	2100283	46	7415	2200217	46	7500	2225337	46	7751	2300167	46	8000	2374474	46	8087	2400271	46	8425	2500153	46	
367	100095	43	500	135421	43	742	200141	43	1000	268875	43	1117	300218	43	1492	400107	43	1500	402264	43	1865	500088	43	2000	536090	43	2241	600250	43	2500	668817	43	2618	700163	43	2994	800182	43	3000	801795	43	3367	900130	43	3500	935822	43	3742	1000189	43	4000	1068909	43	4118	1100256	43	4493	1200218	43	4500	1202077	43	4870	1300274	43	5000	1334770	43	5245	1400245	43	5500	1467927	43	5621	1500122	43	5997	1600018	43	6000	1600824	43	6374	1700043	43	6500	1733425	43	6752	1800154	43	7000	1866396	43	7127	1900120	43	7500	1999209	43	7503	2000016	43	7879	2100121	43	8000	2133100	43	8247	2200126	43	8500	2268591	43	8619	2300112	43	8995	2400163	43	9000	2401515	43	9370	2500040	43	
365	100121	45	500	137100	45	729	200026	45	1000	274445	45	1094	300174	45	1458	400204	45	1500	411720	45	1823	500032	45	2000	548665	45	2188	600090	45	2500	686710	45	2549	700162	45	2914	800114	45	3000	823686	45	3279	900139	45	3500	960804	45	3644	1000236	45	4000	1097702	45	4009	1100211	45	4375	1200294	45	4500	1234489	45	4740	1300266	45	5000	1371533	45	5105	1400212	45	5470	1500042	45	5500	1508250	45	5836	1600276	45	6000	1645417	45	6198	1700038	45	6500	1783003	45	6563	1800181	45	6926	1900081	45	7000	1920318	45	7291	2000162	45	7500	2058524	45	7646	2100219	45	8000	2197859	45	8008	2200090	45	8373	2300196	45	8500	2335056	45	8737	2400269	45	9000	2472253	45	9102	2500164	45	
348	100116	46	500	143864	46	692	200039	46	1000	289921	46	1035	300174	46	1379	400227	46	1500	435007	46	1725	500228	46	2000	579312	46	2072	600056	46	2419	700132	46	2500	723560	46	2765	800064	46	3000	867844	46	3112	900158	46	3459	1000184	46	3500	1012044	46	3798	1100193	46	4000	1159298	46	4141	1200119	46	4489	1300130	46	4500	1303302	46	4834	1400077	46	5000	1448228	46	5180	1500282	46	5500	1592616	46	5526	1600195	46	5869	1700027	46	6000	1738017	46	6212	1800117	46	6500	1883178	46	6559	1900225	46	6906	2000122	46	7000	2027306	46	7253	2100059	46	7500	2171036	46	7601	2200019	46	7949	2300277	46	8000	2315028	46	8290	2400026	46	8500	2460513	46	8638	2500306	46	
371	100098	43	500	137151	43	730	200103	43	1000	272849	43	1102	300263	43	1474	400256	43	1500	407247	43	1846	500231	43	2000	541713	43	2218	600248	43	2500	676081	43	2589	700022	43	2962	800238	43	3000	810468	43	3331	900246	43	3500	945647	43	3703	1000196	43	4000	1080606	43	4073	1100256	43	4444	1200135	43	4500	1215176	43	4814	1300092	43	5000	1350304	43	5184	1400170	43	5500	1485539	43	5554	1500277	43	5926	1600186	43	6000	1620157	43	6297	1700161	43	6500	1754764	43	6669	1800186	43	7000	1889320	43	7040	1900180	43	7411	2000064	43	7500	2024274	43	7779	2100034	43	8000	2159597	43	8151	2200138	43	8500	2294054	43	8523	2300247	43	8893	2400142	43	9000	2428913	43	9261	2500057	43	
339	100269	49	500	148317	49	675	200270	49	1000	296427	49	1013	300277	49	1351	400143	49	1500	444428	49	1688	500081	49	2000	592266	49	2027	600276	49	2365	700248	49	2500	740095	49	2704	800137	49	3000	887670	49	3042	900289	49	3379	1000021	49	3500	1035704	49	3718	1100145	49	4000	1183553	49	4056	1200055	49	4394	1300197	49	4500	1331839	49	4730	1400026	49	5000	1479798	49	5068	1500257	49	5406	1600056	49	5500	1627934	49	5744	1700211	49	6000	1775990	49	6082	1800174	49	6420	1900308	49	6500	1923997	49	6758	2000222	49	7000	2071762	49	7096	2100185	49	7425	2200101	49	7500	2222309	49	7763	2300058	49	8000	2370319	49	8101	2400160	49	8440	2500294	49	
140	100184	186	274	200177	186	409	300237	186	500	367833	186	544	400566	186	677	500558	186	812	600287	186	947	700152	186	1000	739447	186	1082	800312	186	1217	900336	186	1352	1000485	186	1488	1100784	186	1500	1109741	186	1620	1200808	186	1754	1300203	186	1890	1400617	186	2000	1482320	186	2024	1500207	186	2160	1600598	186	2295	1700226	186	2430	1800120	186	2500	1851773	186	2566	1900732	186	2701	2000801	186	2835	2100235	186	2970	2200097	186	3000	2222436	186	3106	2300758	186	3241	2400646	186	3376	2500578	186	
131	100819	209	252	200106	209	376	300875	209	499	400583	209	500	401465	209	623	500812	209	746	600124	209	870	700312	209	993	800327	209	1000	806058	209	1117	900395	209	1241	1000779	209	1364	1100293	209	1488	1200764	209	1500	1210516	209	1611	1300386	209	1734	1400219	209	1857	1500100	209	1981	1600691	209	2000	1616278	209	2102	1700382	209	2225	1800366	209	2348	1900420	209	2472	2000768	209	2500	2023449	209	2595	2100420	209	2719	2200613	209	2841	2300594	209	2964	2400270	209	3000	2429488	209	3088	2500634	209	
134	100183	204	262	200474	204	390	300840	204	500	386816	204	517	400197	204	645	500777	204	772	600682	204	900	700563	204	1000	778739	204	1028	800735	204	1155	900209	204	1283	1000563	204	1411	1100579	204	1500	1170178	204	1539	1200779	204	1666	1300283	204	1794	1400425	204	1921	1500103	204	2000	1561978	204	2049	1600326	204	2177	1700515	204	2304	1800078	204	2432	1900448	204	2500	1953691	204	2559	2000199	204	2687	2100638	204	2814	2200155	204	2940	2300825	204	3000	2347855	204	3067	2400321	204	3195	2500657	204	
144	100521	184	281	200388	184	418	300446	184	500	360278	184	555	400315	184	693	500776	184	830	600389	184	968	700508	184	1000	724055	184	1105	800554	184	1242	900205	184	1379	1000385	184	1500	1088686	184	1516	1100424	184	1653	1200678	184	1787	1300361	184	1924	1400597	184	2000	1455814	184	2061	1500525	184	2197	1600178	184	2334	1700087	184	2472	1800670	184	2500	1821021	184	2609	1900628	184	2745	2000314	184	2883	2100591	184	3000	2185783	184	3020	2200380	184	3157	2300559	184	3293	2400226	184	3431	2500533	184	
140	100534	181	273	200418	181	403	300706	181	500	373593	181	536	400653	181	669	500487	181	803	600565	181	937	700479	181	1000	747401	181	1071	800780	181	1204	900221	181	1338	1000287	181	1472	1100798	181	1500	1121859	181	1605	1200422	181	1739	1300701	181	1872	1400301	181	2000	1496465	181	2005	1500287	181	2139	1600427	181	2273	1700566	181	2406	1800482	181	2500	1871102	181	2539	1900494	181	2672	2000686	181	2805	2100457	181	2938	2200713	181	3000	2247261	181	3071	2300310	181	3205	2400682	181	3338	2500399	181	
134	100402	186	261	200347	186	389	300707	186	500	387880	186	516	400517	186	643	500129	186	770	600264	186	897	700164	186	1000	780787	186	1025	800439	186	1153	900681	186	1281	1000780	186	1408	1100802	186	1500	1173609	186	1534	1200444	186	1661	1300312	186	1789	1400852	186	1916	1500189	186	2000	1566016	186	2044	1600524	186	2172	1700834	186	2298	1800201	186	2422	1900179	186	2500	1962759	186	2548	2000666	186	2675	2100278	186	2802	2200124	186	2928	2300869	186	3000	2358533	186	3053	2400254	186	3181	2500453	186	
144	100219	188	281	200167	188	419	300753	188	500	359926	188	556	400651	188	693	500727	188	829	600374	188	966	700267	188	1000	725117	188	1103	800080	188	1241	900700	188	1378	1000567	188	1500	1089467	188	1515	1100447	188	1652	1200694	188	1789	1300690	188	1922	1400447	188	2000	1457453	188	2059	1500499	188	2196	1600174	188	2334	1700711	188	2471	1800627	188	2500	1821952	188	2608	1900470	188	2745	2000362	188	2881	2100173	188	3000	2187078	188	3018	2200330	188	3155	2300138	188	3292	2400321	188	3429	2500148	188	
149	100229	180	292	200392	180	434	300233	180	500	348253	180	573	400265	180	716	500235	180	859	600657	180	1000	699313	180	1001	700081	180	1145	800660	180	1287	900076	180	1430	1000358	180	1500	1049476	180	1572	1100083	180	1715	1200261	180	1858	1300318	180	2000	1399991	180	2001	1400755	180	2143	1500442	180	2286	1600280	180	2429	1700209	180	2500	1749711	180	2573	1800777	180	2714	1900253	180	2856	2000324	180	2999	2100597	180	3000	2101351	180	3141	2200090	180	3284	2300163	180	3427	2400296	180	3500	2451478	180	3570	2500473	180	
143	100458	199	279	200656	199	414	300129	199	500	363747	199	550	400530	199	685	500130	199	822	600690	199	958	700800	199	1000	731700	199	1093	800101	199	1229	900587	199	1365	1000513	199	1500	1099856	199	1501	1100652	199	1636	1200420	199	1772	1300437	199	1908	1400372	199	2000	1468099	199	2044	1500733	199	2180	1600784	199	2315	1700361	199	2451	1800469	199	2500	1836923	199	2586	1900471	199	2722	2000798	199	2857	2100669	199	2992	2200283	199	3000	2206213	199	3127	2300270	199	3260	2400238	199	3396	2500722	199	
139	100781	186	270	200174	186	402	300239	186	500	374563	186	534	400303	186	666	500302	186	798	600166	186	931	700494	186	1000	752472	186	1063	800169	186	1196	900505	186	1328	1000383	186	1460	1100481	186	1500	1130938	186	1592	1200783	186	1724	1300596	186	1847	1400342	186	1978	1500474	186	2000	1517190	186	2110	1600496	186	2242	1700670	186	2373	1800532	186	2500	1896263	186	2505	1900105	186	2638	2000570	186	2770	2100185	186	2902	2200429	186	3000	2274532	186	3034	2300343	186	3166	2400140	186	3298	2500323	186	
143	100283	191	278	200106	191	414	300705	191	500	364229	191	549	400449	191	680	500232	191	815	600480	191	951	700541	191	1000	736779	191	1086	800701	191	1221	900775	191	1356	1000674	191	1491	1100115	191	1500	1106748	191	1627	1200212	191	1763	1300488	191	1898	1400215	191	2000	1475524	191	2034	1500668	191	2169	1600382	191	2305	1700672	191	2441	1800756	191	2500	1844288	191	2576	1900327	191	2712	2000571	191	2848	2100781	191	2983	2200500	191	3000	2213091	191	3118	2300179	191	3254	2400705	191	3388	2500582	191	
137	100124	187	268	200812	187	397	300171	187	500	379801	187	527	400632	187	656	500225	187	786	600299	187	916	700495	187	1000	765014	187	1046	800574	187	1176	900631	187	1306	1000624	187	1436	1100504	187	1500	1149719	187	1566	1200575	187	1696	1300494	187	1826	1400844	187	1955	1500768	187	2000	1535285	187	2085	1600790	187	2215	1700591	187	2345	1800450	187	2475	1900401	187	2500	1919714	187	2605	2000376	187	2735	2100328	187	2865	2200560	187	2995	2300814	187	3000	2304746	187	3125	2400801	187	3251	2500579	187	
143	100222	182	279	200392	182	414	300073	182	500	363558	182	550	400424	182	685	500275	182	821	600620	182	957	700760	182	1000	732602	182	1092	800627	182	1228	900637	182	1364	1000443	182	1499	1100427	182	1500	1101238	182	1634	1200386	182	1770	1300566	182	1905	1400495	182	2000	1472732	182	2036	1500121	182	2172	1600159	182	2308	1700482	182	2444	1800440	182	2500	1841660	182	2580	1900502	182	2716	2000780	182	2851	2100491	182	2986	2200598	182	3000	2210948	182	3121	2300297	182	3257	2400604	182	3393	2500636	182	
144	100275	198	281	200659	198	418	300606	198	500	360512	198	554	400339	198	688	500115	198	825	600578	198	962	700168	198	1000	727804	198	1100	800653	198	1237	900328	198	1374	1000121	198	1500	1092298	198	1511	1100386	198	1648	1200785	198	1785	1300715	198	1922	1400320	198	2000	1457651	198	2059	1500747	198	2196	1600604	198	2333	1700427	198	2470	1800483	198	2500	1822744	198	2607	1900472	198	2745	2000700	198	2882	2100385	198	3000	2186268	198	3019	2200256	198	3156	2300111	198	3294	2400702	198	3431	2500464	198	
146	100109	206	287	200709	206	420	300462	206	500	357364	206	561	400755	206	701	500717	206	841	600222	206	982	700580	206	1000	713409	206	1123	800642	206	1263	900144	206	1404	1000429	206	1500	1068969	206	1544	1100390	206	1685	1200784	206	1825	1300732	206	1965	1400626	206	2000	1425791	206	2105	1500579	206	2245	1600257	206	2386	1700591	206	2500	1781805	206	2526	1800366	206	2667	1900622	206	2807	2000183	206	2947	2100544	206	3000	2138336	206	3087	2200287	206	3227	2300168	206	3368	2400298	206	3500	2494289	206	3508	2500165	206	
139	100210	182	271	200621	182	402	300405	182	500	375064	182	533	400220	182	664	500460	182	795	600481	182	926	700116	182	1000	756826	182	1057	800655	182	1188	900421	182	1319	1000281	182	1450	1100097	182	1500	1138065	182	1582	1200592	182	1713	1300801	182	1844	1400376	182	1975	1500241	182	2000	1519334	182	2102	1600580	182	2233	1700582	182	2364	1800153	182	2496	1900580	182	2500	1903695	182	2627	2000745	182	2758	2100689	182	2889	2200406	182	3000	2285423	182	3020	2300727	182	3151	2400568	182	3282	2500176	182	
142	100199	200	280	200573	200	416	300397	200	500	361623	200	553	400445	200	690	500581	200	823	600504	200	960	700648	200	1000	729850	200	1097	800532	200	1234	900466	200	1372	1000607	200	1500	1093595	200	1509	1100200	200	1647	1200676	200	1784	1300596	200	1921	1400435	200	2000	1458630	200	2057	1500188	200	2194	1600240	200	2331	1700110	200	2469	1800726	200	2500	1823341	200	2606	1900555	200	2743	2000600	200	2880	2100530	200	3000	2188478	200	3016	2200184	200	3153	2300376	200	3290	2400465	200	3427	2500148	200	
146	100767	188	284	200569	188	421	300180	188	500	357472	188	559	400206	188	697	500294	188	836	600737	188	974	700599	188	1000	719455	188	1112	800316	188	1250	900358	188	1388	1000291	188	1500	1081561	188	1526	1100471	188	1664	1200391	188	1802	1300798	188	1939	1400300	188	2000	1444606	188	2077	1500220	188	2216	1600721	188	2354	1700706	188	2492	1800546	188	2500	1806489	188	2630	1900506	188	2768	2000437	188	2906	2100555	188	3000	2169104	188	3043	2200360	188	3181	2300788	188	3318	2400357	188	3456	2500297	188	
137	100208	193	270	200752	193	402	300748	193	500	374931	193	534	400664	193	666	500378	193	799	600521	193	931	700432	193	1000	752666	193	1063	800320	193	1196	900585	193	1328	1000379	193	1460	1100351	193	1500	1130690	193	1592	1200572	193	1724	1300583	193	1856	1400350	193	1988	1500244	193	2000	1509333	193	2120	1600082	193	2248	1700620	193	2380	1800266	193	2500	1890835	193	2513	1900689	193	2645	2000589	193	2778	2100812	193	2910	2200288	193	3000	2268156	193	3042	2300645	193	3174	2400811	193	3305	2500159	193	
152	100077	192	299	200494	192	444	300238	192	500	339039	192	590	400505	192	736	500274	192	882	600325	192	1000	683870	192	1024	700266	192	1170	800446	192	1317	900741	192	1463	1000622	192	1500	1025907	192	1609	1100208	192	1755	1200516	192	1901	1300658	192	2000	1368706	192	2046	1400241	192	2192	1500176	192	2339	1600701	192	2481	1700106	192	2500	1713263	192	2627	1800237	192	2773	1900382	192	2919	2000209	192	3000	2055750	192	3065	2100165	192	3211	2200223	192	3356	2300292	192	3500	2398790	192	3502	2400239	192	3648	2500117	192	
32	101261	1535	63	200484	1454	95	303395	1397	125	401172	1344	156	501549	1303	187	601989	1273	218	702926	1243	248	800788	1214	279	902230	1196	310	1001969	1175	341	1101990	1156	372	1202663	1145	403	1303364	1130	434	1403521	1110	464	1501284	1110	495	1602205	1108	500	1618773	1108	525	1700522	1096	556	1802091	1090	587	1903347	1087	617	2000483	1079	648	2101094	1072	679	2202096	1070	710	2302357	1063	740	2400485	1061	771	2501483	1057	
32	100759	1651	64	202230	1571	95	300684	1497	127	402825	1430	158	502641	1381	189	602534	1342	220	701776	1310	251	801335	1269	282	901718	1255	313	1001505	1245	344	1101519	1220	375	1201709	1207	406	1301679	1191	437	1401989	1179	468	1501936	1163	499	1602016	1154	500	1605668	1154	529	1701553	1150	560	1801771	1141	591	1901969	1135	622	2001878	1121	653	2101254	1112	684	2201502	1111	714	2303540	1102	744	2400879	1097	775	2500826	1094	
33	102793	1701	65	203109	1626	97	302852	1512	129	403541	1427	160	501299	1384	192	602591	1333	223	702810	1288	254	801774	1248	285	901024	1216	317	1003185	1196	348	1100953	1166	380	1202815	1153	411	1301903	1127	442	1401198	1121	473	1501072	1117	500	1587417	1107	504	1600524	1105	536	1703030	1092	567	1801930	1080	598	1901926	1070	629	2001602	1070	660	2101206	1065	692	2203612	1062	723	2303360	1047	754	2403466	1044	785	2503002	1042	
33	102674	1653	65	203156	1564	97	302689	1461	128	400950	1416	160	503007	1364	191	602174	1335	222	702501	1305	253	801544	1265	284	901322	1249	316	1003573	1225	347	1102839	1201	378	1202670	1182	409	1301837	1162	440	1401673	1143	471	1501820	1137	500	1594312	1131	502	1601173	1131	533	1701204	1126	564	1801021	1125	595	1901390	1122	626	2001232	1114	657	2100497	1104	688	2200999	1100	719	2300619	1091	751	2403487	1078	782	2503252	1072	
32	101084	1602	64	202633	1509	95	301544	1455	126	401226	1410	157	501264	1355	188	600505	1303	219	700827	1261	250	800626	1225	281	901241	1195	312	1002473	1180	343	1102544	1149	374	1202479	1127	405	1303099	1118	435	1400991	1113	466	1501173	1092	497	1600987	1070	500	1611136	1070	527	1701426	1067	557	1800428	1067	588	1900804	1058	619	2001416	1054	650	2101376	1047	681	2201678	1040	712	2302157	1035	743	2402375	1026	774	2502923	1024	
34	103395	1614	66	203155	1508	98	302734	1450	130	403399	1362	161	501967	1307	193	603242	1244	223	700738	1215	254	800667	1190	286	902403	1170	317	1001204	1162	349	1103161	1139	380	1201488	1120	411	1300432	1104	443	1402834	1097	474	1501864	1092	500	1585240	1088	505	1601521	1086	536	1700762	1084	568	1803510	1082	599	1903168	1079	630	2002719	1079	661	2101964	1077	692	2201775	1071	724	2303273	1057	755	2403129	1056	786	2501985	1046	
33	102327	1600	65	202196	1532	97	303604	1454	128	401746	1407	159	500431	1363	191	602064	1317	223	703428	1276	254	802828	1252	285	902595	1237	316	1001688	1221	347	1100754	1204	379	1202996	1185	410	1303104	1176	441	1403391	1167	472	1502553	1153	500	1591771	1144	503	1601851	1144	534	1700714	1119	566	1802526	1112	597	1902075	1108	628	2001122	1093	660	2103416	1087	691	2203168	1085	722	2303054	1079	753	2401754	1071	784	2500686	1062	
32	100793	1632	64	200437	1537	97	303437	1427	128	401083	1371	160	502393	1306	192	603233	1258	223	701481	1234	254	800801	1195	286	902249	1173	317	1000907	1156	349	1103355	1150	380	1202750	1138	411	1301934	1116	442	1401182	1104	474	1503031	1094	500	1586515	1087	505	1602980	1087	536	1701874	1074	566	1801354	1072	598	1902751	1057	629	2002165	1055	660	2100646	1043	692	2202914	1038	723	2301901	1031	754	2401013	1028	785	2500471	1027	
32	101771	1606	63	201150	1531	95	303551	1448	126	402935	1413	157	502450	1363	188	601591	1316	219	700838	1272	249	800617	1238	280	900818	1205	311	1001461	1178	342	1100906	1148	373	1200782	1132	404	1301413	1117	435	1402487	1113	466	1502218	1102	497	1602270	1090	500	1612242	1090	528	1703214	1084	558	1800427	1074	589	1901318	1071	620	2001720	1066	651	2102305	1054	682	2202788	1048	713	2303475	1039	743	2401078	1035	774	2501928	1034	
32	101278	1582	64	203268	1506	95	303672	1458	125	401064	1413	156	501559	1353	187	600878	1305	218	702342	1284	249	802253	1240	280	902843	1208	311	1003090	1175	341	1100589	1167	372	1201280	1162	403	1302533	1151	433	1401083	1142	464	1502370	1139	495	1603122	1130	500	1619557	1128	525	1701459	1128	556	1802592	1115	587	1903446	1110	617	2001182	1106	648	2101884	1098	679	2203025	1095	709	2301286	1092	740	2402365	1080	771	2502608	1072	
32	100515	1659	65	203199	1570	97	302540	1488	129	402855	1437	161	503351	1384	192	601163	1341	224	702865	1316	255	800753	1273	287	900643	1242	319	1001338	1216	351	1103308	1197	382	1201420	1180	414	1303063	1163	445	1401078	1141	477	1502827	1135	500	1576149	1121	508	1601751	1119	540	1703476	1112	570	1801602	1100	602	1903283	1084	633	2001572	1078	665	2102702	1057	696	2200557	1050	728	2301929	1045	760	2403511	1040	791	2501730	1033	
34	100360	1670	68	200530	1556	103	303044	1446	136	401779	1377	170	502707	1306	203	600908	1250	237	701900	1200	269	800609	1175	303	902153	1147	336	1000474	1128	370	1102877	1113	403	1201807	1098	436	1300643	1083	470	1402397	1065	500	1492367	1049	503	1501697	1049	536	1600921	1044	570	1703156	1041	603	1802540	1035	636	1901934	1029	669	2000779	1022	702	2100954	1013	735	2200407	1010	769	2302770	1006	802	2402178	1000	835	2501777	996	
32	102781	1729	63	200986	1681	95	302251	1626	126	400700	1573	158	502796	1531	189	601172	1482	220	700682	1444	252	803094	1407	283	901712	1373	315	1003312	1331	346	1102990	1295	377	1202496	1276	408	1302168	1261	439	1401972	1246	470	1502071	1218	500	1597688	1200	501	1601126	1200	532	1700627	1189	564	1803496	1171	595	1903113	1156	626	2002763	1148	657	2101983	1130	688	2202122	1125	719	2302062	1124	750	2402056	1115	781	2502707	1112	
33	102457	1668	65	200620	1590	98	302562	1516	130	401323	1429	163	503146	1354	195	602816	1304	227	700866	1240	259	800553	1198	291	900773	1163	323	1000778	1151	355	1100832	1132	387	1200999	1105	419	1301435	1100	451	1402569	1097	483	1503207	1086	500	1556831	1073	515	1603104	1062	546	1700469	1059	577	1800996	1059	609	1902728	1051	641	2003059	1044	672	2101025	1044	704	2202066	1043	736	2302906	1039	767	2400630	1039	799	2501559	1037	
34	102827	1668	67	202552	1588	100	302516	1520	133	401683	1444	166	501363	1391	199	600724	1338	232	700442	1289	265	801314	1235	298	902962	1188	330	1001110	1165	363	1101432	1140	396	1202977	1121	428	1300731	1109	461	1402214	1081	493	1500748	1071	500	1522481	1071	526	1601658	1062	559	1702878	1051	591	1801053	1048	624	1901857	1045	656	2000457	1037	689	2101466	1032	722	2202672	1025	754	2300803	1022	787	2402060	1018	820	2503137	1013	
33	100439	1689	67	201414	1593	101	303359	1507	133	400770	1434	166	501295	1370	199	602843	1319	232	703175	1264	264	801182	1214	297	901845	1178	329	1000523	1155	362	1101654	1122	394	1200499	1108	427	1302423	1092	459	1401341	1080	492	1503007	1066	500	1528218	1066	524	1602094	1053	556	1700812	1049	589	1801877	1041	621	1900475	1036	654	2002994	1034	686	2101994	1033	718	2200673	1028	751	2302668	1026	783	2401705	1023	815	2501232	1021	
34	100816	1660	68	200470	1582	102	301243	1513	136	400609	1421	170	501694	1372	204	603278	1304	237	701534	1260	270	800565	1244	304	902235	1217	337	1000827	1192	371	1102705	1180	404	1201888	1167	437	1301572	1163	470	1400467	1155	500	1490906	1150	504	1503322	1150	537	1602720	1138	570	1701756	1122	603	1801747	1121	635	1901014	1115	668	2000450	1109	702	2103055	1107	735	2202393	1102	768	2301793	1099	801	2400615	1095	835	2502894	1088	
33	101768	1680	66	203049	1609	98	300439	1536	131	400626	1459	164	501579	1414	197	602182	1351	230	703215	1293	262	801766	1266	294	902811	1214	326	1001202	1176	359	1102843	1156	391	1202314	1135	423	1301904	1120	455	1400925	1108	488	1502592	1096	500	1540118	1095	520	1602327	1092	552	1701603	1079	584	1800463	1077	617	1902440	1071	649	2002365	1069	681	2101529	1068	713	2201293	1063	746	2303296	1059	778	2402069	1053	810	2501751	1046	
34	100417	1658	69	202291	1567	103	302852	1484	137	402948	1424	170	500402	1356	204	601792	1306	237	701422	1272	271	802317	1223	304	901044	1188	338	1003030	1148	371	1102546	1128	404	1202069	1117	437	1300744	1100	471	1402937	1093	500	1490170	1076	504	1502643	1076	537	1602393	1075	570	1701916	1072	603	1801308	1069	636	1901050	1065	669	2000881	1059	702	2100462	1050	736	2203012	1049	769	2302767	1048	802	2402234	1044	835	2501707	1040	
34	100505	1607	68	200494	1524	103	302920	1426	136	400646	1356	170	501868	1284	204	603286	1234	237	702278	1197	270	800678	1176	304	903216	1152	337	1002994	1132	370	1102528	1121	403	1201653	1096	436	1300911	1084	469	1400621	1072	500	1493894	1054	503	1503269	1054	536	1602709	1044	569	1701870	1033	602	1801075	1027	635	1902785	1020	668	2002638	1019	701	2102130	1014	734	2201676	1012	767	2301153	1006	800	2400803	1006	834	2503344	1005	
328	100249	715	500	153934	407	647	200058	162	959	300304	47	1000	313502	47	1269	400194	47	1500	474927	47	1578	500090	47	1889	600129	47	2000	635834	47	2200	700337	47	2500	797256	47	2509	800174	47	2812	900285	47	3000	960715	47	3123	1000276	47	3433	1100190	47	3500	1121745	47	3744	1200224	47	4000	1283379	47	4052	1300086	47	4364	1400272	47	4500	1444252	47	4673	1500283	47	4983	1600085	47	5000	1605571	47	5293	1700046	47	5500	1766643	47	5604	1800210	47	5915	1900122	47	6000	1927585	47	6226	2000219	47	6500	2088540	47	6536	2100191	47	6847	2200338	47	7000	2249526	47	7157	2300096	47	7468	2400135	47	7500	2410488	47	7777	2500105	47	
351	100225	652	500	143539	359	692	200183	58	1000	292476	44	1026	300284	44	1360	400265	44	1500	442309	44	1693	500164	44	2000	592249	44	2027	600308	44	2360	700097	44	2500	742000	44	2694	800076	44	3000	891728	44	3028	900173	44	3362	1000052	44	3500	1041372	44	3694	1100028	44	4000	1193177	44	4023	1200197	44	4351	1300178	44	4500	1345530	44	4679	1400045	44	5000	1496920	44	5010	1500021	44	5344	1600177	44	5500	1646774	44	5678	1700054	44	6000	1797151	44	6010	1800214	44	6341	1900191	44	6500	1947901	44	6675	2000253	44	7000	2097783	44	7008	2100202	44	7342	2200091	44	7500	2247395	44	7676	2300069	44	8000	2397097	44	8010	2400110	44	8343	2500072	44	
321	100217	817	500	156602	466	638	200304	215	945	300269	45	1000	318124	45	1249	400126	45	1500	482867	45	1553	500178	45	1858	600140	45	2000	646352	45	2165	700189	45	2472	800283	45	2500	809441	45	2779	900210	45	3000	972293	45	3086	1000337	45	3393	1100336	45	3500	1135187	45	3700	1200339	45	4000	1297961	45	4007	1300249	45	4314	1400306	45	4500	1460771	45	4621	1500259	45	4925	1600051	45	5000	1624475	45	5232	1700252	45	5500	1787596	45	5539	1800314	45	5843	1900129	45	6000	1953490	45	6142	2000031	45	6449	2100343	45	6500	2116938	45	6756	2200263	45	7000	2280032	45	7062	2300228	45	7368	2400040	45	7500	2443051	45	7675	2500098	45	
333	100057	698	500	151424	411	658	200200	141	974	300250	48	1000	308505	48	1288	400093	48	1500	467476	48	1603	500161	48	1916	600074	48	2000	626806	48	2230	700174	48	2500	786000	48	2544	800122	48	2858	900325	48	3000	947331	48	3162	1000253	48	3474	1100058	48	3500	1108335	48	3789	1200124	48	4000	1267141	48	4103	1300033	48	4418	1400265	48	4500	1426312	48	4732	1500156	48	5000	1585848	48	5045	1600190	48	5360	1700186	48	5500	1744591	48	5675	1800173	48	5989	1900338	48	6000	1903829	48	6301	2000168	48	6500	2063627	48	6615	2100241	48	6929	2200024	48	7000	2222548	48	7244	2300137	48	7500	2381556	48	7559	2400284	48	7873	2500330	48	
327	100054	699	500	153821	398	648	200272	132	962	300270	48	1000	312463	48	1274	400145	48	1500	472442	48	1587	500305	48	1899	600266	48	2000	632688	48	2211	700036	48	2500	792498	48	2524	800195	48	2837	900338	48	3000	952423	48	3150	1000319	48	3463	1100248	48	3500	1112071	48	3776	1200175	48	4000	1271637	48	4089	1300090	48	4399	1400184	48	4500	1432635	48	4711	1500240	48	5000	1592990	48	5022	1600027	48	5335	1700170	48	5500	1752798	48	5648	1800126	48	5961	1900204	48	6000	1912672	48	6274	2000239	48	6500	2072395	48	6586	2100043	48	6899	2200060	48	7000	2232314	48	7212	2300248	48	7500	2392331	48	7524	2400107	48	7835	2500172	48	
335	100212	779	500	150187	461	663	200244	198	982	300256	45	1000	305954	45	1298	400280	45	1500	464398	45	1613	500144	45	1930	600305	45	2000	622424	45	2246	700288	45	2500	780160	45	2563	800149	45	2879	900066	45	3000	938286	45	3197	1000328	45	3500	1096210	45	3513	1100308	45	3829	1200060	45	4000	1253882	45	4147	1300287	45	4465	1400301	45	4500	1411365	45	4781	1500181	45	5000	1569897	45	5096	1600330	45	5413	1700250	45	5500	1727620	45	5730	1800270	45	6000	1886872	45	6042	1900149	45	6353	2000261	45	6500	2047676	45	6666	2100279	45	6983	2200336	45	7000	2205748	45	7299	2300091	45	7500	2363427	45	7616	2400037	45	7932	2500249	45	
338	100250	810	500	149253	516	668	200223	229	986	300218	56	1000	304647	56	1302	400054	56	1500	462686	56	1617	500045	56	1935	600236	56	2000	621049	56	2250	700127	56	2500	779331	56	2565	800052	56	2882	900156	56	3000	937475	56	3196	1000265	56	3500	1099309	56	3503	1100283	56	3818	1200036	56	4000	1257528	56	4134	1300152	56	4451	1400292	56	4500	1415690	56	4768	1500208	56	5000	1573514	56	5084	1600114	56	5400	1700300	56	5500	1731864	56	5715	1800041	56	6000	1890370	56	6031	1900200	56	6347	2000075	56	6500	2048671	56	6663	2100316	56	6979	2200289	56	7000	2206980	56	7295	2300102	56	7500	2364711	56	7612	2400029	56	7929	2500270	56	
330	100092	815	500	151411	480	661	200167	212	982	300215	49	1000	305851	49	1300	400183	49	1500	462879	49	1619	500207	49	1937	600308	49	2000	620265	49	2253	700190	49	2500	777711	49	2571	800054	49	2888	900156	49	3000	935211	49	3206	1000069	49	3500	1092529	49	3524	1100112	49	3843	1200194	49	4000	1249366	49	4162	1300187	49	4480	1400076	49	4500	1406373	49	4799	1500316	49	5000	1563361	49	5117	1600066	49	5435	1700134	49	5500	1720560	49	5752	1800182	49	6000	1878230	49	6070	1900267	49	6387	2000144	49	6500	2035655	49	6704	2100041	49	7000	2192818	49	7023	2200073	49	7341	2300190	49	7500	2349960	49	7660	2400286	49	7978	2500125	49	
327	100153	665	500	154531	363	645	200284	116	956	300363	48	1000	314520	48	1268	400134	48	1500	474149	48	1582	500335	48	1894	600234	48	2000	634104	48	2205	700110	48	2500	794696	48	2517	800149	48	2830	900249	48	3000	954552	48	3143	1000186	48	3455	1100237	48	3500	1114693	48	3767	1200053	48	4000	1274387	48	4081	1300312	48	4394	1400083	48	4500	1433933	48	4706	1500069	48	5000	1594565	48	5017	1600036	48	5328	1700321	48	5500	1755431	48	5639	1800114	48	5952	1900197	48	6000	1915508	48	6266	2000274	48	6500	2076597	48	6571	2100022	48	6883	2200277	48	7000	2237675	48	7196	2300196	48	7500	2397075	48	7510	2400289	48	7823	2500313	48	
338	100047	710	500	149167	418	667	200042	147	985	300206	50	1000	304945	50	1302	400228	50	1500	462769	50	1617	500028	50	1934	600101	50	2000	621127	50	2249	700040	50	2500	779094	50	2567	800205	50	2884	900303	50	3000	936904	50	3201	1000287	50	3500	1095755	50	3512	1100185	50	3823	1200081	50	4000	1255896	50	4140	1300138	50	4457	1400138	50	4500	1413671	50	4774	1500043	50	5000	1571506	50	5091	1600222	50	5407	1700065	50	5500	1729477	50	5724	1800090	50	6000	1887666	50	6040	1900295	50	6355	2000055	50	6500	2045713	50	6672	2100127	50	6987	2200093	50	7000	2204239	50	7304	2300313	50	7500	2362342	50	7620	2400248	50	7937	2500246	50	
131	100130	9227	258	200338	8495	388	300558	7818	500	386926	7274	518	400848	7179	648	500823	6537	778	600610	5887	908	700455	5262	1000	771334	4818	1038	800631	4621	1168	900721	3973	1297	1000156	3347	1427	1100426	2714	1500	1156944	2390	1556	1200346	2150	1685	1300217	1629	1814	1400675	1192	1941	1500162	831	2000	1546491	691	2068	1600104	557	2192	1700716	380	2312	1800505	268	2428	1900194	217	2500	1962957	209	2543	2000912	209	2656	2100233	209	2771	2200928	209	2885	2300879	209	2999	2400782	209	3000	2401740	209	3113	2500535	209	
135	100726	9018	269	200345	8258	403	300227	7568	500	372675	7093	537	400310	6903	671	500687	6229	805	600589	5567	939	700568	4903	1000	746443	4607	1072	800337	4228	1205	900126	3543	1338	1000772	2888	1471	1100487	2244	1500	1122295	2113	1603	1200263	1672	1735	1300117	1172	1866	1400105	786	1996	1500508	525	2000	1503709	521	2122	1600280	369	2245	1700396	282	2365	1800230	233	2483	1900458	220	2500	1915086	220	2600	2000369	220	2716	2100373	220	2831	2200207	220	2949	2300474	220	3000	2343786	220	3067	2400960	220	3184	2500733	220	
135	100478	9266	268	200697	8510	400	300142	7796	500	374749	7309	535	400827	7130	668	500451	6467	802	600450	5774	936	700401	5102	1000	748419	4794	1070	800693	4446	1201	900166	3788	1334	1000088	3122	1468	1100592	2482	1500	1124839	2321	1597	1200218	1876	1728	1300430	1320	1859	1400371	906	1989	1500453	623	2000	1509002	601	2117	1600180	405	2243	1700422	270	2364	1800228	216	2483	1900272	195	2500	1914676	195	2601	2000342	195	2719	2100153	195	2837	2200269	195	2955	2300100	195	3000	2338221	195	3073	2400355	195	3191	2500377	195	
131	100558	9396	259	200285	8733	388	300635	8084	500	386631	7504	518	400615	7409	648	500662	6758	778	600464	6086	908	700545	5448	1000	771545	4984	1037	800139	4787	1168	900856	4090	1297	1000377	3498	1426	1100257	2912	1500	1157734	2590	1555	1200467	2348	1683	1300179	1822	1812	1400827	1354	1939	1500526	987	2000	1548408	834	2066	1600235	683	2192	1700464	470	2314	1800516	350	2433	1900223	267	2500	1956207	228	2552	2000488	207	2668	2100406	184	2783	2200790	184	2898	2300896	184	3000	2390189	184	3012	2400706	184	3126	2500156	184	
131	100570	9574	261	200487	8933	391	300477	8284	500	384143	7716	521	400409	7619	651	500382	6953	782	600715	6299	912	700320	5672	1000	767485	5239	1043	800682	5009	1173	900529	4350	1303	1000403	3763	1433	1100564	3173	1500	1152477	2879	1562	1200815	2603	1689	1300186	2063	1818	1400523	1559	1946	1500806	1140	2000	1543477	978	2072	1600364	802	2198	1700545	567	2321	1800092	401	2442	1900313	294	2500	1949498	264	2560	2000825	236	2676	2100931	208	2790	2200806	208	2902	2300858	208	3000	2386718	208	3016	2400841	208	3130	2500439	208	
133	100810	9267	265	200750	8576	396	300534	7909	500	379622	7368	527	400179	7221	659	500480	6540	791	600809	5860	921	700213	5222	1000	760357	4823	1052	800234	4548	1183	900852	3859	1313	1000667	3211	1444	1100583	2579	1500	1143350	2321	1575	1200759	1989	1701	1300346	1482	1830	1400788	1091	1958	1500411	779	2000	1533617	698	2084	1600207	537	2210	1700560	358	2331	1800171	259	2448	1900270	214	2500	1945011	206	2563	2000312	206	2679	2100714	206	2795	2200867	206	2910	2300366	206	3000	2378010	206	3026	2400538	206	3142	2500680	206	
132	100384	9398	264	200484	8724	393	300566	8083	500	382224	7552	524	400602	7428	655	500247	6773	787	600511	6112	919	700602	5456	1000	762267	5058	1050	800244	4796	1181	900147	4153	1312	1000129	3530	1443	1100158	2945	1500	1143835	2695	1574	1200683	2384	1703	1300247	1864	1833	1400520	1410	1962	1500577	1003	2000	1530160	900	2090	1600408	685	2216	1700575	490	2338	1800323	365	2459	1900888	284	2500	1934927	262	2578	2000265	225	2696	2100826	189	2811	2200224	188	2927	2300565	188	3000	2363813	188	3042	2400520	188	3157	2500744	188	
133	100503	9274	264	200738	8582	394	300248	7934	500	380926	7397	526	400806	7262	657	500790	6568	788	600506	5891	919	700247	5219	1000	762562	4823	1050	800601	4575	1181	900566	3915	1312	1000141	3223	1443	1100315	2552	1500	1144049	2285	1574	1200678	1953	1704	1300630	1405	1833	1400133	973	1962	1500429	632	2000	1530435	563	2088	1600631	435	2212	1700323	301	2333	1800208	220	2450	1900489	195	2500	1943451	195	2566	2000168	195	2683	2100689	195	2799	2200175	195	2914	2300242	195	3000	2375263	195	3029	2400224	195	3146	2500658	195	
132	100678	9535	264	200657	8848	396	300784	8164	500	380008	7627	527	400719	7480	658	500147	6804	791	600789	6109	923	700672	5430	1000	758907	5035	1055	800628	4750	1186	900308	4068	1318	1000770	3412	1449	1100598	2766	1500	1139455	2532	1580	1200432	2161	1711	1300602	1581	1837	1400305	1088	1966	1500508	716	2000	1527301	643	2092	1600132	493	2217	1700141	344	2340	1800730	241	2457	1900778	206	2500	1937663	199	2573	2000471	190	2689	2100208	190	2806	2200878	190	2922	2300543	190	3000	2367975	190	3038	2400741	190	3153	2500097	190	
134	100334	9097	268	200127	8377	403	300806	7669	500	376121	7179	532	400767	7013	665	500771	6314	798	600521	5604	931	700266	4889	1000	752307	4541	1064	800337	4197	1197	900624	3493	1330	1000704	2813	1462	1100197	2176	1500	1129171	1990	1593	1200103	1585	1724	1300477	1103	1855	1400848	730	1984	1500298	500	2000	1512797	478	2111	1600322	349	2234	1700149	270	2355	1800720	214	2473	1900444	194	2500	1923321	194	2591	2000805	194	2707	2100371	194	2825	2200807	194	2942	2300108	194	3000	2349050	194	3061	2400697	194	3179	2500538	194	
30	101236	49812	60	201262	49249	90	301546	48690	120	402421	48137	149	500825	47595	179	601312	47059	209	701900	46504	239	802294	45952	269	903496	45425	298	1000638	44888	328	1100747	44335	358	1201044	43773	388	1300995	43226	418	1401664	42693	448	1501135	42172	478	1601309	41606	500	1675649	41190	508	1703030	41025	537	1800752	40483	567	1901701	39917	597	2002555	39332	627	2103496	38785	656	2200846	38237	686	2301759	37670	715	2402308	37127	744	2500562	36587	
30	101059	49399	60	202025	48841	90	302673	48289	120	403297	47710	150	503165	47151	180	603564	46579	210	703689	46007	239	801105	45408	269	901523	44813	299	1001982	44244	329	1102635	43670	359	1202974	43099	389	1302711	42540	418	1402080	42010	448	1502708	41439	478	1602573	40857	500	1675786	40456	508	1702754	40296	538	1802753	39750	568	1903482	39184	597	2000841	38639	627	2101883	38069	657	2202727	37505	687	2303172	36946	717	2403387	36394	746	2500939	35868	
31	103286	49530	61	202231	48997	91	301402	48444	121	403498	47870	151	503538	47304	181	602979	46768	211	702757	46225	241	802023	45692	271	901657	45140	301	1002038	44554	331	1101637	43996	361	1201536	43438	391	1301230	42911	421	1401198	42344	451	1501194	41763	481	1600910	41207	500	1664266	40858	511	1701002	40640	541	1801154	40064	571	1900942	39497	602	2003491	38891	632	2102665	38323	662	2201567	37746	692	2300666	37211	723	2403372	36635	753	2502123	36129	
30	100744	49706	60	200843	49145	90	300901	48591	120	400954	48027	151	503668	47449	181	603539	46881	211	703469	46319	240	800466	45785	270	901027	45227	300	1001242	44672	330	1101223	44108	360	1200854	43546	390	1300737	42961	420	1400967	42426	450	1501705	41867	480	1601839	41291	500	1668348	40927	510	1701831	40732	540	1801451	40170	570	1901425	39589	600	2001632	39027	630	2101521	38488	660	2201272	37974	690	2300769	37452	720	2402624	36916	750	2502930	36357	
30	101414	49029	60	202081	48480	90	302138	47936	120	402980	47391	150	503349	46831	180	603216	46309	210	703058	45767	240	803201	45206	270	903617	44631	299	1000739	44076	329	1101371	43493	359	1202145	42902	389	1302739	42340	418	1401701	41801	448	1503061	41250	478	1603651	40706	500	1677165	40316	507	1700830	40190	537	1800936	39662	567	1901816	39099	597	2002409	38547	627	2102889	37988	657	2202934	37457	687	2303117	36921	717	2403238	36384	747	2503262	35846	
30	102353	49532	60	203484	48954	89	300722	48415	119	403247	47835	148	500894	47295	178	601472	46734	208	702072	46190	238	802892	45626	267	900742	45094	297	1001928	44538	327	1103135	43950	357	1203625	43368	386	1301050	42846	416	1402228	42302	446	1503111	41737	475	1600917	41210	500	1685305	40731	505	1702599	40639	535	1803216	40082	564	1901205	39571	594	2002824	39039	624	2103592	38517	653	2200836	38013	683	2300905	37479	713	2401154	36934	743	2501774	36424	
31	103493	49874	61	202800	49328	91	301580	48778	122	403528	48237	152	503121	47696	182	602293	47155	212	701820	46588	242	801009	46049	272	900556	45483	303	1002826	44931	333	1101737	44363	363	1200670	43812	394	1303193	43273	424	1402619	42715	454	1502431	42177	484	1601503	41656	500	1654300	41367	514	1701056	41113	544	1800781	40551	575	1902998	39992	605	2002063	39432	635	2101034	38879	666	2203300	38320	696	2302393	37763	726	2402441	37220	755	2500572	36690	
30	102137	49772	60	203701	49205	89	301478	48637	119	403375	48046	148	501898	47496	178	603516	46918	207	701509	46405	237	803270	45867	266	900933	45352	296	1003034	44815	325	1100990	44267	355	1202200	43716	385	1303298	43165	414	1402145	42640	443	1503238	42116	472	1601804	41566	500	1696555	41061	501	1700527	41040	531	1802310	40488	561	1903393	39912	590	2001452	39367	620	2102550	38813	650	2203757	38276	679	2301667	37733	709	2402715	37161	739	2503655	36604	
30	101611	49634	60	203140	49069	90	303154	48529	120	406308	47984	147	501036	47468	177	601778	46897	207	702056	46338	237	801812	45758	267	902105	45195	297	1002296	44646	327	1102181	44075	357	1202268	43519	387	1302182	42966	417	1401755	42415	447	1501744	41871	477	1601734	41310	500	1678700	40870	507	1702520	40741	537	1802432	40175	567	1902035	39627	597	2002250	39080	627	2101537	38551	657	2201696	38016	687	2301776	37478	717	2401428	36913	747	2501252	36380	
30	100678	49755	61	203203	49178	91	302388	48599	121	401784	48027	151	500992	47480	182	603235	46918	212	702558	46358	242	802437	45784	272	902085	45243	302	1002210	44696	332	1101645	44156	362	1201530	43591	392	1301290	43050	423	1403574	42486	453	1502593	41930	483	1602689	41396	500	1659205	41103	513	1702432	40858	543	1801129	40297	574	1903681	39737	604	2003072	39176	634	2102249	38626	664	2202009	38083	694	2301160	37524	725	2403587	36950	752	2501674	36446	
