wersja nr 1;wspolczynnik mutacji 0.200000;wielkosc populacji 5
4831	100006	416	9670	200006	70	14515	300017	44	19342	400018	44	24157	500020	44	28957	600012	44	33780	700022	44	38604	800022	44	43449	900006	44	48289	1000012	44	53136	1100008	44	57979	1200018	44	62790	1300016	44	67618	1400005	44	72462	1500017	44	77285	1600012	44	82119	1700015	44	86972	1800020	44	91784	1900012	44	96594	2000003	44	101399	2100007	44	106245	2200011	44	111101	2300004	44	115944	2400007	44	120786	2500019	44	125617	2600019	44	130473	2700005	44	135309	2800010	44	140145	2900006	44	144933	3000006	44	149777	3100023	44	154589	3200009	44	159441	3300012	44	164291	3400017	44	169067	3500010	44	
4829	100008	415	9683	200018	67	14516	300015	44	19339	400014	44	24194	500005	44	29034	600013	44	33876	700007	44	38727	800015	44	43585	900013	44	48403	1000019	44	53233	1100002	44	58032	1200006	44	62889	1300013	44	67747	1400009	44	72587	1500018	44	77391	1600018	44	82207	1700020	44	87053	1800017	44	91876	1900008	44	96678	2000007	44	101504	2100017	44	106321	2200002	44	111162	2300006	44	115997	2400006	44	120836	2500021	44	125666	2600009	44	130501	2700021	44	135346	2800021	44	140180	2900003	44	145037	3000013	44	149869	3100022	44	154707	3200003	44	159541	3300009	44	164394	3400015	44	169240	3500004	44	
4833	100012	394	9643	200008	87	14497	300010	44	19332	400013	44	24149	500018	44	28974	600016	44	33809	700019	44	38652	800006	44	43478	900013	44	48276	1000013	44	53092	1100020	44	57910	1200017	44	62704	1300017	44	67548	1400007	44	72376	1500007	44	77163	1600013	44	81978	1700011	44	86804	1800015	44	91641	1900018	44	96504	2000016	44	101362	2100020	44	106198	2200013	44	111042	2300017	44	115848	2400037	44	120632	2500015	44	125466	2600003	44	130287	2700011	44	135101	2800020	44	139944	2900012	44	144792	3000005	44	149619	3100005	44	154433	3200007	44	159283	3300021	44	164071	3400010	44	168898	3500012	44	
4820	100018	403	9671	200020	58	14494	300008	44	19316	400018	44	24161	500021	44	28995	600002	44	33803	700017	44	38646	800017	44	43502	900008	44	48362	1000016	44	53191	1100014	44	58040	1200020	44	62875	1300012	44	67661	1400017	44	72480	1500002	44	77328	1600014	44	82183	1700009	44	87020	1800014	44	91851	1900002	44	96691	2000008	44	101543	2100005	44	106377	2200008	44	111209	2300007	44	116044	2400003	44	120883	2500014	44	125700	2600013	44	130553	2700021	44	135406	2800002	44	140257	2900009	44	145054	3000022	44	149892	3100014	44	154739	3200015	44	159588	3300004	44	164410	3400008	44	169252	3500015	44	
4845	100008	362	9652	200015	47	14448	300011	44	19286	400020	44	24080	500008	44	28896	600023	44	33731	700011	44	38543	800023	44	43375	900007	44	48207	1000016	44	53062	1100017	44	57876	1200018	44	62707	1300018	44	67527	1400007	44	72355	1500025	44	77179	1600004	44	82029	1700009	44	86863	1800011	44	91683	1900003	44	96508	2000007	44	101339	2100007	44	106168	2200025	44	110971	2300016	44	115819	2400021	44	120643	2500010	44	125477	2600002	44	130304	2700013	44	135131	2800016	44	139970	2900013	44	144818	3000011	44	149642	3100018	44	154472	3200019	44	159307	3300012	44	164150	3400006	44	168976	3500011	44	
4911	100004	413	9821	200003	49	14742	300004	46	19669	400003	46	24588	500016	46	29542	600009	46	34451	700009	46	39393	800012	46	44342	900014	46	49294	1000004	46	54237	1100012	46	59180	1200010	46	64122	1300004	46	69075	1400007	46	74008	1500005	46	78923	1600011	46	83849	1700017	46	88749	1800021	46	93636	1900007	46	98588	2000023	46	103519	2100017	46	108466	2200014	46	113402	2300009	46	118335	2400012	46	123199	2500020	46	128113	2600017	46	133028	2700019	46	137946	2800016	46	142901	2900017	46	147809	3000010	46	152751	3100004	46	157667	3200016	46	162634	3300024	46	167569	3400002	46	172514	3500023	46	
4922	100018	370	9869	200016	53	14806	300008	46	19749	400004	46	24695	500022	46	29606	600004	46	34527	700018	46	39457	800024	46	44377	900025	46	49335	1000010	46	54279	1100016	46	59223	1200005	46	64150	1300007	46	69117	1400018	46	74047	1500003	46	78992	1600018	46	83927	1700008	46	88880	1800017	46	93802	1900004	46	98766	2000020	46	103697	2100011	46	108623	2200009	46	113568	2300018	46	118462	2400004	46	123403	2500025	46	128307	2600010	46	133233	2700019	46	138154	2800002	46	143098	2900016	46	148029	3000010	46	152951	3100004	46	157870	3200008	46	162793	3300015	46	167699	3400009	46	172627	3500005	46	
4941	100013	378	9862	200009	46	14787	300012	46	19682	400003	46	24610	500019	46	29528	600014	46	34465	700008	46	39371	800002	46	44296	900006	46	49242	1000013	46	54177	1100004	46	59125	1200013	46	64039	1300016	46	68947	1400008	46	73862	1500004	46	78780	1600011	46	83568	1700003	46	88437	1800019	46	93352	1900025	46	98244	2000013	46	103168	2100007	46	108020	2200026	46	112914	2300013	46	117837	2400005	46	122755	2500006	46	127679	2600018	46	132588	2700006	46	137529	2800015	46	142457	2900011	46	147395	3000010	46	152314	3100020	46	157236	3200010	46	162181	3300004	46	167110	3400011	46	172044	3500014	46	
4902	100015	426	9822	200005	56	14766	300006	46	19688	400009	46	24599	500009	46	29496	600003	46	34452	700018	46	39360	800013	46	44267	900006	46	49174	1000015	46	54107	1100010	46	59039	1200011	46	63965	1300004	46	68886	1400012	46	73829	1500016	46	78767	1600016	46	83722	1700005	46	88629	1800013	46	93547	1900005	46	98459	2000017	46	103383	2100006	46	108278	2200021	46	113210	2300011	46	118136	2400005	46	123079	2500012	46	128006	2600010	46	132927	2700020	46	137843	2800010	46	142785	2900013	46	147695	3000018	46	152614	3100022	46	157541	3200020	46	162474	3300017	46	167410	3400017	46	172348	3500004	46	
4868	100013	382	9783	200013	46	14708	300003	46	19634	400011	46	24589	500017	46	29457	600014	46	34389	700002	46	39321	800012	46	44259	900003	46	49196	1000014	46	54121	1100010	46	59052	1200017	46	63992	1300010	46	68893	1400010	46	73833	1500006	46	78747	1600018	46	83680	1700006	46	88632	1800014	46	93583	1900020	46	98511	2000007	46	103428	2100003	46	108369	2200029	46	113301	2300010	46	118235	2400018	46	123159	2500020	46	128021	2600012	46	132948	2700011	46	137885	2800016	46	142824	2900017	46	147764	3000012	46	152707	3100019	46	157637	3200021	46	162563	3300013	46	167479	3400013	46	172378	3500008	46	
1977	100045	4415	3960	200050	3635	5928	300043	2949	7887	400051	2315	9807	500033	1817	11760	600060	1310	13699	700045	914	15647	800041	621	17591	900038	406	19515	1000049	263	21428	1100021	219	23311	1200036	205	25233	1300045	200	27139	1400033	200	29058	1500011	200	30963	1600013	200	32883	1700051	200	34794	1800062	200	36713	1900050	200	38623	2000048	200	40540	2100032	200	42449	2200041	200	44377	2300030	200	46288	2400026	200	48207	2500051	200	50127	2600011	200	52056	2700060	200	53976	2800041	200	55904	2900042	200	57829	3000016	200	59745	3100033	200	61678	3200061	200	63604	3300020	200	65522	3400033	200	67444	3500053	200	
1981	100040	4439	3951	200033	3711	5916	300056	3005	7881	400017	2369	9814	500046	1822	11740	600042	1362	13691	700025	948	15644	800056	617	17586	900029	375	19488	1000061	263	21413	1100049	216	23315	1200023	200	25232	1300038	200	27153	1400031	200	29082	1500039	200	31004	1600033	200	32907	1700042	200	34818	1800020	200	36739	1900035	200	38635	2000049	200	40549	2100013	200	42470	2200051	200	44389	2300057	200	46292	2400059	200	48201	2500015	200	50121	2600021	200	52046	2700023	200	53971	2800044	200	55898	2900022	200	57802	3000011	200	59704	3100030	200	61629	3200012	200	63496	3300018	200	65404	3400043	200	67313	3500013	200	
1999	100050	4392	3991	200027	3663	5971	300034	2960	7934	400051	2303	9879	500021	1797	11827	600013	1333	13767	700038	959	15711	800027	667	17626	900062	416	19556	1000009	262	21478	1100033	217	23393	1200024	202	25313	1300018	200	27232	1400058	200	29127	1500042	200	31050	1600034	200	32949	1700052	200	34872	1800021	200	36769	1900032	200	38689	2000024	200	40577	2100058	200	42477	2200028	200	44378	2300057	200	46284	2400039	200	48202	2500037	200	50087	2600015	200	51998	2700050	200	53896	2800018	200	55815	2900048	200	57745	3000037	200	59654	3100009	200	61579	3200063	200	63504	3300014	200	65436	3400038	200	67350	3500056	200	
1988	100029	4387	3976	200012	3668	5951	300045	2990	7919	400013	2366	9887	500054	1814	11813	600016	1332	13741	700038	942	15698	800022	633	17642	900035	413	19574	1000019	253	21492	1100042	207	23405	1200025	200	25319	1300056	200	27250	1400026	200	29171	1500023	200	31086	1600053	200	33002	1700014	200	34919	1800009	200	36840	1900016	200	38754	2000018	200	40646	2100034	200	42561	2200045	200	44444	2300016	200	46370	2400028	200	48286	2500047	200	50186	2600010	200	52112	2700045	200	54032	2800034	200	55957	2900041	200	57862	3000050	200	59772	3100007	200	61688	3200012	200	63598	3300025	200	65504	3400049	200	67403	3500050	200	
2002	100012	4324	3991	200031	3589	5964	300010	2921	7932	400034	2315	9881	500014	1802	11829	600059	1355	13783	700025	963	15720	800012	653	17643	900026	445	19571	1000055	294	21486	1100009	225	23409	1200055	200	25323	1300015	200	27247	1400054	200	29159	1500057	200	31073	1600048	200	32969	1700054	200	34865	1800042	200	36785	1900037	200	38699	2000027	200	40631	2100049	200	42527	2200013	200	44456	2300018	200	46371	2400050	200	48286	2500025	200	50207	2600058	200	52128	2700039	200	54039	2800041	200	55966	2900054	200	57897	3000057	200	59818	3100059	200	61739	3200011	200	63659	3300046	200	65556	3400018	200	67474	3500035	200	
2019	100009	4241	4047	200018	3412	6073	300028	2591	8104	400019	1737	10112	500018	994	12096	600048	496	14073	700033	279	16030	800053	234	17988	900044	205	19925	1000032	205	21879	1100036	205	23838	1200018	205	25781	1300031	205	27736	1400018	205	29696	1500016	205	31653	1600051	205	33615	1700030	205	35574	1800024	205	37534	1900054	205	39487	2000037	205	41431	2100044	205	43379	2200028	205	45333	2300013	205	47284	2400028	205	49253	2500016	205	51212	2600028	205	53173	2700043	205	55135	2800041	205	57093	2900048	205	59043	3000029	205	60984	3100046	205	62935	3200033	205	64884	3300030	205	66852	3400056	205	68803	3500029	205	
2010	100033	4248	4043	200050	3428	6054	300008	2604	8079	400022	1797	10071	500017	1133	12029	600023	687	14011	700009	351	15971	800056	240	17931	900040	205	19854	1000010	205	21810	1100025	205	23767	1200039	205	25693	1300018	205	27652	1400033	205	29606	1500024	205	31551	1600045	205	33508	1700018	205	35471	1800010	205	37419	1900044	205	39360	2000023	205	41316	2100038	205	43265	2200036	205	45207	2300007	205	47166	2400021	205	49121	2500051	205	51065	2600051	205	53027	2700031	205	54967	2800014	205	56909	2900023	205	58848	3000023	205	60794	3100053	205	62748	3200017	205	64692	3300011	205	66593	3400059	205	68538	3500010	205	
1981	100050	4191	3990	200028	3406	6009	300047	2592	8038	400014	1704	10051	500052	981	12014	600053	530	13978	700026	327	15930	800029	223	17895	900051	205	19853	1000049	205	21799	1100046	205	23749	1200027	205	25709	1300017	205	27652	1400045	205	29605	1500016	205	31537	1600023	205	33495	1700012	205	35451	1800048	205	37370	1900015	205	39318	2000021	205	41274	2100035	205	43217	2200049	205	45182	2300031	205	47129	2400032	205	49065	2500009	205	51021	2600048	205	52976	2700024	205	54927	2800052	205	56869	2900056	205	58822	3000043	205	60758	3100021	205	62715	3200045	205	64653	3300013	205	66615	3400048	205	68566	3500038	205	
2031	100048	4197	4058	200027	3401	6082	300038	2607	8102	400025	1808	10122	500015	1067	12102	600011	576	14068	700057	290	16029	800041	222	17991	900041	205	19945	1000043	205	21894	1100038	205	23854	1200009	205	25798	1300036	205	27733	1400021	205	29680	1500024	205	31626	1600048	205	33568	1700048	205	35527	1800036	205	37480	1900042	205	39429	2000017	205	41363	2100031	205	43321	2200034	205	45267	2300014	205	47216	2400018	205	49132	2500034	205	51086	2600012	205	53034	2700016	205	54972	2800049	205	56923	2900023	205	58877	3000041	205	60832	3100029	205	62775	3200034	205	64725	3300032	205	66681	3400036	205	68625	3500020	205	
2025	100014	4180	4052	200042	3420	6088	300044	2613	8114	400034	1816	10101	500051	1143	12087	600038	591	14060	700017	307	15998	800009	211	17943	900028	205	19859	1000016	205	21780	1100026	205	23726	1200019	205	25680	1300054	205	27625	1400033	205	29572	1500017	205	31506	1600009	205	33461	1700012	205	35412	1800015	205	37324	1900056	205	39257	2000048	205	41209	2100021	205	43158	2200028	205	45103	2300016	205	47055	2400054	205	48997	2500056	205	50920	2600017	205	52861	2700056	205	54810	2800040	205	56760	2900058	205	58707	3000036	205	60663	3100037	205	62620	3200032	205	64573	3300036	205	66524	3400042	205	68482	3500048	205	
496	100064	24598	989	200076	23840	1492	300172	23126	1994	400194	22417	2489	500100	21727	2981	600225	21042	3471	700117	20413	3963	800169	19747	4459	900074	19112	4955	1000193	18460	5449	1100083	17868	5946	1200178	17267	6441	1300238	16703	6935	1400101	16121	7424	1500238	15567	7914	1600121	15028	8401	1700086	14480	8890	1800103	13914	9379	1900183	13399	9860	2000102	12905	10348	2100068	12408	10830	2200098	11935	11315	2300172	11468	11800	2400139	11020	12284	2500079	10554	12764	2600110	10131	13243	2700215	9716	13723	2800205	9295	14203	2900218	8908	14681	3000140	8516	15161	3100055	8144	15645	3200067	7750	16129	3300170	7388	16607	3400044	7051	17086	3500084	6722	
498	100243	24544	1000	200207	23795	1497	300207	23096	1986	400085	22389	2484	500140	21707	2984	600084	21027	3478	700056	20383	3972	800093	19766	4471	900091	19112	4966	1000074	18475	5455	1100186	17828	5946	1200047	17232	6442	1300140	16598	6937	1400044	15973	7425	1500250	15342	7907	1600237	14781	8390	1700167	14220	8878	1800160	13724	9367	1900057	13178	9858	2000103	12635	10339	2100055	12141	10825	2200136	11643	11307	2300140	11193	11781	2400126	10744	12264	2500086	10297	12749	2600199	9851	13230	2700119	9426	13711	2800088	9005	14192	2900119	8606	14674	3000100	8209	15144	3100080	7866	15621	3200254	7507	16101	3300218	7153	16579	3400233	6822	17049	3500217	6526	
497	100162	24558	993	200134	23819	1489	300198	23064	1990	400225	22366	2489	500040	21672	2985	600121	21027	3478	700133	20394	3970	800192	19719	4462	900219	19082	4953	1000051	18447	5449	1100187	17833	5939	1200074	17246	6423	1300059	16681	6909	1400126	16103	7401	1500172	15488	7890	1600190	14907	8374	1700166	14364	8862	1800171	13822	9353	1900060	13285	9840	2000183	12763	10322	2100155	12235	10806	2200099	11754	11294	2300121	11301	11782	2400167	10839	12264	2500049	10406	12750	2600168	9976	13234	2700074	9576	13717	2800087	9175	14198	2900145	8791	14679	3000212	8422	15157	3100153	8060	15638	3200113	7713	16118	3300237	7346	16597	3400232	7007	17075	3500054	6662	
497	100197	24553	1001	200135	23849	1501	300117	23143	2005	400189	22410	2503	500229	21671	2999	600226	20997	3492	700149	20331	3989	800127	19657	4486	900191	18992	4982	1000179	18325	5474	1100110	17669	5971	1200155	17041	6462	1300172	16422	6949	1400076	15840	7435	1500083	15284	7924	1600185	14755	8412	1700095	14220	8899	1800058	13710	9382	1900070	13190	9870	2000077	12683	10356	2100207	12204	10841	2200043	11712	11327	2300198	11263	11811	2400051	10817	12295	2500135	10354	12784	2600110	9941	13265	2700107	9526	13750	2800074	9087	14232	2900218	8681	14704	3000142	8299	15185	3100234	7938	15665	3200158	7562	16144	3300186	7192	16622	3400224	6858	17102	3500040	6529	
501	100175	24520	1001	200099	23819	1498	300238	23103	1990	400166	22419	2484	500110	21715	2975	600061	21057	3469	700077	20377	3964	800178	19732	4458	900192	19085	4954	1000066	18486	5446	1100191	17899	5929	1200101	17290	6418	1300146	16712	6907	1400239	16124	7400	1500236	15525	7892	1600114	14959	8386	1700128	14388	8868	1800103	13870	9354	1900089	13365	9838	2000054	12844	10323	2100039	12321	10805	2200236	11830	11294	2300075	11352	11775	2400137	10907	12259	2500229	10438	12744	2600181	10030	13224	2700073	9609	13706	2800148	9215	14191	2900124	8829	14663	3000085	8483	15146	3100153	8088	15619	3200181	7751	16099	3300128	7412	16576	3400207	7088	17053	3500244	6787	
506	100150	24463	1016	200086	23714	1516	300138	23028	2022	400170	22267	2530	500092	21506	3036	600087	20787	3543	700118	20098	4047	800080	19342	4541	900043	18683	5041	1000101	17971	5549	1100055	17267	6054	1200091	16550	6562	1300196	15838	7070	1400072	15116	7581	1500171	14446	8087	1600137	13771	8588	1700207	13079	9096	1800220	12375	9602	1900083	11667	10104	2000119	10942	10611	2100199	10226	11117	2200213	9573	11620	2300127	8910	12116	2400222	8298	12615	2500174	7660	13114	2600083	7071	13617	2700084	6479	14110	2800071	5922	14610	2900088	5443	15100	3000101	4952	15590	3100090	4523	16082	3200044	4090	16572	3300151	3720	17061	3400199	3368	17548	3500064	3030	
510	100140	24462	1018	200041	23759	1526	300131	23048	2039	400238	22308	2544	500236	21621	3047	600194	20876	3554	700111	20177	4062	800148	19471	4574	900212	18735	5074	1000086	18084	5579	1100145	17363	6087	1200209	16711	6591	1300146	16019	7104	1400085	15290	7614	1500220	14576	8119	1600065	13863	8626	1700092	13136	9127	1800092	12455	9630	1900199	11764	10140	2000083	11085	10642	2100159	10416	11145	2200217	9757	11652	2300192	9118	12148	2400198	8495	12648	2500130	7859	13149	2600124	7270	13647	2700075	6665	14146	2800127	6104	14638	2900138	5611	15134	3000138	5116	15624	3100091	4672	16107	3200055	4262	16594	3300194	3877	17080	3400102	3518	17564	3500207	3176	
511	100151	24498	1022	200175	23782	1523	300223	23056	2026	400047	22350	2535	500046	21668	3043	600123	20993	3554	700141	20263	4047	800203	19542	4554	900127	18806	5067	1000233	18078	5574	1100213	17364	6075	1200201	16622	6585	1300181	15877	7097	1400230	15136	7608	1500176	14423	8114	1600063	13680	8624	1700040	12942	9137	1800073	12220	9641	1900083	11551	10151	2000173	10847	10650	2100221	10181	11147	2200157	9529	11635	2300195	8903	12134	2400054	8306	12628	2500177	7716	13124	2600060	7141	13621	2700093	6571	14121	2800099	6034	14616	2900205	5516	15109	3000200	5023	15598	3100064	4607	16092	3200215	4191	16579	3300063	3823	17055	3400139	3468	17535	3500167	3135	
509	100142	24466	1012	200102	23800	1522	300130	23078	2029	400219	22375	2540	500181	21619	3049	600068	20905	3555	700087	20195	4064	800050	19518	4571	900216	18794	5085	1000202	18043	5589	1100213	17299	6099	1200056	16577	6608	1300115	15868	7112	1400101	15158	7619	1500087	14472	8122	1600068	13784	8629	1700203	13083	9138	1800183	12400	9645	1900228	11697	10151	2000145	11036	10657	2100090	10332	11153	2200054	9671	11653	2300072	9033	12154	2400165	8387	12650	2500071	7815	13154	2600106	7247	13656	2700170	6684	14160	2800228	6112	14651	2900053	5637	15149	3000172	5161	15643	3100189	4694	16134	3200173	4251	16619	3300084	3870	17102	3400180	3539	17589	3500192	3203	
509	100063	24446	1017	200229	23771	1516	300212	23025	2022	400139	22316	2529	500195	21572	3036	600097	20884	3546	700240	20166	4055	800234	19444	4553	900241	18736	5056	1000228	18027	5557	1100109	17354	6062	1200076	16626	6567	1300142	15920	7065	1400196	15185	7571	1500121	14477	8076	1600144	13754	8583	1700047	13072	9091	1800170	12368	9600	1900153	11655	10105	2000237	10925	10614	2100197	10212	11119	2200197	9524	11621	2300047	8869	12122	2400075	8220	12620	2500086	7602	13117	2600144	7025	13616	2700088	6464	14111	2800184	5936	14606	2900040	5454	15096	3000088	4991	15582	3100141	4544	16070	3200180	4122	16557	3300156	3747	17038	3400091	3411	17527	3500205	3075	
5512	100010	47	11041	200020	47	16556	300017	47	22039	400002	47	27561	500008	47	33081	600013	47	38588	700005	47	44108	800015	47	49577	900016	47	55116	1000007	47	60594	1100010	47	66045	1200003	47	71557	1300007	47	77033	1400002	47	82515	1500003	47	88004	1600019	47	93506	1700012	47	99021	1800005	47	104546	1900015	47	110068	2000010	47	115559	2100007	47	121033	2200012	47	126507	2300012	47	131976	2400017	47	137470	2500004	47	142986	2600009	47	148495	2700010	47	154019	2800013	47	159528	2900013	47	165021	3000002	47	170528	3100004	47	176064	3200002	47	181584	3300006	47	187098	3400018	47	192601	3500014	47	
5510	100004	47	11002	200011	47	16494	300014	47	21988	400013	47	27492	500011	47	33008	600015	47	38526	700017	47	44026	800010	47	49538	900018	47	55042	1000001	47	60556	1100012	47	66048	1200010	47	71566	1300007	47	77083	1400015	47	82590	1500018	47	88121	1600017	47	93641	1700008	47	99127	1800017	47	104619	1900016	47	110119	2000007	47	115633	2100004	47	121145	2200006	47	126662	2300009	47	132181	2400009	47	137667	2500011	47	143175	2600015	47	148644	2700021	47	154140	2800008	47	159656	2900006	47	165147	3000014	47	170610	3100008	47	176129	3200013	47	181633	3300003	47	187137	3400015	47	192652	3500013	47	
5520	100016	47	10986	200022	47	16488	300018	47	21998	400014	47	27508	500012	47	33008	600012	47	38508	700014	47	43999	800011	47	49509	900010	47	54996	1000012	47	60504	1100005	47	66032	1200018	47	71572	1300006	47	77107	1400002	47	82629	1500017	47	88145	1600014	47	93659	1700005	47	99160	1800007	47	104667	1900008	47	110198	2000006	47	115688	2100012	47	121183	2200016	47	126681	2300009	47	132149	2400012	47	137650	2500004	47	143156	2600007	47	148674	2700002	47	154168	2800016	47	159698	2900017	47	165191	3000020	47	170705	3100014	47	176221	3200010	47	181714	3300014	47	187216	3400011	47	192738	3500001	47	
5508	100005	47	11008	200001	47	16517	300012	47	22019	400007	47	27538	500016	47	33034	600021	47	38544	700014	47	44001	800004	47	49515	900017	47	55035	1000006	47	60515	1100012	47	66028	1200014	47	71551	1300005	47	77059	1400005	47	82578	1500005	47	88076	1600009	47	93583	1700004	47	99102	1800016	47	104581	1900016	47	110092	2000005	47	115612	2100015	47	121096	2200003	47	126618	2300022	47	132135	2400002	47	137654	2500017	47	143118	2600004	47	148616	2700009	47	154139	2800013	47	159650	2900015	47	165166	3000010	47	170660	3100004	47	176153	3200001	47	181645	3300009	47	187156	3400016	47	192635	3500009	47	
5496	100018	47	11011	200013	47	16522	300009	47	22025	400014	47	27541	500006	47	33016	600018	47	38505	700013	47	44045	800007	47	49562	900006	47	55076	1000006	47	60603	1100005	47	66134	1200008	47	71622	1300015	47	77150	1400014	47	82665	1500006	47	88151	1600003	47	93623	1700006	47	99129	1800009	47	104641	1900005	47	110148	2000013	47	115676	2100007	47	121168	2200007	47	126666	2300004	47	132130	2400024	47	137621	2500014	47	143029	2600010	47	148526	2700005	47	154043	2800006	47	159518	2900004	47	165031	3000001	47	170500	3100011	47	175994	3200007	47	181488	3300011	47	186976	3400010	47	192449	3500005	47	
5827	100015	53	11638	200016	53	17439	300009	53	23232	400018	53	29030	500001	53	34859	600012	53	40671	700018	53	46506	800007	53	52331	900006	53	58136	1000010	53	63961	1100013	53	69779	1200013	53	75606	1300015	53	81442	1400007	53	87220	1500013	53	93022	1600004	53	98806	1700015	53	104571	1800012	53	110390	1900010	53	116204	2000013	53	122028	2100005	53	127833	2200014	53	133638	2300011	53	139437	2400013	53	145238	2500005	53	150994	2600012	53	156836	2700005	53	162657	2800002	53	168461	2900008	53	174252	3000007	53	180064	3100011	53	185868	3200008	53	191660	3300006	53	197447	3400012	53	203255	3500014	53	
5806	100006	53	11594	200008	53	17399	300016	53	23206	400008	53	29034	500002	53	34842	600015	53	40649	700003	53	46440	800012	53	52237	900017	53	58042	1000008	53	63834	1100009	53	69648	1200015	53	75430	1300010	53	81251	1400012	53	87091	1500006	53	92907	1600016	53	98727	1700004	53	104551	1800008	53	110363	1900009	53	116175	2000006	53	121929	2100007	53	127746	2200008	53	133563	2300007	53	139364	2400016	53	145187	2500004	53	151009	2600016	53	156838	2700008	53	162670	2800004	53	168508	2900008	53	174325	3000001	53	180097	3100002	53	185927	3200005	53	191732	3300016	53	197516	3400007	53	203289	3500008	53	
5763	100014	53	11543	200005	53	17367	300002	53	23176	400016	53	28970	500012	53	34772	600008	53	40569	700006	53	46374	800015	53	52189	900015	53	58007	1000012	53	63827	1100002	53	69641	1200005	53	75414	1300023	53	81204	1400015	53	87018	1500007	53	92830	1600015	53	98428	1700013	53	104240	1800010	53	110034	1900010	53	115856	2000009	53	121651	2100007	53	127459	2200001	53	133250	2300012	53	139046	2400015	53	144878	2500015	53	150700	2600002	53	156506	2700016	53	162327	2800016	53	168129	2900016	53	173857	3000002	53	179642	3100001	53	185455	3200016	53	191260	3300004	53	197085	3400003	53	202864	3500002	53	
5801	100014	53	11609	200004	53	17418	300016	53	23228	400011	53	29046	500005	53	34869	600001	53	40674	700008	53	46501	800017	53	52251	900003	53	58068	1000002	53	63863	1100002	53	69681	1200008	53	75488	1300003	53	81312	1400010	53	87107	1500010	53	92894	1600009	53	98697	1700008	53	104498	1800001	53	110289	1900012	53	116076	2000017	53	121883	2100007	53	127673	2200011	53	133454	2300007	53	139280	2400003	53	145099	2500013	53	150906	2600011	53	156710	2700006	53	162519	2800015	53	168335	2900002	53	174147	3000014	53	179936	3100008	53	185758	3200003	53	191542	3300003	53	197341	3400012	53	203126	3500011	53	
5818	100012	53	11603	200010	53	17394	300001	53	23210	400007	53	29007	500012	53	34773	600003	53	40577	700004	53	46418	800016	53	52240	900010	53	58076	1000008	53	63921	1100012	53	69685	1200002	53	75488	1300002	53	81295	1400002	53	87115	1500009	53	92922	1600003	53	98731	1700015	53	104510	1800004	53	110325	1900002	53	116123	2000017	53	121890	2100008	53	127715	2200017	53	133523	2300015	53	139331	2400002	53	145143	2500003	53	150852	2600016	53	156657	2700004	53	162476	2800009	53	168281	2900006	53	174102	3000008	53	179901	3100019	53	185694	3200003	53	191508	3300002	53	197260	3400007	53	203019	3500005	53	
2107	100038	191	4168	200031	191	6203	300023	191	8286	400048	191	10381	500045	191	12469	600010	191	14561	700031	191	16650	800021	191	18736	900016	191	20819	1000031	191	22911	1100050	191	24972	1200047	191	27063	1300016	191	29153	1400051	191	31250	1500028	191	33338	1600009	191	35425	1700048	191	37511	1800013	191	39599	1900032	191	41665	2000016	191	43746	2100008	191	45835	2200058	191	47903	2300014	191	49978	2400018	191	52078	2500051	191	54149	2600035	191	56222	2700050	191	58295	2800034	191	60364	2900031	191	62453	3000045	191	64509	3100031	191	66575	3200026	191	68660	3300042	191	70750	3400014	191	72837	3500030	191	
2077	100013	191	4162	200045	191	6244	300030	191	8306	400011	191	10391	500008	191	12475	600021	191	14564	700012	191	16647	800013	191	18717	900009	191	20813	1000009	191	22894	1100013	191	24973	1200026	191	27061	1300008	191	29159	1400029	191	31247	1500012	191	33314	1600031	191	35384	1700009	191	37477	1800036	191	39557	1900036	191	41644	2000045	191	43728	2100043	191	45815	2200014	191	47896	2300034	191	49978	2400027	191	52062	2500027	191	54122	2600055	191	56209	2700052	191	58309	2800010	191	60374	2900019	191	62470	3000052	191	64549	3100025	191	66617	3200031	191	68706	3300025	191	70781	3400038	191	72865	3500021	191	
2081	100052	191	4163	200052	191	6259	300023	191	8354	400048	191	10405	500037	191	12474	600027	191	14546	700025	191	16636	800025	191	18725	900028	191	20810	1000038	191	22900	1100050	191	24969	1200017	191	27010	1300014	191	29080	1400011	191	31180	1500029	191	33258	1600035	191	35343	1700009	191	37397	1800047	191	39491	1900017	191	41571	2000053	191	43652	2100039	191	45739	2200014	191	47807	2300011	191	49889	2400014	191	51975	2500011	191	54058	2600034	191	56138	2700011	191	58211	2800031	191	60284	2900010	191	62340	3000035	191	64404	3100011	191	66488	3200011	191	68587	3300022	191	70679	3400024	191	72764	3500028	191	
2083	100053	192	4136	200033	191	6234	300031	191	8299	400030	191	10368	500046	191	12462	600014	191	14540	700012	191	16605	800035	191	18694	900019	191	20760	1000019	191	22833	1100045	191	24924	1200016	191	27008	1300030	191	29096	1400020	191	31178	1500013	191	33272	1600035	191	35349	1700050	191	37438	1800051	191	39526	1900034	191	41609	2000025	191	43683	2100048	191	45750	2200032	191	47846	2300014	191	49928	2400040	191	52012	2500023	191	54109	2600046	191	56198	2700021	191	58272	2800012	191	60363	2900009	191	62441	3000015	191	64505	3100053	191	66599	3200046	191	68691	3300019	191	70781	3400020	191	72872	3500032	191	
2084	100037	191	4180	200017	191	6275	300039	191	8358	400015	191	10454	500055	191	12532	600026	191	14609	700035	191	16701	800048	191	18767	900040	191	20859	1000018	191	22913	1100043	191	25000	1200021	191	27075	1300048	191	29152	1400048	191	31251	1500052	191	33335	1600040	191	35420	1700054	191	37493	1800030	191	39561	1900011	191	41645	2000035	191	43717	2100024	191	45790	2200023	191	47878	2300046	191	49963	2400045	191	52055	2500014	191	54119	2600052	191	56191	2700018	191	58275	2800052	191	60349	2900007	191	62437	3000006	191	64517	3100044	191	66599	3200051	191	68683	3300032	191	70764	3400017	191	72837	3500033	191	
2219	100013	194	4436	200040	194	6649	300054	194	8879	400033	194	11118	500041	194	13342	600007	194	15571	700047	194	17795	800009	194	20044	900040	194	22249	1000029	194	24479	1100050	194	26682	1200041	194	28914	1300032	194	31139	1400015	194	33378	1500044	194	35612	1600029	194	37811	1700029	194	40019	1800050	194	42247	1900049	194	44471	2000051	194	46701	2100007	194	48918	2200018	194	51145	2300039	194	53342	2400039	194	55534	2500035	194	57761	2600043	194	59992	2700010	194	62221	2800031	194	64442	2900041	194	66644	3000012	194	68851	3100046	194	71086	3200012	194	73322	3300033	194	75517	3400050	194	77749	3500017	194	
2225	100021	194	4449	200017	194	6677	300045	194	8889	400038	194	11121	500036	194	13348	600009	194	15573	700012	194	17772	800014	194	19987	900018	194	22214	1000039	194	24452	1100044	194	26693	1200033	194	28918	1300035	194	31103	1400009	194	33323	1500025	194	35560	1600040	194	37797	1700027	194	40045	1800026	194	42260	1900035	194	44489	2000023	194	46705	2100022	194	48935	2200013	194	51170	2300013	194	53410	2400020	194	55591	2500045	194	57778	2600039	194	60020	2700027	194	62248	2800013	194	64492	2900031	194	66740	3000007	194	68960	3100018	194	71197	3200009	194	73419	3300026	194	75648	3400026	194	77900	3500049	194	
2232	100045	194	4443	200009	194	6678	300024	194	8918	400035	194	11156	500010	194	13381	600048	194	15625	700021	194	17852	800018	194	20080	900008	194	22258	1000013	194	24483	1100042	194	26717	1200037	194	28944	1300030	194	31178	1400029	194	33408	1500006	194	35627	1600022	194	37863	1700028	194	40082	1800025	194	42309	1900040	194	44530	2000032	194	46771	2100018	194	49008	2200039	194	51251	2300022	194	53454	2400027	194	55662	2500012	194	57883	2600043	194	60111	2700049	194	62330	2800007	194	64566	2900043	194	66814	3000040	194	69064	3100025	194	71291	3200021	194	73526	3300032	194	75744	3400037	194	77980	3500030	194	
2238	100043	195	4471	200049	194	6698	300040	194	8941	400028	194	11182	500009	194	13421	600026	194	15666	700019	194	17906	800022	194	20132	900038	194	22355	1000008	194	24575	1100047	194	26802	1200029	194	29026	1300020	194	31266	1400034	194	33481	1500027	194	35714	1600044	194	37930	1700032	194	40166	1800027	194	42390	1900044	194	44598	2000026	194	46838	2100036	194	49072	2200043	194	51270	2300021	194	53505	2400042	194	55732	2500022	194	57965	2600042	194	60209	2700015	194	62393	2800050	194	64621	2900032	194	66862	3000028	194	69102	3100027	194	71312	3200046	194	73544	3300025	194	75783	3400018	194	78021	3500052	194	
2247	100028	194	4486	200038	194	6713	300048	194	8936	400008	194	11170	500010	194	13399	600017	194	15627	700051	194	17844	800038	194	20021	900050	194	22174	1000037	194	24326	1100027	194	26476	1200018	194	28629	1300021	194	30780	1400037	194	32928	1500040	194	35074	1600041	194	37218	1700019	194	39375	1800027	194	41523	1900040	194	43669	2000026	194	45824	2100049	194	47978	2200041	194	50123	2300009	194	52270	2400042	194	54418	2500039	194	56536	2600011	194	58683	2700006	194	60829	2800050	194	62982	2900040	194	65127	3000017	194	67281	3100043	194	69430	3200028	194	71581	3300044	194	73731	3400020	194	75881	3500044	194	
561	100118	1408	1122	200061	1170	1670	300058	1055	2220	400143	994	2761	500166	973	3307	600146	971	3841	700137	966	4382	800164	965	4916	900073	965	5458	1000099	965	5999	1100114	965	6537	1200176	965	7079	1300155	965	7617	1400173	965	8157	1500179	965	8697	1600084	965	9234	1700147	965	9776	1800200	965	10315	1900210	965	10848	2000211	965	11388	2100100	965	11934	2200047	965	12478	2300216	965	13009	2400205	965	13549	2500109	965	14087	2600064	965	14631	2700048	965	15174	2800204	965	15715	2900140	965	16248	3000121	965	16783	3100118	965	17319	3200214	965	17862	3300107	965	18405	3400072	965	18946	3500060	965	
569	100215	1443	1122	200198	1186	1675	300197	1041	2214	400132	990	2749	500101	971	3283	600144	968	3820	700129	967	4353	800076	967	4889	900169	965	5423	1000231	965	5962	1100111	965	6500	1200128	965	7042	1300214	965	7582	1400049	965	8118	1500065	965	8664	1600110	965	9201	1700157	965	9741	1800100	965	10286	1900118	965	10824	2000054	965	11353	2100106	965	11890	2200181	965	12433	2300092	965	12974	2400131	965	13513	2500186	965	14053	2600081	965	14591	2700127	965	15130	2800034	965	15673	2900071	965	16218	3000093	965	16754	3100066	965	17297	3200094	965	17842	3300064	965	18380	3400208	965	18914	3500172	965	
564	100215	1432	1126	200190	1151	1681	300127	1031	2223	400063	982	2764	500090	969	3301	600053	965	3843	700205	965	4384	800137	965	4928	900158	965	5467	1000074	965	6010	1100043	965	6544	1200190	965	7076	1300100	965	7621	1400094	965	8164	1500153	965	8707	1600047	965	9249	1700055	965	9780	1800046	965	10322	1900112	965	10865	2000105	965	11411	2100060	965	11953	2200185	965	12500	2300140	965	13038	2400166	965	13583	2500189	965	14123	2600037	965	14667	2700194	965	15210	2800089	965	15751	2900188	965	16289	3000121	965	16829	3100123	965	17367	3200051	965	17899	3300066	965	18445	3400192	965	18984	3500182	965	
566	100177	1416	1123	200110	1169	1670	300059	1053	2218	400084	996	2762	500167	975	3305	600059	967	3843	700199	965	4379	800212	965	4919	900099	965	5461	1000093	965	5997	1100208	965	6535	1200083	965	7078	1300132	965	7616	1400104	965	8154	1500186	965	8696	1600065	965	9235	1700178	965	9763	1800112	965	10305	1900066	965	10832	2000080	965	11370	2100172	965	11912	2200038	965	12447	2300059	965	12983	2400080	965	13527	2500126	965	14066	2600154	965	14600	2700073	965	15144	2800185	965	15682	2900081	965	16219	3000148	965	16756	3100097	965	17299	3200161	965	17841	3300150	965	18379	3400192	965	18917	3500139	965	
568	100100	1382	1111	200143	1158	1663	300043	1021	2200	400103	991	2745	500049	968	3285	600083	966	3824	700060	965	4362	800169	965	4904	900146	965	5444	1000124	965	5982	1100113	965	6521	1200149	965	7057	1300211	965	7599	1400047	965	8135	1500056	965	8676	1600069	965	9217	1700047	965	9760	1800170	965	10297	1900107	965	10838	2000179	965	11376	2100127	965	11917	2200167	965	12453	2300149	965	12997	2400086	965	13539	2500141	965	14078	2600131	965	14619	2700113	965	15161	2800157	965	15697	2900104	965	16229	3000138	965	16766	3100073	965	17307	3200188	965	17852	3300168	965	18386	3400102	965	18928	3500048	965	
614	100052	1294	1212	200055	1061	1801	300054	967	2389	400171	940	2972	500155	933	3565	600082	932	4149	700050	932	4728	800126	932	5308	900155	932	5893	1000164	932	6482	1100165	932	7073	1200182	932	7635	1300167	932	8207	1400051	932	8790	1500064	932	9376	1600182	932	9960	1700179	932	10546	1800174	932	11136	1900107	932	11725	2000033	932	12308	2100082	932	12882	2200129	932	13455	2300129	932	14031	2400183	932	14618	2500149	932	15203	2600170	932	15786	2700130	932	16376	2800152	932	16960	2900148	932	17544	3000185	932	18130	3100079	932	18710	3200123	932	19294	3300077	932	19886	3400149	932	20469	3500136	932	
610	100089	1367	1205	200091	1095	1798	300113	975	2390	400151	951	2979	500059	937	3567	600191	933	4148	700109	932	4728	800150	932	5308	900060	932	5893	1000172	932	6477	1100078	932	7064	1200082	932	7650	1300086	932	8237	1400049	932	8822	1500125	932	9409	1600110	932	9979	1700113	932	10569	1800117	932	11157	1900074	932	11742	2000100	932	12326	2100094	932	12914	2200080	932	13502	2300040	932	14088	2400185	932	14678	2500156	932	15267	2600093	932	15858	2700165	932	16443	2800083	932	17030	2900120	932	17619	3000069	932	18203	3100109	932	18790	3200113	932	19381	3300164	932	19969	3400150	932	20556	3500067	932	
619	100042	1360	1220	200155	1085	1810	300193	973	2399	400187	951	2961	500131	934	3534	600115	932	4121	700109	932	4707	800083	932	5296	900084	932	5882	1000117	932	6468	1100088	932	7058	1200121	932	7650	1300151	932	8239	1400037	932	8827	1500034	932	9416	1600047	932	10006	1700114	932	10599	1800205	932	11187	1900149	932	11771	2000119	932	12361	2100094	932	12942	2200136	932	13531	2300137	932	14120	2400036	932	14710	2500168	932	15296	2600124	932	15888	2700045	932	16476	2800117	932	17064	2900122	932	17658	3000192	932	18244	3100101	932	18834	3200050	932	19423	3300053	932	19994	3400104	932	20577	3500222	932	
618	100133	1346	1206	200148	1070	1798	300077	965	2391	400185	942	2972	500183	933	3543	600039	932	4114	700030	932	4690	800113	932	5278	900177	932	5866	1000115	932	6453	1100195	932	7037	1200135	932	7625	1300193	932	8214	1400087	932	8800	1500050	932	9382	1600157	932	9964	1700095	932	10551	1800156	932	11135	1900113	932	11722	2000031	932	12310	2100039	932	12900	2200118	932	13489	2300183	932	14075	2400176	932	14666	2500194	932	15256	2600074	932	15845	2700052	932	16422	2800099	932	17006	2900039	932	17593	3000202	932	18178	3100152	932	18770	3200173	932	19356	3300090	932	19942	3400040	932	20527	3500111	932	
612	100052	1334	1219	200119	1065	1817	300037	960	2408	400103	936	2991	500130	932	3578	600098	932	4169	700161	932	4754	800078	932	5337	900090	932	5923	1000089	932	6507	1100062	932	7089	1200063	932	7674	1300129	932	8263	1400071	932	8848	1500188	932	9429	1600054	932	10014	1700200	932	10606	1800155	932	11191	1900200	932	11781	2000045	932	12367	2100152	932	12955	2200146	932	13546	2300173	932	14134	2400115	932	14719	2500059	932	15301	2600095	932	15884	2700047	932	16469	2800110	932	17056	2900153	932	17639	3000071	932	18220	3100083	932	18806	3200043	932	19398	3300141	932	19979	3400195	932	20566	3500041	932	
5082	100017	736	10159	200010	161	15249	300004	50	20296	400018	50	25335	500003	50	30387	600004	50	35440	700020	50	40508	800014	50	45582	900005	50	50633	1000015	50	55717	1100004	50	60805	1200012	50	65841	1300019	50	70912	1400019	50	75985	1500016	50	81042	1600002	50	86092	1700003	50	91150	1800003	50	96240	1900002	50	101322	2000002	50	106415	2100020	50	111500	2200016	50	116603	2300014	50	121630	2400003	50	126728	2500015	50	131797	2600011	50	136884	2700011	50	141962	2800016	50	147037	2900014	50	152072	3000017	50	157151	3100011	50	162214	3200009	50	167259	3300020	50	172335	3400018	50	177387	3500019	50	
5072	100013	713	10152	200011	167	15225	300015	50	20302	400014	50	25352	500002	50	30416	600002	50	35477	700020	50	40540	800003	50	45611	900023	50	50701	1000013	50	55770	1100003	50	60818	1200017	50	65882	1300015	50	70948	1400017	50	76009	1500009	50	81056	1600005	50	86134	1700017	50	91190	1800003	50	96229	1900017	50	101274	2000014	50	106353	2100019	50	111417	2200018	50	116495	2300019	50	121537	2400005	50	126557	2500017	50	131630	2600016	50	136669	2700009	50	141705	2800007	50	146702	2900003	50	151709	3000006	50	156753	3100018	50	161820	3200010	50	166891	3300017	50	171967	3400019	50	177033	3500002	50	
5092	100002	690	10193	200022	139	15263	300008	50	20336	400019	50	25418	500002	50	30486	600006	50	35536	700006	50	40617	800009	50	45721	900015	50	50817	1000009	50	55886	1100005	50	60974	1200016	50	66057	1300013	50	71128	1400018	50	76177	1500008	50	81256	1600008	50	86305	1700002	50	91366	1800001	50	96439	1900016	50	101521	2000005	50	106607	2100009	50	111659	2200019	50	116718	2300016	50	121744	2400006	50	126821	2500002	50	131865	2600003	50	136914	2700013	50	141998	2800015	50	147089	2900005	50	152154	3000001	50	157225	3100018	50	162309	3200002	50	167358	3300006	50	172407	3400013	50	177445	3500021	50	
5079	100014	658	10147	200007	151	15228	300008	50	20299	400020	50	25363	500007	50	30453	600009	50	35516	700012	50	40593	800014	50	45666	900003	50	50713	1000005	50	55768	1100017	50	60845	1200024	50	65926	1300004	50	70967	1400004	50	76023	1500003	50	81088	1600010	50	86174	1700014	50	91263	1800020	50	96322	1900004	50	101396	2000004	50	106469	2100004	50	111542	2200020	50	116610	2300002	50	121671	2400008	50	126747	2500007	50	131811	2600004	50	136893	2700004	50	141962	2800006	50	147037	2900008	50	152092	3000011	50	157165	3100005	50	162232	3200004	50	167305	3300003	50	172352	3400017	50	177357	3500009	50	
5070	100019	639	10135	200015	91	15206	300016	50	20271	400003	50	25353	500017	50	30414	600024	50	35484	700006	50	40560	800014	50	45626	900020	50	50692	1000018	50	55763	1100007	50	60822	1200024	50	65885	1300009	50	70972	1400007	50	76035	1500016	50	81107	1600014	50	86168	1700016	50	91253	1800003	50	96321	1900010	50	101407	2000004	50	106449	2100018	50	111510	2200007	50	116602	2300002	50	121665	2400008	50	126723	2500017	50	131527	2600017	50	136582	2700011	50	141634	2800015	50	146687	2900008	50	151733	3000003	50	156764	3100015	50	161830	3200009	50	166911	3300006	50	171990	3400018	50	177059	3500012	50	
2010	100016	9231	4022	200044	8383	6033	300032	7547	8019	400053	6699	10033	500018	5821	12040	600034	4972	14049	700023	4153	16052	800017	3392	18051	900053	2627	20052	1000044	1880	22026	1100051	1333	23976	1200018	872	25930	1300011	536	27873	1400026	344	29808	1500029	255	31742	1600021	219	33676	1700037	204	35574	1800011	204	37496	1900036	204	39405	2000011	204	41314	2100031	204	43244	2200028	204	45175	2300035	204	47085	2400010	204	49009	2500012	204	50906	2600050	204	52822	2700053	204	54740	2800051	204	56670	2900018	204	58577	3000014	204	60487	3100028	204	62408	3200035	204	64333	3300016	204	66246	3400035	204	68157	3500018	204	
1987	100042	9235	4004	200045	8413	6021	300053	7584	8031	400013	6748	10026	500038	5911	12043	600029	5081	14045	700011	4220	16067	800021	3394	18029	900008	2723	20012	1000011	2014	21987	1100045	1402	23952	1200034	927	25895	1300008	597	27823	1400037	386	29768	1500037	266	31699	1600020	225	33638	1700018	206	35574	1800028	204	37506	1900016	204	39397	2000024	204	41312	2100022	204	43249	2200034	204	45185	2300056	204	47099	2400052	204	49015	2500042	204	50940	2600027	204	52860	2700015	204	54780	2800020	204	56693	2900018	204	58625	3000029	204	60548	3100037	204	62480	3200025	204	64389	3300053	204	66303	3400042	204	68234	3500056	204	
2015	100029	9206	4036	200044	8407	6039	300029	7570	8053	400017	6649	10062	500025	5788	12076	600033	4981	14072	700049	4179	16069	800011	3377	18066	900010	2600	20055	1000037	1923	22035	1100042	1348	23990	1200026	872	25944	1300050	532	27876	1400056	327	29815	1500024	226	31753	1600011	204	33585	1700008	204	35509	1800037	204	37415	1900028	204	39346	2000047	204	41264	2100011	204	43192	2200018	204	45123	2300009	204	47061	2400030	204	48976	2500057	204	50873	2600047	204	52803	2700031	204	54727	2800051	204	56659	2900011	204	58586	3000033	204	60515	3100021	204	62435	3200025	204	64348	3300010	204	66264	3400048	204	68199	3500011	204	
2010	100016	9198	3994	200054	8403	6010	300024	7572	8020	400053	6730	10039	500051	5876	12013	600054	5037	14019	700008	4225	16033	800035	3345	18041	900038	2536	20027	1000027	1808	22003	1100049	1187	23959	1200020	710	25916	1300054	414	27857	1400015	260	29794	1500010	222	31709	1600017	204	33634	1700047	204	35573	1800040	204	37492	1900020	204	39429	2000052	204	41346	2100016	204	43276	2200056	204	45200	2300040	204	47129	2400011	204	49043	2500036	204	50964	2600054	204	52864	2700024	204	54799	2800032	204	56717	2900018	204	58651	3000042	204	60575	3100008	204	62503	3200051	204	64429	3300020	204	66358	3400035	204	68271	3500037	204	
1971	100056	9147	3988	200031	8336	6000	300055	7518	8022	400057	6671	10037	500061	5840	12056	600036	5014	14066	700020	4184	16070	800027	3361	18061	900017	2645	20055	1000040	1957	22038	1100015	1398	23978	1200047	954	25938	1300025	591	27881	1400064	355	29810	1500058	242	31733	1600010	210	33668	1700040	204	35594	1800037	204	37511	1900048	204	39415	2000032	204	41335	2100015	204	43254	2200034	204	45183	2300010	204	47099	2400020	204	49035	2500061	204	50932	2600033	204	52844	2700020	204	54769	2800011	204	56701	2900034	204	58631	3000019	204	60552	3100040	204	62477	3200039	204	64398	3300009	204	66337	3400016	204	68262	3500013	204	
503	100140	49689	1012	200092	48896	1522	300106	48179	2031	400088	47407	2539	500179	46608	3043	600183	45820	3547	700083	45150	4053	800190	44415	4561	900050	43686	5061	1000139	42958	5565	1100155	42249	6073	1200165	41502	6579	1300226	40764	7083	1400075	40025	7590	1500154	39299	8098	1600216	38549	8602	1700179	37825	9109	1800151	37085	9611	1900089	36351	10120	2000235	35561	10620	2100218	34829	11128	2200106	34099	11636	2300088	33351	12136	2400156	32622	12642	2500177	31919	13148	2600135	31204	13653	2700101	30507	14163	2800212	29778	14668	2900194	29036	15175	3000223	28286	15675	3100148	27555	16177	3200250	26812	16679	3300113	26070	17187	3400084	25338	17696	3500056	24577	
510	100172	49720	1016	200213	48978	1524	300189	48240	2034	400061	47493	2542	500161	46743	3049	600060	45992	3554	700108	45281	4062	800041	44572	4567	900114	43848	5076	1000083	43133	5586	1100096	42382	6093	1200134	41653	6593	1300090	40915	7102	1400157	40164	7613	1500194	39386	8120	1600227	38615	8620	1700125	37887	9124	1800059	37158	9629	1900065	36433	10135	2000046	35697	10646	2100042	34944	11154	2200227	34187	11661	2300228	33436	12165	2400064	32726	12675	2500146	31991	13186	2600150	31253	13696	2700161	30503	14198	2800134	29754	14708	2900228	29026	15208	3000251	28282	15715	3100090	27583	16218	3200174	26856	16721	3300130	26111	17228	3400123	25410	17725	3500127	24703	
510	100111	49689	1016	200054	48971	1527	300173	48223	2029	400086	47487	2532	500230	46751	3039	600140	46045	3538	700042	45329	4048	800125	44568	4552	900164	43830	5054	1000147	43094	5564	1100221	42345	6074	1200226	41577	6581	1300094	40822	7091	1400127	40092	7594	1500183	39377	8092	1600132	38667	8597	1700071	37899	9108	1800179	37159	9616	1900101	36429	10125	2000085	35693	10628	2100245	34899	11133	2200187	34170	11635	2300064	33417	12143	2400241	32711	12648	2500204	31986	13154	2600179	31288	13662	2700215	30564	14167	2800158	29836	14675	2900171	29091	15180	3000155	28369	15682	3100112	27664	16186	3200120	26918	16689	3300060	26181	17198	3400108	25473	17703	3500091	24738	
502	100182	49693	1012	200178	48984	1517	300088	48233	2019	400050	47467	2522	500046	46695	3035	600083	45972	3546	700175	45210	4058	800106	44451	4567	900218	43701	5077	1000191	42932	5587	1100218	42128	6090	1200155	41395	6592	1300047	40673	7092	1400062	39941	7598	1500240	39198	8103	1600051	38496	8609	1700127	37767	9111	1800090	37052	9617	1900105	36313	10125	2000101	35558	10633	2100075	34806	11145	2200227	34024	11654	2300067	33272	12164	2400041	32524	12672	2500046	31797	13183	2600211	31065	13693	2700223	30303	14198	2800144	29557	14708	2900176	28828	15210	3000067	28059	15718	3100101	27305	16222	3200087	26530	16727	3300079	25808	17230	3400163	25062	17737	3500152	24290	
512	100109	49634	1013	200160	48940	1517	300221	48209	2024	400202	47478	2529	500116	46709	3027	600094	45995	3532	700135	45268	4034	800169	44564	4536	900072	43850	5038	1000217	43141	5546	1100198	42401	6044	1200081	41656	6543	1300118	40903	7048	1400160	40142	7552	1500104	39406	8056	1600151	38693	8546	1700104	37961	9058	1800110	37211	9564	1900078	36480	10069	2000048	35740	10579	2100211	34965	11089	2200047	34232	11594	2300085	33514	12094	2400164	32815	12599	2500174	32039	13100	2600195	31339	13604	2700121	30586	14107	2800112	29876	14612	2900228	29147	15119	3000116	28395	15628	3100076	27630	16132	3200073	26919	16636	3300181	26195	17139	3400231	25497	17647	3500150	24759	
