versja nr 3;wspolczynnik mutacji 1.800000;wielkosc populacji 105
118	100150	581	234	200258	581	350	300243	581	466	400168	581	500	429538	581	583	500876	581	699	600863	581	814	700313	581	930	800388	581	1000	860708	581	1046	900412	581	1162	1000347	581	1278	1100322	581	1393	1200143	581	1500	1292433	581	1509	1300235	581	1625	1400357	581	1740	1500815	581	1856	1600566	581	1972	1700628	581	2000	1725128	581	2087	1800721	581	2202	1900456	581	2318	2000845	581	2434	2100499	581	2500	2157293	581	2550	2200433	581	2666	2300111	581	2782	2400071	581	2898	2500362	581	
119	100403	612	236	200217	612	354	300532	612	471	400104	612	500	424775	612	589	500740	612	706	600584	612	823	700197	612	941	800796	612	1000	851490	612	1057	900242	612	1175	1000491	612	1292	1100529	612	1409	1200300	612	1500	1277857	612	1526	1300154	612	1643	1400040	612	1761	1500666	612	1878	1600295	612	1995	1700174	612	2000	1704489	612	2112	1800449	612	2228	1900359	612	2343	2000475	612	2460	2100370	612	2500	2134443	612	2577	2200227	612	2695	2300428	612	2812	2400231	612	2930	2500605	612	
120	100157	633	239	200453	633	358	300618	633	476	400121	633	500	420411	633	595	500856	633	713	600770	633	832	700854	633	950	800633	633	1000	842760	633	1068	900220	633	1187	1000673	633	1303	1100160	633	1420	1200310	633	1500	1267766	633	1539	1300636	633	1658	1400834	633	1775	1500183	633	1894	1600813	633	2000	1690804	633	2011	1700139	633	2130	1800570	633	2248	1900227	633	2367	2000849	633	2485	2100314	633	2500	2113002	633	2604	2200810	633	2722	2300277	633	2841	2400337	633	2960	2500671	633	
118	100538	671	234	200869	671	346	300102	671	461	400195	671	500	434029	671	577	500739	671	692	600484	671	807	700428	671	922	800332	671	1000	868270	671	1037	900320	671	1153	1000503	671	1269	1100865	671	1384	1200345	671	1500	1300768	671	1500	1300812	671	1615	1400447	671	1730	1500604	671	1845	1600363	671	1961	1700507	671	2000	1734280	671	2076	1800127	671	2192	1900719	671	2307	2000346	671	2423	2100764	671	2500	2167416	671	2538	2200393	671	2654	2300624	671	2769	2400161	671	2885	2500421	671	
119	100619	753	235	200049	753	352	300257	753	468	400418	753	500	427912	753	584	500401	753	701	600763	753	817	700435	753	934	800524	753	1000	857004	753	1051	900684	753	1168	1000792	753	1284	1100063	753	1401	1200607	753	1500	1285152	753	1518	1300684	753	1635	1400818	753	1751	1500284	753	1868	1600336	753	1985	1700407	753	2000	1713239	753	2101	1800043	753	2218	1900143	753	2335	2000281	753	2452	2100177	753	2500	2141087	753	2569	2200337	753	2686	2300431	753	2803	2400666	753	2917	2500712	753	
120	100840	718	237	200220	718	355	300459	718	473	400344	718	500	423192	718	591	500323	718	709	600572	718	827	700677	718	945	800894	718	1000	847467	718	1062	900207	718	1180	1000717	718	1297	1100203	718	1415	1200153	718	1500	1272051	718	1534	1300850	718	1651	1400193	718	1769	1500579	718	1887	1600686	718	2000	1698970	718	2002	1700753	718	2119	1800523	718	2237	1900734	718	2355	2000720	718	2473	2100411	718	2500	2123215	718	2591	2200350	718	2709	2300386	718	2827	2400632	718	2945	2500311	718	
120	100849	568	237	200282	568	355	300577	568	473	400719	568	500	423736	568	590	500121	568	708	600501	568	825	700538	568	942	800117	568	1000	851473	568	1057	900074	568	1175	1000244	568	1293	1100591	568	1411	1200694	568	1500	1276076	568	1528	1300111	568	1646	1400529	568	1764	1500881	568	1881	1600233	568	1999	1700651	568	2000	1701534	568	2116	1800068	568	2234	1900629	568	2352	2000807	568	2470	2100714	568	2500	2126103	568	2587	2200087	568	2705	2300605	568	2823	2400815	568	2940	2500222	568	
113	100065	443	227	200129	443	342	300837	443	456	400722	443	500	439148	443	570	500656	443	683	600088	443	797	700643	443	911	800702	443	1000	878515	443	1025	900536	443	1139	1000330	443	1253	1100448	443	1367	1200347	443	1481	1300063	443	1500	1316845	443	1595	1400600	443	1709	1500763	443	1823	1600841	443	1936	1700523	443	2000	1757025	443	2049	1800223	443	2164	1900700	443	2278	2000842	443	2391	2100148	443	2500	2197035	443	2504	2200648	443	2618	2300819	443	2732	2400918	443	2846	2500555	443	
121	100533	586	241	200224	586	362	300734	586	482	400227	586	500	415288	586	603	500816	586	723	600046	586	844	700176	586	965	800460	586	1000	829507	586	1085	900147	586	1206	1000714	586	1326	1100275	586	1447	1200588	586	1500	1244539	586	1567	1300052	586	1688	1400340	586	1809	1500624	586	1929	1600270	586	2000	1659275	586	2050	1700594	586	2169	1800044	586	2290	1900351	586	2411	2000518	586	2500	2074503	586	2531	2100172	586	2651	2200871	586	2769	2300539	586	2889	2400045	586	3000	2492178	586	3010	2500541	586	
117	100531	769	231	200207	769	346	300109	769	461	400098	769	500	433964	769	576	500107	769	692	600734	769	806	700217	769	921	800157	769	1000	868484	769	1037	900532	769	1152	1000106	769	1268	1100885	769	1383	1200767	769	1497	1300078	769	1500	1302744	769	1610	1400219	769	1725	1500500	769	1840	1600143	769	1956	1700622	769	2000	1738909	769	2071	1800322	769	2186	1900101	769	2302	2000527	769	2417	2100203	769	2500	2172437	769	2532	2200215	769	2648	2300602	769	2763	2400114	769	2879	2500909	769	
126	100538	167	249	200795	167	371	300307	167	494	400393	167	500	405320	167	616	500715	167	736	600496	167	858	700246	167	981	800514	167	1000	816029	167	1104	900730	167	1226	1000083	167	1349	1100169	167	1472	1200432	167	1500	1223463	167	1595	1300764	167	1717	1400129	167	1840	1500233	167	1963	1600581	167	2000	1630889	167	2085	1700616	167	2208	1800631	167	2331	1900670	167	2454	2000831	167	2500	2038340	167	2576	2100477	167	2699	2200306	167	2822	2300386	167	2945	2400553	167	3000	2445399	167	3068	2500744	167	
119	100345	151	236	200832	151	352	300151	151	469	400477	151	500	427053	151	585	500080	151	702	600224	151	819	700516	151	936	800662	151	1000	855542	151	1053	900832	151	1169	1000096	151	1286	1100155	151	1403	1200749	151	1500	1283931	151	1519	1300343	151	1636	1400639	151	1753	1500829	151	1869	1600190	151	1986	1700642	151	2000	1712636	151	2102	1800384	151	2219	1900424	151	2336	2000729	151	2452	2100516	151	2500	2141439	151	2569	2200522	151	2686	2300702	151	2802	2400040	151	2919	2500270	151	
119	100417	192	235	200660	192	351	300722	192	467	400823	192	500	429197	192	583	500609	192	698	600123	192	814	700271	192	930	800394	192	1000	860915	192	1046	900716	192	1162	1000748	192	1277	1100378	192	1393	1200417	192	1500	1293537	192	1508	1300485	192	1624	1400841	192	1739	1500365	192	1855	1600595	192	1971	1700652	192	2000	1725727	192	2087	1800837	192	2202	1900841	192	2314	2000690	192	2430	2100779	192	2500	2161219	192	2545	2200174	192	2661	2300159	192	2777	2400131	192	2893	2500099	192	
124	100552	234	244	200450	234	365	300474	234	486	400342	234	500	411902	234	607	500358	234	728	600370	234	849	700234	234	970	800136	234	1000	824993	234	1091	900107	234	1213	1000672	234	1333	1100075	234	1450	1200232	234	1500	1241600	234	1571	1300787	234	1692	1400627	234	1813	1500413	234	1934	1600463	234	2000	1654973	234	2055	1700319	234	2177	1800773	234	2297	1900159	234	2418	2000277	234	2500	2067877	234	2539	2100055	234	2661	2200819	234	2782	2300622	234	2903	2400387	234	3000	2480741	234	3023	2500269	234	
120	100092	228	237	200191	228	354	300424	228	469	400530	228	500	426829	228	587	500748	228	705	600852	228	823	700844	228	940	800194	228	1000	850945	228	1058	900106	228	1176	1000198	228	1294	1100074	228	1412	1200125	228	1500	1274753	228	1530	1300185	228	1647	1400268	228	1765	1500743	228	1883	1600722	228	2000	1700134	228	2000	1700179	228	2118	1800419	228	2236	1900479	228	2354	2000644	228	2472	2100544	228	2500	2124211	228	2589	2200663	228	2707	2300586	228	2825	2400705	228	2942	2500289	228	
125	100832	144	246	200313	144	368	300710	144	489	400412	144	500	409574	144	610	500470	144	732	600771	144	853	700280	144	974	800556	144	1000	822013	144	1095	900134	144	1217	1000626	144	1338	1100650	144	1459	1200425	144	1500	1234198	144	1580	1300154	144	1702	1400599	144	1823	1500274	144	1945	1600524	144	2000	1645591	144	2067	1700738	144	2188	1800228	144	2310	1900432	144	2432	2000752	144	2500	2056618	144	2553	2100376	144	2675	2200257	144	2797	2300731	144	2918	2400415	144	3000	2467855	144	3038	2500370	144	
122	100733	399	241	200663	399	360	300184	399	480	400655	399	500	417405	399	599	500264	399	717	600094	399	837	700872	399	955	800103	399	1000	837820	399	1075	900579	399	1194	1000490	399	1313	1100467	399	1432	1200422	399	1500	1257368	399	1551	1300102	399	1670	1400685	399	1788	1500043	399	1907	1600346	399	2000	1680238	399	2022	1700302	399	2141	1800814	399	2260	1900655	399	2379	2000364	399	2498	2100231	399	2500	2101934	399	2618	2200567	399	2737	2300193	399	2857	2400685	399	2976	2500331	399	
120	100089	171	238	200245	171	356	300724	171	474	400769	171	500	422871	171	591	500297	171	709	600856	171	827	700730	171	944	800121	171	1000	847869	171	1059	900455	171	1176	1000189	171	1293	1100100	171	1411	1200132	171	1500	1275919	171	1529	1300538	171	1647	1400810	171	1764	1500062	171	1882	1600440	171	1999	1700044	171	2000	1700906	171	2117	1800222	171	2235	1900477	171	2353	2000822	171	2470	2100136	171	2500	2125657	171	2588	2200593	171	2706	2300812	171	2824	2400862	171	2941	2500523	171	
121	100611	155	240	200211	155	360	300789	155	480	400607	155	500	417275	155	600	500853	155	720	600605	155	840	700358	155	959	800656	155	1000	835136	155	1078	900178	155	1198	1000317	155	1318	1100121	155	1439	1200760	155	1500	1251541	155	1559	1300523	155	1679	1400555	155	1799	1500714	155	1919	1600713	155	2000	1668134	155	2039	1700740	155	2159	1800455	155	2279	1900502	155	2399	2000349	155	2500	2084579	155	2519	2100419	155	2638	2200155	155	2759	2300830	155	2879	2400763	155	2998	2500366	155	
119	100409	238	237	200875	238	354	300544	238	471	400438	238	500	425431	238	588	500533	238	705	600512	238	823	700864	238	940	800278	238	1000	851336	238	1058	900711	238	1175	1000408	238	1293	1100806	238	1410	1200384	238	1500	1277346	238	1527	1300471	238	1645	1400848	238	1762	1500610	238	1879	1600140	238	1997	1700330	238	2000	1702917	238	2114	1800109	238	2232	1900424	238	2349	2000104	238	2467	2100619	238	2500	2128613	238	2584	2200435	238	2698	2300046	238	2815	2400094	238	2932	2500283	238	
39	101574	4418	77	201463	4418	115	301109	4418	153	401001	4418	191	500920	4418	229	601369	4418	267	701445	4418	305	801088	4418	343	900761	4418	381	1000551	4418	419	1100387	4418	457	1200369	4418	495	1300338	4418	500	1313727	4418	533	1402711	4418	568	1500844	4418	606	1601174	4418	644	1701239	4418	682	1800794	4418	720	1900566	4418	758	2000913	4418	796	2100458	4418	834	2200299	4418	872	2300392	4418	910	2400186	4418	949	2502721	4418	
39	102185	4191	76	200557	4191	114	301925	4191	151	400496	4191	189	502054	4191	225	600277	4191	263	701356	4191	301	802630	4191	338	900689	4191	376	1002110	4191	413	1100330	4191	451	1201148	4191	489	1301997	4191	500	1331251	4191	526	1400428	4191	564	1501885	4191	601	1600421	4191	639	1701513	4191	677	1802615	4191	714	1900815	4191	752	2001864	4191	789	2100596	4191	827	2201674	4191	864	2300487	4191	902	2401977	4191	939	2500920	4191	
39	101713	4653	77	201933	4653	115	302074	4653	153	402295	4653	191	502682	4653	229	602791	4653	266	700215	4653	305	802701	4653	343	902765	4653	380	1000176	4653	419	1102659	4653	456	1200293	4653	494	1300474	4653	500	1316287	4653	532	1400306	4653	570	1500714	4653	608	1600739	4653	646	1701244	4653	684	1801298	4653	722	1901757	4653	760	2002568	4653	798	2102697	4653	836	2202476	4653	874	2302406	4653	912	2402768	4653	950	2502639	4653	
39	100276	3438	77	201369	3438	115	301967	3438	152	400403	3438	190	501980	3438	228	602518	3438	265	700530	3438	303	801198	3438	341	901895	3438	379	1002395	3438	416	1100412	3438	454	1201086	3438	492	1301733	3438	500	1323092	3438	530	1402773	3438	567	1501153	3438	605	1601882	3438	643	1702608	3438	680	1800561	3438	717	1900833	3438	755	2001201	3438	793	2101835	3438	830	2200557	3438	868	2301284	3438	906	2401996	3438	944	2502290	3438	
39	101912	3509	76	202023	3509	113	301724	3509	150	401408	3509	187	500927	3509	224	600482	3509	262	702753	3509	299	801946	3509	336	902829	3509	372	1001858	3509	409	1101997	3509	446	1202379	3509	483	1302139	3509	500	1348088	3509	520	1401955	3509	557	1501237	3509	594	1600791	3509	631	1700368	3509	669	1802645	3509	706	1902418	3509	743	2002191	3509	780	2102060	3509	817	2202410	3509	854	2302435	3509	891	2402249	3509	928	2501783	3509	
38	100746	4518	75	202327	4518	112	301635	4518	149	400450	4518	187	501956	4518	224	601286	4518	262	702702	4518	299	801943	4518	336	901168	4518	374	1002146	4518	411	1101041	4518	448	1200283	4518	486	1301534	4518	500	1339004	4518	523	1400572	4518	561	1501899	4518	598	1600468	4518	636	1701578	4518	673	1800405	4518	711	1901355	4518	748	2001472	4518	785	2100192	4518	823	2201762	4518	860	2300757	4518	898	2402235	4518	935	2500919	4518	
39	100808	3699	76	200660	3699	114	301962	3699	151	400993	3699	189	502772	3699	226	601646	3699	263	700329	3699	301	801914	3699	338	900568	3699	376	1002173	3699	413	1101107	3699	451	1202625	3699	488	1301862	3699	500	1333874	3699	525	1400586	3699	563	1502739	3699	600	1601696	3699	637	1700833	3699	675	1802319	3699	712	1901593	3699	749	2001044	3699	786	2100300	3699	824	2202419	3699	860	2300332	3699	897	2400358	3699	935	2502313	3699	
39	101745	3841	76	201435	3841	113	301422	3841	150	401463	3841	187	501094	3841	224	600515	3841	262	702388	3841	299	801879	3841	336	901115	3841	373	1000935	3841	410	1100279	3841	448	1202564	3841	484	1300164	3841	500	1343256	3841	521	1400761	3841	558	1501981	3841	595	1602177	3841	632	1701436	3841	669	1800809	3841	707	1902516	3841	744	2002233	3841	781	2101762	3841	818	2201189	3841	855	2301482	3841	892	2401111	3841	929	2500671	3841	
39	100628	4255	78	202576	4255	116	301950	4255	154	401508	4255	192	501186	4255	230	602576	4255	268	702216	4255	306	801627	4255	344	901197	4255	382	1000853	4255	420	1100580	4255	458	1200295	4255	497	1302156	4255	500	1310095	4255	535	1401635	4255	573	1501467	4255	611	1600960	4255	649	1701130	4255	687	1800575	4255	725	1900443	4255	764	2002376	4255	802	2102565	4255	840	2201991	4255	878	2301596	4255	916	2402108	4255	954	2501496	4255	
39	102135	4089	76	201515	4089	113	300759	4089	150	400418	4089	188	502673	4089	225	602592	4089	262	702126	4089	299	801803	4089	336	901767	4089	373	1001261	4089	410	1100606	4089	448	1202622	4089	485	1301619	4089	500	1342171	4089	522	1401614	4089	559	1500824	4089	596	1600646	4089	633	1700240	4089	671	1802704	4089	708	1902045	4089	745	2001855	4089	782	2101325	4089	819	2200653	4089	856	2300430	4089	894	2402397	4089	931	2502256	4089	
40	101114	1897	78	200533	1897	117	302668	1897	155	402483	1897	193	502312	1897	231	602016	1897	269	701784	1897	307	801761	1897	345	901341	1897	383	1001491	1897	421	1101155	1897	459	1201240	1897	497	1301188	1897	500	1309309	1897	535	1400970	1897	573	1500703	1897	612	1602715	1897	650	1702579	1897	688	1802749	1897	724	1900174	1897	762	2000547	1897	801	2102667	1897	839	2201929	1897	877	2301601	1897	915	2401162	1897	953	2500332	1897	
42	102526	1091	80	201371	1091	118	301093	1091	156	400619	1091	195	502254	1091	233	601426	1091	271	700793	1091	309	800423	1091	348	902527	1091	385	1000862	1091	423	1100283	1091	462	1202232	1091	500	1301663	1091	500	1301825	1091	538	1401367	1091	576	1501118	1091	614	1600707	1091	652	1700288	1091	691	1802257	1091	729	1901847	1091	767	2001026	1091	805	2100264	1091	844	2201734	1091	882	2300932	1091	920	2400498	1091	958	2500330	1091	
40	101511	2160	77	201873	2160	115	302180	2160	153	401912	2160	191	501866	2160	229	601988	2160	267	702102	2160	305	801993	2160	343	901770	2160	381	1001749	2160	418	1100560	2160	456	1201360	2160	494	1301729	2160	500	1317619	2160	532	1401656	2160	570	1502051	2160	608	1602351	2160	646	1701820	2160	684	1801744	2160	722	1901968	2160	760	2002254	2160	798	2102296	2160	836	2201862	2160	874	2301751	2160	912	2402317	2160	950	2502054	2160	
42	102541	1325	80	202207	1325	118	301501	1325	156	400935	1325	194	500744	1325	232	600535	1325	271	702734	1325	309	802343	1325	347	901851	1325	385	1001165	1325	423	1100776	1325	461	1200549	1325	499	1300306	1325	500	1303054	1325	537	1400473	1325	575	1500178	1325	613	1600820	1325	651	1700863	1325	689	1800819	1325	727	1900408	1325	765	2000285	1325	804	2102769	1325	842	2202517	1325	879	2301571	1325	917	2402027	1325	955	2501683	1325	
42	102245	1299	80	200782	1299	119	301886	1299	157	400255	1299	196	501022	1299	235	601818	1299	273	700494	1299	312	801902	1299	350	900456	1299	389	1001583	1299	427	1100273	1299	466	1201423	1299	500	1289376	1299	505	1302603	1299	543	1401017	1299	581	1501584	1299	620	1602583	1299	658	1701295	1299	697	1802207	1299	735	1900622	1299	774	2002411	1299	812	2101488	1299	851	2202596	1299	889	2300906	1299	928	2401917	1299	966	2500785	1299	
41	101236	1110	79	200923	1110	117	300664	1110	155	400453	1110	193	500161	1110	231	602701	1110	269	702331	1110	307	802046	1110	345	901494	1110	383	1001929	1110	421	1101519	1110	459	1201431	1110	497	1300938	1110	500	1308917	1110	535	1400249	1110	574	1502468	1110	612	1601830	1110	650	1701674	1110	688	1801013	1110	726	1900165	1110	765	2002581	1110	803	2102535	1110	841	2202367	1110	879	2302706	1110	917	2402414	1110	954	2500760	1110	
42	100331	1471	81	200423	1471	121	301651	1471	160	400554	1471	200	502218	1471	239	601135	1471	279	702546	1471	318	801529	1471	357	900470	1471	397	1001775	1471	436	1100352	1471	476	1201784	1471	500	1262472	1471	515	1300435	1471	555	1401930	1471	594	1500790	1471	634	1602527	1471	673	1701260	1471	713	1802654	1471	752	1901158	1471	792	2002353	1471	831	2101554	1471	870	2200411	1471	910	2301614	1471	949	2400478	1471	989	2501767	1471	
40	100605	1499	78	202452	1499	115	301283	1499	152	400693	1499	190	502314	1499	227	600882	1499	265	702292	1499	302	800837	1499	340	902152	1499	377	1000878	1499	415	1102096	1499	452	1200853	1499	490	1301937	1499	500	1328618	1499	527	1400930	1499	565	1502365	1499	602	1601146	1499	639	1700190	1499	677	1801741	1499	714	1902699	1499	751	2002000	1499	788	2101064	1499	825	2200169	1499	863	2302529	1499	900	2401993	1499	937	2500789	1499	
40	100439	1232	78	202354	1232	115	301818	1232	152	401182	1232	189	500244	1232	227	601989	1232	264	701277	1232	301	800340	1232	339	902449	1232	376	1003109	1232	412	1100362	1232	450	1202043	1232	487	1301256	1232	500	1335969	1232	524	1400427	1232	562	1502295	1232	599	1601655	1232	636	1700686	1232	674	1802209	1232	711	1901158	1232	748	2000709	1232	785	2100218	1232	823	2202037	1232	860	2301441	1232	897	2400376	1232	935	2502568	1232	
42	101478	1307	80	201608	1307	118	300146	1307	157	400274	1307	196	500555	1307	235	601368	1307	274	702043	1307	313	802307	1307	351	900476	1307	390	1000999	1307	429	1101527	1307	468	1202219	1307	500	1284896	1307	506	1300557	1307	546	1402689	1307	585	1502681	1307	623	1601017	1307	662	1701622	1307	701	1802102	1307	740	1902110	1307	779	2002066	1307	817	2100218	1307	856	2200219	1307	895	2300491	1307	934	2400620	1307	973	2501149	1307	
9	111621	24334	17	210341	22454	25	308830	22454	33	407501	22454	41	506302	22454	49	605180	22454	57	704211	22454	65	803092	22454	73	902061	22454	81	1000973	22454	90	1112089	22454	98	1211119	22454	106	1310252	22454	114	1409534	22454	122	1508174	22454	130	1606915	22454	138	1705995	22454	146	1805506	22454	154	1904466	22454	162	2003207	22454	170	2102108	22454	178	2203011	22454	186	2301948	22454	194	2401159	22454	203	2512272	22454	
9	110719	24266	17	209501	24266	25	308136	24266	33	407062	24266	41	505688	24266	49	604367	24266	57	703322	24266	65	802785	24266	73	902165	24266	81	1001093	24266	89	1107467	24266	97	1207287	24266	105	1306367	24266	113	1405598	24266	121	1504243	24266	129	1603003	24266	137	1702768	24266	145	1801894	24266	153	1901006	24266	162	2012122	24266	170	2110914	24266	178	2209649	24266	186	2309508	24266	194	2408544	24266	202	2507397	24266	
9	111521	22713	17	209670	21823	25	308953	21823	33	407727	21823	41	506730	21823	49	605832	21823	57	704878	21823	65	803939	21823	73	903168	21823	81	1002203	21823	89	1101411	21823	98	1213021	21823	106	1311919	21823	114	1411346	21823	122	1510889	21823	130	1610344	21823	138	1709280	21823	146	1808470	21823	154	1907785	21823	162	2006605	21823	170	2105652	21823	178	2204461	21823	186	2303390	21823	194	2402344	21823	202	2501263	21823	
9	110718	25212	17	208932	25212	25	307333	25212	33	406094	25212	41	504344	24269	49	601939	24269	58	712701	24269	66	810961	24269	74	909266	24269	82	1007842	24269	90	1106163	24269	98	1204851	24269	106	1303363	24269	114	1402148	24269	123	1512561	24269	131	1611058	24269	139	1709636	24269	147	1807889	24269	155	1906726	24269	163	2007410	24269	171	2106026	24269	179	2204892	24269	187	2303543	24269	195	2402634	24269	203	2500946	24269	
9	111450	22768	17	209582	22768	25	308656	22768	33	408019	22768	41	507062	22768	49	606040	22768	57	705424	22768	65	804472	22768	73	906611	22768	81	1005836	22768	89	1105130	22768	97	1204528	22768	105	1303990	22768	113	1403633	22768	121	1503388	22768	129	1603442	22768	137	1702999	22768	145	1802178	22768	153	1901420	22768	162	2013028	22768	170	2112392	22768	178	2211802	22768	186	2311345	22768	194	2410482	22768	202	2509704	22768	
9	110424	23303	17	209435	23303	25	309088	23303	33	408636	23303	41	508072	23303	49	607264	23303	57	706813	23303	65	806299	23303	73	905624	23303	81	1004836	23303	89	1103993	23303	97	1202948	23303	105	1302665	23303	113	1402076	23303	121	1501422	23303	129	1600840	23303	138	1712519	23303	146	1812291	23303	154	1911433	23303	162	2010712	23303	170	2109753	23303	178	2209315	23303	186	2309056	23303	194	2408364	23303	202	2507985	23303	
9	110832	24689	17	209016	24689	25	307535	24689	33	406770	24689	41	505441	24689	49	604080	24689	57	702801	24689	65	801556	24689	74	912161	24689	82	1010421	24689	90	1109523	24689	98	1208005	24689	106	1306975	24689	114	1405665	24689	122	1505086	24689	130	1603761	24689	138	1703208	24689	146	1803725	24689	154	1902609	24689	162	2001391	24689	171	2112467	24689	179	2211414	24689	187	2309819	24689	195	2408647	24689	203	2507363	24689	
9	111325	25425	17	208874	25425	25	307038	25425	33	404928	25425	41	502445	25425	50	612252	25425	57	701057	25425	66	811143	25425	74	908675	25425	82	1006468	25425	90	1104560	25425	98	1202306	25425	107	1312774	25425	115	1410617	25425	123	1508159	25425	131	1605603	25425	139	1703156	25425	147	1800904	25425	156	1910944	25425	164	2008680	25425	172	2106188	25425	180	2203733	25425	188	2301546	25425	197	2411074	25425	205	2509025	25425	
9	111537	24549	17	211150	24549	25	310845	24549	33	410469	24549	41	510489	24549	49	610195	24549	57	709905	24549	65	809334	24549	73	909481	24549	81	1009115	24549	89	1108743	24549	97	1208327	24549	105	1308015	24549	113	1408605	24549	121	1508504	24549	129	1608057	24549	137	1707915	24549	145	1807663	24549	153	1907981	24549	161	2007950	24549	169	2107714	24549	177	2207129	24549	185	2306875	24549	193	2407026	24549	201	2507006	24549	
9	110618	25382	17	209664	25382	25	308026	24441	33	406801	24441	41	505563	24441	49	604668	24441	57	703932	24441	65	802803	24441	73	902086	24441	82	1013032	24441	90	1112068	24441	98	1210876	24441	106	1309803	24441	114	1408921	24441	122	1507950	24441	130	1609203	24441	138	1708089	24441	146	1807337	24441	154	1906445	24441	162	2005190	24441	170	2103949	24441	178	2202832	24441	186	2303071	24441	194	2402054	24441	202	2500911	24441	
9	109699	25565	17	206751	25565	25	304227	25565	33	401303	25565	42	513009	25565	50	610551	25565	58	707700	25565	66	805342	25565	74	902505	25565	83	1011597	25565	91	1108387	25565	99	1205555	25565	107	1302880	25565	116	1412174	25565	124	1509784	25565	132	1606913	25565	140	1704101	25565	148	1801116	25565	157	1910100	25565	165	2007689	25565	173	2104653	25565	181	2201869	25565	190	2310857	25565	198	2408305	25565	206	2506135	25565	
9	107330	25100	17	202458	25100	26	308984	25100	34	403494	25100	43	509705	25100	51	604619	25100	60	711226	25100	68	806002	25100	76	900905	25100	85	1007486	25100	93	1102717	25100	102	1209795	25100	110	1304474	25100	119	1410949	25100	127	1505679	25100	136	1612177	25100	144	1706906	25100	152	1801667	25100	161	1907955	25100	169	2002446	25100	178	2109056	25100	186	2203946	25100	195	2310163	25100	203	2406860	25100	211	2502776	25100	
9	109932	25298	17	207570	25298	25	305215	25298	33	402960	25298	42	512876	25298	50	610528	25298	58	708262	25298	66	806443	25298	74	904621	25298	82	1002144	25298	91	1111860	25298	99	1209319	25298	107	1307775	25298	115	1407836	25298	123	1505721	25298	131	1603393	25298	139	1701105	25298	148	1810819	25298	156	1908651	25298	164	2006133	25298	172	2104081	25298	180	2201910	25298	189	2311898	25298	197	2409541	25298	205	2507175	25298	
9	108580	25129	17	205594	25129	25	304637	25129	33	401568	25129	42	510226	25129	50	606876	25129	58	703620	25129	67	812196	25129	75	909221	25129	83	1005899	25129	91	1102582	25129	100	1211283	25129	108	1308371	25129	116	1405157	25129	124	1502118	25129	133	1610886	25129	141	1707720	25129	149	1804538	25129	157	1901281	25129	166	2010558	25129	174	2107131	25129	182	2203815	25129	191	2312429	25129	199	2409302	25129	207	2506021	25129	
9	108391	25094	17	204707	25094	25	300954	25094	34	408964	25094	42	504748	25094	50	601099	25094	59	708981	25094	67	805287	25094	75	901266	25094	84	1009520	25094	92	1105486	25094	100	1201323	25094	109	1309321	25094	117	1405615	25094	125	1501707	25094	134	1609710	25094	142	1705726	25094	150	1801515	25094	159	1909516	25094	167	2005639	25094	175	2101796	25094	183	2204021	25094	191	2302176	25094	200	2410683	25094	208	2506870	25094	
9	108204	25616	17	204110	25616	26	311870	25616	34	407546	25616	42	503316	25616	51	611575	25616	59	707535	25616	67	803572	25616	76	911438	25616	84	1007738	25616	92	1110322	25616	100	1207230	25616	108	1303045	25616	117	1410892	25616	125	1506971	25616	133	1603043	25616	142	1711224	25616	150	1807420	25616	158	1903185	25616	167	2011173	25616	175	2107713	25616	183	2203582	25616	192	2311309	25616	200	2407278	25616	208	2503288	25616	
9	112504	25347	17	210314	25347	25	308437	25347	33	405958	25347	41	503412	25347	49	601403	25347	58	712129	25347	66	809745	25347	74	907689	25347	82	1005007	25347	90	1102546	25347	99	1211919	25347	107	1309412	25347	115	1407488	25347	123	1505435	25347	131	1603263	25347	139	1701781	25347	148	1811898	25347	156	1909384	25347	164	2007026	25347	172	2105161	25347	180	2202740	25347	188	2300907	25347	197	2410753	25347	205	2508517	25347	
9	109224	25118	17	206009	25118	25	303053	25118	34	412097	25118	42	509210	25118	50	606348	25118	58	703269	25118	67	812310	25118	75	909462	25118	83	1006130	25118	91	1103037	25118	100	1211756	25118	108	1308757	25118	116	1405746	25118	124	1502953	25118	133	1611736	25118	141	1708563	25118	149	1805444	25118	157	1901987	25118	165	2001638	25118	174	2110276	25118	182	2206683	25118	190	2303443	25118	199	2412382	25118	207	2509451	25118	
9	107569	25350	17	203107	25350	26	310173	25350	34	405208	25350	43	512301	25350	51	607619	25350	59	702855	25350	68	810337	25350	76	907748	25350	84	1003524	25350	93	1110899	25350	101	1206203	25350	109	1301733	25350	118	1409014	25350	126	1504495	25350	135	1611786	25350	143	1707003	25350	151	1802287	25350	160	1909616	25350	168	2005049	25350	176	2101159	25350	185	2208051	25350	193	2303260	25350	202	2410968	25350	210	2506061	25350	
9	108506	25265	17	204791	25265	26	312611	25265	34	409328	25265	42	505264	25265	50	601285	25265	59	709268	25265	67	805394	25265	75	901349	25265	84	1009720	25265	92	1106371	25265	100	1202387	25265	109	1310003	25265	117	1405923	25265	125	1501995	25265	134	1609865	25265	142	1705843	25265	150	1801950	25265	159	1910567	25265	167	2006727	25265	175	2102855	25265	184	2210959	25265	192	2307114	25265	200	2403103	25265	209	2510927	25265	
127	100066	78	255	200690	78	382	300774	78	500	393586	78	509	400710	78	636	500528	78	763	600261	78	890	700321	78	1000	786831	78	1017	800292	78	1144	900219	78	1271	1000432	78	1398	1100272	78	1500	1180106	78	1526	1200514	78	1653	1300057	78	1781	1400498	78	1908	1500801	78	2000	1573203	78	2034	1600133	78	2161	1700156	78	2288	1800715	78	2412	1900135	78	2500	1970703	78	2538	2000514	78	2665	2100404	78	2792	2200043	78	2920	2300508	78	3000	2363561	78	3047	2400495	78	3174	2500042	78	
125	100461	66	249	200455	66	374	300785	66	498	400407	66	500	402035	66	622	500099	66	747	600510	66	871	700249	66	994	800150	66	1000	805068	66	1118	900273	66	1242	1000192	66	1364	1100132	66	1488	1200794	66	1500	1210540	66	1611	1300229	66	1736	1400657	66	1861	1500812	66	1985	1600316	66	2000	1612350	66	2110	1700683	66	2234	1800790	66	2358	1900782	66	2482	2000283	66	2500	2014768	66	2606	2100060	66	2730	2200054	66	2855	2300756	66	2979	2400509	66	3000	2417376	66	3104	2500759	66	
129	100662	86	257	200777	86	374	300058	86	500	398877	86	502	400462	86	629	500120	86	757	600182	86	885	700424	86	1000	790391	86	1013	800624	86	1141	900782	86	1269	1000642	86	1397	1100639	86	1500	1180975	86	1525	1200499	86	1653	1300366	86	1781	1400281	86	1909	1500088	86	2000	1571185	86	2037	1600082	86	2165	1700128	86	2293	1800254	86	2421	1900317	86	2500	1961969	86	2549	2000353	86	2677	2100685	86	2805	2200581	86	2933	2300429	86	3000	2352769	86	3061	2400550	86	3189	2500442	86	
128	100054	59	256	200122	59	384	300253	59	500	391024	59	512	400394	59	640	500090	59	769	600772	59	897	700589	59	1000	781000	59	1025	800604	59	1152	900159	59	1280	1000562	59	1408	1100512	59	1500	1172311	59	1536	1200594	59	1663	1300125	59	1790	1400564	59	1918	1500747	59	2000	1564924	59	2046	1600744	59	2173	1700412	59	2301	1800728	59	2429	1900774	59	2500	1956206	59	2557	2000778	59	2684	2100793	59	2812	2200434	59	2940	2300366	59	3000	2347214	59	3068	2400292	59	3193	2500441	59	
121	100420	87	242	200336	87	362	300807	87	482	400199	87	500	415069	87	602	500119	87	723	600557	87	843	700185	87	964	800629	87	1000	830539	87	1084	900413	87	1205	1000728	87	1325	1100566	87	1445	1200115	87	1500	1245828	87	1566	1300567	87	1686	1400221	87	1807	1500558	87	1927	1600216	87	2000	1662911	87	2044	1700185	87	2164	1800280	87	2285	1900516	87	2405	2000282	87	2500	2079457	87	2525	2100250	87	2646	2200787	87	2766	2300337	87	2887	2400818	87	3000	2494449	87	3007	2500350	87	
138	100217	88	276	200466	88	413	300233	88	500	364081	88	550	400318	88	688	500700	88	825	600165	88	963	700272	88	1000	727128	88	1101	800307	88	1236	900570	88	1372	1000049	88	1500	1094068	88	1509	1100747	88	1645	1200371	88	1783	1300698	88	1920	1400132	88	2000	1458347	88	2058	1500623	88	2195	1600613	88	2332	1700403	88	2470	1800679	88	2500	1822511	88	2607	1900247	88	2743	2000507	88	2879	2100729	88	3000	2189251	88	3015	2200375	88	3152	2300704	88	3288	2400255	88	3426	2500689	88	
119	100834	86	239	200081	86	361	300838	86	482	400642	86	500	415606	86	602	500039	86	723	600263	86	844	700514	86	965	800645	86	1000	829582	86	1086	900510	86	1207	1000498	86	1328	1100458	86	1448	1200282	86	1500	1243206	86	1569	1300110	86	1690	1400045	86	1811	1500040	86	1932	1600774	86	2000	1656885	86	2052	1700270	86	2173	1800334	86	2294	1900302	86	2415	2000121	86	2500	2070457	86	2536	2100343	86	2656	2200080	86	2778	2300711	86	2899	2400675	86	3000	2484227	86	3020	2500744	86	
133	100683	55	265	200140	55	397	300321	55	500	378306	55	529	400375	55	661	500315	55	792	600242	55	924	700100	55	1000	757539	55	1057	800670	55	1189	900633	55	1320	1000288	55	1452	1100649	55	1500	1136871	55	1584	1200413	55	1715	1300118	55	1847	1400556	55	1979	1500369	55	2000	1516360	55	2111	1600663	55	2242	1700566	55	2374	1800591	55	2500	1895899	55	2506	1900446	55	2639	2000724	55	2771	2100708	55	2903	2200352	55	3000	2276977	55	3031	2300557	55	3162	2400129	55	3294	2500537	55	
124	100426	88	248	200627	88	371	300205	88	495	400106	88	500	404178	88	619	500231	88	743	600138	88	867	700343	88	991	800339	88	1000	807608	88	1115	900506	88	1239	1000595	88	1363	1100568	88	1487	1200528	88	1500	1211176	88	1611	1300722	88	1733	1400234	88	1854	1500308	88	1977	1600088	88	2000	1618803	88	2101	1700665	88	2224	1800127	88	2348	1900405	88	2472	2000683	88	2500	2023393	88	2596	2100795	88	2720	2200822	88	2842	2300388	88	2966	2400442	88	3000	2427891	88	3090	2500414	88	
125	100658	94	249	200261	94	374	300657	94	499	400655	94	500	401491	94	623	500182	94	745	600148	94	869	700602	94	994	800777	94	1000	805603	94	1118	900248	94	1243	1000684	94	1367	1100106	94	1492	1200413	94	1500	1206835	94	1617	1300371	94	1742	1400637	94	1866	1500137	94	1991	1600745	94	2000	1607958	94	2115	1700474	94	2239	1800237	94	2364	1900509	94	2488	2000062	94	2500	2009725	94	2613	2100305	94	2737	2200135	94	2863	2300731	94	2987	2400772	94	3000	2411260	94	3111	2500816	94	
149	100312	84	297	200202	84	444	300479	84	500	338209	84	592	400060	84	741	500600	84	888	600042	84	1000	675937	84	1036	700266	84	1184	800204	84	1333	900505	84	1480	1000404	84	1500	1013904	84	1628	1100325	84	1776	1200608	84	1924	1300389	84	2000	1351628	84	2072	1400277	84	2221	1500671	84	2369	1600483	84	2500	1689357	84	2516	1700118	84	2665	1800682	84	2813	1900696	84	2959	2000534	84	3000	2028594	84	3105	2100393	84	3253	2200697	84	3400	2300027	84	3500	2367361	84	3549	2400526	84	3697	2500576	84	
132	100112	82	264	200117	82	396	300287	82	500	379135	82	528	400323	82	659	500158	82	791	600042	82	923	700274	82	1000	758576	82	1055	800224	82	1187	900295	82	1319	1000553	82	1451	1100361	82	1500	1137397	82	1583	1200477	82	1715	1300349	82	1847	1400159	82	1978	1500291	82	2000	1517154	82	2110	1600695	82	2241	1700168	82	2373	1800105	82	2500	1896010	82	2506	1900567	82	2635	2000451	82	2766	2100681	82	2897	2200046	82	3000	2278209	82	3029	2300785	82	3160	2400262	82	3292	2500298	82	
139	100667	54	277	200751	54	414	300121	54	500	362361	54	553	400739	54	691	500710	54	828	600069	54	966	700414	54	1000	725014	54	1104	800317	54	1242	900302	54	1380	1000408	54	1500	1087502	54	1518	1100633	54	1652	1200143	54	1790	1300632	54	1927	1400034	54	2000	1453274	54	2063	1500197	54	2201	1600392	54	2338	1700232	54	2476	1800449	54	2500	1817807	54	2614	1900474	54	2751	2000371	54	2889	2100530	54	3000	2181789	54	3026	2200601	54	3164	2300719	54	3301	2400150	54	3439	2500530	54	
144	100517	58	288	200586	58	432	300564	58	500	347828	58	571	400047	58	715	500473	58	857	600032	58	1000	699769	58	1001	700501	58	1144	800268	58	1288	900370	58	1432	1000543	58	1500	1047909	58	1575	1100047	58	1719	1200263	58	1863	1300265	58	2000	1396015	58	2006	1400370	58	2150	1500593	58	2293	1600602	58	2435	1700147	58	2500	1745341	58	2579	1800230	58	2723	1900548	58	2866	2000405	58	3000	2093771	58	3009	2100075	58	3153	2200105	58	3297	2300570	58	3440	2400060	58	3500	2441763	58	3584	2500430	58	
127	100112	49	255	200547	49	382	300040	49	500	392112	49	511	400775	49	638	500437	49	765	600050	49	893	700586	49	1000	784538	49	1020	800209	49	1148	900573	49	1276	1000358	49	1404	1100373	49	1500	1175268	49	1532	1200329	49	1660	1300550	49	1788	1400558	49	1915	1500240	49	2000	1567030	49	2043	1600758	49	2171	1700731	49	2298	1800149	49	2426	1900530	49	2500	1958588	49	2554	2000806	49	2681	2100188	49	2810	2200639	49	2937	2300156	49	3000	2349557	49	3065	2400762	49	3193	2500814	49	
144	100603	49	287	200033	49	431	300349	49	500	348371	49	574	400162	49	718	500491	49	861	600128	49	1000	696951	49	1005	700507	49	1149	800709	49	1292	900158	49	1436	1000208	49	1500	1044803	49	1579	1100041	49	1724	1200675	49	1867	1300700	49	2000	1393493	49	2010	1400536	49	2153	1500247	49	2296	1600593	49	2440	1700493	49	2500	1744009	49	2580	1800680	49	2723	1900078	49	2867	2000274	49	3000	2092800	49	3011	2100511	49	3155	2200512	49	3297	2300159	49	3440	2400094	49	3500	2441907	49	3583	2500484	49	
138	100083	57	276	200553	57	414	300401	57	500	362631	57	552	400333	57	690	500646	57	828	600550	57	966	700533	57	1000	725068	57	1104	800599	57	1242	900586	57	1376	1000672	57	1500	1090783	57	1513	1100222	57	1651	1200274	57	1789	1300090	57	1927	1400077	57	2000	1453178	57	2065	1500203	57	2203	1600430	57	2341	1700265	57	2479	1800196	57	2500	1815505	57	2617	1900580	57	2755	2000576	57	2892	2100332	57	3000	2178467	57	3030	2200140	57	3168	2300372	57	3306	2400154	57	3444	2500581	57	
131	100274	63	258	200359	63	389	300641	63	500	385486	63	519	400074	63	650	500118	63	781	600661	63	911	700281	63	1000	768275	63	1042	800438	63	1172	900330	63	1303	1000338	63	1434	1100437	63	1500	1150659	63	1565	1200137	63	1696	1300632	63	1826	1400190	63	1957	1500134	63	2000	1532891	63	2088	1600149	63	2219	1700167	63	2350	1800089	63	2481	1900058	63	2500	1914530	63	2612	2000124	63	2744	2100661	63	2875	2200644	63	3000	2295870	63	3006	2300480	63	3137	2400534	63	3268	2500497	63	
143	100420	61	284	200594	61	426	300249	61	500	352207	61	568	400345	61	711	500636	61	853	600497	61	995	700085	61	1000	703582	61	1138	800449	61	1280	900166	61	1423	1000392	61	1500	1054485	61	1565	1100156	61	1708	1200326	61	1851	1300673	61	1993	1400375	61	2000	1405432	61	2135	1500125	61	2278	1600528	61	2420	1700439	61	2500	1757190	61	2562	1800628	61	2704	1900057	61	2847	2000207	61	2990	2100388	61	3000	2107421	61	3132	2200247	61	3273	2300781	61	3412	2400046	61	3500	2462152	61	3554	2500250	61	
129	100160	87	258	200550	87	387	300689	87	500	388322	87	516	400794	87	645	500707	87	773	600037	87	902	700186	87	1000	776185	87	1031	800285	87	1160	900243	87	1289	1000146	87	1418	1100355	87	1500	1163852	87	1547	1200369	87	1676	1300304	87	1804	1400147	87	1930	1500264	87	2000	1555318	87	2058	1600646	87	2187	1700782	87	2315	1800481	87	2444	1900531	87	2500	1943836	87	2573	2000393	87	2702	2100600	87	2830	2200132	87	2958	2300203	87	3000	2333030	87	3087	2400527	87	3216	2500461	87	
47	101017	337	94	202092	337	140	301207	337	187	401961	337	233	500474	337	280	601880	337	325	701072	337	371	800400	337	418	901244	337	465	1002183	337	500	1077887	337	511	1101677	337	557	1201200	337	604	1302166	337	650	1401558	337	696	1500692	337	742	1600468	337	789	1701586	337	835	1800895	337	882	1901766	337	928	2000469	337	975	2101815	337	1000	2155600	337	1021	2201270	337	1068	2302174	337	1114	2401432	337	1160	2500437	337	
41	101117	351	82	202385	351	122	301114	351	163	402339	351	203	501080	351	244	602255	351	284	700741	351	325	802258	351	365	900920	351	406	1001660	351	446	1100431	351	487	1201770	351	500	1234063	351	527	1300688	351	568	1401754	351	608	1501110	351	648	1600179	351	689	1701629	351	729	1800705	351	770	1902161	351	810	2001250	351	851	2102440	351	891	2201111	351	932	2302672	351	972	2401520	351	1000	2470771	351	1012	2501231	351	
42	100981	339	84	201295	339	126	302127	339	167	400723	339	209	501095	339	251	602004	339	293	702508	339	334	800905	339	376	901862	339	418	1002370	339	459	1101752	339	500	1199897	339	501	1202406	339	542	1300837	339	584	1401654	339	626	1502088	339	667	1600294	339	709	1700482	339	751	1801617	339	793	1902235	339	833	2000508	339	875	2101103	339	917	2201850	339	958	2300616	339	1000	2401322	339	1000	2401463	339	1042	2501892	339	
45	100205	325	90	200364	325	135	300361	325	180	400540	325	225	500509	325	270	600402	325	316	702309	325	360	800284	325	405	900319	325	450	1001062	325	494	1100872	325	500	1114607	325	539	1202259	325	583	1300147	325	628	1400293	325	674	1502262	325	718	1600314	325	764	1702210	325	809	1802088	325	853	1900228	325	899	2002221	325	944	2102325	325	988	2200443	325	1000	2227399	325	1033	2301115	325	1078	2401322	325	1123	2502246	325	
44	100162	355	89	202402	355	132	302190	355	176	401935	355	220	501696	355	264	601925	355	308	701800	355	352	801515	355	396	901366	355	439	1000910	355	483	1100702	355	500	1140293	355	527	1201917	355	571	1301742	355	615	1401518	355	659	1501722	355	703	1601640	355	747	1701413	355	791	1800860	355	835	1900405	355	879	2000250	355	924	2102324	355	968	2202538	355	1000	2278407	355	1008	2300303	355	1051	2402721	355	1093	2500785	355	
42	101512	339	83	201073	339	124	300601	339	166	401913	339	207	501433	339	248	600703	339	290	702407	339	331	802039	339	372	901954	339	413	1001059	339	454	1100512	339	496	1201929	339	500	1211792	339	537	1301199	339	578	1400355	339	620	1501847	339	661	1600790	339	703	1702514	339	744	1801830	339	785	1901226	339	826	2001001	339	867	2100311	339	909	2201812	339	950	2300837	339	991	2400519	339	1000	2422707	339	1032	2500169	339	
46	101751	385	91	201147	385	136	300496	385	182	402189	385	227	501400	385	272	600876	385	317	700517	385	363	802183	385	408	902082	385	453	1001361	385	498	1100713	385	500	1105237	385	543	1200475	385	588	1301022	385	633	1401503	385	678	1500870	385	724	1602134	385	769	1701401	385	813	1800234	385	859	1902271	385	904	2001645	385	949	2100844	385	994	2200559	385	1000	2214020	385	1039	2300370	385	1085	2401992	385	1130	2501456	385	
48	101367	345	95	200843	345	142	300483	345	190	402131	345	237	501929	345	284	601039	345	331	700294	345	378	800261	345	425	900282	345	471	1000299	345	500	1061856	345	519	1102208	345	566	1202011	345	613	1301516	345	660	1400821	345	707	1500509	345	755	1601788	345	802	1701279	345	849	1800723	345	897	1902037	345	944	2001500	345	991	2100972	345	1000	2119996	345	1038	2200379	345	1086	2301782	345	1133	2401782	345	1180	2501143	345	
44	100945	369	88	201174	369	132	300543	369	177	402301	369	221	501255	369	265	600288	369	310	701043	369	354	800163	369	399	901890	369	443	1001283	369	488	1102362	369	500	1129257	369	532	1201975	369	576	1301958	369	620	1401319	369	664	1500715	369	709	1602341	369	753	1701403	369	797	1800724	369	841	1900345	369	886	2001674	369	930	2101351	369	974	2200474	369	1000	2259433	369	1018	2300270	369	1063	2401723	369	1107	2500972	369	
44	101154	358	88	201967	358	131	301436	358	175	401980	358	218	500732	358	262	601544	358	306	702294	358	349	800548	358	393	901645	358	437	1002348	358	480	1100797	358	500	1146809	358	524	1202070	358	567	1300919	358	611	1401466	358	655	1502342	358	698	1601143	358	742	1701779	358	785	1800299	358	829	1901270	358	872	2000250	358	916	2101268	358	960	2202213	358	1000	2296609	358	1002	2301414	358	1045	2400703	358	1089	2501209	358	
46	102226	376	91	202106	376	136	302005	376	181	401566	376	226	501223	376	271	600804	376	316	700435	376	361	800776	376	406	900410	376	451	1000942	376	496	1101621	376	500	1110661	376	540	1200240	376	585	1300628	376	629	1400202	376	674	1501057	376	719	1600770	376	764	1700506	376	809	1800715	376	854	1900350	376	899	2000242	376	944	2100253	376	989	2200388	376	1000	2224741	376	1034	2300406	376	1079	2400708	376	1124	2501090	376	
43	100324	333	86	200708	333	129	301049	333	172	401741	333	215	501826	333	255	601764	333	298	702232	333	341	802135	333	384	902241	333	427	1002415	333	469	1100531	333	500	1172845	333	512	1200912	333	555	1301719	333	598	1401624	333	641	1501492	333	684	1601850	333	727	1702024	333	770	1802143	333	813	1902342	333	855	2000525	333	898	2100933	333	941	2201622	333	984	2301878	333	1000	2339512	333	1026	2400449	333	1069	2500662	333	
45	100296	357	90	200657	357	135	300772	357	180	401067	357	225	500634	357	270	600521	357	314	701332	357	359	800813	357	404	900707	357	449	1000305	357	494	1100352	357	500	1113743	357	539	1200278	357	585	1302282	357	630	1402347	357	674	1500602	357	719	1600513	357	764	1700621	357	809	1800664	357	854	1900402	357	899	2000187	357	944	2100305	357	989	2200331	357	1000	2224874	357	1034	2300413	357	1079	2400540	357	1124	2500570	357	
46	101162	337	92	201719	337	138	302165	337	183	400662	337	229	501362	337	275	601903	337	320	700328	337	366	801029	337	412	901315	337	458	1001782	337	500	1093403	337	504	1102229	337	549	1200854	337	595	1301035	337	641	1401003	337	687	1501756	337	732	1601020	337	778	1701348	337	824	1801856	337	869	1902269	337	914	2000522	337	960	2101056	337	1000	2188337	337	1006	2201657	337	1052	2302116	337	1097	2400776	337	1143	2500955	337	
47	101838	349	93	200590	349	140	301456	349	186	400441	349	233	501509	349	279	600666	349	325	700339	349	372	801996	349	418	900750	349	464	1001114	349	500	1079231	349	510	1100776	349	557	1201746	349	603	1301488	349	649	1401333	349	695	1500411	349	742	1601949	349	788	1700982	349	835	1802181	349	881	1900906	349	928	2001843	349	974	2100927	349	1000	2156801	349	1021	2202102	349	1067	2300882	349	1114	2401677	349	1160	2500811	349	
44	102226	355	85	200149	355	128	300341	355	171	400510	355	214	501459	355	257	601594	355	300	701220	355	343	801160	355	386	901366	355	429	1001605	355	472	1101875	355	500	1166886	355	515	1201933	355	558	1302249	355	601	1401903	355	644	1501976	355	687	1602142	355	730	1701840	355	772	1800135	355	815	1900928	355	858	2001583	355	901	2101741	355	944	2201408	355	987	2301628	355	1000	2331877	355	1030	2402378	355	1073	2502062	355	
46	101585	349	91	200788	349	136	300968	349	181	400924	349	226	500386	349	272	601612	349	317	701173	349	362	801091	349	407	901212	349	452	1000843	349	497	1100244	349	500	1107035	349	542	1200407	349	588	1301911	349	633	1401339	349	678	1500498	349	723	1600415	349	769	1701817	349	814	1801174	349	859	1901526	349	904	2001110	349	949	2101118	349	994	2200726	349	1000	2213947	349	1039	2300290	349	1084	2402217	349	1129	2501617	349	
46	101214	375	92	202258	375	137	301425	375	182	400510	375	228	501609	375	273	600323	375	319	701441	375	364	800163	375	410	901062	375	455	1000451	375	500	1099438	375	501	1101806	375	546	1200414	375	592	1301599	375	637	1400519	375	682	1501456	375	727	1600216	375	773	1701560	375	818	1800571	375	864	1902063	375	909	2001343	375	955	2102228	375	1000	2201297	375	1000	2201430	375	1045	2300269	375	1091	2401190	375	1136	2500713	375	
47	101529	332	93	201046	332	139	300472	332	186	401951	332	232	501238	332	278	602036	332	321	701697	332	367	801464	332	413	901785	332	459	1001667	332	500	1090864	332	505	1101870	332	551	1201297	332	597	1300711	332	643	1400368	332	690	1502011	332	736	1601222	332	782	1700423	332	829	1801758	332	875	1901463	332	921	2000739	332	967	2100257	332	1000	2171368	332	1014	2201740	332	1059	2300522	332	1105	2400442	332	1152	2502282	332	
49	102016	340	97	201447	340	145	301142	340	193	400556	340	242	502066	340	290	601391	340	338	700714	340	386	800623	340	434	900202	340	482	1000209	340	500	1037818	340	530	1100154	340	579	1202080	340	627	1301409	340	675	1400598	340	723	1500254	340	772	1602113	340	820	1701697	340	868	1801565	340	916	1900474	340	964	2000150	340	1000	2075334	340	1012	2100272	340	1061	2201791	340	1109	2301842	340	1157	2401446	340	1205	2500773	340	
10	107212	1669	19	203663	1669	29	310595	1669	38	406961	1669	47	503028	1669	57	609716	1669	66	706023	1669	75	802335	1669	85	909596	1669	94	1006003	1669	103	1102737	1669	113	1210044	1669	122	1306685	1669	131	1403033	1669	141	1510254	1669	150	1606541	1669	159	1703206	1669	169	1810172	1669	178	1909140	1669	187	2005976	1669	196	2102787	1669	206	2209842	1669	215	2306338	1669	224	2402637	1669	234	2510026	1669	
10	106071	1769	19	201407	1769	29	307132	1769	38	402277	1769	48	507936	1769	57	603181	1769	67	708887	1769	76	805327	1769	85	902385	1769	95	1008145	1769	104	1103737	1769	114	1209787	1769	123	1304996	1769	133	1410869	1769	142	1506653	1769	151	1601896	1769	161	1707934	1769	170	1802953	1769	180	1908211	1769	189	2003429	1769	199	2109182	1769	208	2204341	1769	218	2310201	1769	227	2405424	1769	237	2510809	1769	
10	105361	1800	20	210043	1800	29	304383	1800	39	408595	1800	48	502587	1800	58	606928	1800	67	701236	1800	77	805665	1800	87	910378	1800	96	1005011	1800	106	1109634	1800	115	1203770	1800	125	1308242	1800	134	1402149	1800	144	1506613	1800	153	1600819	1800	163	1705677	1800	173	1810883	1800	182	1906419	1800	191	2001181	1800	201	2105574	1800	211	2210553	1800	220	2305125	1800	230	2409778	1800	239	2503754	1800	
10	105058	1759	20	209401	1759	29	303603	1759	39	408660	1759	48	502714	1759	58	607386	1759	67	702121	1759	77	806943	1759	86	901361	1759	96	1006234	1759	106	1110524	1759	115	1204829	1759	125	1309408	1759	134	1403581	1759	144	1507852	1759	153	1601735	1759	163	1706178	1759	172	1802554	1759	182	1907026	1759	191	2001416	1759	201	2105932	1759	211	2210339	1759	220	2304554	1759	230	2408748	1759	239	2503368	1759	
10	106102	1726	19	201656	1726	29	307507	1726	38	402987	1726	48	508807	1726	57	604373	1726	67	711951	1726	76	808144	1726	85	903677	1726	95	1009610	1726	104	1105366	1726	113	1200732	1726	123	1306771	1726	132	1402331	1726	142	1508715	1726	151	1604225	1726	161	1710964	1726	170	1806609	1726	179	1902150	1726	189	2008407	1726	198	2104017	1726	208	2209821	1726	217	2305677	1726	226	2400882	1726	236	2506643	1726	
10	105502	1758	20	210507	1758	29	305082	1758	39	410002	1758	48	504714	1758	58	609617	1758	67	704526	1758	77	809470	1758	86	904025	1758	96	1008906	1758	105	1103666	1758	115	1208386	1758	124	1302637	1758	134	1407086	1758	143	1501770	1758	153	1606553	1758	162	1701327	1758	172	1806220	1758	181	1900839	1758	191	2005987	1758	201	2110786	1758	210	2205492	1758	220	2310271	1758	229	2404849	1758	239	2510036	1758	
10	104674	1712	20	209111	1712	29	303817	1712	39	408635	1712	48	502892	1712	58	607631	1712	67	702176	1712	77	807334	1712	86	902907	1712	96	1007894	1712	105	1102214	1712	115	1207163	1712	124	1301874	1712	134	1406468	1712	144	1511064	1712	153	1605585	1712	162	1702271	1712	172	1806867	1712	181	1901057	1712	191	2005946	1712	201	2110547	1712	210	2205611	1712	220	2310857	1712	229	2405226	1712	239	2509849	1712	
10	105383	1712	20	210457	1712	29	305071	1712	39	409934	1712	48	504247	1712	58	611304	1712	67	706053	1712	76	801149	1712	86	906172	1712	96	1011160	1712	105	1105617	1712	115	1210810	1712	124	1305515	1712	134	1410465	1712	143	1505174	1712	153	1610368	1712	162	1705286	1712	172	1810177	1712	181	1904701	1712	191	2009825	1712	200	2104632	1712	210	2210032	1712	219	2305988	1712	229	2410762	1712	238	2505232	1712	
10	106929	1743	19	202772	1743	29	308886	1743	38	404639	1743	48	510754	1743	57	606395	1743	66	702637	1743	76	808999	1743	85	904756	1743	95	1011243	1743	104	1106999	1743	113	1203093	1743	123	1309431	1743	132	1405232	1743	141	1501489	1743	151	1608117	1743	160	1704316	1743	170	1811227	1743	179	1907097	1743	188	2003206	1743	198	2109630	1743	207	2205176	1743	216	2301627	1743	226	2408005	1743	235	2503669	1743	
10	106728	1684	19	202597	1684	29	309189	1684	38	405338	1684	47	501250	1684	57	607753	1684	66	703787	1684	76	810633	1684	85	906536	1684	94	1002327	1684	104	1108981	1684	113	1204915	1684	123	1311301	1684	132	1407230	1684	141	1503599	1684	150	1601315	1684	160	1707777	1684	169	1803683	1684	179	1909871	1684	188	2005757	1684	197	2101214	1684	207	2207950	1684	216	2303851	1684	226	2410113	1684	235	2506067	1684	
10	103263	1705	20	206550	1705	30	309720	1705	39	402621	1705	49	505564	1705	58	601100	1705	68	704418	1705	78	807458	1705	88	910705	1705	97	1003745	1705	107	1107236	1705	117	1210470	1705	126	1304381	1705	136	1407671	1705	145	1500858	1705	155	1604069	1705	165	1707926	1705	174	1800855	1705	184	1903957	1705	194	2007189	1705	204	2109964	1705	213	2203230	1705	223	2306769	1705	233	2410181	1705	242	2503286	1705	
11	109087	1778	21	208021	1778	31	307161	1778	41	405855	1778	51	504367	1778	61	603414	1778	71	702471	1778	81	801197	1778	92	909652	1778	102	1008384	1778	112	1107123	1778	122	1205891	1778	132	1304686	1778	142	1403595	1778	152	1502321	1778	162	1601629	1778	173	1710264	1778	183	1809154	1778	193	1907905	1778	203	2006674	1778	213	2105479	1778	223	2204261	1778	233	2302867	1778	243	2401593	1778	254	2510682	1778	
10	104762	1776	20	209455	1776	29	303590	1776	39	408048	1776	48	502043	1776	58	607051	1776	67	701095	1776	77	806292	1776	86	900797	1776	96	1005650	1776	106	1110122	1776	115	1204213	1776	125	1308758	1776	134	1402918	1776	144	1509030	1776	153	1604524	1776	163	1709045	1776	172	1803048	1776	182	1907595	1776	191	2001826	1776	201	2105957	1776	211	2210323	1776	220	2304220	1776	230	2408256	1776	239	2502222	1776	
10	102692	1737	20	205404	1737	30	308063	1737	40	410615	1737	49	510088	1737	58	603037	1737	68	706022	1737	78	808579	1737	87	901015	1737	97	1003925	1737	107	1106194	1737	117	1208433	1737	127	1310794	1737	136	1402883	1737	146	1505337	1737	156	1607801	1737	166	1710734	1737	175	1803136	1737	185	1905428	1737	195	2007658	1737	205	2110033	1737	214	2202305	1737	224	2304550	1737	234	2406802	1737	244	2509769	1737	
10	100878	1742	20	201268	1742	30	303108	1742	40	403328	1742	50	503938	1742	60	604558	1742	70	704836	1742	80	805185	1742	90	905466	1742	100	1006005	1742	110	1106542	1742	120	1206969	1742	130	1307717	1742	140	1408110	1742	150	1509281	1742	160	1609896	1742	169	1700677	1742	179	1801436	1742	189	1901985	1742	199	2002491	1742	209	2102771	1742	219	2203466	1742	229	2304282	1742	239	2407073	1742	249	2508760	1742	
11	110133	1764	21	210563	1764	30	300726	1764	40	400982	1764	50	501280	1764	60	601354	1764	70	701420	1764	80	801582	1764	90	901790	1764	100	1001800	1764	110	1102379	1764	120	1202645	1764	130	1302741	1764	140	1405045	1764	150	1506725	1764	160	1606722	1764	170	1706862	1764	180	1807297	1764	190	1907948	1764	200	2008338	1764	210	2108674	1764	220	2209096	1764	230	2309290	1764	240	2409485	1764	250	2509619	1764	
11	107842	1725	21	205660	1725	31	304608	1725	41	404965	1725	51	502841	1725	61	600835	1725	72	708702	1725	82	806530	1725	92	904589	1725	102	1002413	1725	113	1110210	1725	123	1207945	1725	133	1305983	1725	143	1403833	1725	153	1501666	1725	164	1609534	1725	174	1707617	1725	184	1805443	1725	194	1903229	1725	204	2001419	1725	215	2108976	1725	225	2207040	1725	235	2305599	1725	245	2404315	1725	255	2502207	1725	
10	101264	1716	20	202670	1716	30	304029	1716	40	405089	1716	50	506018	1716	60	607121	1716	70	708381	1716	80	809279	1716	90	910544	1716	99	1001620	1716	109	1102826	1716	119	1204190	1716	129	1305662	1716	139	1407224	1716	149	1508200	1716	159	1609145	1716	169	1710300	1716	178	1801338	1716	188	1902313	1716	198	2003438	1716	208	2104837	1716	218	2206227	1716	228	2307562	1716	237	2400936	1716	247	2502401	1716	
11	108855	1725	21	207887	1725	31	306938	1725	41	405936	1725	51	505082	1725	61	604110	1725	71	703415	1725	81	802057	1725	91	901299	1725	102	1010200	1725	112	1109166	1725	122	1207976	1725	132	1306876	1725	142	1408158	1725	152	1506953	1725	162	1605964	1725	172	1704917	1725	182	1803568	1725	192	1902337	1725	202	2001505	1725	213	2109925	1725	223	2208827	1725	233	2307984	1725	243	2406869	1725	253	2506093	1725	
11	108527	1715	21	206565	1715	31	305407	1715	41	405983	1715	51	504097	1715	61	602291	1715	71	700792	1715	82	808643	1715	92	907177	1715	102	1005413	1715	112	1103959	1715	122	1202578	1715	132	1301343	1715	143	1409264	1715	153	1507443	1715	163	1605631	1715	173	1703929	1715	183	1802306	1715	193	1900972	1715	204	2008788	1715	214	2106904	1715	224	2205422	1715	234	2303872	1715	244	2402208	1715	255	2510346	1715	
123	100710	457	240	200092	457	358	300398	457	476	400481	457	500	421103	457	593	500108	457	711	600204	457	829	700258	457	947	800444	457	1000	845322	457	1065	900625	457	1183	1000609	457	1300	1100278	457	1418	1200418	457	1500	1270029	457	1536	1300522	457	1653	1400271	457	1771	1500715	457	1889	1600737	457	2000	1694949	457	2006	1700117	457	2124	1800195	457	2242	1900697	457	2359	2000138	457	2477	2100362	457	2500	2120158	457	2594	2200415	457	2711	2300152	457	2829	2400140	457	2944	2500922	457	
128	100796	287	250	200481	287	372	300459	287	494	400108	287	500	404993	287	617	500410	287	738	600533	287	859	700210	287	981	800182	287	1000	815734	287	1104	900740	287	1226	1000376	287	1348	1100448	287	1471	1200764	287	1500	1224520	287	1593	1300631	287	1715	1400409	287	1838	1500807	287	1960	1600342	287	2000	1634593	287	2079	1700533	287	2201	1800227	287	2323	1900105	287	2446	2000568	287	2500	2044803	287	2568	2100552	287	2690	2200530	287	2811	2300268	287	2934	2400532	287	3000	2454495	287	3056	2500728	287	
124	100560	235	243	200466	235	363	300489	235	483	400613	235	500	414905	235	602	500083	235	723	600662	235	842	700210	235	961	800852	235	1000	835521	235	1077	900307	235	1197	1000651	235	1316	1100375	235	1436	1200829	235	1500	1254224	235	1555	1300065	235	1675	1400187	235	1795	1500761	235	1914	1600078	235	2000	1672127	235	2034	1700532	235	2153	1800776	235	2272	1900054	235	2392	2000430	235	2500	2090681	235	2512	2100811	235	2631	2200223	235	2751	2300469	235	2871	2400602	235	2990	2500179	235	
125	100599	249	245	200352	249	366	300621	249	486	400160	249	500	411746	249	607	500849	249	728	600823	249	848	700382	249	969	800557	249	1000	826277	249	1089	900542	249	1209	1000038	249	1330	1100861	249	1449	1200153	249	1500	1242613	249	1570	1300563	249	1691	1400748	249	1812	1500865	249	1932	1600843	249	2000	1657282	249	2052	1700294	249	2173	1800712	249	2294	1900770	249	2414	2000322	249	2500	2071466	249	2535	2100506	249	2655	2200236	249	2776	2300540	249	2897	2400795	249	3000	2486120	249	3017	2500245	249	
124	100321	387	244	200737	387	363	300628	387	482	400274	387	500	415425	387	601	500131	387	721	600592	387	840	700277	387	959	800496	387	1000	834958	387	1078	900517	387	1197	1000449	387	1316	1100619	387	1435	1200838	387	1500	1255242	387	1554	1300647	387	1672	1400202	387	1792	1500708	387	1911	1600260	387	2000	1674949	387	2030	1700087	387	2150	1800609	387	2269	1900306	387	2388	2000109	387	2500	2095212	387	2506	2100396	387	2623	2200541	387	2741	2300601	387	2860	2400363	387	2979	2500572	387	
121	100804	336	237	200420	336	353	300231	336	470	400653	336	500	426503	336	586	500649	336	702	600547	336	818	700344	336	935	800725	336	1000	856414	336	1051	900339	336	1167	1000060	336	1284	1100460	336	1400	1200159	336	1500	1285620	336	1517	1300295	336	1632	1400787	336	1748	1500587	336	1864	1600152	336	1980	1700275	336	2000	1717410	336	2097	1800554	336	2214	1900796	336	2330	2000411	336	2447	2100631	336	2500	2146129	336	2563	2200322	336	2680	2300799	336	2796	2400217	336	2913	2500797	336	
122	100708	391	240	200234	391	359	300798	391	477	400833	391	500	420296	391	595	500543	391	710	600325	391	828	700489	391	947	800569	391	1000	845324	391	1065	900398	391	1183	1000056	391	1302	1100530	391	1420	1200170	391	1500	1267848	391	1538	1300226	391	1656	1400335	391	1775	1500658	391	1893	1600466	391	2000	1690885	391	2011	1700165	391	2130	1800661	391	2249	1900847	391	2366	2000228	391	2484	2100370	391	2500	2113963	391	2602	2200156	391	2721	2300755	391	2839	2400264	391	2958	2500729	391	
121	100161	372	238	200397	372	354	300797	372	469	400503	372	500	427463	372	584	500078	372	700	600412	372	817	700792	372	933	800684	372	1000	858602	372	1048	900226	372	1165	1000682	372	1281	1100260	372	1398	1200703	372	1500	1287986	372	1514	1300103	372	1631	1400158	372	1748	1500585	372	1864	1600443	372	1980	1700081	372	2000	1717402	372	2097	1800555	372	2214	1900523	372	2331	2000873	372	2447	2100566	372	2500	2146005	372	2563	2200428	372	2680	2300732	372	2796	2400110	372	2913	2500756	372	
124	100427	347	243	200326	347	362	300145	347	480	400255	347	500	417174	347	599	500416	347	718	600057	347	838	700700	347	957	800500	347	1000	836615	347	1076	900382	347	1195	1000189	347	1314	1100346	347	1433	1200367	347	1500	1256608	347	1552	1300325	347	1671	1400712	347	1789	1500742	347	1907	1600181	347	2000	1678260	347	2026	1700316	347	2145	1800309	347	2264	1900568	347	2379	2000052	347	2498	2100812	347	2500	2102557	347	2616	2200041	347	2735	2300129	347	2854	2400230	347	2973	2500609	347	
121	100783	496	237	200670	496	352	300451	496	467	400533	496	500	429266	496	582	500785	496	698	600845	496	813	700251	496	930	800882	496	1000	861009	496	1046	900592	496	1162	1000236	496	1278	1100153	496	1391	1200573	496	1500	1294698	496	1507	1300743	496	1623	1400711	496	1739	1500648	496	1855	1600592	496	1971	1700410	496	2000	1725459	496	2087	1800884	496	2203	1900391	496	2319	2000313	496	2434	2100329	496	2500	2156938	496	2551	2200841	496	2667	2300676	496	2783	2400304	496	2900	2500772	496	
42	101354	1977	80	201829	1816	115	302784	1816	152	402604	1816	189	501742	1816	226	600994	1816	263	700232	1816	301	801660	1816	338	900380	1816	376	1002450	1816	413	1101721	1816	450	1200851	1816	488	1302470	1816	500	1334518	1816	525	1401309	1816	562	1501107	1816	600	1602370	1816	637	1701125	1816	674	1800320	1816	712	1902605	1816	749	2001547	1816	786	2100314	1816	824	2202373	1816	861	2300992	1816	898	2400982	1816	936	2502675	1816	
43	100860	2507	82	202588	2507	120	301525	2507	158	401115	2507	196	500303	2507	235	601874	2507	273	701144	2507	311	800491	2507	350	902732	2507	388	1002431	2507	426	1101748	2507	464	1201290	2507	500	1295196	2507	502	1300572	2507	540	1400212	2507	579	1502363	2507	617	1601696	2507	655	1701014	2507	693	1800901	2507	732	1902619	2507	770	2001809	2507	808	2100752	2507	846	2200658	2507	884	2300241	2507	922	2400608	2507	960	2501796	2507	
43	101504	2645	82	200409	2061	121	301836	2061	159	400709	2061	198	502094	2061	236	600679	2061	275	702178	2061	313	800901	2061	351	900328	2061	390	1001644	2061	429	1102495	2061	467	1201505	2061	500	1287293	2061	505	1300404	2061	544	1401896	2061	582	1500917	2061	620	1602199	2061	658	1701300	2061	696	1800323	2061	735	1901957	2061	773	2000633	2061	812	2101707	2061	850	2200395	2061	889	2301866	2061	927	2400521	2061	966	2501524	2061	
42	100386	2636	80	202383	2636	117	301451	2636	154	401281	2636	191	500722	2636	229	602242	2636	266	702792	2636	303	802543	2636	340	902084	2636	377	1001506	2636	414	1100642	2636	451	1200320	2636	489	1302451	2636	500	1332086	2636	526	1402119	2636	563	1501838	2636	600	1601066	2636	638	1702730	2636	675	1802031	2636	712	1901765	2636	749	2000949	2636	787	2102740	2636	824	2201932	2636	861	2301004	2636	898	2400743	2636	936	2502579	2636	
42	100670	2611	81	202400	1529	118	301228	1529	156	402795	1529	193	501765	1529	230	600381	1529	268	701843	1529	305	800530	1529	343	901757	1529	380	1000255	1529	418	1101497	1529	455	1200381	1529	493	1301622	1529	500	1320613	1529	530	1400683	1529	568	1502256	1529	605	1600755	1529	643	1702384	1529	680	1801406	1529	717	1900296	1529	755	2001338	1529	792	2100217	1529	830	2201323	1529	868	2302451	1529	905	2401561	1529	943	2502615	1529	
42	100261	2125	80	201300	2106	117	300924	2106	154	400616	2106	192	502410	2106	229	602254	2106	266	702016	2106	303	801445	2106	340	900989	2106	377	1000334	2106	414	1100540	2106	451	1200739	2106	488	1300274	2106	500	1332741	2106	526	1402362	2106	563	1501485	2106	600	1600775	2106	637	1700315	2106	675	1801948	2106	712	1901370	2106	748	2000430	2106	786	2102607	2106	823	2201923	2106	860	2301454	2106	897	2400997	2106	935	2502801	2106	
43	102694	2348	80	200291	2171	118	301034	2171	156	401945	2171	194	502719	2171	231	601129	2171	269	701835	2171	307	802701	2171	344	901202	2171	382	1001553	2171	420	1102105	2171	456	1200497	2171	494	1301048	2171	500	1316997	2171	532	1401838	2171	569	1500239	2171	607	1601518	2171	645	1702102	2171	682	1800209	2171	720	1901244	2171	757	2000623	2171	795	2101719	2171	833	2202497	2171	870	2300559	2171	908	2401225	2171	946	2501512	2171	
42	102267	3388	81	201896	1867	118	301843	1867	156	402688	1867	194	502811	1867	231	600637	1867	269	701515	1867	307	802083	1867	345	902442	1867	383	1002730	1867	420	1100485	1867	458	1200896	1867	496	1301528	1867	500	1312323	1867	534	1402407	1867	571	1500231	1867	609	1600942	1867	647	1701217	1867	685	1802356	1867	722	1900216	1867	760	2000615	1867	798	2101879	1867	836	2201921	1867	874	2302215	1867	911	2400326	1867	949	2500686	1867	
42	100248	2041	81	202198	1534	118	300702	1534	156	401692	1534	193	500524	1534	231	601906	1534	268	700883	1534	306	802574	1534	343	901543	1534	381	1002620	1534	418	1100922	1534	456	1202245	1534	493	1300892	1534	500	1319868	1534	531	1402400	1534	568	1501305	1534	606	1602755	1534	643	1702414	1534	680	1801948	1534	717	1900585	1534	755	2001754	1534	792	2100419	1534	830	2201634	1534	867	2300495	1534	905	2402408	1534	941	2500236	1534	
43	100695	1704	82	200873	1268	121	302423	1268	159	402342	1268	197	501540	1268	235	600762	1268	273	700959	1268	311	800836	1268	349	900536	1268	388	1002482	1268	426	1101725	1268	464	1201427	1268	500	1295696	1268	502	1301051	1268	540	1400447	1268	579	1502341	1268	616	1600739	1268	654	1700234	1268	693	1802236	1268	731	1901497	1268	769	2001292	1268	807	2100850	1268	845	2201274	1268	883	2301094	1268	921	2400929	1268	959	2500515	1268	
9	109924	50387	17	207846	50387	25	305500	50387	33	403613	50387	41	501312	50387	50	612786	50387	58	711816	50387	66	809756	50387	74	907671	50387	82	1005590	50387	90	1103178	50387	98	1201483	50387	107	1311527	49434	115	1408976	49434	123	1507030	49434	131	1604935	49434	139	1702607	49434	148	1812662	49434	156	1910647	49434	164	2008830	49434	172	2106475	49434	180	2204148	49434	188	2301860	49434	197	2411890	49434	205	2509647	49434	
9	110858	49956	17	209204	49956	25	307189	49956	33	404777	49956	41	502822	49956	49	601569	49956	58	712188	49956	66	810198	49956	74	907628	49005	82	1006483	49005	90	1104450	49005	98	1202240	49005	107	1312087	49005	115	1410361	49005	123	1508169	49005	131	1606530	49005	139	1704619	49005	147	1804178	49005	155	1903370	49005	163	2001786	49005	172	2112735	49005	180	2210780	49005	188	2308620	49005	196	2406289	49005	204	2504304	49005	
9	109237	50094	17	206494	50094	25	303532	50094	34	412665	50094	42	509690	50094	50	606709	50094	58	703955	50094	66	800870	50094	75	909965	50094	83	1006867	50094	91	1103477	50094	99	1200834	50094	108	1309848	50094	116	1406851	50094	124	1504353	50094	132	1602994	50094	141	1711942	50094	149	1808646	50094	157	1905602	50094	165	2002302	50094	174	2111176	50094	182	2207901	50094	190	2304790	50094	198	2401870	50094	207	2510625	50094	
9	110098	50271	17	207832	50271	25	305409	50271	33	403313	50271	41	502922	50271	49	600841	50271	58	710736	50271	66	808456	50271	74	906093	50271	82	1004243	50271	90	1101714	50271	99	1211699	50271	107	1309232	50271	115	1406842	50271	123	1504514	50271	131	1602277	50271	140	1711940	50271	148	1809628	49331	156	1907169	49331	164	2005357	49331	172	2103481	49331	180	2201102	49331	189	2311030	49331	197	2409048	49331	205	2507102	49331	
9	109333	49591	17	207209	49591	25	304662	49591	33	401627	49591	42	510675	49591	50	607692	49591	58	705076	49591	66	802292	49591	75	912128	49591	83	1009364	49591	91	1106735	49591	99	1203810	49591	107	1301437	49591	116	1410889	49591	124	1507978	49591	132	1605037	49591	140	1702307	49591	149	1811338	49591	157	1908379	49591	165	2005583	49591	173	2102922	49591	182	2212553	49591	190	2309804	49591	198	2409035	49591	206	2506238	49591	
9	110645	50128	17	209025	50128	25	307365	50128	33	405486	50128	41	503692	50128	49	601561	49114	58	711366	49114	66	809082	49114	74	907454	49114	82	1005417	49114	90	1102886	48151	98	1200906	48151	107	1311175	48151	115	1412463	48151	123	1510381	48151	131	1608629	48151	139	1706730	47155	147	1805458	47155	155	1904103	46162	163	2001767	46162	172	2112360	46162	180	2210110	45201	188	2308725	45201	196	2406796	45201	204	2506135	45201	
9	109725	50437	17	207460	50437	25	307125	50437	33	404454	50437	41	502042	50437	50	611327	50437	58	708712	50437	66	806211	50437	74	903525	50437	82	1001279	50437	91	1110544	50437	99	1208158	50437	107	1305477	50437	115	1402957	50437	124	1512389	50437	132	1609869	50437	140	1707491	50437	148	1804978	50437	156	1902063	50437	165	2011435	50437	173	2108933	50437	181	2206122	50437	189	2303571	50437	197	2400847	50437	206	2510240	50437	
9	109922	50327	17	207978	50327	25	305958	50327	33	403941	50327	41	501743	50327	50	611555	49334	58	710121	49334	66	808244	49334	74	906059	49334	82	1004232	49334	90	1102377	49334	99	1212673	49334	107	1310488	49334	115	1408840	49334	123	1507092	49334	131	1605341	49334	139	1703309	49334	147	1801282	49334	156	1911489	49334	164	2009805	49334	172	2107358	48396	180	2206746	48396	188	2305314	47423	196	2403864	47423	204	2502265	47423	
9	110907	50194	17	208746	50194	25	306989	50194	33	404704	50194	41	502928	50194	49	600834	50194	58	711324	50194	66	809183	50194	74	907698	50194	82	1005618	50194	90	1103442	50194	98	1204206	50194	106	1302587	50194	115	1412711	50194	123	1510418	50194	131	1608388	50194	139	1706425	50194	147	1804635	50194	155	1902258	50194	164	2012346	50194	172	2110201	50194	180	2208271	50194	188	2306076	50194	196	2403839	50194	204	2501847	50194	
9	111613	50329	17	209250	50329	25	306968	50329	33	404526	50329	41	501895	50329	50	611021	50329	58	708713	50329	66	805870	49345	74	902608	49345	83	1012047	49345	91	1109492	48352	99	1206294	48352	107	1303610	48352	115	1401355	48352	124	1511132	48352	132	1608583	48352	140	1705659	48352	148	1803220	48352	157	1912580	48352	165	2010024	48352	173	2107652	48352	181	2205035	48352	189	2302273	48352	198	2411569	48352	206	2509009	48352	
