wersja nr 1;wspolczynnik mutacji 0.400000;wielkosc populacji 10
2221	100022	172	4436	200018	44	6640	300023	44	8847	400046	44	11055	500027	44	13259	600037	44	15479	700037	44	17696	800012	44	19908	900023	44	22128	1000024	44	24336	1100028	44	26547	1200037	44	28739	1300042	44	30951	1400031	44	33158	1500032	44	35360	1600030	44	37551	1700030	44	39762	1800027	44	41969	1900035	44	44180	2000034	44	46392	2100021	44	48598	2200029	44	50777	2300013	44	52987	2400035	44	55192	2500026	44	57399	2600037	44	59592	2700007	44	61792	2800041	44	63991	2900030	44	66199	3000006	44	68406	3100023	44	70614	3200016	44	72818	3300009	44	75019	3400011	44	77233	3500038	44	
2212	100026	146	4424	200015	44	6643	300008	44	8844	400006	44	11052	500031	44	13266	600017	44	15487	700015	44	17703	800004	44	19912	900013	44	22135	1000009	44	24341	1100018	44	26545	1200009	44	28748	1300011	44	30964	1400021	44	33176	1500031	44	35389	1600032	44	37607	1700017	44	39815	1800005	44	42033	1900008	44	44239	2000030	44	46454	2100028	44	48654	2200021	44	50864	2300013	44	53070	2400048	44	55282	2500023	44	57476	2600044	44	59681	2700048	44	61864	2800009	44	64073	2900007	44	66285	3000036	44	68498	3100014	44	70718	3200014	44	72922	3300012	44	75128	3400015	44	77344	3500018	44	
2228	100047	146	4442	200033	44	6655	300026	44	8845	400012	44	11061	500024	44	13262	600041	44	15451	700010	44	17621	800033	44	19821	900029	44	22032	1000007	44	24248	1100048	44	26457	1200043	44	28666	1300009	44	30869	1400029	44	33083	1500004	44	35302	1600012	44	37516	1700015	44	39728	1800035	44	41940	1900045	44	44154	2000017	44	46367	2100043	44	48577	2200016	44	50780	2300040	44	52990	2400016	44	55201	2500037	44	57409	2600025	44	59624	2700006	44	61825	2800040	44	63999	2900026	44	66196	3000026	44	68401	3100010	44	70613	3200015	44	72810	3300017	44	75012	3400024	44	77234	3500039	44	
2233	100024	147	4449	200018	44	6662	300014	44	8872	400006	44	11087	500017	44	13303	600023	44	15519	700047	44	17731	800009	44	19932	900009	44	22151	1000032	44	24359	1100028	44	26567	1200048	44	28776	1300022	44	30966	1400005	44	33185	1500006	44	35400	1600004	44	37617	1700011	44	39813	1800022	44	42019	1900004	44	44229	2000024	44	46434	2100035	44	48646	2200038	44	50859	2300040	44	53060	2400035	44	55264	2500014	44	57483	2600047	44	59684	2700007	44	61879	2800020	44	64088	2900006	44	66294	3000023	44	68490	3100031	44	70706	3200041	44	72927	3300043	44	75137	3400034	44	77349	3500023	44	
2219	100036	155	4435	200029	44	6629	300032	44	8836	400022	44	11027	500007	44	13235	600022	44	15438	700014	44	17641	800011	44	19858	900009	44	22067	1000045	44	24275	1100045	44	26489	1200042	44	28702	1300011	44	30904	1400036	44	33116	1500026	44	35323	1600023	44	37536	1700026	44	39755	1800028	44	41953	1900040	44	44148	2000013	44	46358	2100032	44	48575	2200042	44	50780	2300024	44	52985	2400018	44	55193	2500023	44	57402	2600018	44	59593	2700022	44	61802	2800006	44	64009	2900008	44	66208	3000011	44	68417	3100018	44	70599	3200036	44	72804	3300044	44	75018	3400019	44	77228	3500033	44	
2268	100041	134	4527	200006	46	6800	300042	46	9065	400045	46	11335	500016	46	13607	600009	46	15881	700045	46	18146	800028	46	20409	900030	46	22670	1000043	46	24932	1100038	46	27203	1200017	46	29467	1300012	46	31741	1400013	46	34014	1500021	46	36286	1600034	46	38553	1700029	46	40822	1800047	46	43090	1900046	46	45359	2000005	46	47635	2100045	46	49898	2200046	46	52162	2300012	46	54431	2400024	46	56705	2500026	46	58980	2600028	46	61244	2700045	46	63513	2800025	46	65785	2900033	46	68057	3000037	46	70329	3100026	46	72599	3200023	46	74855	3300039	46	77118	3400019	46	79396	3500014	46	
2271	100008	145	4545	200006	46	6777	300016	46	9040	400048	46	11309	500032	46	13583	600046	46	15854	700006	46	18126	800021	46	20396	900045	46	22663	1000032	46	24925	1100027	46	27189	1200009	46	29450	1300013	46	31718	1400013	46	33974	1500036	46	36247	1600016	46	38517	1700010	46	40785	1800012	46	43060	1900040	46	45336	2000024	46	47608	2100030	46	49881	2200011	46	52147	2300035	46	54423	2400010	46	56696	2500003	46	58971	2600038	46	61243	2700011	46	63502	2800011	46	65770	2900028	46	68045	3000036	46	70314	3100034	46	72584	3200043	46	74847	3300020	46	77118	3400033	46	79380	3500018	46	
2269	100013	152	4538	200042	46	6794	300033	46	9054	400048	46	11327	500034	46	13595	600035	46	15867	700047	46	18133	800033	46	20392	900022	46	22654	1000011	46	24923	1100019	46	27186	1200018	46	29459	1300034	46	31719	1400012	46	33983	1500050	46	36244	1600036	46	38500	1700019	46	40766	1800028	46	43031	1900030	46	45283	2000020	46	47549	2100044	46	49811	2200039	46	52078	2300006	46	54345	2400037	46	56611	2500015	46	58879	2600004	46	61145	2700021	46	63409	2800047	46	65664	2900009	46	67923	3000039	46	70193	3100016	46	72468	3200023	46	74734	3300036	46	77004	3400021	46	79272	3500041	46	
2262	100019	105	4531	200028	46	6805	300026	46	9071	400039	46	11337	500023	46	13601	600023	46	15870	700021	46	18132	800016	46	20398	900019	46	22671	1000018	46	24946	1100013	46	27223	1200012	46	29497	1300021	46	31759	1400041	46	34031	1500013	46	36282	1600032	46	38548	1700043	46	40817	1800031	46	43086	1900037	46	45358	2000039	46	47620	2100052	46	49893	2200036	46	52145	2300020	46	54402	2400006	46	56671	2500032	46	58944	2600013	46	61213	2700018	46	63477	2800016	46	65753	2900011	46	68015	3000017	46	70284	3100040	46	72561	3200012	46	74836	3300040	46	77102	3400031	46	79367	3500036	46	
2280	100015	86	4559	200022	46	6827	300033	46	9098	400038	46	11370	500025	46	13642	600003	46	15918	700027	46	18186	800033	46	20456	900039	46	22723	1000006	46	24996	1100037	46	27264	1200029	46	29522	1300022	46	31778	1400023	46	34045	1500020	46	36317	1600012	46	38581	1700040	46	40847	1800008	46	43111	1900033	46	45385	2000008	46	47653	2100015	46	49903	2200031	46	52178	2300005	46	54444	2400012	46	56709	2500039	46	58983	2600045	46	61247	2700019	46	63521	2800016	46	65784	2900039	46	68048	3000035	46	70315	3100013	46	72582	3200037	46	74843	3300003	46	77108	3400017	46	79382	3500020	46	
868	100039	4290	1731	200139	3431	2575	300112	2711	3427	400028	2034	4266	500097	1459	5117	600068	945	5945	700046	564	6765	800045	306	7584	900121	200	8404	1000049	200	9221	1100126	200	10038	1200047	200	10848	1300034	200	11664	1400020	200	12473	1500038	200	13290	1600068	200	14114	1700089	200	14931	1800014	200	15752	1900050	200	16568	2000091	200	17378	2100044	200	18192	2200072	200	19012	2300056	200	19833	2400028	200	20647	2500025	200	21464	2600031	200	22284	2700014	200	23106	2800121	200	23923	2900017	200	24742	3000039	200	25561	3100086	200	26367	3200105	200	27178	3300074	200	27991	3400042	200	28807	3500112	200	
861	100062	4333	1721	200062	3502	2573	300102	2743	3415	400022	2080	4256	500018	1489	5100	600129	989	5927	700105	600	6748	800073	321	7571	900100	210	8391	1000082	200	9208	1100130	200	10026	1200085	200	10839	1300136	200	11659	1400119	200	12473	1500057	200	13292	1600100	200	14107	1700039	200	14926	1800055	200	15743	1900035	200	16560	2000021	200	17365	2100111	200	18174	2200049	200	18990	2300086	200	19806	2400030	200	20622	2500055	200	21436	2600111	200	22246	2700017	200	23048	2800104	200	23864	2900015	200	24680	3000018	200	25486	3100067	200	26305	3200116	200	27122	3300045	200	27932	3400098	200	28745	3500140	200	
860	100067	4328	1718	200032	3525	2575	300107	2774	3428	400075	2112	4272	500097	1568	5107	600087	1093	5949	700132	708	6779	800035	392	7604	900080	236	8407	1000071	202	9224	1100111	200	10041	1200030	200	10858	1300112	200	11672	1400039	200	12489	1500126	200	13302	1600125	200	14114	1700102	200	14927	1800041	200	15740	1900125	200	16558	2000118	200	17373	2100025	200	18189	2200081	200	19006	2300120	200	19827	2400112	200	20647	2500123	200	21468	2600110	200	22281	2700047	200	23101	2800060	200	23916	2900078	200	24727	3000090	200	25543	3100077	200	26367	3200129	200	27184	3300072	200	28000	3400040	200	28815	3500021	200	
864	100046	4284	1713	200097	3468	2567	300070	2745	3412	400094	2092	4257	500021	1479	5095	600116	983	5933	700098	573	6765	800021	339	7584	900044	215	8390	1000079	200	9206	1100126	200	10024	1200082	200	10841	1300099	200	11654	1400072	200	12473	1500062	200	13290	1600015	200	14103	1700051	200	14923	1800131	200	15740	1900033	200	16550	2000051	200	17358	2100046	200	18172	2200019	200	18988	2300061	200	19807	2400111	200	20621	2500049	200	21428	2600106	200	22238	2700088	200	23041	2800068	200	23859	2900031	200	24669	3000032	200	25481	3100135	200	26296	3200081	200	27113	3300059	200	27929	3400055	200	28747	3500055	200	
858	100072	4293	1718	200081	3491	2576	300106	2749	3423	400047	2069	4263	500068	1499	5101	600090	1001	5927	700081	642	6763	800031	379	7589	900086	234	8412	1000095	201	9218	1100057	200	10030	1200114	200	10848	1300122	200	11666	1400099	200	12478	1500019	200	13276	1600047	200	14087	1700117	200	14905	1800040	200	15721	1900078	200	16533	2000040	200	17345	2100105	200	18161	2200094	200	18981	2300058	200	19798	2400020	200	20616	2500058	200	21422	2600037	200	22240	2700115	200	23058	2800139	200	23876	2900094	200	24684	3000109	200	25499	3100024	200	26315	3200044	200	27122	3300021	200	27934	3400018	200	28748	3500016	200	
883	100055	4132	1758	200061	3210	2637	300103	2300	3512	400086	1411	4375	500026	707	5231	600058	313	6072	700037	212	6906	800112	205	7738	900115	205	8574	1000082	205	9409	1100076	205	10240	1200112	205	11075	1300127	205	11897	1400105	205	12730	1500118	205	13558	1600083	205	14389	1700024	205	15220	1800112	205	16054	1900062	205	16893	2000095	205	17724	2100016	205	18546	2200052	205	19379	2300048	205	20212	2400133	205	21044	2500068	205	21875	2600062	205	22696	2700115	205	23521	2800015	205	24357	2900056	205	25193	3000126	205	26029	3100053	205	26868	3200129	205	27687	3300051	205	28516	3400133	205	29353	3500112	205	
882	100026	4132	1766	200080	3197	2641	300090	2295	3509	400081	1482	4360	500094	807	5218	600123	338	6060	700039	220	6899	800019	205	7733	900018	205	8566	1000020	205	9398	1100037	205	10227	1200126	205	11057	1300034	205	11885	1400068	205	12705	1500032	205	13535	1600071	205	14366	1700034	205	15195	1800082	205	16016	1900046	205	16848	2000065	205	17681	2100040	205	18506	2200049	205	19342	2300030	205	20178	2400112	205	21014	2500119	205	21849	2600100	205	22677	2700072	205	23511	2800139	205	24341	2900075	205	25171	3000016	205	26001	3100077	205	26832	3200058	205	27666	3300017	205	28500	3400087	205	29333	3500059	205	
887	100120	4119	1766	200080	3211	2652	300130	2289	3521	400047	1417	4390	500097	727	5247	600029	346	6083	700079	228	6910	800042	205	7743	900094	205	8578	1000122	205	9385	1100083	205	10212	1200055	205	11031	1300082	205	11865	1400035	205	12694	1500023	205	13520	1600034	205	14340	1700100	205	15166	1800115	205	15994	1900086	205	16828	2000035	205	17662	2100029	205	18490	2200056	205	19322	2300031	205	20153	2400131	205	20978	2500094	205	21814	2600061	205	22650	2700102	205	23477	2800104	205	24305	2900111	205	25139	3000109	205	25971	3100098	205	26807	3200127	205	27641	3300040	205	28475	3400029	205	29302	3500021	205	
883	100023	4100	1761	200016	3211	2643	300083	2331	3523	400076	1507	4390	500019	804	5248	600098	370	6087	700056	219	6920	800121	205	7755	900124	205	8585	1000068	205	9418	1100132	205	10250	1200038	205	11060	1300063	205	11885	1400060	205	12717	1500061	205	13528	1600080	205	14362	1700067	205	15190	1800128	205	16021	1900139	205	16851	2000124	205	17683	2100103	205	18512	2200029	205	19348	2300112	205	20170	2400048	205	20984	2500063	205	21804	2600036	205	22634	2700029	205	23452	2800109	205	24286	2900049	205	25119	3000090	205	25953	3100131	205	26791	3200117	205	27622	3300016	205	28456	3400016	205	29285	3500034	205	
889	100071	4108	1773	200105	3230	2647	300070	2313	3516	400105	1480	4382	500124	799	5244	600127	327	6082	700097	207	6916	800015	205	7749	900020	205	8582	1000052	205	9413	1100019	205	10247	1200093	205	11080	1300063	205	11873	1400136	205	12706	1500048	205	13540	1600057	205	14367	1700071	205	15203	1800014	205	16030	1900069	205	16864	2000063	205	17693	2100121	205	18517	2200104	205	19341	2300081	205	20163	2400029	205	20992	2500066	205	21819	2600044	205	22642	2700064	205	23476	2800119	205	24306	2900027	205	25138	3000070	205	25967	3100027	205	26798	3200104	205	27631	3300112	205	28461	3400110	205	29297	3500101	205	
208	100436	24613	415	200595	23915	618	300238	23269	824	400364	22607	1028	500176	21944	1234	600537	21335	1440	700078	20712	1643	800348	20098	1848	900375	19478	2054	1000325	18885	2261	1100249	18308	2466	1200187	17749	2670	1300227	17178	2876	1400504	16627	3082	1500201	16073	3288	1600359	15536	3489	1700358	15013	3692	1800372	14494	3896	1900484	13986	4101	2000109	13496	4305	2100260	12997	4508	2200294	12544	4711	2300403	12083	4911	2400393	11635	5114	2500345	11205	5315	2600204	10759	5519	2700357	10339	5722	2800471	9919	5924	2900497	9544	6126	3000277	9154	6329	3100279	8798	6530	3200322	8426	6727	3300525	8106	6929	3400098	7782	7132	3500224	7449	
207	100548	24574	414	200200	23910	619	300204	23262	826	400124	22598	1031	500097	21958	1237	600522	21344	1438	700103	20737	1646	800498	20133	1850	900297	19557	2056	1000232	18944	2258	1100274	18379	2463	1200186	17790	2666	1300583	17215	2869	1400197	16637	3075	1500238	16070	3279	1600136	15513	3484	1700219	14970	3687	1800494	14431	3894	1900555	13910	4096	2000099	13447	4300	2100381	12961	4503	2200098	12516	4706	2300264	12044	4909	2400395	11588	5111	2500086	11147	5314	2600180	10718	5517	2700511	10299	5719	2800121	9914	5921	2900523	9516	6122	3000493	9154	6322	3100220	8798	6525	3200560	8421	6727	3300117	8073	6927	3400149	7749	7130	3500426	7445	
207	100469	24598	411	200172	23951	618	300184	23246	821	400236	22628	1027	500230	21991	1233	600116	21366	1439	700365	20748	1643	800348	20154	1849	900214	19557	2055	1000188	18944	2261	1100099	18361	2467	1200464	17795	2673	1300349	17210	2877	1400225	16636	3080	1500249	16077	3284	1600173	15538	3489	1700299	14999	3693	1800528	14492	3894	1900216	13988	4098	2000460	13479	4301	2100316	13002	4505	2200443	12509	4705	2300340	12071	4907	2400180	11626	5111	2500536	11190	5311	2600487	10759	5512	2700520	10365	5714	2800567	9972	5910	2900176	9598	6114	3000302	9203	6315	3100371	8845	6518	3200399	8493	6719	3300510	8151	6922	3400439	7836	7121	3500363	7513	
206	100282	24577	412	200544	23933	616	300150	23278	819	400245	22603	1025	500244	21961	1229	600454	21318	1434	700241	20719	1639	800586	20121	1844	900531	19502	2044	1000420	18902	2247	1100086	18294	2452	1200508	17711	2656	1300459	17133	2858	1400108	16615	3063	1500334	16084	3266	1600521	15539	3469	1700132	15012	3672	1800448	14506	3873	1900424	14015	4072	2000248	13525	4272	2100324	13041	4475	2200155	12584	4677	2300413	12106	4880	2400383	11658	5084	2500209	11220	5287	2600217	10794	5492	2700307	10370	5695	2800513	9975	5897	2900483	9578	6098	3000643	9183	6300	3100564	8813	6501	3200117	8464	6702	3300267	8114	6903	3400127	7795	7107	3500364	7447	
207	100202	24576	414	200251	23903	620	300379	23240	826	400229	22587	1030	500366	21967	1236	600443	21320	1440	700491	20721	1646	800346	20090	1852	900245	19514	2057	1000114	18951	2264	1100262	18362	2471	1200554	17769	2676	1300357	17197	2879	1400225	16644	3085	1500454	16089	3291	1600360	15529	3495	1700131	15020	3701	1800414	14505	3906	1900079	13991	4111	2000338	13483	4316	2100509	13009	4517	2200452	12544	4720	2300527	12083	4921	2400395	11633	5126	2500417	11193	5329	2600533	10791	5530	2700326	10371	5735	2800540	9950	5938	2900504	9558	6139	3000249	9185	6343	3100334	8834	6546	3200109	8462	6747	3300391	8119	6949	3400249	7763	7152	3500283	7443	
205	100104	24554	411	200431	23913	622	300519	23249	830	400155	22561	1042	500475	21888	1251	600355	21244	1463	700201	20549	1673	800259	19866	1884	900397	19174	2093	1000422	18491	2302	1100414	17839	2513	1200330	17190	2725	1300491	16525	2935	1400198	15870	3144	1500333	15258	3351	1600337	14613	3561	1700136	13951	3770	1800315	13280	3980	1900518	12623	4191	2000294	11970	4401	2100543	11353	4607	2200575	10736	4817	2300415	10137	5027	2400381	9562	5236	2500324	8975	5441	2600285	8408	5648	2700187	7866	5857	2800100	7329	6065	2900506	6791	6272	3000174	6276	6480	3100282	5794	6687	3200249	5325	6892	3300467	4887	7096	3400266	4476	7299	3500549	4096	
209	100503	24526	421	200349	23837	631	300373	23202	842	400265	22532	1055	500449	21856	1263	600561	21183	1473	700389	20541	1678	800228	19876	1889	900244	19231	2099	1000284	18545	2308	1100494	17909	2518	1200167	17259	2729	1300517	16611	2936	1400223	15954	3145	1500458	15287	3355	1600387	14635	3560	1700201	14019	3770	1800149	13421	3980	1900175	12797	4188	2000155	12153	4398	2100327	11520	4607	2200285	10929	4817	2300117	10292	5028	2400278	9674	5235	2500194	9071	5444	2600539	8478	5653	2700494	7908	5859	2800343	7383	6067	2900161	6864	6273	3000478	6372	6479	3100296	5904	6686	3200210	5440	6893	3300198	4963	7096	3400478	4547	7297	3500124	4154	
209	100133	24545	415	200170	23902	626	300316	23207	837	400150	22550	1048	500450	21927	1258	600108	21285	1468	700366	20623	1680	800548	19979	1888	900433	19354	2096	1000198	18710	2306	1100475	18052	2515	1200424	17438	2726	1300583	16789	2935	1400153	16117	3144	1500302	15449	3357	1600422	14774	3568	1700490	14105	3778	1800168	13427	3990	1900453	12773	4200	2000413	12116	4409	2100516	11485	4618	2200535	10862	4830	2300436	10231	5039	2400462	9639	5245	2500357	9019	5453	2600364	8429	5662	2700387	7848	5872	2800391	7293	6078	2900343	6751	6283	3000359	6250	6490	3100233	5768	6696	3200321	5307	6903	3300244	4874	7110	3400417	4477	7316	3500270	4094	
208	100350	24543	417	200216	23896	628	300317	23235	838	400529	22549	1049	500507	21881	1255	600266	21244	1463	700177	20586	1675	800441	19943	1886	900474	19260	2093	1000114	18609	2301	1100240	17933	2513	1200340	17276	2720	1300402	16642	2931	1400238	16011	3140	1500249	15374	3350	1600095	14696	3561	1700265	14051	3770	1800515	13397	3976	1900142	12758	4188	2000393	12103	4394	2100343	11483	4602	2200149	10855	4811	2300267	10228	5019	2400255	9615	5226	2500183	8998	5436	2600409	8424	5642	2700497	7856	5851	2800518	7278	6056	2900215	6721	6263	3000462	6211	6470	3100104	5740	6677	3200316	5283	6883	3300165	4858	7087	3400432	4483	7294	3500320	4103	
211	100485	24497	421	200441	23863	632	300141	23206	844	400208	22519	1056	500202	21860	1267	600103	21181	1479	700492	20538	1691	800434	19902	1899	900122	19244	2110	1000465	18603	2320	1100093	17940	2532	1200290	17243	2742	1300469	16599	2951	1400473	15939	3160	1500252	15309	3368	1600262	14651	3579	1700358	14015	3788	1800225	13369	3998	1900303	12726	4209	2000334	12078	4416	2100441	11464	4625	2200460	10849	4834	2300417	10248	5041	2400196	9640	5252	2500312	9034	5461	2600544	8453	5663	2700097	7912	5869	2800393	7410	6077	2900258	6910	6283	3000411	6422	6486	3100361	5980	6690	3200315	5536	6896	3300402	5065	7103	3400392	4639	7309	3500489	4242	
2563	100030	47	5085	200008	47	7653	300016	47	10207	400007	47	12779	500037	47	15344	600014	47	17915	700028	47	20463	800035	47	23029	900041	47	25587	1000012	47	28146	1100023	47	30706	1200035	47	33276	1300014	47	35835	1400014	47	38374	1500043	47	40923	1600037	47	43488	1700005	47	46056	1800003	47	48613	1900027	47	51166	2000019	47	53734	2100013	47	56300	2200027	47	58849	2300038	47	61407	2400010	47	63967	2500043	47	66527	2600031	47	69090	2700003	47	71647	2800026	47	74205	2900033	47	76766	3000009	47	79330	3100011	47	81877	3200037	47	84436	3300015	47	86990	3400013	47	89545	3500042	47	
2560	100012	47	5117	200026	47	7683	300028	47	10251	400034	47	12823	500025	47	15384	600017	47	17938	700035	47	20485	800011	47	23040	900038	47	25608	1000038	47	28156	1100020	47	30726	1200023	47	33288	1300033	47	35854	1400023	47	38415	1500030	47	40990	1600005	47	43557	1700028	47	46127	1800007	47	48696	1900010	47	51263	2000003	47	53836	2100007	47	56357	2200038	47	58904	2300004	47	61479	2400038	47	64055	2500034	47	66626	2600003	47	69180	2700020	47	71745	2800025	47	74308	2900016	47	76869	3000026	47	79433	3100041	47	82008	3200036	47	84580	3300018	47	87136	3400022	47	89691	3500030	47	
2570	100003	47	5139	200015	47	7698	300037	47	10265	400009	47	12834	500014	47	15390	600034	47	17948	700018	47	20515	800026	47	23086	900040	47	25661	1000021	47	28223	1100027	47	30762	1200005	47	33331	1300029	47	35888	1400020	47	38432	1500030	47	41007	1600026	47	43578	1700024	47	46140	1800040	47	48714	1900037	47	51274	2000013	47	53842	2100004	47	56399	2200041	47	58962	2300022	47	61528	2400005	47	64087	2500034	47	66646	2600013	47	69187	2700038	47	71719	2800024	47	74284	2900033	47	76847	3000011	47	79417	3100020	47	81982	3200013	47	84542	3300003	47	87104	3400021	47	89669	3500027	47	
2546	100034	47	5061	200021	47	7591	300031	47	10140	400032	47	12711	500003	47	15274	600038	47	17846	700015	47	20414	800016	47	22965	900024	47	25490	1000019	47	28051	1100007	47	30588	1200039	47	33155	1300022	47	35725	1400041	47	38275	1500013	47	40831	1600008	47	43399	1700030	47	45963	1800010	47	48516	1900021	47	51087	2000013	47	53640	2100013	47	56191	2200005	47	58759	2300044	47	61328	2400034	47	63892	2500017	47	66457	2600014	47	69012	2700005	47	71564	2800013	47	74133	2900022	47	76702	3000029	47	79248	3100036	47	81816	3200027	47	84356	3300035	47	86915	3400038	47	89481	3500026	47	
2562	100024	47	5125	200017	47	7698	300032	47	10261	400019	47	12826	500009	47	15389	600019	47	17965	700034	47	20539	800040	47	23091	900014	47	25635	1000016	47	28177	1100025	47	30712	1200016	47	33277	1300008	47	35843	1400027	47	38411	1500013	47	40971	1600043	47	43545	1700027	47	46104	1800002	47	48678	1900006	47	51242	2000011	47	53810	2100039	47	56375	2200038	47	58942	2300041	47	61502	2400017	47	64072	2500024	47	66641	2600004	47	69200	2700006	47	71755	2800033	47	74304	2900011	47	76855	3000018	47	79396	3100023	47	81945	3200027	47	84500	3300005	47	87060	3400002	47	89624	3500013	47	
2732	100008	53	5464	200027	53	8198	300008	53	10946	400030	53	13688	500044	53	16427	600008	53	19163	700007	53	21897	800036	53	24629	900033	53	27347	1000029	53	30053	1100014	53	32744	1200021	53	35469	1300038	53	38212	1400020	53	40959	1500030	53	43692	1600032	53	46434	1700018	53	49171	1800028	53	51890	1900036	53	54630	2000009	53	57368	2100032	53	60095	2200015	53	62821	2300018	53	65553	2400011	53	68297	2500041	53	71007	2600002	53	73740	2700037	53	76444	2800021	53	79178	2900010	53	81912	3000022	53	84645	3100006	53	87383	3200035	53	90110	3300006	53	92847	3400022	53	95588	3500017	53	
2745	100021	53	5488	200026	53	8224	300006	53	10970	400012	53	13710	500031	53	16434	600031	53	19170	700020	53	21918	800014	53	24653	900004	53	27396	1000035	53	30127	1100014	53	32869	1200017	53	35597	1300013	53	38337	1400006	53	41064	1500032	53	43796	1600036	53	46527	1700028	53	49270	1800032	53	52022	1900013	53	54764	2000003	53	57508	2100040	53	60243	2200038	53	62984	2300027	53	65709	2400029	53	68438	2500017	53	71180	2600010	53	73903	2700013	53	76645	2800019	53	79357	2900023	53	82092	3000031	53	84834	3100021	53	87575	3200027	53	90320	3300019	53	93051	3400020	53	95795	3500004	53	
2711	100016	53	5426	200029	53	8161	300005	53	10883	400036	53	13616	500030	53	16356	600018	53	19101	700029	53	21848	800028	53	24591	900008	53	27325	1000025	53	30070	1100036	53	32807	1200023	53	35533	1300008	53	38245	1400036	53	40967	1500024	53	43696	1600007	53	46439	1700034	53	49172	1800011	53	51917	1900014	53	54657	2000005	53	57404	2100012	53	60146	2200018	53	62881	2300035	53	65601	2400005	53	68335	2500022	53	71048	2600034	53	73777	2700006	53	76519	2800027	53	79242	2900017	53	81976	3000028	53	84713	3100007	53	87456	3200022	53	90179	3300010	53	92919	3400006	53	95657	3500021	53	
2754	100023	53	5505	200017	53	8247	300022	53	10981	400035	53	13722	500029	53	16451	600026	53	19164	700018	53	21894	800002	53	24628	900002	53	27370	1000025	53	30104	1100023	53	32841	1200028	53	35578	1300014	53	38322	1400025	53	41067	1500011	53	43810	1600025	53	46553	1700008	53	49292	1800009	53	52025	1900024	53	54762	2000016	53	57503	2100019	53	60258	2200040	53	63001	2300020	53	65747	2400012	53	68477	2500014	53	71216	2600032	53	73952	2700025	53	76691	2800022	53	79438	2900023	53	82180	3000026	53	84935	3100006	53	87668	3200008	53	90416	3300019	53	93151	3400014	53	95884	3500010	53	
2728	100036	53	5456	200004	53	8194	300018	53	10939	400016	53	13674	500032	53	16419	600009	53	19156	700024	53	21887	800032	53	24633	900006	53	27361	1000017	53	30088	1100026	53	32803	1200032	53	35534	1300029	53	38266	1400015	53	41006	1500015	53	43744	1600022	53	46481	1700029	53	49223	1800013	53	51953	1900005	53	54696	2000018	53	57431	2100023	53	60182	2200038	53	62924	2300005	53	65662	2400039	53	68388	2500027	53	71120	2600004	53	73849	2700035	53	76579	2800034	53	79324	2900040	53	82070	3000014	53	84808	3100023	53	87545	3200003	53	90286	3300009	53	93025	3400038	53	95752	3500030	53	
883	100127	191	1776	200054	191	2670	300020	191	3555	400079	191	4439	500101	191	5332	600121	191	6217	700039	191	7091	800048	191	7976	900120	191	8841	1000079	191	9733	1100076	191	10619	1200049	191	11512	1300055	191	12401	1400057	191	13291	1500100	191	14180	1600047	191	15075	1700119	191	15960	1800111	191	16848	1900115	191	17731	2000014	191	18614	2100045	191	19503	2200029	191	20391	2300114	191	21282	2400058	191	22169	2500089	191	23052	2600079	191	23942	2700033	191	24831	2800085	191	25721	2900102	191	26604	3000027	191	27489	3100096	191	28375	3200063	191	29261	3300017	191	30148	3400113	191	31037	3500096	191	
902	100102	191	1783	200045	191	2668	300039	191	3550	400119	191	4419	500051	191	5286	600115	191	6174	700055	191	7065	800076	191	7952	900064	191	8835	1000062	191	9721	1100063	191	10610	1200050	191	11493	1300073	191	12376	1400117	191	13266	1500039	191	14148	1600044	191	15006	1700029	191	15897	1800110	191	16788	1900103	191	17680	2000053	191	18572	2100070	191	19441	2200094	191	20329	2300033	191	21203	2400087	191	22083	2500107	191	22972	2600094	191	23856	2700099	191	24745	2800029	191	25630	2900041	191	26512	3000129	191	27387	3100041	191	28278	3200038	191	29173	3300120	191	30066	3400108	191	30953	3500058	191	
902	100040	191	1791	200117	191	2671	300025	191	3557	400036	191	4441	500042	191	5331	600046	191	6226	700085	191	7096	800088	191	7986	900026	191	8858	1000097	191	9743	1100031	191	10631	1200023	191	11516	1300069	191	12408	1400095	191	13288	1500061	191	14178	1600061	191	15059	1700098	191	15950	1800070	191	16841	1900048	191	17711	2000026	191	18607	2100101	191	19494	2200112	191	20371	2300091	191	21259	2400083	191	22143	2500070	191	23035	2600045	191	23926	2700014	191	24804	2800051	191	25695	2900109	191	26587	3000063	191	27471	3100028	191	28346	3200030	191	29238	3300077	191	30126	3400041	191	31018	3500128	191	
899	100046	191	1790	200093	191	2675	300019	191	3566	400034	191	4457	500113	191	5341	600119	191	6183	700068	191	7075	800093	191	7956	900041	191	8848	1000068	191	9737	1100054	191	10627	1200094	191	11515	1300039	191	12401	1400114	191	13292	1500053	191	14182	1600057	191	15071	1700014	191	15960	1800029	191	16850	1900062	191	17736	2000069	191	18624	2100065	191	19517	2200043	191	20407	2300018	191	21292	2400039	191	22182	2500058	191	23072	2600039	191	23960	2700083	191	24849	2800035	191	25737	2900040	191	26626	3000031	191	27514	3100099	191	28395	3200042	191	29287	3300114	191	30170	3400085	191	31058	3500065	191	
894	100038	191	1782	200018	191	2668	300105	191	3560	400102	191	4449	500046	191	5339	600108	191	6223	700028	191	7106	800099	191	7994	900048	191	8884	1000125	191	9756	1100116	191	10639	1200015	191	11529	1300013	191	12415	1400101	191	13304	1500106	191	14194	1600123	191	15088	1700020	191	15982	1800069	191	16864	1900115	191	17745	2000105	191	18624	2100055	191	19514	2200080	191	20404	2300070	191	21292	2400081	191	22180	2500093	191	23059	2600046	191	23948	2700071	191	24832	2800103	191	25702	2900032	191	26588	3000101	191	27478	3100064	191	28368	3200095	191	29253	3300089	191	30140	3400014	191	31033	3500027	191	
969	100075	194	1918	200101	194	2863	300070	194	3823	400016	194	4772	500090	194	5731	600024	194	6674	700085	194	7632	800079	194	8571	900041	194	9524	1000070	194	10483	1100073	194	11443	1200025	194	12408	1300055	194	13370	1400126	194	14332	1500109	194	15290	1600097	194	16250	1700049	194	17209	1800055	194	18173	1900114	194	19132	2000064	194	20093	2100031	194	21054	2200083	194	22015	2300083	194	22967	2400103	194	23920	2500051	194	24886	2600019	194	25836	2700072	194	26800	2800013	194	27749	2900070	194	28713	3000104	194	29678	3100043	194	30630	3200052	194	31590	3300064	194	32548	3400114	194	33502	3500025	194	
944	100038	194	1903	200084	194	2839	300090	194	3799	400016	194	4755	500096	194	5711	600042	194	6674	700024	194	7633	800069	194	8588	900070	194	9547	1000045	194	10485	1100039	194	11444	1200094	194	12398	1300069	194	13360	1400051	194	14321	1500104	194	15281	1600032	194	16237	1700024	194	17199	1800081	194	18163	1900046	194	19125	2000089	194	20081	2100084	194	21046	2200042	194	22009	2300111	194	22959	2400073	194	23924	2500066	194	24884	2600113	194	25844	2700063	194	26803	2800044	194	27762	2900109	194	28719	3000036	194	29679	3100083	194	30628	3200055	194	31575	3300055	194	32526	3400075	194	33488	3500098	194	
965	100093	194	1925	200112	194	2887	300100	194	3846	400022	194	4805	500060	194	5760	600082	194	6728	700108	194	7684	800081	194	8637	900028	194	9592	1000025	194	10537	1100103	194	11492	1200107	194	12453	1300031	194	13411	1400049	194	14337	1500029	194	15300	1600065	194	16235	1700028	194	17193	1800092	194	18151	1900021	194	19097	2000092	194	20053	2100108	194	21012	2200067	194	21976	2300110	194	22932	2400108	194	23892	2500040	194	24856	2600098	194	25822	2700091	194	26781	2800108	194	27733	2900059	194	28693	3000078	194	29655	3100099	194	30615	3200030	194	31579	3300108	194	32525	3400032	194	33484	3500106	194	
970	100109	194	1929	200025	194	2867	300048	194	3829	400016	194	4786	500090	194	5746	600019	194	6699	700085	194	7625	800023	194	8581	900116	194	9538	1000012	194	10496	1100042	194	11453	1200094	194	12393	1300086	194	13354	1400043	194	14316	1500111	194	15271	1600065	194	16205	1700086	194	17158	1800062	194	18116	1900065	194	19063	2000114	194	20019	2100015	194	20966	2200023	194	21915	2300081	194	22872	2400085	194	23823	2500052	194	24779	2600019	194	25742	2700036	194	26703	2800089	194	27655	2900061	194	28614	3000066	194	29549	3100071	194	30486	3200073	194	31438	3300062	194	32393	3400026	194	33345	3500089	194	
972	100042	194	1933	200107	194	2891	300084	194	3836	400048	194	4787	500115	194	5752	600113	194	6714	700096	194	7675	800080	194	8632	900018	194	9592	1000029	194	10551	1100056	194	11505	1200081	194	12465	1300080	194	13416	1400108	194	14372	1500045	194	15322	1600050	194	16273	1700097	194	17203	1800029	194	18141	1900018	194	19104	2000044	194	20062	2100086	194	21011	2200049	194	21967	2300081	194	22929	2400055	194	23894	2500073	194	24855	2600064	194	25817	2700080	194	26775	2800096	194	27734	2900085	194	28698	3000077	194	29664	3100042	194	30622	3200098	194	31584	3300025	194	32547	3400108	194	33509	3500040	194	
237	100170	1418	475	200381	1175	708	300533	1037	939	400169	985	1166	500462	967	1388	600178	965	1614	700451	965	1839	800082	965	2068	900370	965	2292	1000337	965	2518	1100131	965	2745	1200070	965	2970	1300408	965	3193	1400316	965	3419	1500470	965	3643	1600170	965	3867	1700429	965	4093	1800474	965	4317	1900265	965	4543	2000384	965	4766	2100084	965	4989	2200200	965	5216	2300357	965	5440	2400174	965	5662	2500167	965	5886	2600301	965	6113	2700283	965	6341	2800189	965	6566	2900436	965	6791	3000384	965	7016	3100305	965	7238	3200273	965	7465	3300422	965	7692	3400191	965	7918	3500473	965	
241	100200	1464	478	200223	1209	712	300396	1054	941	400245	997	1167	500447	975	1392	600467	967	1618	700321	965	1844	800166	965	2071	900465	965	2295	1000341	965	2521	1100144	965	2748	1200416	965	2972	1300258	965	3196	1400259	965	3421	1500181	965	3646	1600371	965	3871	1700205	965	4096	1800294	965	4321	1900227	965	4548	2000327	965	4775	2100303	965	5001	2200150	965	5227	2300466	965	5454	2400208	965	5679	2500392	965	5905	2600286	965	6130	2700356	965	6354	2800198	965	6580	2900393	965	6803	3000236	965	7030	3100119	965	7257	3200447	965	7481	3300264	965	7705	3400067	965	7931	3500317	965	
236	100129	1442	476	200417	1193	710	300278	1054	941	400449	989	1169	500287	971	1395	600206	965	1620	700224	965	1846	800241	965	2070	900328	965	2295	1000146	965	2518	1100220	965	2745	1200436	965	2970	1300141	965	3194	1400225	965	3421	1500395	965	3645	1600118	965	3870	1700123	965	4095	1800070	965	4319	1900367	965	4545	2000419	965	4770	2100145	965	4997	2200208	965	5219	2300136	965	5443	2400406	965	5668	2500184	965	5889	2600483	965	6111	2700214	965	6335	2800128	965	6564	2900336	965	6788	3000072	965	7016	3100406	965	7241	3200311	965	7464	3300333	965	7690	3400272	965	7913	3500420	965	
242	100331	1425	477	200181	1203	711	300447	1060	943	400224	989	1170	500381	969	1389	600081	965	1614	700102	965	1841	800447	965	2066	900502	965	2291	1000453	965	2517	1100131	965	2744	1200070	965	2971	1300410	965	3196	1400228	965	3422	1500320	965	3648	1600185	965	3869	1700100	965	4097	1800374	965	4322	1900392	965	4548	2000466	965	4768	2100110	965	4992	2200329	965	5217	2300184	965	5442	2400209	965	5668	2500418	965	5891	2600325	965	6117	2700096	965	6345	2800493	965	6569	2900074	965	6798	3000467	965	7026	3100388	965	7252	3200355	965	7475	3300384	965	7701	3400377	965	7924	3500288	965	
234	100414	1456	467	200355	1212	699	300081	1059	931	400365	1001	1157	500402	978	1381	600348	968	1603	700342	966	1829	800160	965	2056	900064	965	2282	1000153	965	2509	1100433	965	2735	1200387	965	2960	1300253	965	3187	1400156	965	3411	1500241	965	3639	1600447	965	3864	1700477	965	4082	1800254	965	4308	1900331	965	4536	2000208	965	4764	2100498	965	4989	2200203	965	5213	2300448	965	5437	2400467	965	5660	2500150	965	5887	2600452	965	6112	2700337	965	6339	2800366	965	6565	2900448	965	6793	3000478	965	7021	3100204	965	7246	3200446	965	7471	3300107	965	7699	3400208	965	7923	3500298	965	
261	100096	1314	518	200089	1055	769	300307	966	1014	400062	939	1261	500161	932	1505	600237	932	1749	700460	932	1989	800312	932	2235	900070	932	2480	1000361	932	2722	1100097	932	2967	1200273	932	3210	1300085	932	3456	1400421	932	3700	1500444	932	3944	1600223	932	4185	1700429	932	4428	1800294	932	4672	1900367	932	4915	2000084	932	5159	2100413	932	5402	2200310	932	5648	2300150	932	5892	2400344	932	6132	2500268	932	6374	2600225	932	6618	2700101	932	6865	2800269	932	7109	2900353	932	7353	3000229	932	7599	3100278	932	7840	3200171	932	8083	3300080	932	8325	3400073	932	8567	3500195	932	
261	100093	1380	518	200320	1109	768	300120	973	1018	400346	937	1261	500174	933	1505	600108	932	1748	700148	932	1991	800239	932	2235	900396	932	2480	1000416	932	2725	1100343	932	2968	1200419	932	3208	1300303	932	3453	1400109	932	3698	1500080	932	3941	1600238	932	4185	1700354	932	4431	1800146	932	4675	1900329	932	4920	2000325	932	5162	2100175	932	5403	2200293	932	5645	2300195	932	5887	2400267	932	6127	2500297	932	6371	2600341	932	6615	2700077	932	6857	2800246	932	7102	2900179	932	7342	3000174	932	7586	3100380	932	7830	3200157	932	8072	3300365	932	8312	3400362	932	8557	3500085	932	
262	100322	1354	518	200364	1097	769	300131	983	1017	400419	947	1263	500270	932	1505	600066	932	1747	700159	932	1990	800473	932	2232	900171	932	2477	1000425	932	2718	1100417	932	2963	1200454	932	3208	1300309	932	3453	1400363	932	3695	1500238	932	3937	1600214	932	4180	1700124	932	4422	1800456	932	4667	1900276	932	4910	2000204	932	5150	2100243	932	5396	2200353	932	5642	2300321	932	5888	2400207	932	6133	2500198	932	6376	2600162	932	6618	2700210	932	6861	2800359	932	7104	2900107	932	7345	3000130	932	7585	3100338	932	7826	3200133	932	8068	3300440	932	8311	3400445	932	8554	3500283	932	
259	100204	1382	514	200347	1101	761	300264	974	1009	400349	937	1252	500326	932	1493	600253	932	1736	700322	932	1980	800228	932	2221	900205	932	2462	1000229	932	2705	1100096	932	2950	1200281	932	3190	1300136	932	3434	1400122	932	3678	1500057	932	3923	1600436	932	4168	1700215	932	4412	1800187	932	4658	1900092	932	4903	2000303	932	5147	2100322	932	5388	2200444	932	5631	2300366	932	5873	2400135	932	6117	2500232	932	6356	2600251	932	6601	2700440	932	6843	2800221	932	7086	2900348	932	7329	3000066	932	7573	3100428	932	7817	3200180	932	8062	3300280	932	8304	3400286	932	8546	3500336	932	
262	100360	1375	516	200133	1100	769	300288	976	1014	400262	943	1257	500352	934	1499	600099	932	1742	700304	932	1983	800129	932	2229	900312	932	2472	1000218	932	2715	1100454	932	2959	1200469	932	3205	1300370	932	3448	1400202	932	3694	1500140	932	3937	1600237	932	4180	1700076	932	4425	1800454	932	4671	1900268	932	4915	2000336	932	5153	2100098	932	5398	2200237	932	5643	2300402	932	5889	2400422	932	6130	2500258	932	6375	2600145	932	6622	2700460	932	6861	2800090	932	7105	2900468	932	7347	3000445	932	7592	3100195	932	7838	3200311	932	8083	3300369	932	8324	3400074	932	8568	3500222	932	
2341	100051	456	4682	200030	50	7015	300005	50	9355	400013	50	11670	500015	50	14000	600003	50	16329	700004	50	18665	800015	50	20994	900018	50	23326	1000013	50	25669	1100038	50	27985	1200023	50	30300	1300018	50	32634	1400021	50	34933	1500041	50	37210	1600005	50	39528	1700030	50	41851	1800019	50	44177	1900015	50	46508	2000014	50	48838	2100012	50	51173	2200026	50	53504	2300025	50	55824	2400034	50	58154	2500032	50	60478	2600032	50	62803	2700014	50	65126	2800009	50	67433	2900025	50	69752	3000009	50	72073	3100016	50	74376	3200009	50	76702	3300017	50	79029	3400033	50	81351	3500009	50	
2338	100041	459	4661	200018	50	6980	300034	50	9309	400038	50	11627	500006	50	13953	600011	50	16268	700015	50	18584	800033	50	20921	900038	50	23252	1000023	50	25575	1100037	50	27892	1200011	50	30211	1300022	50	32539	1400036	50	34859	1500013	50	37170	1600026	50	39490	1700035	50	41809	1800028	50	44133	1900036	50	46445	2000032	50	48774	2100022	50	51099	2200031	50	53396	2300038	50	55704	2400027	50	58019	2500016	50	60349	2600010	50	62667	2700005	50	64999	2800041	50	67327	2900017	50	69652	3000009	50	71968	3100024	50	74290	3200038	50	76622	3300040	50	78951	3400022	50	81268	3500039	50	
2327	100041	432	4645	200011	50	6959	300008	50	9294	400020	50	11629	500004	50	13963	600040	50	16271	700023	50	18580	800009	50	20913	900043	50	23244	1000039	50	25571	1100009	50	27901	1200027	50	30236	1300019	50	32542	1400036	50	34873	1500031	50	37202	1600031	50	39533	1700025	50	41857	1800040	50	44188	1900043	50	46508	2000040	50	48842	2100003	50	51165	2200016	50	53492	2300012	50	55824	2400042	50	58141	2500041	50	60464	2600014	50	62793	2700017	50	65121	2800021	50	67435	2900015	50	69769	3000042	50	72095	3100045	50	74414	3200041	50	76744	3300039	50	79063	3400043	50	81404	3500013	50	
2339	100015	416	4652	200007	50	6960	300005	50	9270	400042	50	11601	500035	50	13935	600018	50	16273	700035	50	18596	800040	50	20923	900015	50	23267	1000014	50	25590	1100005	50	27917	1200031	50	30253	1300027	50	32589	1400025	50	34926	1500016	50	37253	1600005	50	39571	1700041	50	41899	1800027	50	44228	1900006	50	46539	2000003	50	48844	2100032	50	51124	2200038	50	53437	2300031	50	55776	2400026	50	58097	2500030	50	60415	2600038	50	62731	2700019	50	65049	2800024	50	67381	2900040	50	69689	3000042	50	72012	3100039	50	74339	3200006	50	76674	3300013	50	79013	3400019	50	81329	3500040	50	
2330	100046	417	4652	200037	50	6975	300039	50	9285	400029	50	11613	500010	50	13941	600006	50	16259	700036	50	18588	800015	50	20930	900031	50	23258	1000034	50	25590	1100008	50	27922	1200033	50	30250	1300021	50	32584	1400042	50	34888	1500012	50	37219	1600018	50	39548	1700004	50	41879	1800010	50	44211	1900007	50	46550	2000011	50	48883	2100045	50	51201	2200019	50	53532	2300004	50	55876	2400032	50	58203	2500041	50	60513	2600039	50	62800	2700013	50	65118	2800010	50	67416	2900007	50	69748	3000035	50	72087	3100029	50	74416	3200041	50	76747	3300036	50	79081	3400041	50	81406	3500031	50	
864	100083	9119	1739	200052	8208	2602	300076	7331	3469	400047	6420	4338	500046	5520	5210	600060	4612	6080	700117	3760	6917	800122	2981	7776	900030	2187	8632	1000057	1487	9476	1100103	907	10321	1200068	463	11158	1300031	220	11977	1400114	204	12787	1500095	204	13574	1600030	204	14396	1700088	204	15219	1800038	204	16040	1900119	204	16852	2000071	204	17661	2100023	204	18474	2200042	204	19293	2300093	204	20117	2400117	204	20930	2500107	204	21747	2600069	204	22564	2700096	204	23379	2800103	204	24201	2900085	204	25021	3000120	204	25833	3100076	204	26646	3200028	204	27460	3300034	204	28279	3400094	204	29097	3500131	204	
872	100116	9114	1730	200125	8221	2600	300124	7325	3476	400120	6420	4342	500066	5512	5206	600062	4610	6079	700118	3699	6946	800044	2823	7813	900063	1987	8662	1000077	1292	9499	1100096	772	10328	1200075	412	11157	1300118	242	11973	1400072	207	12787	1500034	204	13605	1600098	204	14425	1700096	204	15247	1800082	204	16062	1900117	204	16880	2000025	204	17702	2100076	204	18516	2200088	204	19334	2300095	204	20157	2400035	204	20967	2500099	204	21782	2600038	204	22601	2700139	204	23423	2800131	204	24240	2900053	204	25062	3000068	204	25878	3100031	204	26695	3200036	204	27502	3300111	204	28313	3400047	204	29128	3500123	204	
867	100066	9135	1697	200085	8290	2571	300073	7376	3439	400100	6464	4309	500037	5581	5182	600102	4733	6058	700073	3860	6927	800108	3026	7792	900074	2211	8647	1000065	1499	9485	1100115	898	10331	1200124	468	11161	1300123	239	11981	1400028	209	12799	1500077	204	13614	1600087	204	14416	1700081	204	15235	1800134	204	16046	1900022	204	16866	2000102	204	17685	2100054	204	18506	2200015	204	19328	2300095	204	20150	2400047	204	20960	2500060	204	21786	2600033	204	22603	2700064	204	23419	2800029	204	24228	2900034	204	25052	3000128	204	25871	3100106	204	26692	3200090	204	27509	3300042	204	28329	3400037	204	29138	3500095	204	
862	100094	9115	1715	200039	8238	2590	300048	7348	3458	400052	6420	4327	500062	5503	5189	600033	4598	6062	700061	3684	6928	800022	2830	7796	900123	2038	8652	1000017	1351	9502	1100023	775	10343	1200112	387	11157	1300129	210	11975	1400108	204	12796	1500032	204	13603	1600092	204	14425	1700084	204	15247	1800039	204	16071	1900106	204	16892	2000045	204	17714	2100074	204	18527	2200020	204	19351	2300132	204	20171	2400116	204	20989	2500102	204	21809	2600055	204	22626	2700079	204	23446	2800089	204	24260	2900031	204	25070	3000107	204	25886	3100042	204	26699	3200069	204	27509	3300069	204	28328	3400026	204	29151	3500090	204	
867	100027	9096	1741	200122	8209	2613	300022	7303	3478	400067	6379	4353	500032	5452	5225	600036	4563	6100	700112	3654	6968	800058	2795	7834	900109	2014	8683	1000021	1335	9527	1100092	820	10366	1200018	453	11196	1300026	240	12020	1400056	204	12839	1500053	204	13661	1600110	204	14462	1700106	204	15281	1800077	204	16099	1900142	204	16911	2000040	204	17734	2100025	204	18556	2200037	204	19371	2300020	204	20192	2400085	204	21016	2500052	204	21828	2600026	204	22648	2700117	204	23465	2800101	204	24266	2900035	204	25081	3000130	204	25891	3100073	204	26711	3200103	204	27514	3300060	204	28329	3400121	204	29151	3500076	204	
208	100215	49732	418	200083	49055	625	300435	48384	832	400125	47665	1042	500260	46964	1250	600472	46262	1460	700376	45583	1668	800248	44916	1877	900226	44239	2087	1000501	43561	2296	1100417	42875	2506	1200276	42210	2713	1300493	41536	2922	1400528	40840	3131	1500296	40153	3340	1600315	39471	3551	1700297	38806	3761	1800554	38108	3970	1900535	37423	4178	2000385	36744	4383	2100100	36105	4594	2200550	35463	4801	2300311	34793	5007	2400262	34134	5215	2500387	33492	5425	2600504	32796	5632	2700364	32108	5838	2800344	31436	6047	2900335	30763	6256	3000505	30072	6466	3100180	29403	6676	3200163	28715	6886	3300416	28044	7095	3400309	27396	7304	3500535	26708	
208	100156	49754	419	200547	49101	626	300289	48421	836	400107	47739	1045	500508	47063	1252	600108	46370	1462	700164	45677	1671	800421	44997	1882	900310	44299	2093	1000196	43586	2303	1100491	42885	2511	1200179	42202	2718	1300123	41517	2927	1400475	40803	3137	1500283	40108	3350	1600458	39392	3559	1700321	38711	3769	1800292	38028	3977	1900135	37351	4185	2000171	36657	4395	2100505	35967	4600	2200457	35302	4810	2300114	34625	5020	2400290	33939	5228	2500379	33250	5433	2600372	32589	5643	2700261	31886	5854	2800338	31186	6065	2900387	30513	6276	3000401	29814	6486	3100441	29156	6694	3200089	28491	6903	3300157	27801	7112	3400117	27122	7323	3500315	26432	
208	100331	49767	417	200417	49072	626	300243	48368	837	400409	47688	1048	500519	47014	1254	600129	46356	1467	700505	45653	1676	800511	44994	1886	900413	44324	2097	1000423	43629	2307	1100254	42936	2515	1200205	42269	2724	1300147	41615	2933	1400529	40946	3142	1500296	40239	3350	1600535	39582	3559	1700117	38910	3769	1800454	38225	3978	1900164	37547	4188	2000423	36878	4397	2100383	36184	4607	2200343	35493	4815	2300185	34816	5027	2400359	34113	5235	2500329	33444	5445	2600513	32788	5656	2700442	32088	5866	2800475	31418	6075	2900437	30758	6281	3000260	30091	6489	3100186	29446	6699	3200321	28783	6908	3300458	28132	7115	3400216	27479	7325	3500355	26806	
210	100576	49720	417	200120	49060	626	300366	48382	838	400525	47650	1045	500384	47011	1252	600206	46330	1461	700341	45624	1670	800411	44951	1874	900425	44250	2083	1000244	43539	2293	1100239	42847	2503	1200475	42167	2711	1300269	41494	2920	1400453	40864	3128	1500274	40186	3339	1600436	39503	3547	1700110	38830	3755	1800218	38171	3962	1900143	37495	4172	2000527	36815	4379	2100385	36168	4587	2200080	35497	4794	2300285	34820	5002	2400220	34152	5212	2500523	33489	5420	2600140	32815	5632	2700373	32119	5842	2800246	31468	6052	2900481	30773	6259	3000244	30084	6465	3100176	29431	6671	3200573	28756	6877	3300358	28096	7086	3400320	27396	7294	3500250	26704	
208	100372	49718	417	200174	49059	627	300428	48401	838	400261	47721	1051	500291	47028	1259	600225	46349	1469	700471	45659	1677	800162	44959	1885	900376	44249	2095	1000192	43591	2306	1100432	42904	2516	1200193	42205	2728	1300270	41546	2935	1400337	40897	3141	1500223	40196	3349	1600322	39507	3558	1700418	38838	3762	1800197	38191	3971	1900336	37482	4180	2000183	36832	4389	2100387	36154	4599	2200128	35505	4810	2300433	34799	5019	2400488	34118	5225	2500088	33421	5433	2600512	32731	5640	2700410	32042	5846	2800312	31367	6051	2900270	30726	6257	3000514	30073	6465	3100282	29406	6676	3200332	28745	6885	3300171	28074	7094	3400422	27374	7302	3500487	26680	
