versja nr 3;wspolczynnik mutacji 1.800000;wielkosc populacji 75
162	100308	544	321	200359	544	480	300330	544	500	312963	544	639	400414	544	798	500364	544	957	600097	544	1000	627089	544	1116	700561	544	1274	800590	544	1432	900075	544	1500	942817	544	1592	1000654	544	1751	1100417	544	1910	1200420	544	2000	1257017	544	2069	1300294	544	2228	1400314	544	2387	1500308	544	2500	1571305	544	2546	1600131	544	2704	1700588	544	2861	1800358	544	3000	1888203	544	3019	1900126	544	3179	2000527	544	3338	2100516	544	3497	2200613	544	3500	2202545	544	3656	2300585	544	3815	2400475	544	3974	2500537	544	
164	100636	607	326	200469	607	488	300307	607	500	307719	607	650	400095	607	813	500575	607	974	600028	607	1000	616095	607	1137	700412	607	1299	800161	607	1458	900173	607	1500	926694	607	1618	1000419	607	1780	1100310	607	1942	1200224	607	2000	1235937	607	2104	1300083	607	2267	1400656	607	2429	1500347	607	2500	1543968	607	2592	1600625	607	2754	1700436	607	2916	1800448	607	3000	1852694	607	3077	1900104	607	3240	2000550	607	3402	2100196	607	3500	2160534	607	3565	2200502	607	3727	2300357	607	3889	2400281	607	4000	2468558	607	4052	2500642	607	
160	100474	685	320	200426	685	481	300561	685	500	312335	685	641	400030	685	803	500569	685	962	600073	685	1000	623725	685	1123	700239	685	1284	800535	685	1443	900320	685	1500	935751	685	1604	1000432	685	1765	1100656	685	1925	1200115	685	2000	1246714	685	2086	1300057	685	2247	1400076	685	2407	1500670	685	2500	1558872	685	2567	1600466	685	2728	1700601	685	2889	1800478	685	3000	1869399	685	3049	1900083	685	3210	2000148	685	3370	2100045	685	3500	2180745	685	3531	2200115	685	3692	2300129	685	3853	2400084	685	4000	2491266	685	4014	2500139	685	
163	100413	641	324	200348	641	486	300393	641	500	309032	641	647	400340	641	809	500327	641	970	600362	641	1000	619036	641	1131	700335	641	1293	800606	641	1454	900243	641	1500	928796	641	1616	1000509	641	1775	1100174	641	1936	1200121	641	2000	1239683	641	2098	1300381	641	2260	1400391	641	2421	1500111	641	2500	1548930	641	2583	1600380	641	2744	1700290	641	2906	1800491	641	3000	1859879	641	3065	1900205	641	3227	2000434	641	3389	2100635	641	3500	2169480	641	3550	2200385	641	3709	2300569	641	3870	2400324	641	4000	2480389	641	4032	2500230	641	
164	100256	710	326	200116	710	488	300067	710	500	307467	710	651	400535	710	813	500248	710	976	600586	710	1000	615372	710	1138	700492	710	1300	800264	710	1462	900530	710	1500	923998	710	1623	1000075	710	1786	1100548	710	1947	1200199	710	2000	1232745	710	2110	1300552	710	2271	1400447	710	2430	1500497	710	2500	1543551	710	2592	1600227	710	2755	1700532	710	2917	1800504	710	3000	1851696	710	3079	1900295	710	3241	2000505	710	3403	2100247	710	3500	2159976	710	3564	2200040	710	3726	2300033	710	3888	2400044	710	4000	2469292	710	4050	2500403	710	
163	100629	772	323	200113	772	484	300219	772	500	310244	772	645	400228	772	806	500299	772	967	600552	772	1000	621029	772	1123	700459	772	1283	800349	772	1444	900280	772	1500	935011	772	1605	1000230	772	1766	1100619	772	1926	1200270	772	2000	1246041	772	2087	1300116	772	2248	1400329	772	2409	1500035	772	2500	1556614	772	2571	1600633	772	2732	1700499	772	2893	1800383	772	3000	1866663	772	3054	1900155	772	3215	2000267	772	3376	2100612	772	3500	2177430	772	3537	2200445	772	3697	2300242	772	3858	2400297	772	4000	2488579	772	4019	2500411	772	
165	100566	612	328	200185	612	492	300176	612	500	305078	612	656	400597	612	819	500095	612	983	600439	612	1000	610945	612	1146	700554	612	1309	800452	612	1472	900607	612	1500	917745	612	1635	1000161	612	1799	1100365	612	1962	1200100	612	2000	1223521	612	2126	1300502	612	2289	1400403	612	2453	1500549	612	2500	1529251	612	2616	1600379	612	2779	1700090	612	2943	1800468	612	3000	1835266	612	3107	1900465	612	3270	2000221	612	3434	2100544	612	3500	2140894	612	3597	2200300	612	3760	2300231	612	3924	2400292	612	4000	2446742	612	4088	2500591	612	
162	100218	449	323	200578	449	482	300627	449	500	312027	449	640	400532	449	799	500248	449	958	600281	449	1000	626476	449	1118	700278	449	1278	800221	449	1437	900100	449	1500	939633	449	1597	1000458	449	1757	1100342	449	1917	1200392	449	2000	1252182	449	2077	1300319	449	2237	1400346	449	2396	1500027	449	2500	1565096	449	2556	1600064	449	2716	1700149	449	2876	1800431	449	3000	1877928	449	3036	1900455	449	3195	2000425	449	3350	2100637	449	3500	2194257	449	3510	2200486	449	3669	2300222	449	3830	2400544	449	3990	2500189	449	
169	100387	640	337	200585	640	500	298564	640	503	300371	640	670	400303	640	837	500399	640	1000	598137	640	1004	600584	640	1170	700316	640	1337	800489	640	1500	897945	640	1504	900391	640	1671	1000554	640	1838	1100493	640	2000	1198944	640	2002	1200251	640	2165	1300316	640	2332	1400395	640	2499	1500557	640	2500	1501176	640	2665	1600135	640	2833	1700596	640	3000	1800448	640	3000	1800476	640	3167	1900414	640	3333	2000219	640	3500	2099973	640	3501	2100605	640	3667	2200089	640	3834	2300610	640	4000	2399989	640	4001	2400608	640	4168	2500499	640	
161	100406	803	320	200438	803	479	300165	803	500	313518	803	635	400409	803	793	500355	803	952	600253	803	1000	630301	803	1111	700214	803	1270	800365	803	1429	900039	803	1500	944542	803	1588	1000408	803	1747	1100140	803	1907	1200472	803	2000	1259283	803	2065	1300083	803	2225	1400528	803	2384	1500369	803	2500	1573340	803	2543	1600313	803	2702	1700136	803	2862	1800406	803	3000	1887191	803	3021	1900468	803	3180	2000188	803	3338	2100658	803	3497	2200366	803	3500	2202277	803	3656	2300387	803	3815	2400629	803	3974	2500544	803	
173	100381	171	343	200049	171	500	292037	171	514	300315	171	684	400498	171	853	500405	171	1000	586837	171	1023	600419	171	1191	700054	171	1362	800268	171	1500	881288	171	1532	900060	171	1703	1000395	171	1874	1100554	171	2000	1174409	171	2044	1200519	171	2214	1300258	171	2385	1400494	171	2500	1468112	171	2555	1500243	171	2725	1600176	171	2895	1700518	171	3000	1762200	171	3065	1800287	171	3236	1900305	171	3407	2000483	171	3500	2055047	171	3577	2100277	171	3748	2200429	171	3919	2300606	171	4000	2347932	171	4089	2400126	171	4260	2500606	171	
164	100593	176	324	200516	176	484	300091	176	500	310132	176	645	400156	176	807	500521	176	968	600338	176	1000	620197	176	1129	700081	176	1291	800436	176	1452	900276	176	1500	930213	176	1613	1000471	176	1774	1100247	176	1935	1200495	176	2000	1241185	176	2093	1300098	176	2254	1400331	176	2415	1500153	176	2500	1553288	176	2576	1600422	176	2736	1700108	176	2894	1800104	176	3000	1865807	176	3055	1900103	176	3216	2000131	176	3378	2100485	176	3500	2176388	176	3539	2200553	176	3700	2300526	176	3861	2400076	176	4000	2485924	176	4023	2500194	176	
163	100039	196	323	200426	196	482	300146	196	500	311342	196	642	400322	196	802	500326	196	961	600112	196	1000	624681	196	1121	700428	196	1280	800032	196	1440	900235	196	1500	939413	196	1597	1000638	196	1756	1100257	196	1915	1200163	196	2000	1253219	196	2075	1300280	196	2235	1400634	196	2394	1500169	196	2500	1566681	196	2554	1600561	196	2713	1700333	196	2873	1800620	196	3000	1879953	196	3033	1900633	196	3192	2000192	196	3351	2100198	196	3500	2193538	196	3511	2200462	196	3670	2300200	196	3830	2400319	196	3990	2500384	196	
171	100300	205	335	200448	205	500	298757	205	503	300568	205	670	400076	205	838	500050	205	1000	596058	205	1007	600318	205	1175	700315	205	1343	800500	205	1500	894749	205	1509	900208	205	1675	1000056	205	1841	1100274	205	2000	1195399	205	2008	1200213	205	2177	1300525	205	2345	1400210	205	2500	1492237	205	2514	1500613	205	2681	1600154	205	2849	1700579	205	3000	1790344	205	3017	1800451	205	3186	1900617	205	3353	2000168	205	3500	2088009	205	3521	2100568	205	3688	2200136	205	3855	2300463	205	4000	2387797	205	4021	2400467	205	4189	2500378	205	
166	100225	264	329	200047	264	493	300484	264	500	304754	264	656	400115	264	820	500357	264	983	600136	264	1000	610557	264	1146	700338	264	1309	800094	264	1473	900094	264	1500	916629	264	1636	1000294	264	1799	1100197	264	1963	1200402	264	2000	1223072	264	2126	1300068	264	2290	1400341	264	2453	1500081	264	2500	1528959	264	2617	1600464	264	2781	1700526	264	2944	1800361	264	3000	1834442	264	3108	1900430	264	3271	2000239	264	3435	2100512	264	3500	2140169	264	3599	2200599	264	3761	2300197	264	3922	2400170	264	4000	2447890	264	4086	2500522	264	
172	100503	176	341	200569	176	500	294722	176	509	300119	176	678	400247	176	847	500247	176	1000	590658	176	1016	600162	176	1185	700363	176	1353	800035	176	1500	887851	176	1521	900352	176	1689	1000582	176	1857	1100300	176	2000	1185620	176	2025	1200417	176	2194	1300513	176	2363	1400308	176	2500	1481824	176	2529	1500392	176	2696	1600505	176	2864	1700522	176	3000	1781122	176	3032	1800076	176	3202	1900589	176	3371	2000605	176	3500	2076904	176	3540	2100548	176	3707	2200491	176	3874	2300165	176	4000	2375194	176	4042	2400270	176	4211	2500401	176	
168	100264	163	335	200421	163	500	299264	163	502	300485	163	669	400525	163	836	500633	163	1000	599165	163	1002	600383	163	1165	700333	163	1330	800082	163	1497	900156	163	1500	901964	163	1664	1000389	163	1830	1100261	163	1996	1200521	163	2000	1202931	163	2162	1300185	163	2329	1400352	163	2496	1500552	163	2500	1502977	163	2662	1600491	163	2828	1700029	163	2996	1800542	163	3000	1802967	163	3163	1900546	163	3329	2000067	163	3496	2100516	163	3500	2102919	163	3663	2200397	163	3830	2300561	163	3995	2400231	163	4000	2403230	163	4161	2500060	163	
164	100364	188	323	200045	188	484	300093	188	500	310059	188	645	400205	188	806	500581	188	966	600237	188	1000	621361	188	1127	700248	188	1288	800611	188	1448	900385	188	1500	932772	188	1609	1000434	188	1769	1100455	188	1929	1200252	188	2000	1244465	188	2090	1300492	188	2251	1400548	188	2411	1500111	188	2500	1555442	188	2572	1600231	188	2733	1700360	188	2894	1800366	188	3000	1866170	188	3055	1900296	188	3216	2000448	188	3377	2100589	188	3500	2177307	188	3537	2200360	188	3698	2300501	188	3858	2400329	188	4000	2488809	188	4018	2500104	188	
170	100110	205	338	200136	205	500	296391	205	507	300595	205	675	400352	205	843	500612	205	1000	594486	205	1010	600506	205	1178	700553	205	1346	800604	205	1500	892360	205	1513	900153	205	1682	1000552	205	1850	1100515	205	2000	1189899	205	2017	1200100	205	2186	1300492	205	2354	1400433	205	2500	1487098	205	2522	1500323	205	2690	1600238	205	2858	1700459	205	3000	1784828	205	3026	1800299	205	3194	1900272	205	3362	2000244	205	3500	2083975	205	3527	2100190	205	3695	2200083	205	3864	2300505	205	4000	2381228	205	4032	2400417	205	4200	2500414	205	
165	100449	249	327	200100	249	489	300229	249	500	306978	249	652	400501	249	814	500148	249	977	600572	249	1000	614671	249	1139	700158	249	1302	800377	249	1464	900202	249	1500	922513	249	1626	1000059	249	1789	1100252	249	1952	1200615	249	2000	1230199	249	2110	1300447	249	2271	1400336	249	2433	1500133	249	2500	1541674	249	2595	1600102	249	2758	1700188	249	2921	1800546	249	3000	1849154	249	3083	1900057	249	3246	2000558	249	3407	2100273	249	3500	2157650	249	3569	2200445	249	3731	2300130	249	3894	2400599	249	4000	2465628	249	4056	2500070	249	
54	100821	4228	107	201081	4228	160	301480	4228	212	400474	4228	264	501287	4228	317	601363	4228	370	701367	4228	423	801422	4228	476	901322	4228	500	946433	4228	529	1001238	4228	582	1101460	4228	635	1201356	4228	688	1301478	4228	740	1400175	4228	793	1500309	4228	846	1600135	4228	899	1700129	4228	952	1800443	4228	1000	1890906	4228	1005	1900535	4228	1058	2000964	4228	1111	2101325	4228	1164	2201727	4228	1216	2300333	4228	1269	2400610	4228	1322	2500769	4228	
54	101842	4382	106	201641	4382	158	301197	4382	210	400932	4382	262	500818	4382	314	600680	4382	366	700892	4382	418	800433	4382	471	901767	4382	500	957845	4382	522	1000917	4382	574	1100368	4382	627	1202041	4382	679	1301778	4382	731	1401342	4382	783	1500631	4382	836	1601943	4382	888	1701474	4382	940	1800890	4382	992	1900349	4382	1000	1915681	4382	1045	2001649	4382	1097	2101690	4382	1149	2201248	4382	1201	2301225	4382	1253	2401203	4382	1305	2500810	4382	
54	101849	4653	107	201963	4653	159	300222	4653	212	400363	4653	265	500363	4653	318	600470	4653	371	700947	4653	424	800968	4653	477	901392	4653	500	945022	4653	530	1001726	4653	583	1101615	4653	636	1201560	4653	689	1301961	4653	741	1400303	4653	794	1500234	4653	847	1600413	4653	900	1701939	4653	951	1800189	4653	1000	1893308	4653	1004	1900973	4653	1057	2001273	4653	1110	2101673	4653	1163	2201945	4653	1215	2300299	4653	1268	2400484	4653	1321	2500910	4653	
54	100507	3586	107	201805	3586	159	300992	3586	212	401768	3586	264	500649	3586	317	601282	3586	369	700199	3586	422	801001	3586	473	900578	3586	500	952445	3586	526	1001968	3586	578	1100779	3586	630	1200282	3586	683	1301187	3586	735	1400204	3586	788	1501166	3586	841	1601932	3586	893	1700634	3586	946	1801635	3586	998	1901500	3586	1000	1905446	3586	1050	2000861	3586	1103	2101595	3586	1155	2200815	3586	1208	2301736	3586	1260	2400680	3586	1313	2501163	3586	
53	101255	3574	104	200137	3574	156	301566	3574	207	400503	3574	259	501333	3574	311	601930	3574	362	701212	3574	414	801858	3574	465	900906	3574	500	968641	3574	517	1001694	3574	568	1100525	3574	620	1201754	3574	671	1300296	3574	723	1401187	3574	774	1500533	3574	826	1601441	3574	878	1701664	3574	929	1800272	3574	981	1900853	3574	1000	1937668	3574	1033	2001446	3574	1084	2100214	3574	1136	2200992	3574	1188	2301642	3574	1240	2402060	3574	1291	2501154	3574	
53	100756	4518	105	200867	4518	157	300910	4518	209	401222	4518	261	501642	4518	312	600432	4518	364	700335	4518	416	800239	4518	468	900651	4518	500	962424	4518	520	1000756	4518	572	1100907	4518	624	1200916	4518	676	1301269	4518	728	1401401	4518	780	1501389	4518	832	1601358	4518	884	1701373	4518	936	1801563	4518	988	1901426	4518	1000	1924797	4518	1039	2000282	4518	1092	2102018	4518	1142	2201355	4518	1194	2301245	4518	1246	2401255	4518	1298	2501545	4518	
54	101018	3651	106	201599	3651	158	301533	3651	210	401216	3651	262	501232	3651	314	600896	3651	366	700714	3651	418	800234	3651	471	901377	3651	500	956712	3651	523	1000865	3651	575	1100847	3651	627	1200655	3651	678	1300169	3651	731	1401622	3651	783	1501608	3651	835	1601159	3651	887	1700796	3651	939	1800841	3651	991	1900520	3651	1000	1917968	3651	1043	2000737	3651	1095	2100379	3651	1148	2201855	3651	1199	2300414	3651	1252	2402025	3651	1304	2501870	3651	
53	100402	3980	104	200655	3980	155	300822	3980	205	400895	3980	256	501229	3980	307	600423	3980	358	700215	3980	410	801689	3980	461	901123	3980	500	977579	3980	512	1001004	3980	563	1100523	3980	615	1201810	3980	666	1301143	3980	717	1400595	3980	768	1500181	3980	820	1601674	3980	871	1700587	3980	923	1801740	3980	974	1900710	3980	1000	1951313	3980	1025	2000382	3980	1077	2101785	3980	1128	2201111	3980	1179	2300509	3980	1230	2400247	3980	1282	2501516	3980	
54	100276	4235	108	201801	4235	161	301747	4235	214	401788	4235	267	501807	4235	320	601730	4235	373	701614	4235	426	801338	4235	479	901304	4235	500	941154	4235	532	1001192	4235	585	1101219	4235	638	1200863	4235	692	1301917	4235	745	1401405	4235	798	1500914	4235	851	1600485	4235	905	1701657	4235	958	1801317	4235	1000	1880133	4235	1011	1900901	4235	1064	2000118	4235	1118	2102002	4235	1171	2201734	4235	1224	2301267	4235	1277	2400847	4235	1330	2500363	4235	
54	101672	4029	106	201781	4029	158	301739	4029	210	401621	4029	262	501703	4029	313	600118	4029	365	700380	4029	417	800185	4029	469	900315	4029	500	960034	4029	521	1000475	4029	573	1100512	4029	625	1200875	4029	677	1300578	4029	729	1401088	4029	781	1501129	4029	833	1601393	4029	884	1701584	4029	935	1800624	4029	987	1901026	4029	1000	1925974	4029	1039	2000959	4029	1091	2101147	4029	1143	2200867	4029	1195	2301273	4029	1247	2401527	4029	1299	2501362	4029	
56	102004	1369	108	200983	1369	160	300682	1369	213	401705	1369	265	501110	1369	318	601962	1369	370	701418	1369	422	800474	1369	473	900337	1369	500	951869	1369	526	1001673	1369	578	1100827	1369	630	1200168	1369	683	1301087	1369	736	1401829	1369	788	1500729	1369	840	1600278	1369	893	1701243	1369	945	1800333	1369	998	1901478	1369	1000	1905416	1369	1050	2000875	1369	1103	2101838	1369	1155	2200637	1369	1207	2300383	1369	1260	2401355	1369	1312	2500614	1369	
57	101611	1465	110	200109	1465	164	300490	1465	218	400780	1465	272	500897	1465	326	601127	1465	380	701699	1465	433	800787	1465	487	901845	1465	500	926148	1465	540	1000368	1465	594	1100618	1465	648	1200950	1465	702	1301262	1465	756	1401863	1465	809	1500473	1465	863	1601037	1465	917	1701619	1465	970	1800251	1465	1000	1856120	1465	1024	1900602	1465	1078	2000890	1465	1132	2101852	1465	1185	2200516	1465	1239	2300810	1465	1293	2401185	1465	1347	2501380	1465	
56	101945	1810	108	201209	1810	160	300569	1810	213	401914	1810	265	500909	1810	317	600319	1810	370	701946	1810	422	800870	1810	475	901678	1810	500	949357	1810	527	1001017	1810	579	1100137	1810	632	1201103	1810	684	1300328	1810	737	1400863	1810	790	1501941	1810	842	1601025	1810	895	1701789	1810	947	1800988	1810	1000	1901899	1810	1000	1902012	1810	1052	2000847	1810	1105	2101950	1810	1156	2201632	1810	1208	2300627	1810	1261	2401262	1810	1314	2501823	1810	
58	101865	1256	111	200733	1256	165	301610	1256	218	400454	1256	272	500995	1256	326	601926	1256	379	700630	1256	433	801899	1256	486	900938	1256	500	927163	1256	539	1000196	1256	593	1101135	1256	646	1200241	1256	699	1301810	1256	752	1401087	1256	806	1501744	1256	859	1600686	1256	913	1701830	1256	966	1800843	1256	1000	1864145	1256	1020	1901853	1256	1073	2000962	1256	1127	2101950	1256	1180	2200732	1256	1234	2301299	1256	1287	2400874	1256	1341	2501270	1256	
58	101220	1222	112	201420	1222	166	301280	1222	220	401104	1222	273	501318	1222	327	600842	1222	381	700563	1222	435	800380	1222	490	901678	1222	500	920198	1222	544	1001285	1222	598	1101008	1222	652	1200961	1222	706	1300421	1222	761	1401646	1222	815	1500682	1222	870	1601944	1222	924	1700936	1222	978	1800111	1222	1000	1840787	1222	1033	1901387	1222	1087	2000811	1222	1141	2100292	1222	1196	2201540	1222	1250	2300664	1222	1304	2400269	1222	1359	2501565	1222	
56	100526	1518	109	200932	1518	162	300893	1518	215	400494	1518	269	501797	1518	322	601730	1518	375	701848	1518	428	801532	1518	481	900542	1518	500	936226	1518	534	1000167	1518	588	1101807	1518	640	1200954	1518	693	1300867	1518	746	1400132	1518	800	1501422	1518	853	1600847	1518	906	1700846	1518	959	1800675	1518	1000	1877786	1518	1012	1900499	1518	1065	2000436	1518	1119	2101741	1518	1172	2201413	1518	1225	2301781	1518	1278	2401285	1518	1331	2500962	1518	
58	100317	1233	113	201186	1233	167	300520	1233	222	401114	1233	277	501656	1233	331	600447	1233	386	700826	1233	441	801351	1233	495	900205	1233	500	909373	1233	550	1000624	1233	605	1101607	1233	660	1201713	1233	714	1300281	1233	769	1400553	1233	824	1501357	1233	878	1600121	1233	933	1701597	1233	986	1801071	1233	1000	1826942	1233	1041	1901846	1233	1095	2000723	1233	1150	2101474	1233	1204	2200136	1233	1259	2300884	1233	1314	2401685	1233	1368	2500437	1233	
55	100973	1813	108	201565	1624	160	301171	1437	212	400786	1437	264	500499	1437	316	600624	1437	368	700628	1437	420	801297	1437	471	900847	1437	500	956690	1437	523	1001219	1437	575	1100656	1437	627	1200331	1437	679	1300130	1437	732	1401918	1437	784	1501983	1437	836	1601866	1437	888	1701182	1437	940	1800977	1437	992	1901104	1437	1000	1916435	1437	1044	2000662	1437	1097	2102000	1437	1148	2200373	1437	1200	2300242	1437	1252	2400520	1437	1304	2500465	1437	
55	100824	1349	107	201857	1349	158	300358	1349	210	401059	1349	261	500294	1349	313	601159	1349	365	701812	1349	416	800207	1349	468	900734	1349	500	962717	1349	520	1001642	1349	571	1100156	1349	623	1200515	1349	675	1301095	1349	727	1401527	1349	778	1500673	1349	830	1602025	1349	881	1701317	1349	932	1800172	1349	984	1901077	1349	1000	1932196	1349	1036	2001809	1349	1087	2100758	1349	1139	2201708	1349	1190	2300696	1349	1242	2401518	1349	1293	2500309	1349	
59	101933	1291	113	201317	1291	167	301122	1291	221	400369	1291	276	501495	1291	330	600847	1291	384	700364	1291	439	801130	1291	493	900426	1291	500	913264	1291	547	1000250	1291	602	1101561	1291	656	1200859	1291	710	1301117	1291	764	1400411	1291	819	1501513	1291	873	1600935	1291	928	1701935	1291	981	1800157	1291	1000	1835022	1291	1036	1900978	1291	1091	2001546	1291	1145	2100414	1291	1199	2201764	1291	1253	2301129	1291	1307	2400457	1291	1362	2501702	1291	
12	105387	23378	24	208994	22440	35	306077	22440	46	402874	22440	58	508566	22440	69	605436	22440	80	702270	22440	92	807989	22440	103	904932	22440	114	1001762	22440	126	1107799	22440	137	1207035	22440	148	1304279	22440	159	1401329	22440	171	1507284	22440	182	1604164	22440	193	1701207	22440	205	1806858	22440	216	1903657	22440	228	2009226	22440	239	2106619	22440	250	2203652	22440	262	2309291	22440	273	2406553	22440	284	2503252	22440	
11	103548	24266	22	201578	24266	34	307242	24266	45	404436	24266	56	501315	24266	68	607208	24266	79	704034	24266	90	800837	24266	102	906608	24266	113	1003687	24266	125	1109210	24266	136	1206056	24266	147	1303150	24266	159	1409252	24266	170	1506251	24266	181	1603315	24266	193	1708967	24266	204	1806352	24266	215	1903756	24266	226	2000870	24266	238	2106227	24266	249	2202921	24266	261	2308361	24266	272	2405127	24266	283	2502114	24266	
12	103728	22713	24	208268	21823	35	305488	21823	46	402771	21823	58	508843	21823	69	606212	21823	80	703488	21823	91	800907	21823	103	907066	21823	114	1004173	21823	125	1101308	21823	137	1207307	21823	148	1304510	21823	159	1401389	21823	171	1507570	21823	182	1604738	21823	193	1701964	21823	205	1807892	21823	216	1904867	21823	227	2002908	21823	238	2101767	21823	250	2207891	21823	261	2305295	21823	272	2402428	21823	284	2508925	21823	
12	105045	25212	23	201247	25212	35	306263	25212	46	402433	25212	58	507362	24269	69	602892	24269	81	708240	24269	92	804644	24269	103	901074	24269	115	1008577	24269	126	1105018	24269	137	1201479	24269	149	1306829	24269	160	1403748	24269	172	1509181	24269	183	1605603	24269	194	1701970	24269	206	1806864	24269	217	1903391	24269	229	2008320	24269	240	2104573	24269	251	2200703	24269	263	2306242	24269	274	2402575	24269	286	2507703	24269	
12	105758	22768	23	201500	22768	35	307841	22768	46	405334	22768	57	502644	22768	69	608631	22768	80	705986	22768	91	804103	22768	102	901484	22768	114	1007565	22768	125	1104879	22768	136	1201926	22768	148	1307979	22768	159	1405418	22768	170	1502657	22768	182	1608820	22768	193	1706190	22768	204	1803245	22768	216	1909174	22768	227	2006937	22768	238	2104098	22768	249	2201600	22768	261	2308419	22768	272	2405714	22768	283	2503064	22768	
12	103784	23303	23	201210	23303	35	307563	23303	46	404958	23303	57	502131	23303	69	608358	23303	80	706342	23303	91	804101	23303	102	901411	23303	114	1007805	23303	125	1105048	23303	136	1202262	23303	148	1308566	23303	159	1405914	23303	170	1503378	23303	181	1600807	23303	193	1707049	23303	204	1805664	23303	215	1904264	23303	226	2001717	23303	238	2107742	23303	249	2205025	23303	260	2302718	23303	272	2408799	23303	283	2506228	23303	
12	105165	24689	23	201870	24689	35	307194	24689	46	404640	24689	57	501333	24689	69	606842	24689	80	704240	24689	91	802232	24689	103	907779	24689	114	1004457	24689	125	1101376	24689	137	1206977	24689	148	1303539	24689	160	1409345	24689	171	1506614	24689	182	1603429	24689	194	1709029	24689	205	1805610	24689	216	1902156	24689	228	2007635	24689	239	2104549	24689	250	2201386	24689	262	2306890	24689	273	2403573	24689	285	2509043	24689	
12	104510	25425	24	208817	25425	35	307525	25425	46	403321	25425	58	507755	25425	69	603470	25425	81	707842	25425	92	803741	25425	104	907984	25425	115	1004077	25425	127	1109017	25425	138	1204717	25425	150	1308897	25425	161	1404747	25425	173	1509097	25425	184	1605049	25425	195	1700634	25425	207	1804911	25425	219	1909184	25425	230	2005010	25425	242	2109323	25425	253	2204965	25425	264	2301202	25425	276	2405422	25425	287	2501072	25425	
12	106097	24549	23	203722	24549	34	301314	24549	46	407882	24549	57	505520	24549	68	603122	24549	79	701356	24549	91	807927	24549	102	906117	24549	113	1003987	24549	124	1101440	24549	136	1207796	24549	147	1305613	24549	158	1403321	24549	169	1501006	24549	181	1609251	24549	192	1707920	24549	203	1805675	24549	214	1903235	24549	225	2001074	24549	237	2107438	24549	248	2205181	24549	259	2303041	24549	270	2400794	24549	282	2507279	24549	
12	105239	25382	23	202073	25382	35	307250	24441	46	404114	24441	57	501112	24441	68	601052	24441	80	706783	24441	91	803807	24441	102	901091	24441	114	1006911	24441	125	1104063	24441	136	1200810	24441	148	1306733	24441	159	1403965	24441	170	1500906	24441	182	1606782	24441	193	1703892	24441	204	1800791	24441	216	1906467	24441	227	2003681	24441	238	2100635	24441	250	2206219	24441	261	2303173	24441	273	2408878	24441	284	2505685	24441	
12	104258	25565	24	208138	25565	35	304086	25565	47	408522	25565	58	504181	25565	70	607864	25565	81	703093	25565	93	807336	25565	104	902608	25565	116	1006889	25565	127	1102252	25565	139	1205920	25565	150	1301438	25565	162	1405610	25565	173	1501142	25565	185	1605132	25565	197	1709108	25565	208	1804565	25565	220	1908629	25565	231	2004044	25565	243	2108406	25565	254	2203765	25565	266	2307508	25565	277	2403275	25565	288	2500795	25565	
12	101476	25100	24	202444	25100	36	303576	25100	48	404791	25100	60	505989	25100	72	607315	25100	84	708713	25100	95	801375	25100	107	902491	25100	119	1003598	25100	131	1105266	25100	143	1206657	25100	155	1308000	25100	166	1402784	25100	178	1504982	25100	190	1606344	25100	202	1707642	25100	213	1800665	25100	225	1901810	25100	237	2002926	25100	249	2104156	25100	261	2205659	25100	273	2306769	25100	285	2408246	25100	296	2501209	25100	
12	104675	25298	24	209149	25298	35	306178	25298	46	403795	25298	58	507960	25298	69	603605	25298	81	708206	25298	92	804097	25298	104	908601	25298	115	1004232	25298	127	1108741	25298	138	1204669	25298	150	1308987	25298	161	1405767	25298	172	1501393	25298	184	1605596	25298	195	1701036	25298	207	1805746	25298	218	1901807	25298	230	2006309	25298	241	2101749	25298	253	2206231	25298	264	2301740	25298	276	2406172	25298	287	2502135	25298	
12	103811	25129	24	207004	25129	35	302117	25129	47	405334	25129	59	508385	25129	70	603030	25129	82	706271	25129	93	801094	25129	105	904142	25129	117	1007111	25129	128	1101745	25129	140	1205004	25129	152	1308493	25129	163	1403443	25129	175	1506464	25129	186	1601394	25129	198	1704914	25129	210	1807753	25129	221	1902547	25129	233	2005430	25129	245	2108487	25129	256	2203061	25129	268	2308572	25129	279	2403155	25129	291	2507426	25129	
12	102886	25094	24	205710	25094	36	308315	25094	47	402600	25094	59	505380	25094	71	607914	25094	82	702191	25094	94	805144	25094	106	908090	25094	117	1002533	25094	129	1105010	25094	140	1205045	25094	151	1300654	25094	163	1403128	25094	175	1505839	25094	187	1608562	25094	198	1703029	25094	210	1806919	25094	221	1901181	25094	233	2004142	25094	245	2106705	25094	256	2200644	25094	268	2303127	25094	280	2406073	25094	292	2508770	25094	
12	109225	25616	23	204696	25616	35	307081	25616	46	401071	25616	58	503662	25616	70	606266	25616	82	708674	25616	93	802684	25616	105	905105	25616	117	1007527	25616	128	1101337	25616	140	1203980	25616	152	1306379	25616	164	1408946	25616	175	1503114	25616	187	1605478	25616	199	1708038	25616	210	1802283	25616	222	1905101	25616	234	2007826	25616	245	2101896	25616	257	2204290	25616	269	2306700	25616	280	2400731	25616	292	2503205	25616	
12	104962	25347	24	209114	25347	35	304799	25347	47	409140	25347	58	505015	25347	69	600710	25347	81	705372	25347	92	801099	25347	104	905333	25347	115	1000769	25347	127	1105090	25347	138	1200875	25347	150	1305191	25347	161	1400688	25347	173	1504973	25347	184	1600709	25347	196	1705229	25347	207	1800758	25347	219	1905091	25347	230	2000837	25347	242	2107992	25347	253	2203850	25347	265	2308144	25347	276	2403931	25347	288	2508105	25347	
12	104030	25118	24	207790	25118	35	302695	25118	47	406605	25118	58	501842	25118	70	605290	25118	82	708909	25118	93	803676	25118	105	907671	25118	116	1005088	25118	128	1108311	25118	139	1203275	25118	151	1307073	25118	162	1402511	25118	174	1506326	25118	185	1601073	25118	197	1704278	25118	209	1808028	25118	220	1903061	25118	232	2006593	25118	243	2101657	25118	255	2205151	25118	267	2308506	25118	278	2403395	25118	290	2507177	25118	
12	106182	25350	24	207988	25350	35	301503	25350	47	403472	25350	59	505510	25350	71	607435	25350	82	700979	25350	94	803101	25350	106	905289	25350	118	1007050	25350	129	1100707	25350	141	1202917	25350	153	1304847	25350	165	1406653	25350	177	1508341	25350	188	1601539	25350	200	1703492	25350	212	1805333	25350	224	1907250	25350	235	2000693	25350	247	2102689	25350	259	2204371	25350	271	2306439	25350	283	2408369	25350	294	2501854	25350	
12	102894	25265	24	205614	25265	36	308395	25265	47	402540	25265	59	505430	25265	71	607854	25265	82	702335	25265	94	805314	25265	106	908308	25265	117	1002581	25265	129	1105252	25265	141	1208103	25265	152	1302459	25265	164	1405517	25265	176	1508439	25265	187	1602937	25265	199	1705555	25265	211	1808078	25265	222	1906560	25265	233	2001011	25265	245	2104191	25265	257	2206802	25265	268	2301232	25265	280	2404024	25265	292	2506876	25265	
177	100359	78	352	200282	78	500	284486	78	528	300355	78	704	400214	78	881	500353	78	1000	567980	78	1056	600032	78	1233	700273	78	1409	800228	78	1500	852122	78	1582	900412	78	1757	1000441	78	1932	1100516	78	2000	1139160	78	2106	1200119	78	2283	1300515	78	2459	1400229	78	2500	1423619	78	2635	1500171	78	2810	1600339	78	2986	1700131	78	3000	1708074	78	3163	1800568	78	3338	1900185	78	3500	1992628	78	3513	2000154	78	3686	2100172	78	3860	2200141	78	4000	2280571	78	4034	2300154	78	4209	2400059	78	4385	2500327	78	
170	100545	66	341	200395	66	500	292386	66	514	300545	66	685	400251	66	857	500225	66	1000	583241	66	1029	600198	66	1200	700099	66	1372	800198	66	1500	874710	66	1544	900243	66	1717	1000567	66	1889	1100467	66	2000	1164739	66	2061	1200403	66	2233	1300558	66	2404	1400116	66	2500	1455877	66	2576	1500246	66	2748	1600149	66	2920	1700319	66	3000	1746620	66	3092	1800048	66	3265	1900518	66	3437	2000455	66	3500	2037275	66	3609	2100532	66	3781	2200463	66	3952	2300219	66	4000	2328163	66	4124	2400360	66	4296	2500337	66	
178	100573	86	355	200175	86	500	282059	86	532	300100	86	710	400500	86	887	500258	86	1000	563943	86	1065	600514	86	1242	700170	86	1419	800170	86	1500	845953	86	1596	900274	86	1773	1000255	86	1950	1100157	86	2000	1128561	86	2127	1200359	86	2304	1300530	86	2481	1400446	86	2500	1411374	86	2658	1500260	86	2835	1600171	86	3000	1693847	86	3011	1700103	86	3188	1800093	86	3365	1900240	86	3500	1976468	86	3542	2000374	86	3718	2100303	86	3895	2200170	86	4000	2259537	86	4059	2300511	86	4233	2400503	86	4410	2500284	86	
178	100517	59	355	200384	59	500	282174	59	532	300258	59	709	400442	59	886	500367	59	1000	564809	59	1063	600446	59	1239	700331	59	1416	800408	59	1500	847950	59	1593	900516	59	1770	1000160	59	1947	1100106	59	2000	1129969	59	2124	1200541	59	2300	1300420	59	2477	1400298	59	2500	1413269	59	2650	1500175	59	2827	1600553	59	3000	1698889	59	3002	1700052	59	3180	1800379	59	3357	1900174	59	3500	1980959	59	3534	2000124	59	3712	2100461	59	3889	2200472	59	4000	2263106	59	4066	2300511	59	4243	2400353	59	4420	2500124	59	
167	100151	87	335	200522	87	500	299668	87	501	300299	87	668	400484	87	835	500066	87	1000	598551	87	1003	600368	87	1166	700590	87	1332	800084	87	1500	900536	87	1500	900567	87	1667	1000430	87	1834	1100399	87	2000	1200201	87	2000	1200232	87	2167	1300523	87	2334	1400571	87	2498	1500239	87	2500	1501475	87	2663	1600507	87	2829	1700209	87	2997	1800618	87	3000	1802408	87	3164	1900447	87	3330	2000269	87	3497	2100086	87	3500	2101887	87	3664	2200075	87	3831	2300165	87	3998	2400034	87	4000	2401247	87	4166	2500353	87	
191	100532	88	381	200187	88	500	262580	88	571	300176	88	762	400262	88	952	500082	88	1000	525283	88	1143	600433	88	1333	700514	88	1500	788477	88	1522	800105	88	1713	900306	88	1902	1000116	88	2000	1051901	88	2091	1100075	88	2282	1200429	88	2472	1300184	88	2500	1314862	88	2663	1400296	88	2854	1500399	88	3000	1577022	88	3044	1600173	88	3232	1700132	88	3422	1800348	88	3500	1841256	88	3612	1900132	88	3803	2000361	88	3993	2100060	88	4000	2103736	88	4184	2200203	88	4374	2300093	88	4500	2366425	88	4564	2400269	88	4755	2500484	88	
168	100261	86	335	200074	86	500	298454	86	503	300276	86	671	400345	86	838	500295	86	1000	597206	86	1005	600235	86	1173	700611	86	1341	800547	86	1500	895272	86	1508	900052	86	1676	1000222	86	1843	1100033	86	2000	1193792	86	2011	1200404	86	2178	1300058	86	2346	1400212	86	2500	1492462	86	2513	1500240	86	2679	1600085	86	2847	1700222	86	3000	1791603	86	3015	1800543	86	3183	1900415	86	3350	2000034	86	3500	2092281	86	3513	2100150	86	3680	2200056	86	3848	2300121	86	4000	2390698	86	4016	2400258	86	4184	2500356	86	
183	100185	55	366	200052	55	500	273227	55	550	300454	55	732	400129	55	914	500186	55	1000	547198	55	1097	600261	55	1279	700265	55	1462	800411	55	1500	821151	55	1645	900270	55	1828	1000233	55	2000	1093907	55	2012	1100446	55	2195	1200437	55	2373	1300366	55	2500	1369746	55	2556	1400559	55	2739	1500518	55	2921	1600194	55	3000	1643438	55	3104	1700327	55	3287	1800406	55	3469	1900023	55	3500	1917085	55	3652	2000261	55	3835	2100236	55	4000	2190571	55	4018	2200507	55	4200	2300334	55	4383	2400251	55	4500	2464934	55	4565	2500508	55	
171	100032	88	343	200581	88	500	292021	88	514	300203	88	684	400712	88	851	500216	88	1000	587053	88	1023	600450	88	1194	700398	88	1365	800303	88	1500	879029	88	1536	900075	88	1708	1000310	88	1880	1100408	88	2000	1170989	88	2050	1200290	88	2221	1300296	88	2392	1400158	88	2500	1463133	88	2564	1500499	88	2735	1600238	88	2906	1700064	88	3000	1754714	88	3079	1800549	88	3250	1900505	88	3421	2000553	88	3500	2046690	88	3592	2100289	88	3764	2200332	88	3934	2300265	88	4000	2338909	88	4105	2400200	88	4277	2500196	88	
173	100571	94	345	200472	94	500	290543	94	516	300311	94	688	400146	94	861	500096	94	1000	580475	94	1034	600143	94	1206	700211	94	1379	800100	94	1500	869927	94	1552	900095	94	1724	1000065	94	1897	1100326	94	2000	1159986	94	2069	1200064	94	2242	1300326	94	2414	1400069	94	2500	1450386	94	2586	1500159	94	2759	1600449	94	2931	1700193	94	3000	1740108	94	3104	1800358	94	3277	1900328	94	3449	2000111	94	3500	2029790	94	3622	2100484	94	3794	2200331	94	3966	2300207	94	4000	2319895	94	4139	2400366	94	4312	2500380	94	
205	100299	84	410	200271	84	500	244136	84	615	300381	84	820	400439	84	1000	489226	84	1022	500116	84	1226	600314	84	1429	700074	84	1500	734883	84	1634	800047	84	1839	900018	84	2000	978153	84	2045	1000020	84	2251	1100294	84	2456	1200179	84	2500	1221511	84	2662	1300386	84	2865	1400065	84	3000	1465889	84	3070	1500042	84	3275	1600046	84	3480	1700117	84	3500	1709840	84	3682	1800477	84	3884	1900317	84	4000	1956945	84	4088	2000055	84	4294	2100413	84	4498	2200304	84	4500	2201305	84	4703	2300270	84	4908	2400267	84	5000	2445364	84	5112	2500144	84	
183	100359	82	365	200114	82	500	274201	82	548	300464	82	730	400257	82	912	500310	82	1000	548643	82	1094	600199	82	1276	700096	82	1459	800350	82	1500	822774	82	1642	900427	82	1820	1000413	82	2000	1099431	82	2002	1100555	82	2184	1200427	82	2366	1300205	82	2500	1373596	82	2549	1400432	82	2731	1500351	82	2913	1600446	82	3000	1648099	82	3096	1700430	82	3278	1800168	82	3460	1900272	82	3500	1922133	82	3642	2000304	82	3823	2100191	82	4000	2197303	82	4005	2200077	82	4188	2300285	82	4370	2400539	82	4500	2471828	82	4552	2500583	82	
190	100381	57	375	200181	57	500	265545	57	566	300289	57	757	400167	57	947	500140	57	1000	527895	57	1139	600510	57	1330	700512	57	1500	789466	57	1521	800468	57	1712	900166	57	1903	1000045	57	2000	1050726	57	2095	1100487	57	2283	1200057	57	2471	1300475	57	2500	1315885	57	2659	1400138	57	2848	1500212	57	3000	1579894	57	3039	1600336	57	3230	1700186	57	3421	1800356	57	3500	1841587	57	3612	1900249	57	3803	2000314	57	3994	2100226	57	4000	2103392	57	4185	2200179	57	4376	2300058	57	4500	2364761	57	4568	2400341	57	4759	2500260	57	
200	100381	58	398	200310	58	500	251598	58	597	300256	58	795	400178	58	993	500194	58	1000	503713	58	1192	600050	58	1392	700215	58	1500	754614	58	1591	800345	58	1790	900404	58	1987	1000126	58	2000	1006676	58	2186	1100069	58	2385	1200222	58	2500	1258110	58	2584	1300182	58	2783	1400117	58	2982	1500318	58	3000	1509312	58	3180	1600322	58	3378	1700269	58	3500	1761504	58	3577	1800203	58	3775	1900120	58	3973	2000030	58	4000	2013541	58	4172	2100024	58	4371	2200029	58	4500	2265333	58	4569	2300036	58	4765	2400302	58	4963	2500311	58	
178	100567	49	354	200064	49	500	282498	49	531	300112	49	708	400056	49	886	500474	49	1000	565185	49	1062	600105	49	1239	700102	49	1417	800374	49	1500	847300	49	1594	900440	49	1771	1000493	49	1947	1100284	49	2000	1130120	49	2125	1200582	49	2302	1300528	49	2479	1400093	49	2500	1411943	49	2656	1500486	49	2827	1600433	49	3000	1698509	49	3003	1700225	49	3181	1800558	49	3358	1900385	49	3500	1980612	49	3535	2000554	49	3712	2100504	49	3889	2200469	49	4000	2263529	49	4064	2300359	49	4241	2400223	49	4419	2500537	49	
199	100285	61	397	200298	61	500	252405	61	595	300216	61	794	400286	61	992	500023	61	1000	504093	61	1190	600031	61	1389	700255	61	1500	758399	61	1582	800438	61	1780	900370	61	1977	1000428	61	2000	1012037	61	2175	1100441	61	2373	1200443	61	2500	1265420	61	2568	1300252	61	2764	1400351	61	2961	1500193	61	3000	1519912	61	3159	1600260	61	3358	1700490	61	3500	1771951	61	3556	1800354	61	3754	1900135	61	3953	2000401	61	4000	2024325	61	4151	2100353	61	4349	2200019	61	4500	2276261	61	4548	2300393	61	4746	2400181	61	4944	2500292	61	
192	100332	57	383	200295	57	500	261424	57	574	300343	57	765	400108	57	956	500108	57	1000	523024	57	1148	600460	57	1340	700418	57	1500	783829	57	1531	800096	57	1722	900060	57	1913	1000330	57	2000	1045767	57	2104	1100210	57	2295	1200311	57	2486	1300542	57	2500	1308077	57	2677	1400521	57	2867	1500253	57	3000	1569532	57	3059	1600423	57	3250	1700175	57	3442	1800349	57	3500	1830650	57	3634	1900511	57	3826	2000520	57	4000	2091103	57	4018	2100484	57	4209	2200050	57	4402	2300509	57	4500	2351643	57	4593	2400159	57	4785	2500209	57	
182	100399	63	363	200320	63	500	275953	63	544	300150	63	726	400538	63	907	500443	63	1000	552182	63	1087	600310	63	1265	700268	63	1443	800068	63	1500	831878	63	1623	900117	63	1805	1000459	63	1986	1100121	63	2000	1107916	63	2168	1200276	63	2350	1300341	63	2500	1382956	63	2531	1400233	63	2712	1500564	63	2894	1600544	63	3000	1658982	63	3075	1700258	63	3257	1800158	63	3438	1900037	63	3500	1934401	63	3620	2000542	63	3801	2100563	63	3977	2200147	63	4000	2212874	63	4159	2300395	63	4340	2400364	63	4500	2488666	63	4521	2500217	63	
197	100158	61	394	200343	61	500	253874	61	591	300049	61	789	400284	61	986	500314	61	1000	507477	61	1183	600390	61	1380	700083	61	1500	760852	61	1577	800045	61	1774	900058	61	1971	1000045	61	2000	1014815	61	2168	1100029	61	2366	1200397	61	2500	1268185	61	2560	1300104	61	2754	1400222	61	2951	1500474	61	3000	1525609	61	3147	1600237	61	3344	1700067	61	3500	1779166	61	3542	1800483	61	3739	1900202	61	3936	2000380	61	4000	2032983	61	4131	2100259	61	4325	2200471	61	4500	2290298	61	4520	2300464	61	4717	2400490	61	4914	2500355	61	
179	100273	87	357	200066	87	500	280110	87	536	300259	87	714	400097	87	889	500078	87	1000	562891	87	1067	600376	87	1245	700322	87	1423	800054	87	1500	843735	87	1600	900168	87	1779	1000394	87	1957	1100487	87	2000	1124575	87	2135	1200559	87	2314	1300586	87	2492	1400486	87	2500	1404944	87	2671	1500612	87	2849	1600510	87	3000	1685224	87	3027	1700444	87	3206	1800514	87	3384	1900160	87	3500	1965236	87	3563	2000526	87	3741	2100261	87	3920	2200365	87	4000	2245238	87	4098	2300187	87	4276	2400118	87	4454	2500207	87	
65	100527	337	130	200689	337	195	300921	337	259	400161	337	324	500352	337	389	600451	337	454	701111	337	500	772071	337	519	801519	337	583	900854	337	647	1000504	337	712	1100553	337	777	1201194	337	841	1300237	337	906	1400422	337	971	1500581	337	1000	1545391	337	1036	1601114	337	1101	1701012	337	1166	1801565	337	1230	1900521	337	1295	2000477	337	1360	2100824	337	1425	2200885	337	1490	2301025	337	1500	2316491	337	1555	2401382	337	1619	2501323	337	
57	101118	351	113	200457	351	170	301672	351	226	400843	351	283	501853	351	339	601160	351	395	700312	351	452	801419	351	500	886581	351	508	900861	351	564	1000620	351	621	1101830	351	677	1201097	351	733	1300607	351	790	1401398	351	846	1500445	351	903	1601517	351	959	1700554	351	1000	1773512	351	1015	1801448	351	1071	1901577	351	1127	2000504	351	1184	2101456	351	1240	2200827	351	1297	2301550	351	1353	2401353	351	1409	2501285	351	
58	100106	339	117	201377	339	175	301467	339	233	401221	339	291	501017	339	349	600650	339	407	700332	339	466	801763	339	500	860374	339	524	901620	339	581	1001739	339	639	1101685	339	697	1201326	339	755	1301594	339	813	1401402	339	871	1501077	339	929	1600716	339	987	1700782	339	1000	1723157	339	1045	1800596	339	1103	1900136	339	1162	2000954	339	1220	2101080	339	1278	2200916	339	1336	2300249	339	1395	2401492	339	1453	2500754	339	
62	101014	325	124	200941	325	186	300186	325	249	400453	325	312	500853	325	375	601030	325	438	701657	325	500	800703	325	500	800802	325	563	900986	325	626	1001249	325	689	1101467	325	751	1200371	325	814	1300699	325	877	1401156	325	939	1500661	325	1000	1597858	325	1002	1601131	325	1065	1701272	325	1128	1801562	325	1190	1901086	325	1253	2001564	325	1315	2100647	325	1378	2201485	325	1440	2300847	325	1500	2396732	325	1503	2401583	325	1565	2500773	325	
62	101248	355	123	200338	355	185	301469	355	246	401002	355	307	500189	355	369	601434	355	430	700585	355	492	801684	355	500	814774	355	553	901072	355	614	1000420	355	676	1101288	355	737	1200724	355	798	1300390	355	860	1401101	355	921	1500236	355	983	1601002	355	1000	1628699	355	1044	1700316	355	1106	1801075	355	1167	1900984	355	1228	2000741	355	1289	2100479	355	1351	2201290	355	1411	2300474	355	1473	2401360	355	1500	2445564	355	1534	2500729	355	
58	100811	339	116	201061	339	174	301457	339	231	400804	339	289	501324	339	346	600250	339	404	701317	339	462	801686	339	500	867162	339	519	900301	339	577	1000886	339	635	1101362	339	693	1201785	339	750	1300641	339	808	1401115	339	865	1500323	339	923	1601123	339	979	1700621	339	1000	1737015	339	1037	1801058	339	1095	1901778	339	1152	2000469	339	1210	2100745	339	1268	2201293	339	1326	2301531	339	1383	2400271	339	1441	2500794	339	
64	101358	385	127	201579	385	190	301374	385	252	400222	385	315	500155	385	378	600120	385	442	701389	385	500	795722	385	503	800640	385	566	901024	385	629	1000541	385	692	1100446	385	756	1201651	385	819	1301524	385	882	1401338	385	945	1501214	385	1000	1588498	385	1008	1601226	385	1071	1701465	385	1133	1800088	385	1197	1901340	385	1260	2001083	385	1323	2101602	385	1386	2201494	385	1449	2301467	385	1500	2383277	385	1511	2401017	385	1574	2501317	385	
66	100689	345	132	200966	345	198	301019	345	263	400242	345	329	500197	345	395	600452	345	461	700520	345	500	759767	345	527	800716	345	592	900323	345	658	1000879	345	724	1101095	345	790	1201110	345	856	1301258	345	921	1400339	345	987	1500352	345	1000	1520174	345	1053	1600512	345	1119	1700663	345	1185	1801352	345	1251	1901408	345	1317	2001531	345	1382	2100142	345	1448	2201039	345	1500	2280342	345	1513	2300188	345	1579	2400788	345	1645	2501253	345	
62	100322	369	124	200163	369	186	300904	369	248	401140	369	310	501271	369	372	601301	369	433	700143	369	495	800586	369	500	808729	369	557	900570	369	619	1001331	369	681	1101443	369	743	1201690	369	804	1300199	369	866	1400372	369	928	1500714	369	990	1601655	369	1000	1617758	369	1051	1700349	369	1113	1800513	369	1175	1900569	369	1237	2001167	369	1297	2100409	369	1359	2201476	369	1421	2301602	369	1482	2400538	369	1500	2429648	369	1544	2500830	369	
61	100557	358	122	201234	358	183	301126	358	244	401169	358	305	501682	358	366	601715	358	426	700242	358	487	800281	358	500	821709	358	548	900651	358	609	1001116	358	670	1101238	358	730	1200164	358	790	1301733	358	850	1400211	358	911	1500341	358	973	1601627	358	1000	1645936	358	1034	1701538	358	1094	1800466	358	1155	1900312	358	1216	2000385	358	1277	2100092	358	1338	2200249	358	1399	2301247	358	1460	2401176	358	1500	2467378	358	1520	2500224	358	
63	100346	376	126	201132	376	188	300561	376	250	401145	376	312	500945	376	375	601316	376	437	700168	376	500	800732	376	500	800832	376	563	901634	376	625	1000934	376	687	1100446	376	750	1201379	376	812	1301349	376	874	1400288	376	937	1501304	376	999	1600427	376	1000	1602118	376	1062	1701173	376	1124	1800191	376	1187	1901128	376	1250	2001252	376	1312	2100266	376	1375	2201544	376	1437	2300562	376	1500	2401264	376	1500	2401366	376	1562	2500576	376	
60	100489	333	120	201316	333	180	301563	333	240	401244	333	300	501467	333	359	600216	333	419	700709	333	479	801205	333	500	836394	333	539	901391	333	599	1001588	333	659	1101712	333	718	1200105	333	778	1300169	333	838	1400120	333	898	1500357	333	958	1601074	333	1000	1672451	333	1017	1700773	333	1077	1800747	333	1137	1900946	333	1197	2001639	333	1256	2100232	333	1316	2200358	333	1376	2300250	333	1436	2400478	333	1496	2500822	333	
63	100977	357	126	201088	357	188	300130	357	251	400995	357	314	501391	357	376	600947	357	439	701402	357	500	798566	357	501	800253	357	564	900844	357	627	1001004	357	690	1101386	357	752	1200161	357	815	1300751	357	878	1401092	357	940	1500310	357	1000	1595685	357	1003	1600574	357	1065	1701439	357	1127	1800851	357	1190	1901332	357	1253	2001444	357	1315	2100303	357	1378	2201100	357	1440	2300143	357	1500	2395384	357	1503	2400257	357	1566	2500528	357	
64	100631	337	128	201492	337	191	300142	337	255	400225	337	319	500303	337	383	600637	337	447	701211	337	500	784255	337	511	801469	337	573	900255	337	637	1000586	337	701	1101439	337	764	1200336	337	828	1300920	337	892	1401559	337	955	1500131	337	1000	1570667	337	1019	1600633	337	1083	1700936	337	1147	1801196	337	1210	1900198	337	1274	2000339	337	1338	2100335	337	1402	2200815	337	1466	2301139	337	1500	2354697	337	1529	2400415	337	1593	2501320	337	
64	100189	349	129	201250	349	193	300249	349	258	401084	349	323	501064	349	388	601310	349	452	700200	349	500	774158	349	517	800461	349	582	900626	349	647	1001039	349	712	1101177	349	777	1201309	349	841	1300164	349	906	1400363	349	971	1500272	349	1000	1544921	349	1036	1600519	349	1101	1700782	349	1166	1800952	349	1231	1901216	349	1295	2000125	349	1360	2100375	349	1425	2200872	349	1490	2301134	349	1500	2316617	349	1555	2401192	349	1620	2501370	349	
60	100262	355	120	200232	355	180	300501	355	240	400870	355	300	500945	355	360	600879	355	420	700898	355	480	801111	355	500	834721	355	540	901244	355	600	1001032	355	660	1100908	355	720	1201165	355	780	1301194	355	840	1401456	355	900	1501384	355	960	1601625	355	1000	1668260	355	1020	1701549	355	1080	1801593	355	1140	1901571	355	1200	2001590	355	1260	2101543	355	1318	2200380	355	1378	2300811	355	1438	2400854	355	1498	2500576	355	
64	101585	349	127	201086	349	190	300854	349	253	400969	349	316	500761	349	379	600212	349	443	701581	349	500	791652	349	506	801257	349	569	901409	349	632	1001322	349	695	1101434	349	757	1200153	349	820	1300175	349	882	1400247	349	946	1501302	349	1000	1586772	349	1009	1601066	349	1072	1700522	349	1135	1800582	349	1198	1900540	349	1261	2000880	349	1324	2100749	349	1387	2200512	349	1450	2300097	349	1500	2379188	349	1514	2401365	349	1577	2501007	349	
64	101141	375	127	200843	375	190	300334	375	254	401390	375	316	500708	375	380	601477	375	443	701425	375	500	791631	375	506	801381	375	569	901324	375	632	1000743	375	695	1100205	375	759	1201057	375	822	1300397	375	886	1401123	375	949	1500496	375	1000	1581020	375	1013	1601632	375	1076	1700634	375	1139	1800429	375	1203	1901418	375	1266	2000712	375	1329	2100437	375	1393	2201496	375	1456	2300500	375	1500	2369929	375	1519	2400239	375	1583	2500920	375	
65	101125	332	129	200581	332	194	301108	332	258	401133	332	322	500238	332	387	601124	332	451	700272	332	500	776401	332	516	801333	332	580	900827	332	644	1000137	332	709	1100673	332	774	1201349	332	838	1300522	332	903	1401425	332	967	1500378	332	1000	1551743	332	1031	1600210	332	1096	1700679	332	1160	1800324	332	1225	1901399	332	1289	2000660	332	1353	2100214	332	1418	2201015	332	1482	2300143	332	1500	2328124	332	1547	2400685	332	1611	2500161	332	
68	101517	340	135	201100	340	202	301341	340	268	400451	340	335	500262	340	403	601348	340	470	700883	340	500	745739	340	537	800821	340	604	900463	340	672	1001173	340	739	1100970	340	806	1200559	340	873	1300915	340	940	1400272	340	1000	1489392	340	1008	1501348	340	1075	1601150	340	1142	1700704	340	1204	1800121	340	1271	1900173	340	1339	2001091	340	1406	2100444	340	1474	2201398	340	1500	2239834	340	1541	2300603	340	1608	2400098	340	1676	2500914	340	
14	107968	1669	27	207767	1669	40	307767	1669	53	407420	1669	66	506880	1669	79	606086	1669	92	705864	1669	105	805663	1669	118	907292	1669	131	1006856	1669	144	1106738	1669	157	1206553	1669	170	1306223	1669	183	1405637	1669	196	1504951	1669	209	1604146	1669	222	1703987	1669	235	1803584	1669	248	1903192	1669	261	2002694	1669	274	2102464	1669	287	2201937	1669	300	2301610	1669	313	2401433	1669	326	2501084	1669	
14	106475	1769	27	204900	1769	40	303199	1769	53	401922	1769	67	507550	1769	80	605434	1769	93	703487	1769	106	801699	1769	120	907385	1769	133	1005365	1769	146	1103442	1769	159	1201622	1769	173	1307197	1769	186	1405230	1769	199	1503640	1769	212	1601702	1769	226	1707292	1769	239	1805718	1769	252	1903897	1769	265	2002142	1769	278	2100734	1769	292	2207827	1769	305	2306249	1769	318	2404474	1769	331	2502387	1769	
14	104689	1800	27	201997	1800	41	306683	1800	54	403905	1800	67	501140	1800	81	605891	1800	94	703205	1800	108	807756	1800	121	905335	1800	134	1002530	1800	148	1107091	1800	161	1205341	1800	174	1302860	1800	188	1407416	1800	201	1504677	1800	214	1601504	1800	228	1705935	1800	241	1805562	1800	254	1903776	1800	267	2000685	1800	281	2105949	1800	294	2206477	1800	307	2303896	1800	320	2401080	1800	334	2505796	1800	
14	104639	1759	27	201778	1759	41	305996	1759	54	402664	1759	68	507067	1759	81	604047	1759	94	701318	1759	108	807648	1759	121	904755	1759	134	1002190	1759	148	1106612	1759	161	1203581	1759	174	1300739	1759	188	1404695	1759	201	1501515	1759	215	1605668	1759	228	1702792	1759	242	1807129	1759	255	1904358	1759	268	2001539	1759	282	2105928	1759	295	2202961	1759	309	2307359	1759	322	2404435	1759	335	2501091	1759	
14	106128	1726	27	204575	1726	40	302983	1726	53	401251	1726	67	506995	1726	80	605198	1726	93	703680	1726	106	802093	1726	120	907898	1726	133	1006133	1726	146	1104550	1726	159	1202905	1726	172	1301101	1726	186	1406761	1726	199	1504988	1726	212	1603224	1726	225	1701646	1726	238	1804100	1726	251	1902403	1726	264	2000899	1726	278	2106653	1726	291	2204930	1726	304	2303267	1726	317	2401549	1726	331	2507082	1726	
14	105359	1758	27	202863	1758	40	300605	1758	54	405481	1758	67	502661	1758	81	607882	1758	94	705365	1758	107	802891	1758	121	907552	1758	134	1005459	1758	147	1103053	1758	160	1200545	1758	174	1305451	1758	187	1402516	1758	201	1507630	1758	214	1605099	1758	227	1704823	1758	240	1802370	1758	254	1907595	1758	267	2005017	1758	280	2102382	1758	294	2207292	1758	307	2305092	1758	320	2402448	1758	334	2507718	1758	
14	105036	1712	27	202634	1712	41	307618	1712	54	404779	1712	67	502244	1712	81	606640	1712	94	707158	1712	107	804856	1712	120	902341	1712	134	1007967	1712	147	1104928	1712	160	1202220	1712	174	1307045	1712	187	1404514	1712	200	1501814	1712	214	1606306	1712	227	1703416	1712	240	1800937	1712	254	1905407	1712	267	2002427	1712	281	2107225	1712	294	2204324	1712	307	2301628	1712	321	2406584	1712	334	2503836	1712	
14	105145	1712	27	202620	1712	41	307707	1712	54	405345	1712	67	502850	1712	81	607825	1712	94	705533	1712	107	803239	1712	120	900981	1712	134	1006651	1712	147	1103966	1712	160	1201197	1712	174	1306359	1712	187	1403919	1712	200	1501361	1712	214	1606380	1712	227	1704106	1712	240	1801762	1712	254	1906935	1712	267	2004492	1712	280	2102125	1712	294	2206942	1712	307	2304578	1712	320	2401877	1712	334	2507048	1712	
14	106521	1743	27	205288	1743	40	304176	1743	53	403004	1743	66	501575	1743	79	600606	1743	93	707796	1743	106	807504	1743	119	906727	1743	132	1005885	1743	145	1104888	1743	158	1204065	1743	171	1302973	1743	184	1402345	1743	197	1501885	1743	210	1606481	1743	223	1707186	1743	236	1806659	1743	249	1905734	1743	262	2004438	1743	275	2103210	1743	288	2202168	1743	301	2301320	1743	315	2407807	1743	328	2506612	1743	
14	106843	1684	27	205994	1684	40	304754	1684	53	403863	1684	66	502586	1684	79	603237	1684	92	702295	1684	105	801523	1684	119	908109	1684	132	1006993	1684	145	1105629	1684	158	1204578	1684	171	1303525	1684	184	1402316	1684	197	1502449	1684	210	1601477	1684	223	1700587	1684	237	1806941	1684	250	1906801	1684	263	2005784	1684	276	2104801	1684	289	2203818	1684	302	2302414	1684	315	2401408	1684	328	2500814	1684	
14	103305	1705	28	206574	1705	41	302589	1705	55	405572	1705	68	501412	1705	82	604394	1705	96	707588	1705	109	803908	1705	122	900689	1705	136	1003662	1705	150	1106895	1705	163	1202584	1705	177	1305752	1705	190	1401669	1705	204	1504792	1705	218	1607845	1705	231	1703685	1705	245	1806776	1705	258	1902469	1705	272	2005463	1705	285	2101133	1705	299	2204127	1705	313	2307203	1705	326	2403269	1705	340	2506583	1705	
14	103854	1778	28	202743	1778	42	301568	1778	57	407505	1778	71	506108	1778	85	605119	1778	99	704543	1778	113	803792	1778	127	902637	1778	141	1001215	1778	155	1100976	1778	170	1207022	1778	184	1305683	1778	198	1404580	1778	212	1503651	1778	226	1605198	1778	240	1704252	1778	254	1802876	1778	268	1901556	1778	283	2007348	1778	297	2106079	1778	311	2204811	1778	325	2303257	1778	339	2402165	1778	353	2501065	1778	
14	104645	1776	27	201756	1776	41	306154	1776	54	403689	1776	67	502450	1776	80	601053	1776	94	706228	1776	107	803528	1776	120	900819	1776	134	1005206	1776	147	1102190	1776	161	1206543	1776	174	1303693	1776	187	1400649	1776	201	1505321	1776	214	1602274	1776	228	1707086	1776	241	1804514	1776	254	1901537	1776	268	2006149	1776	281	2103061	1776	295	2207703	1776	308	2304772	1776	321	2402105	1776	335	2506455	1776	
14	102434	1737	28	205271	1737	42	307536	1737	55	403549	1737	69	506330	1737	82	601471	1737	96	703876	1737	110	807126	1737	123	902030	1737	137	1004273	1737	151	1106401	1737	164	1201530	1737	178	1303811	1737	192	1406532	1737	205	1501690	1737	219	1604640	1737	233	1707307	1737	246	1802008	1737	260	1904301	1737	274	2006996	1737	287	2101919	1737	301	2204220	1737	315	2306478	1737	328	2401435	1737	341	2503739	1737	
15	107430	1742	28	200737	1742	42	301074	1742	56	401679	1742	70	501923	1742	84	602364	1742	98	702780	1742	112	803319	1742	126	903789	1742	140	1004143	1742	154	1104469	1742	168	1204936	1742	182	1305199	1742	196	1407769	1742	209	1502191	1742	223	1602424	1742	237	1702696	1742	251	1802973	1742	265	1902904	1742	279	2003118	1742	293	2103682	1742	307	2203807	1742	321	2304518	1742	335	2405049	1742	349	2505621	1742	
14	100550	1764	28	200704	1764	42	301123	1764	56	403888	1764	70	504704	1764	84	604701	1764	98	704831	1764	112	804968	1764	126	905039	1764	140	1005345	1764	154	1105340	1764	168	1205573	1764	182	1305625	1764	196	1405809	1764	210	1506065	1764	224	1606097	1764	238	1706457	1764	252	1806624	1764	266	1906660	1764	280	2007281	1764	293	2100697	1764	307	2201138	1764	321	2300980	1764	335	2401036	1764	349	2500805	1764	
15	104863	1725	29	202787	1725	43	300641	1725	58	405512	1725	72	503277	1725	86	600883	1725	101	705884	1725	115	803719	1725	129	901615	1725	144	1006893	1725	158	1104550	1725	172	1202456	1725	186	1300650	1725	201	1405875	1725	215	1504143	1725	229	1601877	1725	244	1706878	1725	258	1805018	1725	272	1902867	1725	286	2001099	1725	301	2106111	1725	315	2204431	1725	329	2302401	1725	343	2402642	1725	357	2500677	1725	
14	101285	1716	28	202720	1716	42	303938	1716	56	405280	1716	70	506460	1716	83	600559	1716	97	702262	1716	111	803424	1716	125	904865	1716	139	1006082	1716	153	1107264	1716	166	1201428	1716	180	1302424	1716	194	1405954	1716	208	1507174	1716	221	1601602	1716	235	1702870	1716	249	1804052	1716	263	1905139	1716	277	2006090	1716	291	2107224	1716	304	2201325	1716	318	2302410	1716	332	2404139	1716	346	2505264	1716	
15	105837	1725	29	204727	1725	43	303632	1725	57	404965	1725	71	504028	1725	85	603006	1725	99	701635	1725	113	800844	1725	128	906688	1725	142	1005624	1725	156	1104361	1725	170	1202914	1725	184	1302269	1725	198	1400737	1725	212	1500536	1725	227	1606669	1725	241	1705563	1725	255	1804153	1725	269	1903209	1725	283	2001726	1725	298	2107242	1725	312	2206205	1725	326	2304697	1725	340	2403457	1725	354	2502184	1725	
15	105306	1715	29	203676	1715	43	301714	1715	58	407145	1715	72	505119	1715	86	603384	1715	100	701516	1715	115	806709	1715	129	905101	1715	143	1003461	1715	157	1101578	1715	172	1206630	1715	186	1305178	1715	200	1403373	1715	214	1501719	1715	229	1606818	1715	243	1705303	1715	257	1803589	1715	271	1901952	1715	286	2007350	1715	300	2105426	1715	314	2203793	1715	328	2302840	1715	342	2403324	1715	356	2501473	1715	
168	100491	437	330	200541	437	492	300404	437	500	305336	437	654	400239	437	816	500336	437	978	600331	437	1000	613893	437	1140	700361	437	1302	800111	437	1464	900203	437	1500	922440	437	1626	1000525	437	1787	1100125	437	1950	1200589	437	2000	1231348	437	2112	1300592	437	2273	1400120	437	2430	1500580	437	2500	1544111	437	2591	1600331	437	2753	1700172	437	2915	1800083	437	3000	1852353	437	3076	1900624	437	3238	2000617	437	3399	2100212	437	3500	2162708	437	3561	2200380	437	3722	2300510	437	3883	2400193	437	4000	2472646	437	4045	2500452	437	
178	100584	165	350	200426	165	500	287654	165	522	300381	165	694	400031	165	868	500563	165	1000	576909	165	1040	600030	165	1208	700094	165	1381	800328	165	1500	869120	165	1554	900477	165	1726	1000218	165	1899	1100090	165	2000	1158531	165	2072	1200111	165	2245	1300497	165	2416	1400074	165	2500	1448647	165	2589	1500142	165	2762	1600465	165	2934	1700111	165	3000	1738328	165	3107	1800275	165	3280	1900464	165	3452	2000396	165	3500	2028325	165	3625	2100616	165	3797	2200451	165	3969	2300518	165	4000	2318539	165	4141	2400559	165	4313	2500470	165	
169	100116	312	333	200224	312	496	300059	312	500	302491	312	660	400558	312	823	500608	312	986	600637	312	1000	609264	312	1148	700355	312	1311	800125	312	1475	900597	312	1500	915898	312	1638	1000547	312	1800	1100423	312	1963	1200354	312	2000	1223150	312	2126	1300218	312	2290	1400555	312	2453	1500285	312	2500	1528959	312	2617	1600504	312	2781	1700531	312	2945	1800570	312	3000	1834204	312	3109	1900623	312	3272	2000030	312	3436	2100393	312	3500	2139508	312	3599	2200395	312	3762	2300397	312	3926	2400623	312	4000	2445921	312	4089	2500288	312	
171	100617	241	335	200174	241	498	300121	241	500	301339	241	663	400316	241	828	500432	241	993	600345	241	1000	604609	241	1157	700354	241	1322	800373	241	1486	900398	241	1500	908904	241	1650	1000112	241	1815	1100308	241	1979	1200129	241	2000	1212874	241	2144	1300559	241	2308	1400301	241	2472	1500278	241	2500	1517251	241	2637	1600437	241	2801	1700196	241	2966	1800210	241	3000	1820819	241	3131	1900556	241	3294	2000370	241	3456	2100529	241	3500	2127347	241	3620	2200338	241	3784	2300086	241	3949	2400098	241	4000	2430984	241	4115	2500496	241	
170	100139	426	336	200621	426	500	300305	426	500	300335	426	664	400379	426	829	500523	426	993	600116	426	1000	604397	426	1159	700579	426	1324	800537	426	1489	900522	426	1500	907150	426	1654	1000374	426	1819	1100235	426	1980	1200269	426	2000	1212642	426	2144	1300204	426	2309	1400117	426	2474	1500069	426	2500	1515858	426	2639	1600148	426	2804	1700108	426	2969	1800128	426	3000	1819035	426	3133	1900038	426	3298	2000251	426	3464	2100586	426	3500	2122343	426	3629	2200342	426	3793	2300321	426	3958	2400161	426	4000	2425649	426	4124	2500593	426	
166	100275	293	326	200551	293	487	300372	293	500	308467	293	644	400140	293	805	500506	293	966	600459	293	1000	621516	293	1127	700447	293	1288	800290	293	1450	900632	293	1500	931679	293	1611	1000497	293	1771	1100127	293	1932	1200152	293	2000	1242328	293	2094	1300639	293	2254	1400373	293	2414	1500434	293	2500	1553688	293	2575	1600356	293	2736	1700130	293	2897	1800305	293	3000	1864380	293	3057	1900037	293	3219	2000292	293	3380	2100221	293	3500	2174960	293	3541	2200309	293	3702	2300161	293	3864	2400583	293	4000	2484882	293	4025	2500377	293	
168	100300	334	332	200628	334	495	300409	334	500	303485	334	658	400035	334	822	500451	334	985	600254	334	1000	609422	334	1148	700199	334	1312	800359	334	1476	900521	334	1500	915230	334	1639	1000515	334	1802	1100379	334	1965	1200037	334	2000	1221421	334	2128	1300624	334	2290	1400604	334	2453	1500299	334	2500	1528990	334	2617	1600492	334	2780	1700262	334	2943	1800217	334	3000	1835177	334	3107	1900576	334	3270	2000113	334	3434	2100417	334	3500	2140883	334	3597	2200155	334	3759	2300049	334	3922	2400231	334	4000	2448086	334	4086	2500628	334	
167	100268	250	329	200450	250	490	300105	250	500	306286	250	652	400118	250	814	500159	250	976	600363	250	1000	615419	250	1137	700046	250	1299	800331	250	1460	900448	250	1500	925204	250	1622	1000574	250	1783	1100165	250	1945	1200344	250	2000	1234535	250	2106	1300278	250	2268	1400530	250	2429	1500357	250	2500	1544027	250	2591	1600354	250	2752	1700169	250	2910	1800094	250	3000	1855814	250	3072	1900175	250	3233	2000246	250	3395	2100503	250	3500	2165320	250	3556	2200335	250	3717	2300296	250	3878	2400193	250	4000	2475421	250	4040	2500398	250	
170	100414	395	336	200287	395	500	298949	395	502	300172	395	668	400476	395	833	500304	395	999	600463	395	1000	601090	395	1165	700424	395	1331	800561	395	1496	900256	395	1500	902679	395	1659	1000597	395	1825	1100547	395	1990	1200068	395	2000	1206092	395	2156	1300269	395	2321	1400037	395	2487	1500159	395	2500	1508032	395	2653	1600453	395	2819	1700567	395	2985	1800376	395	3000	1809406	395	3151	1900107	395	3317	2000311	395	3482	2100201	395	3500	2111166	395	3648	2200297	395	3814	2300180	395	3980	2400161	395	4000	2412244	395	4146	2500439	395	
166	100395	611	325	200651	611	485	300196	611	500	309450	611	646	400217	611	807	500119	611	969	600507	611	1000	619696	611	1130	700087	611	1292	800206	611	1453	900101	611	1500	929121	611	1615	1000199	611	1777	1100566	611	1938	1200272	611	2000	1238632	611	2100	1300476	611	2261	1400142	611	2422	1500155	611	2500	1548473	611	2584	1600508	611	2745	1700050	611	2907	1800271	611	3000	1857951	611	3069	1900615	611	3231	2000635	611	3391	2100084	611	3500	2167857	611	3552	2200289	611	3712	2300126	611	3874	2400214	611	4000	2478424	611	4035	2500156	611	
57	100839	2047	109	200614	2047	161	300237	2047	214	401373	2047	266	500762	2047	318	600233	2047	371	701643	2047	423	801368	2047	475	901146	2047	500	949032	2047	527	1001113	2047	579	1100811	2047	631	1200502	2047	684	1302004	2047	736	1401735	2047	788	1501846	2047	840	1601560	2047	892	1701176	2047	944	1801023	2047	996	1901112	2047	1000	1908836	2047	1048	2001030	2047	1100	2100907	2047	1152	2200394	2047	1201	2300649	2047	1253	2400921	2047	1305	2500737	2047	
59	101965	2507	111	200820	2507	164	300954	2507	216	400223	2507	269	500723	2507	322	601265	2507	375	701558	2507	427	800153	2507	480	900532	2507	500	938767	2507	533	1001665	2507	585	1100545	2507	638	1201251	2507	691	1301877	2507	743	1402098	2507	795	1501718	2507	847	1600325	2507	900	1700838	2507	953	1801887	2507	1000	1891370	2507	1005	1900919	2507	1058	2001587	2507	1111	2101970	2507	1164	2201989	2507	1216	2300290	2507	1269	2400830	2507	1322	2500977	2507	
60	101989	1656	112	200848	1656	165	301236	1656	218	401944	1656	270	500544	1656	322	601579	1656	375	701798	1656	427	800255	1656	480	900742	1656	500	938760	1656	533	1001290	1656	586	1101412	1656	639	1201710	1656	691	1300350	1656	744	1400880	1656	797	1501242	1656	849	1600147	1656	902	1700531	1656	955	1800806	1656	1000	1886171	1656	1008	1901339	1656	1061	2001709	1656	1113	2100118	1656	1167	2201831	1656	1219	2300856	1656	1272	2401056	1656	1324	2500216	1656	
58	101817	2407	110	202003	2407	161	300351	2407	213	400951	2407	265	501026	2407	317	601397	2407	369	701248	2407	421	801432	2407	473	901546	2407	500	953399	2407	525	1001637	2407	577	1101640	2407	629	1201667	2407	680	1300297	2407	732	1400685	2407	784	1500922	2407	836	1601092	2407	888	1701444	2407	940	1801810	2407	991	1900121	2407	1000	1917513	2407	1043	2000161	2407	1095	2101009	2407	1147	2201324	2407	1199	2301511	2407	1251	2401872	2407	1302	2500308	2407	
59	101344	1895	111	201937	1895	163	301532	1895	215	401321	1895	267	501282	1895	319	601663	1895	371	701520	1895	423	801218	1895	475	900704	1895	500	948517	1895	527	1000327	1895	580	1101635	1895	632	1201419	1895	684	1301096	1895	736	1400675	1895	788	1500250	1895	841	1601650	1895	893	1701638	1895	945	1801373	1895	993	1900223	1895	1000	1913750	1895	1046	2001807	1895	1098	2101268	1895	1150	2201318	1895	1202	2301052	1895	1254	2400696	1895	1306	2500406	1895	
58	100290	1811	111	201784	1811	163	301634	1811	215	401165	1811	267	500770	1811	319	600258	1811	372	701854	1811	424	801780	1811	476	901947	1811	500	948202	1811	526	1000501	1811	578	1100680	1811	630	1200374	1811	682	1300152	1811	735	1401857	1811	787	1501283	1811	839	1601047	1811	891	1701213	1811	943	1801026	1811	995	1900410	1811	1000	1910172	1811	1048	2001948	1811	1100	2101740	1811	1152	2201679	1811	1204	2301137	1811	1256	2400467	1811	1309	2501903	1811	
58	101024	1837	109	200960	1837	162	301456	1837	214	400257	1837	267	501003	1837	320	601533	1837	372	700819	1837	424	800228	1837	477	901295	1837	500	945223	1837	529	1000465	1837	582	1101400	1837	634	1200881	1837	687	1301771	1837	739	1400890	1837	792	1501597	1837	844	1600273	1837	897	1701247	1837	949	1800804	1837	1000	1898020	1837	1002	1901894	1837	1054	2001145	1837	1106	2100417	1837	1159	2201599	1837	1211	2301492	1837	1263	2401264	1837	1315	2500389	1837	
59	100838	1701	111	200512	1701	163	300366	1701	215	400134	1701	268	501621	1701	320	601747	1701	372	701814	1701	424	801520	1701	476	900820	1701	500	946856	1701	528	1000870	1701	580	1100684	1701	632	1200244	1701	684	1300274	1701	737	1401918	1701	789	1501672	1701	841	1601225	1701	893	1700908	1701	945	1800598	1701	998	1901961	1701	1000	1905850	1701	1050	2001625	1701	1102	2101124	1701	1154	2200577	1701	1205	2300331	1701	1258	2401999	1701	1310	2501833	1701	
58	100823	1932	110	201026	1932	162	300722	1932	214	400909	1932	266	501349	1932	318	601344	1932	370	701306	1932	422	801268	1932	474	901074	1932	500	951099	1932	526	1001032	1932	578	1100776	1932	630	1200433	1932	682	1300274	1932	734	1400548	1932	785	1500219	1932	838	1601984	1932	890	1701819	1932	941	1800385	1932	993	1900318	1932	1000	1913883	1932	1045	2001060	1932	1097	2101221	1932	1148	2200477	1932	1200	2301165	1932	1252	2401287	1932	1304	2501239	1932	
60	101969	1462	112	201055	1462	165	301465	1462	217	400246	1462	270	500680	1462	322	601350	1462	374	700264	1462	427	801244	1462	479	900604	1462	500	940589	1462	532	1001323	1462	585	1102131	1462	637	1201284	1462	689	1300565	1462	741	1400124	1462	794	1501246	1462	846	1600656	1462	899	1701269	1462	952	1801833	1462	1000	1893028	1462	1004	1900768	1462	1057	2001618	1462	1109	2100618	1462	1162	2201285	1462	1214	2300641	1462	1267	2401664	1462	1319	2500561	1462	
12	104691	50387	24	208850	50387	35	304799	50387	47	408977	50387	58	504409	50387	70	608938	50387	81	704844	50387	93	809005	50387	104	904991	50387	116	1009218	50387	127	1104848	50387	139	1209017	50387	150	1303973	49434	162	1408280	49434	173	1504465	49434	185	1609015	49434	196	1704953	49434	207	1800764	49434	219	1905329	49434	230	2001325	49434	242	2105856	49434	253	2201947	49434	265	2307069	49434	276	2403114	49434	288	2508203	49434	
12	104966	49956	23	201024	49956	35	305775	49956	46	401531	49956	58	505867	49956	69	601934	49956	81	706572	49956	92	802631	49956	104	906444	49005	115	1002482	49005	127	1107292	49005	138	1203323	49005	150	1307976	49005	161	1404049	49005	173	1509099	49005	184	1606992	49005	195	1703178	49005	207	1807682	49005	218	1903703	49005	230	2008639	49005	241	2104638	49005	252	2200597	49005	264	2305054	49005	275	2401175	49005	287	2505976	49005	
12	103885	50094	24	207501	50094	35	302763	50094	47	406328	50094	58	501634	50094	70	607529	50094	81	703101	50094	93	806970	50094	104	902110	50094	116	1005941	50094	127	1100881	50094	139	1204338	50094	151	1307855	50094	162	1402910	50094	174	1506382	50094	185	1601336	50094	197	1704888	50094	209	1808584	50094	220	1903571	50094	232	2007037	50094	243	2102063	50094	255	2205384	50094	267	2309044	50094	278	2404296	50094	290	2507766	50094	
12	104767	50271	23	200669	50271	35	304971	50271	46	400716	50271	58	505748	50271	69	601439	50271	81	705567	50271	92	801187	50271	104	905551	50271	115	1001820	50271	127	1106044	50271	138	1201826	50271	150	1306159	50271	161	1401801	50271	173	1506323	50271	184	1602135	50271	196	1706587	50271	207	1802079	49331	219	1905950	49331	230	2001783	49331	242	2106472	49331	253	2202274	49331	265	2307001	49331	276	2402835	49331	287	2500670	49331	
12	103929	49591	24	207666	49591	35	302846	49591	47	406819	49591	58	501728	49591	70	605446	49591	81	701037	49591	93	804728	49591	105	908553	49591	116	1004013	49591	128	1107752	49591	139	1203283	49591	151	1307080	49591	162	1404573	49591	174	1508426	49591	185	1603496	49591	197	1707520	49591	208	1802984	49591	220	1907318	49591	231	2002575	49591	243	2106368	49591	254	2201653	49591	266	2305168	49591	278	2409095	49591	289	2504149	49591	
12	105279	50128	23	201844	50128	35	306903	50128	46	405666	50128	57	502119	50128	69	606776	49114	80	702768	49114	92	807479	49114	103	903762	49114	115	1008490	49114	126	1102648	47182	138	1207248	47182	149	1303042	47182	161	1407538	47182	172	1503692	47182	184	1608336	47182	195	1704292	47182	207	1808774	47182	218	1905183	47182	229	2001617	47182	241	2106345	47182	252	2202305	47182	264	2306922	47182	275	2402868	47182	287	2507236	47182	
12	104325	50437	24	208571	50437	35	304452	50437	47	408627	50437	58	504106	50437	70	608259	50437	81	703803	50437	93	808250	50437	104	904036	50437	116	1008098	50437	127	1103580	50437	139	1207635	50437	150	1303120	50437	162	1407271	50437	173	1502923	50437	185	1607284	50437	196	1703594	50437	208	1807900	50437	219	1903304	50437	231	2007665	50437	242	2103260	50437	254	2207487	50437	265	2305097	50437	276	2400850	50437	288	2505066	50437	
12	105168	50327	23	201349	50327	35	305908	50327	46	401948	50327	58	506560	50327	69	602125	49334	81	707020	49334	92	803048	49334	104	907871	49334	115	1004375	49334	127	1109231	49334	138	1205586	49334	149	1304814	49334	160	1401143	49334	172	1506173	49334	183	1602426	49334	195	1707407	49334	206	1803679	49334	218	1908461	49334	229	2004994	49334	241	2109108	48396	252	2205370	48396	264	2308930	47423	275	2405160	47423	286	2501454	47423	
12	105350	50194	23	204004	50194	35	309198	50194	46	405123	50194	57	501188	50194	69	606010	50194	80	702286	50194	92	806873	50194	103	902892	50194	115	1008068	50194	126	1105140	50194	137	1201238	50194	149	1306117	50194	160	1402366	50194	172	1507410	50194	183	1603316	50194	195	1708238	50194	206	1803821	50194	218	1908577	50194	229	2004860	50194	240	2100745	50194	252	2205703	50194	263	2301554	50194	275	2405954	50194	286	2502256	50194	
12	104403	50329	24	208755	50329	35	304272	50329	47	408491	50329	58	503515	50329	70	607592	50329	81	702800	50329	93	806437	49345	104	902000	49345	116	1006030	49345	127	1101328	48352	139	1204248	48352	151	1308095	48352	162	1404010	48352	174	1508141	48352	185	1603874	48352	197	1707599	48352	208	1802744	48352	220	1907002	48352	231	2002237	48352	243	2107987	48352	254	2204143	48352	266	2308272	48352	277	2404482	48352	289	2508825	48352	
