wersja nr 1;wspolczynnik mutacji 0.050000;wielkosc populacji 5
4569	100013	1040	9328	200006	713	14142	300009	506	18977	400012	347	23780	500018	228	28594	600010	130	33381	700015	60	38229	800019	48	43069	900003	44	47912	1000012	44	52755	1100003	44	57558	1200006	44	62381	1300002	44	67229	1400020	44	72081	1500011	44	76895	1600012	44	81722	1700013	44	86566	1800010	44	91315	1900007	44	96155	2000002	44	100969	2100017	44	105789	2200008	44	110602	2300020	44	115451	2400016	44	120234	2500004	44	125059	2600021	44	129890	2700007	44	134751	2800015	44	139582	2900008	44	144436	3000012	44	149203	3100014	44	154048	3200017	44	158854	3300005	44	163678	3400006	44	168506	3500012	44	
4798	100012	1005	9553	200018	683	14375	300018	509	19198	400015	367	24026	500013	245	28812	600012	154	33638	700013	90	38439	800019	59	43295	900017	44	48126	1000005	44	52936	1100017	44	57791	1200017	44	62643	1300020	44	67434	1400006	44	72273	1500013	44	77118	1600004	44	81944	1700023	44	86790	1800019	44	91647	1900003	44	96426	2000018	44	101233	2100010	44	106032	2200021	44	110880	2300017	44	115725	2400015	44	120563	2500008	44	125330	2600006	44	130144	2700009	44	134984	2800007	44	139799	2900004	44	144641	3000005	44	149467	3100008	44	154257	3200021	44	159086	3300010	44	163934	3400012	44	168768	3500017	44	
4796	100016	990	9588	200019	711	14347	300019	517	19185	400018	353	23995	500012	241	28835	600008	119	33644	700009	63	38472	800026	47	43255	900002	44	48106	1000022	44	52956	1100003	44	57782	1200014	44	62614	1300012	44	67432	1400016	44	72213	1500007	44	77052	1600014	44	81874	1700011	44	86719	1800002	44	91522	1900021	44	96347	2000009	44	101089	2100005	44	105935	2200008	44	110759	2300005	44	115592	2400018	44	120425	2500013	44	125260	2600012	44	130067	2700017	44	134870	2800005	44	139725	2900005	44	144571	3000016	44	149383	3100014	44	154233	3200013	44	159039	3300011	44	163885	3400005	44	168712	3500017	44	
4809	100018	1000	9582	200021	687	14401	300011	483	19171	400012	328	23976	500011	219	28813	600012	123	33660	700016	57	38493	800024	44	43273	900009	44	48113	1000005	44	52890	1100011	44	57721	1200019	44	62550	1300026	44	67394	1400018	44	72237	1500011	44	77087	1600006	44	81899	1700019	44	86727	1800020	44	91547	1900016	44	96367	2000006	44	101189	2100011	44	105996	2200019	44	110822	2300002	44	115661	2400022	44	120493	2500011	44	125307	2600012	44	130124	2700017	44	134971	2800008	44	139810	2900023	44	144640	3000012	44	149458	3100012	44	154282	3200002	44	159101	3300003	44	163948	3400018	44	168786	3500009	44	
4779	100009	961	9575	200012	649	14389	300017	497	19170	400020	345	23970	500013	212	28763	600006	116	33568	700008	56	38422	800017	44	43238	900004	44	48082	1000025	44	52922	1100014	44	57736	1200002	44	62542	1300016	44	67381	1400018	44	72209	1500020	44	77033	1600007	44	81834	1700018	44	86678	1800016	44	91526	1900007	44	96369	2000016	44	101213	2100004	44	106054	2200006	44	110905	2300017	44	115736	2400014	44	120532	2500017	44	125369	2600004	44	130214	2700018	44	135082	2800016	44	139955	2900015	44	144768	3000011	44	149601	3100020	44	154436	3200013	44	159275	3300005	44	164122	3400018	44	168963	3500016	44	
4867	100008	874	9727	200012	675	14650	300008	507	19548	400003	360	24425	500014	215	29299	600011	96	34195	700007	55	39119	800016	46	44043	900020	46	48939	1000014	46	53815	1100015	46	58745	1200018	46	63660	1300013	46	68584	1400011	46	73515	1500012	46	78438	1600007	46	83323	1700018	46	88236	1800005	46	93184	1900007	46	98097	2000002	46	103034	2100013	46	107951	2200008	46	112866	2300018	46	117759	2400017	46	122660	2500014	46	127563	2600022	46	132499	2700009	46	137427	2800011	46	142355	2900020	46	147277	3000017	46	152199	3100008	46	157128	3200013	46	162044	3300004	46	166914	3400009	46	171845	3500023	46	
4879	100011	855	9717	200016	664	14631	300018	505	19556	400020	382	24467	500018	232	29374	600014	110	34293	700006	56	39196	800007	46	44108	900016	46	49016	1000019	46	53919	1100010	46	58813	1200018	46	63742	1300007	46	68660	1400012	46	73583	1500025	46	78519	1600016	46	83429	1700015	46	88332	1800007	46	93251	1900003	46	98171	2000014	46	103078	2100021	46	108018	2200008	46	112898	2300011	46	117792	2400023	46	122707	2500024	46	127609	2600003	46	132502	2700017	46	137395	2800015	46	142320	2900007	46	147227	3000021	46	152138	3100018	46	157063	3200011	46	161921	3300020	46	166817	3400025	46	171703	3500010	46	
4843	100007	872	9709	200025	673	14617	300003	530	19538	400010	366	24420	500018	202	29306	600017	82	34210	700015	55	39154	800019	48	44073	900012	46	48970	1000008	46	53896	1100004	46	58817	1200017	46	63753	1300018	46	68692	1400013	46	73572	1500006	46	78502	1600010	46	83422	1700015	46	88321	1800014	46	93209	1900019	46	98109	2000004	46	103010	2100025	46	107917	2200009	46	112861	2300006	46	117788	2400016	46	122719	2500007	46	127620	2600003	46	132542	2700024	46	137475	2800016	46	142425	2900008	46	147347	3000012	46	152280	3100004	46	157181	3200013	46	162096	3300004	46	167016	3400002	46	171948	3500007	46	
4850	100010	884	9691	200003	706	14537	300001	553	19417	400006	374	24300	500003	264	29175	600002	148	34049	700017	70	38919	800022	56	43794	900013	46	48654	1000003	46	53529	1100028	46	58377	1200003	46	63265	1300013	46	68156	1400007	46	73037	1500013	46	77952	1600019	46	82861	1700005	46	87753	1800012	46	92640	1900003	46	97520	2000004	46	102413	2100021	46	107288	2200013	46	112149	2300009	46	117016	2400017	46	121891	2500016	46	126768	2600009	46	131648	2700015	46	136545	2800013	46	141412	2900012	46	146283	3000007	46	151168	3100020	46	156071	3200006	46	160951	3300010	46	165833	3400010	46	170734	3500019	46	
4901	100006	844	9819	200019	646	14702	300006	480	19610	400017	314	24508	500022	156	29395	600010	61	34313	700007	48	39232	800004	46	44174	900002	46	49121	1000016	46	54067	1100021	46	59012	1200014	46	63932	1300004	46	68866	1400011	46	73769	1500019	46	78699	1600021	46	83604	1700021	46	88523	1800014	46	93452	1900018	46	98371	2000024	46	103282	2100011	46	108182	2200017	46	113118	2300010	46	118047	2400011	46	122958	2500009	46	127884	2600013	46	132791	2700003	46	137681	2800003	46	142608	2900006	46	147564	3000003	46	152520	3100013	46	157447	3200009	46	162353	3300006	46	167285	3400018	46	172192	3500020	46	
1924	100029	4956	3857	200052	4696	5804	300016	4439	7749	400041	4192	9676	500061	3962	11564	600015	3745	13491	700030	3509	15415	800010	3319	17342	900015	3118	19270	1000042	2944	21165	1100012	2755	23048	1200037	2575	24961	1300060	2392	26863	1400008	2238	28762	1500045	2090	30672	1600054	1954	32575	1700024	1817	34485	1800052	1669	36370	1900051	1531	38223	2000044	1406	40116	2100040	1280	42030	2200018	1164	43912	2300038	1037	45800	2400015	930	47689	2500050	823	49570	2600019	723	51465	2700061	653	53386	2800058	564	55301	2900031	505	57220	3000056	442	59108	3100056	385	61005	3200046	340	62914	3300018	322	64825	3400059	298	66733	3500027	277	
1937	100016	4961	3877	200016	4734	5821	300034	4498	7756	400053	4262	9665	500053	4041	11575	600031	3834	13507	700057	3626	15420	800023	3413	17343	900032	3202	19248	1000029	3021	21163	1100062	2825	23089	1200029	2646	25017	1300040	2464	26926	1400054	2298	28841	1500013	2137	30754	1600027	1977	32660	1700050	1827	34577	1800037	1686	36494	1900010	1528	38394	2000035	1397	40302	2100051	1288	42210	2200029	1158	44118	2300057	1040	46022	2400026	933	47925	2500055	843	49837	2600013	756	51719	2700062	681	53640	2800027	613	55557	2900039	545	57468	3000057	482	59383	3100044	443	61300	3200022	404	63172	3300059	365	65079	3400027	332	66946	3500011	302	
1942	100055	4956	3881	200044	4739	5796	300027	4503	7708	400009	4270	9610	500022	4051	11532	600048	3821	13443	700013	3620	15361	800041	3438	17277	900011	3232	19203	1000051	3038	21127	1100039	2857	23050	1200018	2673	24946	1300034	2513	26856	1400031	2376	28753	1500029	2198	30670	1600033	2043	32559	1700056	1882	34468	1800059	1742	36331	1900058	1586	38193	2000020	1465	40087	2100038	1318	41988	2200023	1205	43902	2300021	1103	45796	2400038	1004	47701	2500028	903	49589	2600029	806	51488	2700011	716	53407	2800020	646	55311	2900049	574	57204	3000029	501	59112	3100057	457	61018	3200017	405	62941	3300041	351	64854	3400043	318	66768	3500038	289	
1942	100011	4954	3856	200051	4720	5782	300011	4499	7721	400033	4263	9659	500015	4042	11592	600044	3818	13524	700037	3609	15421	800028	3415	17347	900044	3226	19276	1000025	3034	21182	1100055	2828	23090	1200010	2661	24985	1300033	2498	26906	1400024	2318	28782	1500044	2156	30696	1600048	2002	32608	1700044	1865	34501	1800054	1726	36411	1900010	1579	38330	2000049	1464	40235	2100009	1349	42156	2200052	1224	44079	2300050	1110	45984	2400028	1005	47868	2500044	916	49779	2600010	820	51701	2700053	742	53623	2800015	652	55544	2900040	580	57458	3000027	494	59350	3100053	437	61264	3200044	382	63165	3300031	332	65054	3400008	314	66909	3500015	294	
1940	100023	4947	3848	200048	4730	5772	300048	4479	7711	400047	4240	9640	500061	4000	11572	600010	3763	13478	700045	3547	15394	800015	3335	17320	900008	3126	19231	1000013	2947	21153	1100011	2749	23074	1200033	2575	24995	1300018	2421	26924	1400042	2243	28837	1500053	2058	30744	1600028	1894	32655	1700037	1751	34576	1800044	1633	36496	1900021	1497	38380	2000055	1371	40285	2100056	1243	42184	2200035	1132	44102	2300010	1025	46023	2400050	929	47942	2500033	830	49855	2600052	736	51760	2700039	653	53669	2800017	591	55582	2900041	518	57492	3000016	450	59412	3100049	385	61312	3200037	346	63225	3300050	306	65128	3400056	271	67040	3500021	251	
1971	100030	4794	3950	200050	4527	5908	300025	4260	7853	400036	3995	9830	500012	3755	11789	600025	3514	13764	700016	3254	15725	800012	3020	17689	900036	2791	19654	1000054	2589	21618	1100035	2344	23596	1200028	2082	25555	1300016	1848	27512	1400057	1637	29475	1500061	1444	31416	1600027	1268	33368	1700044	1092	35306	1800048	902	37244	1900058	739	39199	2000025	624	41137	2100013	516	43055	2200011	436	44980	2300008	375	46928	2400056	322	48876	2500037	282	50808	2600020	256	52754	2700027	244	54710	2800055	226	56653	2900051	216	58601	3000039	210	60542	3100040	207	62480	3200039	206	64417	3300034	205	66356	3400038	205	68300	3500048	205	
1971	100017	4800	3885	200013	4560	5849	300022	4312	7815	400009	4075	9774	500038	3835	11725	600048	3622	13700	700043	3365	15633	800023	3112	17607	900037	2862	19559	1000059	2635	21510	1100040	2386	23464	1200043	2154	25422	1300032	1919	27360	1400037	1697	29320	1500041	1478	31253	1600042	1288	33205	1700044	1103	35129	1800020	937	37064	1900057	766	39013	2000042	626	40928	2100052	530	42859	2200032	443	44790	2300036	364	46728	2400057	307	48671	2500037	278	50600	2600010	268	52537	2700031	247	54469	2800058	231	56352	2900023	222	58293	3000026	213	60204	3100020	210	62146	3200044	208	64076	3300026	205	66014	3400027	205	67949	3500008	205	
1944	100014	4799	3907	200026	4577	5847	300047	4325	7798	400024	4091	9780	500033	3861	11737	600033	3616	13683	700012	3400	15630	800025	3175	17601	900036	2934	19539	1000033	2679	21498	1100029	2449	23453	1200013	2224	25412	1300057	1973	27358	1400010	1761	29314	1500014	1515	31260	1600030	1296	33205	1700009	1104	35132	1800016	936	37066	1900056	780	38988	2000026	657	40927	2100053	537	42873	2200036	445	44823	2300017	361	46747	2400013	312	48696	2500048	275	50632	2600031	239	52554	2700031	229	54497	2800039	217	56431	2900022	210	58377	3000047	205	60307	3100012	205	62254	3200043	205	64184	3300041	205	66121	3400034	205	68065	3500010	205	
1963	100038	4808	3913	200054	4569	5877	300014	4338	7837	400043	4107	9814	500009	3874	11790	600013	3632	13772	700016	3394	15753	800012	3142	17712	900051	2894	19687	1000021	2659	21633	1100028	2382	23593	1200038	2130	25567	1300053	1883	27536	1400008	1650	29480	1500043	1431	31368	1600058	1227	33297	1700015	1052	35243	1800019	882	37195	1900016	718	39142	2000027	589	41069	2100054	486	43014	2200057	400	44964	2300029	327	46920	2400042	278	48802	2500011	239	50726	2600054	218	52666	2700041	211	54578	2800052	209	56530	2900022	207	58481	3000025	205	60415	3100044	205	62361	3200041	205	64295	3300046	205	66239	3400046	205	68189	3500040	205	
1972	100053	4785	3946	200012	4555	5918	300039	4300	7889	400045	4046	9867	500035	3778	11815	600028	3509	13775	700047	3254	15733	800008	3004	17699	900019	2756	19673	1000037	2527	21644	1100022	2279	23601	1200012	2059	25543	1300048	1834	27500	1400038	1602	29456	1500013	1367	31412	1600030	1178	33346	1700047	993	35285	1800057	842	37195	1900024	683	39124	2000010	571	41032	2100048	477	42947	2200013	390	44892	2300014	328	46789	2400016	281	48703	2500038	253	50644	2600060	230	52580	2700020	221	54514	2800038	214	56429	2900041	205	58363	3000023	205	60303	3100054	205	62240	3200010	205	64191	3300043	205	66126	3400020	205	68031	3500050	205	
472	100110	25043	940	200113	24791	1417	300236	24552	1881	400114	24307	2350	500045	24082	2820	600084	23849	3280	700114	23645	3747	800152	23426	4215	900153	23220	4688	1000168	22986	5160	1100089	22763	5629	1200240	22529	6099	1300145	22311	6568	1400081	22104	7041	1500111	21873	7512	1600144	21653	7977	1700121	21438	8449	1800113	21228	8916	1900133	21025	9378	2000068	20824	9844	2100184	20627	10310	2200221	20417	10776	2300126	20207	11239	2400099	20018	11710	2500228	19793	12176	2600158	19567	12632	2700089	19378	13098	2800065	19165	13566	2900240	18961	14034	3000109	18748	14497	3100046	18548	14959	3200108	18360	15424	3300215	18160	15889	3400131	17963	16355	3500216	17759	
467	100183	25036	937	200133	24817	1408	300221	24580	1876	400100	24371	2342	500171	24157	2813	600119	23928	3287	700216	23687	3754	800114	23465	4226	900065	23237	4697	1000245	23017	5167	1100051	22783	5633	1200198	22573	6102	1300076	22352	6569	1400149	22116	7040	1500162	21879	7507	1600106	21631	7976	1700231	21406	8440	1800046	21187	8908	1900184	20961	9374	2000159	20750	9839	2100193	20537	10306	2200216	20325	10771	2300219	20127	11233	2400079	19928	11700	2500266	19721	12169	2600188	19512	12630	2700194	19314	13090	2800219	19115	13554	2900093	18910	14024	3000159	18710	14489	3100109	18533	14955	3200066	18310	15420	3300118	18113	15884	3400156	17915	16356	3500226	17704	
468	100234	25049	941	200111	24809	1403	300091	24571	1865	400130	24359	2337	500164	24146	2805	600098	23939	3274	700248	23723	3744	800096	23489	4212	900087	23261	4684	1000254	23042	5148	1100076	22824	5619	1200202	22606	6089	1300226	22379	6558	1400072	22147	7025	1500097	21935	7492	1600198	21681	7962	1700181	21455	8426	1800130	21226	8895	1900165	21016	9361	2000236	20817	9830	2100227	20582	10299	2200123	20357	10766	2300059	20166	11234	2400132	19955	11694	2500061	19760	12162	2600063	19556	12625	2700087	19362	13086	2800150	19177	13558	2900212	18968	14022	3000148	18756	14491	3100178	18557	14958	3200232	18348	15425	3300129	18136	15892	3400058	17920	16355	3500196	17712	
473	100229	25052	937	200040	24802	1409	300137	24588	1881	400186	24373	2350	500234	24139	2819	600217	23914	3293	700178	23662	3762	800174	23447	4231	900225	23197	4694	1000187	22963	5163	1100149	22739	5629	1200110	22506	6100	1300151	22273	6570	1400096	22059	7039	1500155	21840	7501	1600155	21624	7967	1700111	21429	8435	1800186	21220	8899	1900181	21013	9364	2000087	20791	9827	2100067	20592	10290	2200073	20400	10757	2300116	20195	11220	2400078	19978	11690	2500141	19756	12159	2600235	19523	12621	2700069	19311	13085	2800085	19096	13552	2900158	18879	14016	3000257	18676	14476	3100124	18462	14936	3200168	18260	15405	3300079	18049	15869	3400144	17850	16330	3500060	17656	
469	100141	25047	932	200201	24822	1402	300112	24577	1868	400068	24339	2340	500153	24094	2808	600096	23877	3276	700134	23643	3745	800130	23419	4214	900086	23181	4687	1000232	22959	5155	1100261	22730	5622	1200056	22500	6086	1300094	22292	6554	1400235	22049	7018	1500103	21844	7486	1600148	21619	7953	1700129	21411	8418	1800176	21202	8886	1900192	20994	9353	2000256	20791	9814	2100174	20576	10276	2200160	20352	10738	2300045	20158	11210	2400066	19931	11677	2500195	19722	12147	2600126	19496	12613	2700125	19297	13080	2800083	19083	13546	2900239	18900	14009	3000169	18692	14470	3100263	18485	14931	3200152	18285	15399	3300136	18076	15861	3400055	17895	16328	3500053	17698	
478	100148	24943	958	200196	24705	1437	300123	24473	1916	400174	24227	2398	500061	23986	2873	600098	23752	3351	700052	23528	3826	800055	23312	4305	900040	23084	4785	1000207	22851	5260	1100241	22609	5739	1200168	22373	6206	1300048	22136	6678	1400177	21903	7160	1500185	21644	7637	1600158	21410	8115	1700180	21179	8591	1800169	20959	9070	1900143	20736	9549	2000148	20493	10024	2100087	20259	10500	2200089	20028	10981	2300188	19805	11458	2400235	19584	11940	2500172	19347	12419	2600141	19110	12895	2700161	18893	13367	2800065	18658	13852	2900255	18419	14328	3000091	18198	14804	3100197	17959	15280	3200188	17730	15750	3300132	17510	16227	3400051	17278	16705	3500230	17037	
479	100217	24950	956	200103	24729	1435	300040	24482	1914	400131	24257	2390	500088	24037	2872	600188	23794	3351	700158	23552	3832	800124	23326	4302	900206	23097	4776	1000058	22875	5256	1100219	22624	5737	1200072	22397	6214	1300203	22169	6692	1400183	21930	7166	1500169	21687	7648	1600194	21426	8128	1700077	21214	8607	1800063	20967	9085	1900247	20737	9564	2000234	20509	10045	2100050	20281	10530	2200105	20050	11009	2300096	19813	11488	2400101	19588	11970	2500230	19360	12448	2600210	19140	12928	2700238	18902	13408	2800070	18664	13887	2900213	18446	14366	3000101	18213	14844	3100244	18004	15322	3200064	17777	15794	3300094	17557	16274	3400183	17332	16754	3500192	17089	
480	100216	24951	962	200170	24703	1444	300205	24463	1921	400172	24241	2401	500196	24018	2875	600252	23804	3354	700184	23579	3832	800066	23344	4316	900191	23094	4790	1000163	22868	5268	1100160	22643	5741	1200221	22412	6221	1300091	22178	6703	1400246	21942	7179	1500096	21709	7655	1600155	21462	8133	1700129	21209	8612	1800114	20982	9087	1900125	20761	9561	2000086	20527	10043	2100222	20294	10519	2200146	20064	10996	2300084	19833	11477	2400192	19610	11953	2500237	19378	12429	2600051	19150	12904	2700151	18932	13382	2800229	18718	13853	2900087	18488	14317	3000145	18271	14783	3100176	18039	15256	3200086	17818	15731	3300158	17562	16210	3400060	17322	16693	3500120	17067	
477	100077	24961	956	200255	24711	1428	300198	24501	1900	400183	24301	2377	500070	24065	2858	600166	23842	3329	700114	23610	3804	800146	23396	4284	900210	23161	4765	1000186	22919	5232	1100197	22703	5710	1200185	22462	6188	1300229	22234	6668	1400200	22011	7146	1500091	21787	7625	1600221	21548	8103	1700169	21336	8585	1800099	21111	9060	1900053	20889	9538	2000221	20653	10019	2100169	20411	10491	2200185	20199	10970	2300239	19952	11445	2400167	19737	11926	2500162	19503	12409	2600091	19242	12892	2700056	18991	13373	2800156	18757	13851	2900159	18524	14330	3000129	18274	14812	3100082	18030	15285	3200198	17809	15757	3300049	17587	16237	3400086	17345	16712	3500190	17129	
479	100170	24950	956	200232	24731	1434	300056	24478	1916	400116	24240	2396	500122	23989	2871	600178	23777	3350	700142	23550	3833	800095	23322	4313	900225	23078	4791	1000242	22850	5270	1100176	22628	5747	1200207	22377	6225	1300210	22158	6709	1400183	21911	7189	1500244	21690	7668	1600104	21457	8145	1700209	21237	8625	1800049	21001	9101	1900183	20788	9585	2000173	20548	10064	2100241	20305	10544	2200153	20054	11024	2300238	19819	11502	2400048	19578	11979	2500180	19349	12466	2600169	19084	12944	2700060	18867	13427	2800060	18628	13905	2900118	18388	14385	3000110	18164	14863	3100088	17925	15341	3200111	17692	15817	3300085	17465	16290	3400234	17252	16768	3500165	17021	
5517	100009	47	11023	200008	47	16539	300009	47	22065	400016	47	27536	500007	47	33050	600009	47	38550	700015	47	44047	800019	47	49543	900006	47	55059	1000017	47	60569	1100003	47	66064	1200012	47	71564	1300014	47	77057	1400014	47	82546	1500003	47	88037	1600010	47	93532	1700008	47	99056	1800010	47	104567	1900016	47	110085	2000017	47	115599	2100013	47	121102	2200018	47	126592	2300002	47	132061	2400010	47	137559	2500004	47	143040	2600009	47	148550	2700009	47	154046	2800023	47	159527	2900003	47	165047	3000002	47	170570	3100004	47	176089	3200013	47	181578	3300013	47	187070	3400016	47	192578	3500008	47	
5501	100004	47	11008	200004	47	16541	300016	47	22067	400017	47	27547	500011	47	33058	600016	47	38547	700007	47	44064	800015	47	49570	900009	47	55086	1000002	47	60590	1100018	47	66101	1200008	47	71616	1300009	47	77101	1400012	47	82605	1500010	47	88112	1600014	47	93630	1700015	47	99119	1800017	47	104625	1900025	47	110137	2000008	47	115632	2100015	47	121139	2200004	47	126677	2300006	47	132206	2400021	47	137696	2500013	47	143193	2600005	47	148658	2700009	47	154184	2800010	47	159679	2900017	47	165166	3000011	47	170665	3100005	47	176166	3200008	47	181663	3300013	47	187147	3400008	47	192600	3500008	47	
5507	100015	47	11015	200017	47	16522	300003	47	22037	400005	47	27536	500004	47	33048	600018	47	38558	700017	47	44029	800003	47	49560	900016	47	55053	1000003	47	60567	1100008	47	66042	1200001	47	71529	1300008	47	77048	1400019	47	82521	1500009	47	88036	1600002	47	93553	1700013	47	99072	1800019	47	104600	1900014	47	110105	2000007	47	115622	2100003	47	121127	2200017	47	126633	2300003	47	132125	2400003	47	137625	2500009	47	143126	2600009	47	148643	2700015	47	154150	2800011	47	159670	2900002	47	165165	3000015	47	170684	3100003	47	176145	3200018	47	181624	3300010	47	187136	3400010	47	192636	3500007	47	
5495	100008	47	11005	200006	47	16504	300021	47	21996	400016	47	27467	500012	47	32985	600023	47	38498	700010	47	44013	800004	47	49540	900009	47	55049	1000007	47	60537	1100013	47	66041	1200019	47	71566	1300018	47	77107	1400007	47	82627	1500018	47	88143	1600022	47	93633	1700001	47	99171	1800016	47	104679	1900017	47	110180	2000015	47	115699	2100011	47	121194	2200016	47	126701	2300006	47	132220	2400001	47	137732	2500004	47	143239	2600008	47	148748	2700001	47	154243	2800017	47	159722	2900009	47	165224	3000022	47	170728	3100011	47	176239	3200004	47	181722	3300018	47	187244	3400015	47	192745	3500011	47	
5500	100012	47	11002	200007	47	16501	300003	47	21998	400010	47	27502	500015	47	32999	600013	47	38513	700018	47	44019	800014	47	49554	900016	47	55080	1000016	47	60589	1100006	47	66106	1200010	47	71602	1300017	47	77097	1400019	47	82619	1500017	47	88159	1600007	47	93653	1700002	47	99169	1800008	47	104668	1900005	47	110100	2000013	47	115602	2100003	47	121107	2200016	47	126608	2300010	47	132096	2400007	47	137542	2500012	47	143066	2600017	47	148569	2700008	47	154080	2800014	47	159615	2900004	47	165130	3000011	47	170655	3100016	47	176167	3200010	47	181691	3300015	47	187193	3400006	47	192682	3500003	47	
5801	100012	53	11614	200007	53	17407	300010	53	23206	400016	53	29003	500002	53	34757	600014	53	40512	700009	53	46319	800008	53	52145	900012	53	57954	1000011	53	63774	1100012	53	69582	1200015	53	75392	1300003	53	81203	1400013	53	87033	1500011	53	92829	1600013	53	98643	1700008	53	104447	1800007	53	110253	1900011	53	116038	2000013	53	121822	2100011	53	127613	2200002	53	133346	2300014	53	139094	2400006	53	144872	2500008	53	150680	2600003	53	156472	2700006	53	162272	2800016	53	168062	2900014	53	173867	3000003	53	179646	3100033	53	185422	3200033	53	191245	3300016	53	197044	3400011	53	202874	3500015	53	
5791	100014	53	11601	200008	53	17432	300006	53	23274	400013	53	29108	500022	53	34920	600002	53	40718	700010	53	46530	800013	53	52313	900008	53	58127	1000003	53	63955	1100009	53	69765	1200009	53	75581	1300013	53	81392	1400004	53	87178	1500001	53	92992	1600005	53	98815	1700009	53	104634	1800010	53	110442	1900030	53	116268	2000009	53	122084	2100003	53	127899	2200006	53	133699	2300002	53	139491	2400015	53	145273	2500007	53	151061	2600009	53	156869	2700013	53	162696	2800004	53	168506	2900006	53	174314	3000013	53	180116	3100010	53	185919	3200011	53	191683	3300004	53	197488	3400011	53	203287	3500022	53	
5811	100017	53	11645	200010	53	17462	300003	53	23260	400006	53	29077	500011	53	34884	600012	53	40669	700009	53	46470	800016	53	52278	900015	53	58088	1000008	53	63897	1100004	53	69681	1200016	53	75495	1300016	53	81287	1400015	53	87068	1500010	53	92838	1600016	53	98641	1700013	53	104474	1800011	53	110273	1900008	53	116043	2000012	53	121817	2100020	53	127578	2200015	53	133329	2300021	53	139149	2400011	53	144941	2500007	53	150756	2600003	53	156558	2700008	53	162378	2800004	53	168200	2900010	53	174041	3000005	53	179867	3100003	53	185706	3200002	53	191538	3300009	53	197320	3400014	53	203113	3500021	53	
5787	100014	53	11604	200005	53	17417	300015	53	23213	400006	53	29024	500004	53	34817	600011	53	40629	700003	53	46450	800005	53	52253	900013	53	58097	1000007	53	63894	1100014	53	69683	1200014	53	75488	1300015	53	81265	1400008	53	87079	1500002	53	92897	1600010	53	98698	1700016	53	104465	1800011	53	110176	1900005	53	115984	2000013	53	121772	2100009	53	127570	2200007	53	133356	2300010	53	139154	2400003	53	144973	2500006	53	150771	2600013	53	156581	2700009	53	162419	2800003	53	168236	2900002	53	174060	3000016	53	179875	3100009	53	185699	3200006	53	191498	3300009	53	197273	3400001	53	203087	3500018	53	
5765	100014	53	11581	200007	53	17402	300008	53	23211	400016	53	29025	500013	53	34823	600008	53	40626	700018	53	46410	800010	53	52188	900003	53	57970	1000009	53	63747	1100009	53	69543	1200002	53	75369	1300014	53	81177	1400015	53	86995	1500005	53	92806	1600008	53	98602	1700006	53	104405	1800001	53	110218	1900008	53	116039	2000001	53	121847	2100014	53	127641	2200019	53	133440	2300007	53	139235	2400015	53	145024	2500001	53	150823	2600014	53	156609	2700003	53	162413	2800017	53	168201	2900020	53	174033	3000001	53	179866	3100015	53	185683	3200003	53	191495	3300004	53	197274	3400003	53	203087	3500001	53	
2080	100014	249	4144	200022	198	6215	300031	192	8285	400040	191	10339	500032	191	12421	600028	191	14497	700016	191	16511	800020	191	18576	900022	191	20640	1000029	191	22711	1100017	191	24792	1200026	191	26877	1300051	191	28947	1400018	191	31029	1500054	191	33100	1600015	191	35169	1700033	191	37232	1800023	191	39315	1900007	191	41395	2000018	191	43466	2100012	191	45473	2200020	191	47536	2300032	191	49614	2400027	191	51681	2500024	191	53762	2600039	191	55843	2700048	191	57910	2800041	191	59978	2900021	191	62055	3000018	191	64118	3100042	191	66203	3200043	191	68276	3300040	191	70346	3400018	191	72427	3500051	191	
2073	100057	251	4139	200041	207	6208	300014	192	8289	400017	191	10366	500030	191	12389	600030	191	14460	700050	191	16548	800010	191	18617	900047	191	20652	1000040	191	22734	1100047	191	24812	1200020	191	26896	1300017	191	28956	1400010	191	31032	1500013	191	33088	1600041	191	35159	1700027	191	37230	1800024	191	39313	1900026	191	41396	2000008	191	43460	2100019	191	45540	2200019	191	47626	2300017	191	49692	2400041	191	51721	2500007	191	53788	2600024	191	55865	2700015	191	57932	2800040	191	60000	2900007	191	62059	3000029	191	64131	3100053	191	66195	3200029	191	68276	3300037	191	70349	3400035	191	72430	3500031	191	
2079	100042	234	4152	200040	199	6224	300012	193	8293	400012	191	10367	500012	191	12430	600053	191	14503	700040	191	16579	800022	191	18640	900007	191	20708	1000030	191	22782	1100048	191	24865	1200055	191	26942	1300056	191	29028	1400021	191	31074	1500015	191	33152	1600025	191	35231	1700019	191	37313	1800026	191	39388	1900015	191	41453	2000016	191	43527	2100006	191	45604	2200036	191	47679	2300021	191	49730	2400024	191	51789	2500018	191	53858	2600041	191	55943	2700019	191	58025	2800022	191	60093	2900045	191	62168	3000025	191	64237	3100021	191	66319	3200046	191	68387	3300039	191	70448	3400011	191	72512	3500023	191	
2068	100010	246	4142	200011	195	6227	300048	191	8300	400048	191	10377	500027	191	12462	600056	191	14542	700019	191	16559	800036	191	18625	900021	191	20692	1000039	191	22734	1100047	191	24813	1200042	191	26898	1300021	191	28949	1400048	191	31019	1500045	191	33044	1600048	191	35111	1700038	191	37187	1800027	191	39262	1900013	191	41312	2000047	191	43388	2100028	191	45455	2200033	191	47512	2300021	191	49564	2400033	191	51643	2500047	191	53724	2600053	191	55809	2700010	191	57886	2800024	191	59973	2900033	191	62058	3000039	191	64122	3100045	191	66203	3200045	191	68289	3300035	191	70353	3400032	191	72425	3500030	191	
2059	100051	263	4102	200010	204	6171	300023	191	8216	400012	191	10297	500021	191	12368	600027	191	14445	700026	191	16498	800019	191	18582	900024	191	20655	1000011	191	22724	1100026	191	24795	1200031	191	26883	1300042	191	28963	1400028	191	31004	1500038	191	33073	1600037	191	35127	1700009	191	37208	1800045	191	39283	1900020	191	41346	2000035	191	43411	2100035	191	45481	2200039	191	47559	2300029	191	49641	2400032	191	51678	2500009	191	53746	2600054	191	55797	2700032	191	57861	2800016	191	59903	2900013	191	61934	3000042	191	64017	3100043	191	66094	3200019	191	68164	3300020	191	70246	3400012	191	72304	3500044	191	
2230	100052	248	4405	200048	194	6636	300052	194	8839	400041	194	11048	500023	194	13245	600008	194	15467	700041	194	17666	800030	194	19864	900029	194	22051	1000028	194	24273	1100030	194	26489	1200044	194	28671	1300009	194	30859	1400045	194	33083	1500014	194	35298	1600045	194	37516	1700049	194	39697	1800027	194	41926	1900027	194	44145	2000021	194	46332	2100042	194	48562	2200013	194	50779	2300040	194	52994	2400036	194	55194	2500037	194	57411	2600024	194	59599	2700008	194	61822	2800039	194	64051	2900011	194	66251	3000049	194	68478	3100012	194	70702	3200041	194	72921	3300048	194	75138	3400011	194	77360	3500051	194	
2234	100011	238	4392	200049	201	6601	300028	195	8824	400025	194	11044	500007	194	13269	600019	194	15482	700013	194	17707	800044	194	19927	900042	194	22150	1000023	194	24368	1100014	194	26583	1200012	194	28796	1300046	194	31025	1400030	194	33204	1500027	194	35421	1600042	194	37632	1700032	194	39866	1800019	194	42088	1900030	194	44308	2000022	194	46527	2100015	194	48744	2200027	194	50962	2300029	194	53166	2400012	194	55383	2500042	194	57612	2600014	194	59835	2700011	194	62067	2800037	194	64291	2900040	194	66496	3000006	194	68707	3100049	194	70877	3200037	194	73084	3300019	194	75293	3400029	194	77521	3500044	194	
2226	100017	233	4441	200018	199	6668	300027	194	8880	400010	194	11075	500022	194	13290	600043	194	15495	700022	194	17723	800032	194	19942	900015	194	22162	1000008	194	24374	1100012	194	26594	1200031	194	28767	1300038	194	30993	1400052	194	33209	1500022	194	35429	1600053	194	37632	1700006	194	39862	1800028	194	42089	1900024	194	44308	2000011	194	46520	2100030	194	48719	2200046	194	50916	2300012	194	53143	2400042	194	55364	2500012	194	57585	2600013	194	59811	2700033	194	62024	2800040	194	64254	2900034	194	66475	3000014	194	68681	3100032	194	70906	3200047	194	73136	3300012	194	75361	3400038	194	77585	3500051	194	
2226	100020	242	4439	200037	199	6669	300048	194	8885	400041	194	11105	500032	194	13335	600030	194	15549	700010	194	17786	800031	194	20010	900051	194	22199	1000045	194	24379	1100023	194	26585	1200026	194	28799	1300027	194	31008	1400021	194	33234	1500018	194	35457	1600038	194	37679	1700043	194	39913	1800032	194	42143	1900027	194	44379	2000049	194	46607	2100041	194	48816	2200009	194	51039	2300009	194	53263	2400021	194	55488	2500012	194	57693	2600015	194	59921	2700019	194	62156	2800037	194	64352	2900023	194	66568	3000025	194	68787	3100018	194	71005	3200033	194	73199	3300009	194	75432	3400033	194	77648	3500022	194	
2232	100013	244	4438	200019	203	6659	300037	194	8870	400043	194	11091	500023	194	13308	600026	194	15523	700025	194	17749	800013	194	19969	900043	194	22159	1000036	194	24381	1100016	194	26584	1200011	194	28806	1300051	194	31027	1400030	194	33254	1500040	194	35481	1600052	194	37691	1700036	194	39923	1800045	194	42128	1900041	194	44344	2000028	194	46544	2100049	194	48775	2200037	194	50992	2300037	194	53220	2400044	194	55445	2500009	194	57672	2600037	194	59880	2700024	194	62110	2800012	194	64341	2900026	194	66561	3000045	194	68794	3100047	194	71029	3200037	194	73232	3300026	194	75433	3400035	194	77637	3500007	194	
541	100207	1643	1085	200209	1489	1626	300210	1383	2153	400046	1283	2691	500065	1207	3221	600093	1128	3755	700079	1084	4288	800147	1043	4811	900127	1023	5341	1000037	1013	5876	1100149	998	6407	1200144	985	6939	1300202	981	7468	1400085	975	7998	1500043	973	8529	1600038	973	9060	1700201	972	9590	1800214	970	10116	1900104	968	10648	2000041	965	11179	2100090	965	11711	2200186	965	12239	2300049	965	12770	2400037	965	13305	2500196	965	13834	2600081	965	14366	2700041	965	14891	2800069	965	15421	2900197	965	15948	3000040	965	16481	3100076	965	17014	3200096	965	17543	3300086	965	18076	3400128	965	18610	3500119	965	
545	100208	1661	1076	200096	1552	1614	300133	1411	2144	400131	1313	2682	500140	1230	3216	600116	1151	3749	700082	1085	4283	800071	1046	4817	900053	1013	5353	1000122	992	5879	1100139	979	6410	1200107	972	6938	1300231	968	7469	1400245	966	7998	1500089	966	8531	1600063	965	9062	1700143	965	9588	1800247	965	10119	1900105	965	10646	2000042	965	11175	2100174	965	11706	2200232	965	12230	2300134	965	12756	2400190	965	13286	2500083	965	13812	2600217	965	14338	2700197	965	14864	2800196	965	15390	2900199	965	15914	3000204	965	16438	3100128	965	16969	3200186	965	17499	3300082	965	18027	3400049	965	18560	3500191	965	
543	100100	1661	1085	200050	1515	1626	300139	1392	2162	400188	1286	2692	500067	1211	3223	600128	1151	3756	700144	1095	4293	800175	1042	4824	900123	1016	5352	1000149	1002	5887	1100177	993	6418	1200051	977	6943	1300083	971	7478	1400181	967	7998	1500125	966	8514	1600106	965	9044	1700167	965	9569	1800037	965	10099	1900122	965	10628	2000107	965	11147	2100106	965	11677	2200080	965	12210	2300152	965	12738	2400038	965	13256	2500097	965	13787	2600154	965	14313	2700071	965	14839	2800103	965	15366	2900045	965	15895	3000161	965	16425	3100153	965	16954	3200148	965	17482	3300150	965	18014	3400049	965	18547	3500057	965	
541	100172	1677	1083	200054	1516	1617	300058	1411	2148	400119	1317	2684	500151	1206	3218	600129	1129	3750	700143	1075	4282	800080	1033	4813	900208	1010	5341	1000198	988	5869	1100150	977	6398	1200190	971	6921	1300051	969	7449	1400160	966	7980	1500195	966	8509	1600116	966	9032	1700143	965	9563	1800183	965	10093	1900138	965	10622	2000058	965	11152	2100133	965	11680	2200067	965	12210	2300059	965	12744	2400192	965	13270	2500192	965	13803	2600130	965	14331	2700053	965	14861	2800179	965	15385	2900158	965	15913	3000119	965	16441	3100211	965	16968	3200224	965	17494	3300049	965	18025	3400176	965	18554	3500138	965	
545	100106	1647	1086	200111	1512	1620	300130	1380	2152	400085	1283	2685	500132	1206	3221	600125	1141	3755	700059	1096	4290	800198	1063	4824	900188	1030	5356	1000161	1017	5886	1100064	987	6414	1200117	982	6950	1300052	973	7476	1400106	968	8010	1500202	968	8542	1600173	967	9074	1700058	967	9602	1800041	966	10117	1900117	966	10643	2000063	965	11177	2100214	965	11712	2200090	965	12241	2300162	965	12773	2400041	965	13284	2500154	965	13818	2600186	965	14351	2700102	965	14878	2800191	965	15405	2900140	965	15934	3000160	965	16463	3100171	965	16998	3200140	965	17529	3300147	965	18060	3400192	965	18591	3500117	965	
591	100164	1580	1180	200147	1427	1765	300111	1296	2341	400041	1196	2924	500172	1119	3499	600136	1057	4073	700081	1017	4656	800138	981	5238	900148	962	5816	1000124	950	6400	1100147	942	6967	1200048	940	7529	1300070	934	8096	1400055	933	8673	1500039	932	9244	1600142	932	9820	1700169	932	10391	1800111	932	10962	1900144	932	11537	2000037	932	12115	2100191	932	12693	2200069	932	13273	2300054	932	13850	2400098	932	14425	2500049	932	15003	2600047	932	15584	2700157	932	16156	2800116	932	16737	2900216	932	17306	3000148	932	17877	3100181	932	18450	3200036	932	19031	3300142	932	19610	3400176	932	20186	3500105	932	
586	100072	1586	1175	200035	1444	1761	300095	1310	2338	400210	1219	2921	500157	1118	3500	600148	1037	4072	700152	991	4647	800128	964	5218	900115	948	5797	1000127	939	6376	1100180	938	6955	1200186	933	7535	1300105	933	8111	1400062	932	8685	1500199	932	9256	1600043	932	9835	1700134	932	10406	1800134	932	10987	1900054	932	11564	2000146	932	12140	2100185	932	12717	2200212	932	13295	2300049	932	13876	2400099	932	14446	2500175	932	15021	2600197	932	15603	2700105	932	16184	2800153	932	16764	2900181	932	17340	3000194	932	17917	3100088	932	18489	3200079	932	19064	3300087	932	19640	3400056	932	20203	3500180	932	
590	100082	1588	1175	200068	1447	1756	300129	1286	2336	400111	1192	2909	500147	1115	3487	600101	1064	4062	700047	1021	4632	800112	984	5207	900059	968	5771	1000113	952	6345	1100197	942	6921	1200150	935	7492	1300188	935	8067	1400070	932	8643	1500077	932	9217	1600182	932	9783	1700045	932	10356	1800183	932	10934	1900176	932	11513	2000100	932	12088	2100109	932	12663	2200099	932	13238	2300152	932	13810	2400088	932	14389	2500097	932	14964	2600111	932	15542	2700090	932	16124	2800137	932	16701	2900072	932	17262	3000138	932	17839	3100061	932	18413	3200195	932	18984	3300092	932	19558	3400190	932	20134	3500101	932	
596	100032	1596	1187	200055	1443	1774	300165	1306	2354	400146	1216	2928	500078	1118	3496	600076	1052	4070	700199	1000	4638	800036	976	5213	900214	965	5790	1000101	950	6334	1100071	939	6912	1200051	934	7491	1300107	932	8065	1400164	932	8643	1500162	932	9218	1600069	932	9794	1700172	932	10376	1800117	932	10954	1900168	932	11530	2000111	932	12111	2100049	932	12689	2200123	932	13269	2300089	932	13846	2400126	932	14420	2500112	932	14997	2600069	932	15575	2700091	932	16150	2800168	932	16723	2900199	932	17290	3000063	932	17859	3100201	932	18426	3200068	932	19003	3300194	932	19584	3400140	932	20161	3500031	932	
594	100090	1573	1183	200183	1446	1768	300085	1327	2347	400099	1250	2932	500158	1145	3506	600070	1091	4090	700138	1033	4671	800057	997	5248	900069	974	5825	1000044	958	6392	1100142	950	6973	1200196	942	7548	1300091	939	8127	1400050	934	8706	1500173	933	9286	1600190	932	9856	1700142	932	10431	1800178	932	11014	1900126	932	11590	2000084	932	12162	2100105	932	12738	2200187	932	13304	2300058	932	13885	2400078	932	14464	2500085	932	15042	2600185	932	15620	2700041	932	16185	2800115	932	16762	2900064	932	17345	3000189	932	17923	3100200	932	18497	3200173	932	19067	3300189	932	19642	3400048	932	20222	3500155	932	
5065	100027	1961	10081	200018	1343	15080	300001	881	20108	400005	689	25131	500016	530	30196	600006	367	35240	700013	215	40305	800013	112	45370	900014	64	50431	1000015	50	55511	1100005	50	60597	1200010	50	65662	1300017	50	70711	1400016	50	75759	1500003	50	80807	1600007	50	85858	1700004	50	90919	1800021	50	95959	1900016	50	101033	2000014	50	106090	2100010	50	111145	2200025	50	116211	2300015	50	121276	2400007	50	126346	2500004	50	131408	2600008	50	136447	2700011	50	141522	2800022	50	146605	2900008	50	151662	3000003	50	156692	3100017	50	161718	3200003	50	166775	3300011	50	171842	3400004	50	176891	3500019	50	
5077	100006	1943	10087	200016	1334	15052	300010	861	20063	400002	667	25116	500007	495	30164	600008	325	35219	700009	180	40303	800020	96	45356	900011	72	50435	1000012	56	55442	1100010	50	60491	1200013	50	65558	1300019	50	70622	1400011	50	75696	1500011	50	80759	1600012	50	85810	1700025	50	90881	1800002	50	95919	1900015	50	100940	2000004	50	106000	2100013	50	111064	2200010	50	116099	2300004	50	121146	2400010	50	126213	2500012	50	131284	2600002	50	136340	2700007	50	141405	2800018	50	146464	2900005	50	151533	3000010	50	156590	3100008	50	161674	3200011	50	166760	3300011	50	171841	3400015	50	176920	3500018	50	
5077	100003	1915	10150	200008	1306	15169	300008	868	20195	400019	610	25268	500020	430	30332	600019	241	35347	700015	128	40420	800010	70	45515	900020	51	50570	1000018	50	55624	1100005	50	60699	1200003	50	65743	1300003	50	70812	1400007	50	75914	1500019	50	80957	1600002	50	86041	1700019	50	91125	1800002	50	96201	1900002	50	101257	2000019	50	106298	2100022	50	111359	2200015	50	116455	2300006	50	121545	2400018	50	126624	2500011	50	131692	2600005	50	136740	2700014	50	141812	2800019	50	146864	2900004	50	151894	3000017	50	156946	3100013	50	161990	3200001	50	167049	3300009	50	172125	3400008	50	177159	3500006	50	
5051	100005	1929	10080	200011	1372	15079	300014	901	20115	400019	637	25162	500013	493	30223	600018	341	35279	700018	201	40308	800010	109	45391	900005	66	50473	1000009	51	55508	1100011	50	60552	1200002	50	65608	1300015	50	70688	1400012	50	75742	1500017	50	80816	1600016	50	85891	1700008	50	90948	1800008	50	96005	1900016	50	101075	2000018	50	106165	2100003	50	111227	2200015	50	116291	2300004	50	121371	2400004	50	126441	2500008	50	131522	2600008	50	136602	2700001	50	141697	2800004	50	146776	2900004	50	151835	3000011	50	156882	3100022	50	161922	3200018	50	166973	3300005	50	172034	3400005	50	177076	3500016	50	
5054	100011	1853	10101	200014	1188	15121	300021	810	20153	400011	601	25226	500009	421	30272	600015	248	35325	700017	123	40397	800010	71	45474	900010	52	50550	1000008	50	55618	1100020	50	60694	1200015	50	65769	1300013	50	70818	1400013	50	75834	1500016	50	80909	1600005	50	85965	1700011	50	91013	1800003	50	96087	1900002	50	101161	2000010	50	106236	2100012	50	111281	2200023	50	116349	2300019	50	121428	2400017	50	126494	2500007	50	131566	2600003	50	136617	2700003	50	141656	2800009	50	146688	2900008	50	151745	3000003	50	156801	3100002	50	161859	3200014	50	166902	3300004	50	171950	3400015	50	177000	3500018	50	
1954	100025	9790	3914	200027	9527	5864	300034	9265	7813	400026	8992	9769	500060	8738	11718	600012	8489	13663	700057	8222	15594	800057	7988	17532	900050	7744	19489	1000020	7522	21456	1100021	7271	23418	1200054	7013	25384	1300019	6748	27348	1400033	6485	29313	1500019	6234	31261	1600009	6019	33194	1700011	5772	35142	1800020	5509	37083	1900017	5260	39023	2000045	5006	40974	2100022	4765	42929	2200022	4529	44886	2300046	4291	46828	2400038	4020	48752	2500025	3786	50701	2600022	3520	52637	2700048	3283	54574	2800010	3072	56494	2900049	2835	58447	3000032	2599	60357	3100049	2361	62298	3200042	2161	64221	3300015	1955	66140	3400040	1764	68070	3500039	1585	
1951	100055	9788	3898	200016	9557	5849	300019	9304	7790	400011	9049	9738	500021	8810	11683	600044	8569	13631	700013	8303	15593	800040	8050	17554	900031	7814	19492	1000016	7597	21446	1100033	7346	23403	1200011	7110	25356	1300013	6847	27317	1400020	6584	29268	1500008	6338	31219	1600043	6093	33176	1700014	5819	35133	1800031	5555	37065	1900049	5286	39003	2000018	5044	40949	2100010	4800	42907	2200018	4543	44868	2300019	4277	46824	2400049	4026	48779	2500033	3799	50734	2600037	3552	52671	2700030	3312	54631	2800056	3071	56538	2900052	2842	58449	3000041	2622	60361	3100024	2405	62288	3200030	2196	64221	3300029	1996	66158	3400011	1769	68097	3500016	1577	
1955	100056	9783	3914	200036	9546	5873	300034	9289	7827	400041	9026	9784	500045	8785	11733	600008	8544	13677	700040	8309	15630	800046	8072	17572	900018	7806	19525	1000010	7550	21476	1100040	7296	23430	1200035	7047	25389	1300026	6792	27310	1400010	6540	29277	1500008	6274	31231	1600042	6025	33177	1700009	5762	35120	1800035	5506	37079	1900041	5219	39035	2000011	4971	41000	2100027	4698	42950	2200029	4447	44905	2300054	4216	46826	2400042	3991	48781	2500015	3729	50732	2600014	3488	52677	2700028	3251	54628	2800029	3028	56552	2900009	2811	58489	3000037	2592	60384	3100029	2375	62294	3200048	2188	64226	3300020	1982	66109	3400059	1804	68022	3500008	1627	
1954	100047	9787	3903	200032	9534	5848	300050	9304	7800	400050	9050	9725	500041	8810	11647	600031	8566	13606	700044	8329	15538	800055	8086	17500	900053	7866	19459	1000038	7619	21406	1100015	7354	23346	1200027	7100	25303	1300026	6847	27258	1400020	6593	29210	1500008	6338	31172	1600055	6085	33113	1700012	5846	35064	1800060	5594	36991	1900052	5349	38939	2000021	5134	40883	2100032	4889	42840	2200053	4651	44799	2300040	4398	46757	2400030	4171	48698	2500019	3936	50645	2600023	3706	52589	2700027	3467	54524	2800043	3234	56473	2900042	3013	58422	3000015	2773	60362	3100019	2519	62304	3200030	2307	64250	3300029	2075	66190	3400057	1870	68117	3500022	1692	
1955	100022	9772	3914	200042	9542	5855	300028	9273	7805	400043	9009	9749	500022	8750	11698	600010	8484	13656	700036	8241	15593	800040	7987	17557	900024	7743	19521	1000040	7494	21477	1100051	7239	23423	1200055	6993	25373	1300048	6759	27330	1400022	6485	29292	1500015	6227	31237	1600017	5942	33191	1700026	5682	35152	1800041	5440	37114	1900050	5171	39079	2000051	4908	41040	2100033	4663	42995	2200010	4409	44951	2300051	4183	46894	2400016	3920	48830	2500010	3687	50783	2600062	3429	52720	2700034	3207	54664	2800010	2983	56616	2900040	2741	58564	3000023	2519	60505	3100010	2269	62439	3200030	2058	64365	3300055	1861	66297	3400050	1681	68224	3500027	1493	
474	100130	50181	954	200169	49929	1431	300166	49700	1912	400242	49453	2392	500057	49209	2863	600155	48973	3336	700089	48750	3806	800136	48540	4279	900077	48316	4757	1000100	48073	5237	1100042	47827	5708	1200113	47592	6186	1300225	47344	6663	1400185	47128	7132	1500154	46884	7608	1600056	46636	8084	1700108	46388	8561	1800208	46163	9038	1900233	45929	9509	2000173	45717	9983	2100202	45476	10462	2200232	45220	10935	2300210	44997	11412	2400158	44771	11887	2500247	44525	12366	2600067	44273	12843	2700087	44037	13320	2800146	43811	13797	2900227	43597	14266	3000108	43354	14745	3100194	43127	15223	3200144	42893	15701	3300072	42657	16178	3400211	42418	16651	3500212	42180	
473	100205	50185	948	200231	49949	1417	300115	49713	1895	400095	49491	2368	500208	49280	2846	600142	49038	3321	700135	48793	3798	800127	48554	4266	900107	48317	4742	1000168	48081	5214	1100207	47835	5695	1200242	47593	6167	1300057	47361	6646	1400250	47115	7119	1500171	46884	7603	1600262	46610	8077	1700053	46379	8551	1800094	46128	9022	1900062	45897	9496	2000100	45654	9971	2100227	45416	10443	2200231	45179	10920	2300081	44939	11395	2400217	44706	11871	2500051	44468	12346	2600223	44243	12817	2700126	44019	13298	2800254	43775	13779	2900057	43534	14257	3000148	43312	14731	3100101	43095	15208	3200061	42870	15684	3300112	42638	16163	3400174	42396	16637	3500143	42163	
478	100191	50191	958	200221	49960	1435	300083	49725	1907	400227	49490	2386	500144	49259	2860	600217	49032	3336	700132	48801	3813	800085	48564	4292	900132	48324	4771	1000204	48098	5250	1100172	47854	5720	1200068	47627	6193	1300207	47383	6669	1400102	47138	7148	1500158	46903	7622	1600242	46652	8096	1700112	46406	8572	1800072	46159	9046	1900189	45925	9521	2000070	45702	10000	2100146	45439	10472	2200072	45206	10946	2300245	44985	11417	2400074	44747	11893	2500135	44519	12371	2600059	44279	12848	2700121	44064	13327	2800073	43846	13801	2900124	43617	14283	3000216	43374	14755	3100092	43135	15230	3200191	42897	15699	3300198	42661	16172	3400075	42414	16653	3500079	42159	
473	100144	50178	951	200149	49929	1422	300222	49726	1900	400154	49512	2377	500040	49270	2851	600208	49035	3325	700076	48788	3801	800066	48567	4275	900056	48310	4750	1000059	48054	5222	1100222	47818	5698	1200221	47575	6177	1300105	47345	6654	1400241	47104	7126	1500057	46864	7601	1600063	46620	8073	1700045	46408	8550	1800116	46170	9027	1900120	45941	9503	2000132	45703	9973	2100176	45474	10447	2200197	45251	10923	2300220	45017	11398	2400052	44788	11878	2500122	44522	12359	2600080	44261	12837	2700108	44035	13314	2800045	43788	13790	2900212	43552	14268	3000229	43312	14746	3100058	43059	15224	3200101	42807	15700	3300238	42575	16172	3400047	42346	16648	3500198	42101	
468	100077	50189	940	200112	49968	1420	300074	49725	1898	400051	49484	2363	500100	49237	2841	600111	49003	3322	700122	48782	3801	800130	48560	4276	900053	48319	4748	1000046	48082	5223	1100052	47856	5703	1200192	47619	6182	1300192	47385	6661	1400096	47130	7133	1500236	46903	7608	1600056	46655	8087	1700252	46429	8565	1800083	46193	9043	1900232	45973	9515	2000045	45739	9995	2100100	45507	10473	2200232	45260	10949	2300164	45026	11423	2400057	44771	11898	2500085	44544	12377	2600072	44290	12852	2700080	44046	13324	2800069	43809	13799	2900083	43570	14273	3000127	43338	14750	3100058	43101	15227	3200045	42857	15705	3300139	42617	16178	3400120	42412	16654	3500223	42167	
