wersja nr 1;wspolczynnik mutacji 0.100000;wielkosc populacji 5
4783	100011	707	9572	200015	386	14410	300009	138	19237	400019	54	24045	500014	44	28811	600021	44	33655	700022	44	38514	800008	44	43364	900003	44	48206	1000003	44	53021	1100007	44	57865	1200009	44	62703	1300015	44	67488	1400016	44	72316	1500012	44	77146	1600004	44	81991	1700011	44	86832	1800024	44	91681	1900003	44	96540	2000006	44	101337	2100014	44	106168	2200021	44	111006	2300016	44	115865	2400013	44	120715	2500025	44	125549	2600019	44	130399	2700007	44	135249	2800003	44	140089	2900021	44	144935	3000024	44	149776	3100008	44	154624	3200003	44	159478	3300025	44	164332	3400016	44	169170	3500003	44	
4800	100018	680	9648	200010	372	14487	300012	176	19320	400015	65	24143	500015	44	28943	600002	44	33758	700019	44	38616	800019	44	43463	900013	44	48260	1000003	44	53083	1100069	44	57914	1200014	44	62720	1300015	44	67506	1400016	44	72320	1500013	44	77106	1600023	44	81937	1700011	44	86774	1800013	44	91619	1900007	44	96465	2000017	44	101313	2100005	44	106122	2200016	44	110959	2300019	44	115798	2400007	44	120642	2500011	44	125494	2600007	44	130328	2700013	44	135161	2800010	44	140013	2900013	44	144863	3000020	44	149691	3100015	44	154524	3200013	44	159365	3300013	44	164199	3400010	44	169006	3500008	44	
4778	100005	697	9601	200018	406	14405	300004	174	19233	400018	51	24091	500013	44	28933	600025	44	33769	700007	44	38598	800008	44	43445	900020	44	48277	1000006	44	53109	1100013	44	57934	1200015	44	62780	1300017	44	67622	1400005	44	72446	1500013	44	77286	1600010	44	82106	1700004	44	86957	1800003	44	91789	1900017	44	96632	2000019	44	101459	2100003	44	106289	2200006	44	111113	2300022	44	115952	2400010	44	120764	2500007	44	125597	2600013	44	130431	2700016	44	135255	2800023	44	140061	2900010	44	144881	3000015	44	149699	3100009	44	154517	3200010	44	159364	3300013	44	164166	3400012	44	168964	3500017	44	
4782	100018	703	9612	200008	389	14423	300003	148	19176	400007	51	23970	500026	44	28792	600010	44	33626	700022	44	38473	800018	44	43281	900006	44	48105	1000007	44	52937	1100018	44	57780	1200007	44	62599	1300019	44	67444	1400003	44	72273	1500020	44	77108	1600003	44	81947	1700015	44	86785	1800010	44	91636	1900009	44	96480	2000019	44	101268	2100020	44	106091	2200009	44	110952	2300008	44	115786	2400019	44	120618	2500016	44	125418	2600010	44	130258	2700021	44	135080	2800021	44	139889	2900012	44	144735	3000023	44	149579	3100017	44	154426	3200005	44	159278	3300005	44	164109	3400013	44	168941	3500004	44	
4797	100020	648	9589	200022	379	14406	300004	149	19241	400012	52	24039	500007	44	28878	600015	44	33714	700019	44	38569	800017	44	43393	900007	44	48213	1000014	44	53041	1100023	44	57876	1200008	44	62693	1300003	44	67541	1400002	44	72340	1500002	44	77195	1600006	44	82016	1700016	44	86842	1800020	44	91666	1900021	44	96479	2000022	44	101317	2100022	44	106160	2200018	44	111006	2300009	44	115854	2400006	44	120717	2500006	44	125559	2600011	44	130383	2700011	44	135205	2800010	44	140041	2900002	44	144886	3000014	44	149724	3100017	44	154541	3200020	44	159376	3300002	44	164237	3400019	44	169088	3500002	44	
4865	100017	688	9796	200018	389	14697	300012	126	19617	400006	46	24516	500015	46	29461	600002	46	34397	700015	46	39311	800008	46	44247	900007	46	49166	1000007	46	54079	1100006	46	59024	1200020	46	63961	1300028	46	68880	1400024	46	73781	1500003	46	78684	1600019	46	83582	1700004	46	88504	1800006	46	93440	1900007	46	98375	2000011	46	103288	2100010	46	108220	2200012	46	113151	2300015	46	118054	2400021	46	122993	2500013	46	127942	2600009	46	132870	2700009	46	137785	2800007	46	142731	2900017	46	147662	3000002	46	152582	3100008	46	157495	3200014	46	162395	3300009	46	167306	3400016	46	172235	3500010	46	
4884	100013	675	9804	200023	377	14737	300010	89	19664	400004	47	24559	500015	46	29455	600012	46	34355	700012	46	39302	800011	46	44229	900002	46	49160	1000011	46	54088	1100004	46	58984	1200004	46	63884	1300007	46	68811	1400020	46	73717	1500002	46	78646	1600019	46	83586	1700017	46	88505	1800025	46	93425	1900019	46	98364	2000008	46	103277	2100004	46	108171	2200013	46	113049	2300019	46	117953	2400010	46	122886	2500016	46	127792	2600010	46	132701	2700014	46	137641	2800009	46	142562	2900013	46	147453	3000018	46	152391	3100009	46	157300	3200009	46	162245	3300010	46	167157	3400013	46	172069	3500005	46	
4891	100005	666	9772	200005	366	14692	300022	104	19604	400011	46	24524	500004	46	29440	600002	46	34387	700013	46	39265	800008	46	44206	900014	46	49152	1000018	46	54074	1100008	46	59004	1200015	46	63926	1300018	46	68856	1400009	46	73778	1500020	46	78703	1600002	46	83634	1700007	46	88552	1800004	46	93488	1900016	46	98400	2000007	46	103315	2100006	46	108239	2200009	46	113163	2300007	46	118086	2400023	46	122999	2500020	46	127939	2600017	46	132874	2700015	46	137775	2800005	46	142687	2900015	46	147612	3000014	46	152539	3100009	46	157451	3200013	46	162391	3300017	46	167310	3400008	46	172216	3500021	46	
4897	100014	681	9805	200012	442	14692	300014	175	19593	400016	49	24539	500018	46	29486	600017	46	34388	700022	46	39329	800013	46	44266	900014	46	49199	1000019	46	54126	1100015	46	59041	1200016	46	63961	1300027	46	68892	1400006	46	73843	1500004	46	78763	1600012	46	83692	1700008	46	88589	1800005	46	93521	1900005	46	98454	2000005	46	103385	2100004	46	108314	2200007	46	113250	2300013	46	118182	2400010	46	123099	2500020	46	128018	2600004	46	132923	2700004	46	137813	2800012	46	142712	2900019	46	147635	3000017	46	152557	3100007	46	157469	3200019	46	162360	3300002	46	167306	3400016	46	172214	3500014	46	
4800	100011	666	9717	200008	352	14624	300021	104	19542	400018	46	24472	500002	46	29402	600003	46	34310	700012	46	39221	800007	46	44123	900009	46	49011	1000018	46	53946	1100006	46	58837	1200023	46	63728	1300002	46	68645	1400003	46	73586	1500017	46	78503	1600020	46	83443	1700013	46	88373	1800019	46	93316	1900020	46	98244	2000005	46	103160	2100016	46	108076	2200004	46	112979	2300015	46	117912	2400005	46	122820	2500013	46	127737	2600007	46	132667	2700014	46	137579	2800003	46	142532	2900016	46	147442	3000012	46	152377	3100010	46	157292	3200013	46	162227	3300022	46	167128	3400015	46	172046	3500019	46	
1956	100014	4745	3915	200044	4278	5873	300026	3827	7822	400028	3406	9767	500009	3010	11701	600058	2636	13637	700059	2309	15555	800041	2040	17473	900010	1790	19389	1000046	1518	21312	1100015	1286	23240	1200042	1072	25167	1300017	857	27098	1400031	705	29014	1500032	551	30950	1600017	416	32871	1700025	327	34779	1800025	268	36694	1900038	232	38607	2000011	212	40524	2100050	200	42438	2200053	200	44338	2300017	200	46217	2400036	200	48098	2500056	200	50010	2600015	200	51908	2700053	200	53817	2800056	200	55727	2900018	200	57641	3000061	200	59536	3100054	200	61449	3200022	200	63363	3300016	200	65278	3400008	200	67177	3500015	200	
1964	100011	4761	3921	200027	4359	5874	300060	3962	7808	400015	3534	9745	500038	3143	11674	600021	2789	13612	700056	2459	15551	800035	2133	17479	900044	1851	19398	1000051	1597	21320	1100017	1354	23246	1200036	1107	25174	1300045	902	27101	1400052	724	29014	1500024	598	30936	1600022	478	32858	1700034	390	34777	1800036	320	36703	1900021	251	38583	2000036	231	40504	2100008	216	42413	2200037	213	44331	2300048	210	46219	2400033	204	48133	2500008	201	50050	2600034	200	51922	2700038	200	53832	2800010	200	55717	2900057	200	57622	3000049	200	59529	3100019	200	61428	3200042	200	63343	3300039	200	65221	3400047	200	67129	3500053	200	
1965	100054	4754	3906	200016	4327	5867	300055	3893	7809	400033	3467	9759	500036	3086	11700	600054	2760	13632	700027	2452	15569	800055	2166	17477	900053	1893	19388	1000056	1635	21301	1100015	1393	23230	1200058	1171	25146	1300053	965	27057	1400038	793	28988	1500040	629	30879	1600030	489	32797	1700026	382	34721	1800023	286	36636	1900016	244	38543	2000059	227	40446	2100020	217	42355	2200058	210	44254	2300021	203	46152	2400051	200	48046	2500062	200	49943	2600013	200	51843	2700014	200	53745	2800020	200	55661	2900044	200	57562	3000033	200	59469	3100020	200	61374	3200027	200	63287	3300026	200	65203	3400023	200	67123	3500031	200	
1950	100030	4760	3908	200052	4332	5840	300015	3945	7784	400030	3528	9719	500026	3137	11645	600020	2775	13570	700038	2460	15486	800036	2171	17349	900032	1908	19253	1000053	1648	21169	1100011	1413	23089	1200033	1201	25015	1300015	995	26936	1400052	812	28850	1500011	652	30760	1600047	506	32669	1700036	405	34585	1800058	328	36487	1900032	283	38398	2000019	249	40309	2100040	228	42211	2200052	214	44098	2300008	204	46012	2400044	200	47925	2500050	200	49811	2600041	200	51717	2700011	200	53630	2800028	200	55538	2900033	200	57455	3000020	200	59343	3100015	200	61253	3200049	200	63145	3300025	200	65041	3400019	200	66929	3500029	200	
1921	100016	4712	3866	200033	4291	5821	300027	3861	7763	400034	3440	9689	500020	3052	11631	600012	2674	13558	700030	2344	15493	800018	2027	17424	900024	1749	19326	1000052	1483	21253	1100033	1234	23170	1200033	1022	25107	1300035	835	27036	1400031	670	28913	1500012	515	30840	1600037	397	32750	1700016	316	34659	1800022	253	36554	1900032	233	38453	2000013	221	40370	2100046	217	42291	2200028	214	44206	2300021	207	46108	2400059	201	47986	2500014	200	49886	2600043	200	51802	2700015	200	53724	2800046	200	55649	2900039	200	57549	3000055	200	59448	3100015	200	61353	3200017	200	63273	3300026	200	65171	3400048	200	67074	3500031	200	
1990	100032	4594	3981	200052	4122	5968	300021	3656	7955	400030	3167	9953	500032	2682	11947	600026	2182	13938	700022	1728	15926	800036	1341	17892	900046	1000	19851	1000012	738	21791	1100012	510	23740	1200056	369	25682	1300041	272	27642	1400008	224	29588	1500016	211	31546	1600023	205	33497	1700037	205	35429	1800056	205	37390	1900042	205	39334	2000042	205	41288	2100011	205	43235	2200048	205	45175	2300052	205	47126	2400052	205	49061	2500037	205	50970	2600041	205	52918	2700056	205	54820	2800034	205	56752	2900027	205	58702	3000033	205	60654	3100010	205	62607	3200046	205	64549	3300017	205	66504	3400043	205	68456	3500036	205	
1990	100013	4606	3978	200056	4168	5949	300012	3725	7939	400027	3266	9918	500039	2802	11895	600029	2372	13881	700051	1935	15869	800037	1495	17841	900047	1147	19778	1000013	854	21735	1100024	603	23686	1200054	438	25622	1300037	327	27562	1400009	276	29508	1500057	239	31452	1600049	215	33399	1700024	208	35346	1800053	205	37297	1900037	205	39254	2000054	205	41201	2100038	205	43151	2200058	205	45088	2300018	205	47033	2400056	205	48972	2500024	205	50913	2600039	205	52858	2700034	205	54801	2800011	205	56751	2900017	205	58662	3000035	205	60607	3100009	205	62502	3200030	205	64438	3300008	205	66384	3400015	205	68324	3500016	205	
1981	100043	4576	3958	200018	4158	5945	300038	3700	7945	400028	3190	9935	500047	2740	11903	600029	2312	13891	700054	1908	15876	800022	1512	17826	900048	1171	19794	1000007	833	21746	1100046	594	23696	1200045	423	25642	1300032	297	27598	1400058	233	29515	1500022	207	31455	1600036	205	33392	1700027	205	35347	1800019	205	37293	1900056	205	39228	2000033	205	41173	2100009	205	43117	2200015	205	45066	2300011	205	46997	2400023	205	48906	2500029	205	50813	2600027	205	52759	2700058	205	54702	2800019	205	56632	2900014	205	58573	3000047	205	60505	3100031	205	62453	3200053	205	64398	3300045	205	66351	3400012	205	68289	3500013	205	
1985	100040	4595	3971	200046	4155	5962	300043	3719	7952	400032	3274	9948	500023	2806	11939	600029	2336	13904	700015	1904	15869	800045	1471	17837	900014	1090	19812	1000047	768	21758	1100020	524	23713	1200056	354	25663	1300045	251	27620	1400028	217	29566	1500054	205	31507	1600010	205	33450	1700012	205	35391	1800051	205	37341	1900050	205	39283	2000039	205	41222	2100050	205	43148	2200052	205	45072	2300007	205	47010	2400057	205	48961	2500050	205	50902	2600014	205	52858	2700010	205	54805	2800024	205	56757	2900029	205	58697	3000051	205	60631	3100042	205	62580	3200052	205	64519	3300051	205	66456	3400034	205	68366	3500029	205	
1966	100017	4558	3950	200047	4120	5932	300059	3647	7913	400012	3188	9886	500060	2731	11874	600048	2271	13852	700019	1833	15808	800017	1422	17787	900033	1084	19743	1000045	786	21678	1100053	543	23615	1200020	372	25568	1300048	267	27528	1400021	221	29493	1500017	207	31445	1600015	205	33402	1700019	205	35363	1800023	205	37309	1900043	205	39256	2000057	205	41191	2100018	205	43134	2200029	205	45075	2300007	205	47028	2400029	205	48974	2500024	205	50932	2600017	205	52869	2700040	205	54818	2800046	205	56769	2900011	205	58706	3000053	205	60628	3100033	205	62578	3200052	205	64525	3300044	205	66455	3400037	205	68404	3500027	205	
485	100076	24890	971	200099	24430	1448	300102	24034	1936	400106	23593	2420	500150	23173	2906	600062	22757	3379	700148	22397	3862	800103	22038	4347	900053	21650	4830	1000221	21261	5311	1100069	20896	5792	1200066	20528	6275	1300169	20145	6745	1400136	19771	7226	1500189	19424	7708	1600055	19074	8180	1700197	18726	8653	1800108	18381	9126	1900151	18048	9604	2000161	17695	10077	2100219	17351	10557	2200107	17004	11033	2300054	16688	11507	2400142	16351	11985	2500055	16009	12465	2600143	15663	12938	2700157	15353	13417	2800177	15028	13889	2900168	14717	14363	3000085	14419	14837	3100066	14116	15302	3200176	13842	15776	3300218	13549	16248	3400175	13250	16718	3500050	12977	
486	100130	24860	966	200110	24476	1450	300063	24065	1934	400166	23658	2418	500246	23288	2902	600093	22888	3388	700187	22510	3867	800191	22146	4351	900248	21775	4834	1000240	21398	5315	1100194	20997	5789	1200054	20626	6271	1300214	20235	6748	1400144	19852	7228	1500057	19469	7705	1600203	19094	8185	1700191	18719	8661	1800070	18353	9140	1900179	17991	9613	2000161	17631	10093	2100134	17289	10573	2200149	16948	11049	2300126	16626	11528	2400079	16297	12001	2500104	15954	12477	2600090	15637	12951	2700184	15326	13428	2800173	15001	13901	2900134	14679	14370	3000062	14374	14846	3100139	14056	15318	3200167	13755	15793	3300263	13451	16258	3400245	13176	16726	3500176	12881	
484	100204	24861	969	200066	24413	1451	300045	23984	1933	400219	23589	2415	500169	23218	2897	600145	22835	3382	700235	22449	3859	800092	22061	4338	900157	21688	4819	1000240	21314	5298	1100051	20926	5779	1200095	20541	6259	1300197	20172	6738	1400236	19787	7215	1500067	19412	7691	1600085	19024	8166	1700143	18668	8646	1800197	18300	9127	1900067	17931	9607	2000214	17579	10081	2100137	17229	10555	2200223	16889	11030	2300154	16537	11504	2400167	16217	11978	2500078	15893	12454	2600210	15571	12929	2700166	15232	13403	2800145	14936	13877	2900139	14629	14353	3000230	14303	14826	3100125	13995	15296	3200124	13675	15770	3300138	13372	16243	3400255	13082	16712	3500109	12778	
485	100153	24897	965	200203	24492	1451	300141	24096	1935	400196	23691	2420	500123	23284	2901	600169	22879	3381	700171	22488	3861	800142	22106	4337	900067	21725	4818	1000094	21328	5296	1100190	20949	5780	1200126	20550	6262	1300220	20153	6740	1400117	19794	7219	1500206	19428	7696	1600210	19074	8170	1700043	18744	8648	1800193	18388	9125	1900145	18044	9601	2000246	17696	10078	2100191	17364	10554	2200184	17025	11033	2300097	16683	11510	2400138	16327	11981	2500106	15986	12457	2600118	15653	12936	2700129	15308	13410	2800131	14968	13884	2900084	14651	14355	3000051	14314	14831	3100219	13978	15303	3200216	13668	15780	3300045	13327	16259	3400250	13015	16731	3500151	12715	
480	100223	24836	962	200213	24442	1443	300152	24039	1930	400110	23614	2410	500200	23210	2885	600128	22834	3361	700182	22430	3840	800108	22049	4322	900152	21646	4799	1000212	21292	5280	1100236	20919	5758	1200133	20531	6238	1300133	20127	6721	1400115	19748	7203	1500104	19361	7679	1600074	18997	8156	1700120	18647	8640	1800226	18295	9120	1900135	17955	9597	2000089	17609	10076	2100137	17247	10556	2200144	16866	11033	2300112	16521	11512	2400101	16187	11990	2500254	15847	12468	2600229	15483	12941	2700055	15156	13414	2800214	14849	13891	2900166	14531	14360	3000226	14211	14830	3100072	13906	15307	3200238	13588	15776	3300247	13299	16249	3400165	13011	16720	3500195	12729	
493	100200	24781	990	200136	24342	1484	300065	23949	1980	400108	23507	2476	500118	23054	2967	600058	22651	3454	700132	22293	3950	800190	21890	4443	900221	21482	4933	1000239	21036	5426	1100199	20628	5921	1200164	20189	6410	1300091	19762	6908	1400147	19331	7401	1500065	18933	7895	1600074	18528	8394	1700112	18112	8885	1800120	17711	9380	1900099	17325	9869	2000053	16884	10363	2100139	16440	10852	2200057	16030	11347	2300208	15645	11836	2400147	15229	12328	2500054	14821	12818	2600071	14430	13310	2700123	14031	13798	2800166	13623	14288	2900238	13204	14780	3000042	12783	15272	3100139	12410	15764	3200112	12027	16256	3300145	11634	16753	3400074	11219	17245	3500149	10825	
488	100189	24777	981	200227	24385	1472	300115	23976	1959	400117	23552	2448	500167	23177	2943	600067	22750	3434	700218	22340	3923	800158	21959	4414	900108	21566	4912	1000123	21165	5410	1100116	20745	5907	1200107	20337	6403	1300133	19933	6896	1400161	19519	7391	1500051	19086	7882	1600098	18645	8373	1700097	18238	8865	1800111	17827	9360	1900121	17421	9846	2000045	17015	10335	2100217	16646	10825	2200051	16249	11318	2300151	15887	11809	2400127	15501	12298	2500160	15103	12790	2600125	14696	13282	2700196	14292	13777	2800230	13863	14265	2900239	13449	14757	3000083	13087	15251	3100073	12668	15741	3200088	12295	16231	3300204	11920	16719	3400185	11533	17207	3500163	11158	
495	100115	24783	993	200116	24352	1493	300143	23941	1986	400208	23535	2478	500073	23149	2971	600077	22763	3466	700130	22384	3959	800167	21980	4451	900222	21580	4944	1000065	21158	5439	1100121	20742	5936	1200213	20293	6433	1300223	19892	6926	1400051	19463	7419	1500222	19046	7911	1600230	18652	8400	1700081	18223	8892	1800230	17815	9389	1900197	17392	9883	2000168	16956	10378	2100085	16544	10874	2200119	16116	11365	2300045	15717	11859	2400058	15305	12356	2500195	14905	12846	2600256	14513	13339	2700052	14094	13827	2800042	13698	14323	2900088	13305	14816	3000224	12914	15310	3100205	12526	15796	3200204	12125	16285	3300046	11725	16780	3400170	11333	17261	3500072	10954	
493	100238	24793	989	200188	24401	1481	300098	24010	1974	400055	23621	2473	500187	23197	2966	600171	22806	3458	700185	22390	3952	800160	22012	4450	900080	21609	4944	1000109	21173	5440	1100187	20757	5930	1200124	20327	6421	1300150	19922	6911	1400133	19530	7405	1500091	19118	7896	1600118	18714	8386	1700197	18327	8882	1800159	17917	9377	1900145	17517	9864	2000232	17132	10354	2100079	16748	10847	2200096	16312	11344	2300225	15902	11838	2400151	15470	12335	2500201	15051	12819	2600143	14659	13307	2700218	14260	13798	2800170	13873	14290	2900042	13453	14783	3000103	13032	15279	3100129	12623	15767	3200087	12207	16265	3300066	11806	16758	3400103	11405	17252	3500132	11043	
489	100256	24758	978	200081	24368	1472	300144	23956	1960	400219	23542	2452	500197	23125	2944	600049	22727	3434	700213	22327	3928	800150	21920	4419	900182	21517	4911	1000124	21108	5402	1100073	20716	5890	1200110	20304	6384	1300197	19891	6873	1400212	19470	7363	1500154	19045	7855	1600093	18621	8350	1700067	18242	8845	1800156	17822	9341	1900218	17441	9835	2000075	17020	10330	2100229	16571	10817	2200071	16156	11315	2300249	15707	11803	2400188	15289	12298	2500249	14849	12784	2600208	14462	13273	2700115	14059	13768	2800052	13651	14258	2900214	13247	14746	3000199	12839	15237	3100210	12451	15727	3200099	12075	16215	3300163	11708	16704	3400242	11315	17198	3500211	10907	
5495	100006	47	10984	200013	47	16490	300010	47	22012	400002	47	27524	500018	47	33049	600016	47	38560	700016	47	44026	800014	47	49535	900006	47	55040	1000010	47	60530	1100007	47	66029	1200018	47	71515	1300018	47	77010	1400021	47	82511	1500006	47	87995	1600006	47	93512	1700017	47	99028	1800008	47	104528	1900014	47	110029	2000007	47	115496	2100018	47	120961	2200017	47	126442	2300002	47	131926	2400003	47	137435	2500007	47	142950	2600016	47	148427	2700007	47	153926	2800012	47	159436	2900013	47	164934	3000014	47	170430	3100012	47	175919	3200014	47	181425	3300016	47	186933	3400007	47	192435	3500004	47	
5507	100023	47	10954	200009	47	16452	300002	47	21943	400011	47	27450	500018	47	32958	600014	47	38472	700017	47	43944	800003	47	49451	900018	47	54967	1000022	47	60469	1100003	47	65981	1200002	47	71494	1300015	47	77016	1400001	47	82533	1500005	47	88030	1600011	47	93542	1700016	47	99064	1800010	47	104603	1900022	47	110108	2000010	47	115631	2100018	47	121130	2200014	47	126612	2300020	47	132129	2400018	47	137646	2500016	47	143161	2600010	47	148671	2700014	47	154175	2800012	47	159680	2900002	47	165187	3000005	47	170704	3100018	47	176217	3200015	47	181714	3300009	47	187224	3400015	47	192733	3500007	47	
5510	100017	47	11019	200014	47	16514	300001	47	22017	400002	47	27470	500012	47	32983	600006	47	38486	700010	47	43978	800006	47	49484	900011	47	54999	1000014	47	60504	1100008	47	66022	1200008	47	71509	1300015	47	77030	1400009	47	82527	1500007	47	88039	1600018	47	93569	1700009	47	99081	1800002	47	104598	1900017	47	110104	2000005	47	115609	2100006	47	121132	2200012	47	126642	2300017	47	132167	2400001	47	137691	2500011	47	143214	2600004	47	148723	2700012	47	154214	2800015	47	159718	2900015	47	165231	3000012	47	170733	3100014	47	176241	3200017	47	181743	3300002	47	187264	3400018	47	192763	3500018	47	
5507	100019	47	11006	200006	47	16470	300004	47	21967	400003	47	27480	500011	47	33001	600001	47	38523	700010	47	44040	800004	47	49586	900007	47	55105	1000010	47	60606	1100012	47	66094	1200003	47	71576	1300013	47	77090	1400012	47	82593	1500013	47	88097	1600014	47	93612	1700005	47	99139	1800012	47	104655	1900015	47	110174	2000011	47	115669	2100016	47	121154	2200017	47	126667	2300014	47	132187	2400008	47	137700	2500012	47	143193	2600003	47	148665	2700013	47	154169	2800015	47	159717	2900002	47	165258	3000018	47	170790	3100014	47	176297	3200012	47	181820	3300005	47	187329	3400004	47	192816	3500009	47	
5468	100014	47	10981	200002	47	16488	300015	47	21996	400006	47	27512	500007	47	33019	600013	47	38477	700015	47	43986	800010	47	49486	900002	47	55002	1000010	47	60512	1100001	47	66019	1200007	47	71524	1300015	47	77050	1400008	47	82576	1500007	47	88084	1600016	47	93605	1700013	47	99134	1800002	47	104626	1900011	47	110154	2000015	47	115661	2100017	47	121186	2200012	47	126689	2300001	47	132196	2400015	47	137748	2500014	47	143261	2600004	47	148783	2700015	47	154307	2800007	47	159792	2900015	47	165319	3000009	47	170822	3100013	47	176338	3200003	47	181856	3300017	47	187341	3400009	47	192849	3500011	47	
5817	100002	53	11636	200002	53	17411	300016	53	23209	400013	53	29025	500004	53	34764	600007	53	40568	700014	53	46369	800012	53	52180	900012	53	57997	1000017	53	63781	1100016	53	69581	1200015	53	75390	1300005	53	81192	1400014	53	87024	1500005	53	92822	1600008	53	98631	1700012	53	104434	1800012	53	110226	1900012	53	116020	2000013	53	121831	2100003	53	127650	2200011	53	133471	2300011	53	139286	2400011	53	145068	2500008	53	150872	2600016	53	156681	2700010	53	162479	2800012	53	168253	2900005	53	174018	3000013	53	179822	3100004	53	185615	3200015	53	191430	3300003	53	197244	3400013	53	203060	3500004	53	
5809	100014	53	11611	200009	53	17397	300013	53	23205	400008	53	29038	500006	53	34826	600011	53	40639	700014	53	46426	800002	53	52251	900005	53	58081	1000005	53	63869	1100013	53	69695	1200010	53	75480	1300003	53	81275	1400007	53	87080	1500008	53	92873	1600018	53	98679	1700016	53	104507	1800011	53	110324	1900008	53	116128	2000011	53	121956	2100013	53	127754	2200016	53	133582	2300016	53	139376	2400011	53	145185	2500004	53	151009	2600021	53	156823	2700016	53	162649	2800006	53	168417	2900005	53	174173	3000007	53	179923	3100004	53	185718	3200014	53	191531	3300007	53	197278	3400001	53	203045	3500004	53	
5810	100005	53	11632	200004	53	17413	300015	53	23206	400007	53	29027	500005	53	34849	600017	53	40612	700009	53	46403	800004	53	52209	900019	53	58018	1000016	53	63827	1100012	53	69622	1200011	53	75442	1300003	53	81236	1400014	53	87056	1500016	53	92869	1600006	53	98690	1700005	53	104502	1800008	53	110329	1900013	53	116104	2000001	53	121899	2100008	53	127713	2200018	53	133556	2300010	53	139361	2400010	53	145156	2500005	53	150968	2600002	53	156764	2700013	53	162561	2800014	53	168334	2900007	53	174129	3000020	53	179944	3100014	53	185731	3200014	53	191516	3300009	53	197289	3400007	53	203063	3500005	53	
5759	100012	53	11552	200013	53	17362	300006	53	23139	400008	53	28939	500015	53	34729	600006	53	40508	700002	53	46313	800018	53	52137	900008	53	57967	1000012	53	63770	1100016	53	69561	1200011	53	75362	1300023	53	81157	1400008	53	86942	1500011	53	92718	1600016	53	98515	1700009	53	104345	1800010	53	110013	1900002	53	115661	2000004	53	121466	2100013	53	127301	2200013	53	133125	2300006	53	138947	2400004	53	144765	2500016	53	150553	2600008	53	156375	2700011	53	162217	2800008	53	168048	2900007	53	173856	3000010	53	179682	3100001	53	185486	3200013	53	191322	3300012	53	197142	3400009	53	202952	3500006	53	
5712	100009	53	11516	200016	53	17337	300011	53	23137	400012	53	28964	500002	53	34763	600005	53	40574	700022	53	46394	800014	53	52202	900004	53	58001	1000014	53	63811	1100020	53	69617	1200017	53	75441	1300014	53	81240	1400015	53	87067	1500009	53	92838	1600004	53	98660	1700008	53	104482	1800011	53	110322	1900015	53	116155	2000007	53	121953	2100006	53	127759	2200005	53	133560	2300006	53	139374	2400018	53	145199	2500002	53	150979	2600002	53	156793	2700004	53	162632	2800001	53	168471	2900012	53	174296	3000007	53	180080	3100008	53	185903	3200017	53	191705	3300010	53	197509	3400002	53	203302	3500010	53	
2071	100038	208	4145	200057	192	6201	300042	191	8284	400035	191	10360	500017	191	12441	600058	191	14520	700047	191	16589	800021	191	18681	900046	191	20770	1000017	191	22854	1100016	191	24945	1200034	191	27017	1300013	191	29092	1400026	191	31150	1500014	191	33237	1600007	191	35328	1700035	191	37413	1800051	191	39491	1900018	191	41572	2000036	191	43637	2100030	191	45705	2200028	191	47796	2300023	191	49838	2400039	191	51913	2500015	191	53975	2600031	191	56054	2700020	191	58129	2800011	191	60199	2900013	191	62283	3000017	191	64332	3100023	191	66412	3200040	191	68490	3300044	191	70558	3400019	191	72635	3500019	191	
2089	100049	204	4157	200011	191	6219	300043	191	8304	400031	191	10376	500044	191	12441	600015	191	14526	700035	191	16596	800043	191	18639	900050	191	20711	1000037	191	22782	1100007	191	24848	1200007	191	26910	1300018	191	28995	1400022	191	31076	1500020	191	33145	1600023	191	35224	1700026	191	37297	1800049	191	39374	1900034	191	41418	2000019	191	43502	2100027	191	45575	2200032	191	47620	2300034	191	49687	2400023	191	51751	2500022	191	53830	2600006	191	55853	2700031	191	57927	2800032	191	60009	2900007	191	62093	3000032	191	64177	3100018	191	66265	3200027	191	68334	3300018	191	70410	3400025	191	72493	3500043	191	
2086	100043	198	4169	200037	191	6217	300049	191	8293	400009	191	10371	500035	191	12446	600018	191	14518	700036	191	16563	800008	191	18648	900030	191	20725	1000050	191	22780	1100039	191	24867	1200009	191	26960	1300035	191	29051	1400047	191	31135	1500037	191	33213	1600018	191	35276	1700034	191	37360	1800026	191	39399	1900010	191	41465	2000052	191	43518	2100047	191	45598	2200041	191	47662	2300018	191	49749	2400014	191	51801	2500048	191	53892	2600020	191	55970	2700012	191	58047	2800042	191	60134	2900040	191	62191	3000031	191	64231	3100014	191	66305	3200032	191	68382	3300035	191	70470	3400051	191	72546	3500010	191	
2086	100019	197	4158	200046	191	6250	300021	191	8336	400033	191	10411	500010	191	12460	600041	191	14534	700047	191	16609	800041	191	18682	900019	191	20758	1000019	191	22832	1100042	191	24921	1200025	191	26990	1300010	191	29075	1400035	191	31158	1500007	191	33236	1600006	191	35323	1700049	191	37408	1800046	191	39488	1900041	191	41570	2000050	191	43657	2100014	191	45737	2200012	191	47815	2300052	191	49900	2400019	191	51973	2500014	191	54027	2600047	191	56101	2700046	191	58191	2800042	191	60268	2900050	191	62346	3000041	191	64434	3100031	191	66490	3200021	191	68568	3300050	191	70651	3400050	191	72719	3500048	191	
2043	100010	199	4113	200012	191	6194	300035	191	8251	400017	191	10335	500029	191	12416	600052	191	14494	700018	191	16580	800021	191	18659	900044	191	20739	1000037	191	22778	1100017	191	24860	1200028	191	26937	1300021	191	28980	1400019	191	31056	1500034	191	33121	1600018	191	35179	1700034	191	37244	1800049	191	39315	1900037	191	41384	2000018	191	43461	2100054	191	45546	2200049	191	47626	2300051	191	49706	2400049	191	51782	2500027	191	53857	2600018	191	55949	2700033	191	58030	2800019	191	60109	2900032	191	62190	3000037	191	64265	3100026	191	66350	3200017	191	68419	3300032	191	70494	3400033	191	72576	3500010	191	
2226	100022	202	4448	200038	194	6685	300013	194	8914	400036	194	11155	500013	194	13394	600023	194	15624	700030	194	17816	800010	194	20050	900037	194	22270	1000051	194	24485	1100029	194	26713	1200006	194	28950	1300013	194	31174	1400051	194	33402	1500016	194	35631	1600019	194	37862	1700020	194	40079	1800047	194	42314	1900034	194	44545	2000032	194	46764	2100006	194	48974	2200028	194	51201	2300045	194	53419	2400012	194	55645	2500008	194	57832	2600043	194	60047	2700051	194	62264	2800009	194	64492	2900046	194	66708	3000039	194	68942	3100024	194	71165	3200040	194	73382	3300052	194	75568	3400008	194	77768	3500047	194	
2219	100012	204	4425	200031	194	6652	300033	194	8869	400028	194	11085	500041	194	13304	600019	194	15529	700007	194	17757	800032	194	20001	900042	194	22229	1000037	194	24432	1100049	194	26662	1200021	194	28883	1300014	194	31100	1400027	194	33317	1500048	194	35530	1600030	194	37759	1700025	194	39983	1800025	194	42216	1900024	194	44435	2000021	194	46663	2100010	194	48897	2200038	194	51134	2300025	194	53356	2400028	194	55571	2500019	194	57804	2600019	194	60020	2700039	194	62238	2800007	194	64462	2900035	194	66676	3000039	194	68883	3100016	194	71102	3200044	194	73301	3300038	194	75527	3400024	194	77750	3500011	194	
2214	100028	198	4433	200041	194	6653	300022	194	8881	400033	194	11102	500046	194	13284	600039	194	15502	700043	194	17737	800049	194	19973	900008	194	22156	1000016	194	24363	1100025	194	26584	1200015	194	28810	1300047	194	31055	1400018	194	33272	1500022	194	35501	1600043	194	37720	1700007	194	39963	1800014	194	42189	1900023	194	44379	2000022	194	46610	2100032	194	48811	2200045	194	51039	2300014	194	53272	2400006	194	55500	2500029	194	57729	2600035	194	59958	2700021	194	62189	2800013	194	64430	2900046	194	66657	3000044	194	68886	3100043	194	71098	3200012	194	73323	3300019	194	75556	3400046	194	77776	3500032	194	
2233	100021	204	4465	200038	194	6690	300052	194	8929	400028	194	11149	500026	194	13381	600041	194	15606	700014	194	17835	800017	194	20067	900040	194	22300	1000006	194	24534	1100035	194	26741	1200007	194	28979	1300027	194	31208	1400026	194	33440	1500012	194	35666	1600006	194	37893	1700016	194	40104	1800021	194	42313	1900015	194	44538	2000051	194	46728	2100021	194	48956	2200031	194	51188	2300015	194	53405	2400009	194	55630	2500012	194	57847	2600034	194	60046	2700031	194	62265	2800017	194	64480	2900021	194	66705	3000019	194	68927	3100013	194	71147	3200016	194	73385	3300029	194	75611	3400020	194	77818	3500026	194	
2218	100027	201	4445	200045	194	6666	300025	194	8903	400019	194	11131	500038	194	13308	600007	194	15527	700051	194	17758	800039	194	19992	900049	194	22201	1000024	194	24419	1100024	194	26650	1200033	194	28877	1300046	194	31065	1400032	194	33303	1500025	194	35532	1600027	194	37737	1700017	194	39956	1800013	194	42183	1900036	194	44420	2000014	194	46625	2100023	194	48859	2200021	194	51077	2300046	194	53306	2400036	194	55532	2500041	194	57762	2600032	194	59983	2700047	194	62221	2800015	194	64453	2900017	194	66665	3000007	194	68883	3100007	194	71120	3200047	194	73342	3300014	194	75575	3400047	194	77793	3500023	194	
552	100171	1556	1103	200096	1356	1638	300072	1225	2176	400146	1124	2716	500179	1048	3255	600118	1005	3792	700202	984	4317	800049	971	4854	900039	969	5391	1000053	967	5924	1100186	965	6460	1200144	965	6994	1300104	965	7530	1400205	965	8066	1500118	965	8598	1600099	965	9137	1700198	965	9672	1800170	965	10202	1900152	965	10733	2000204	965	11263	2100140	965	11800	2200060	965	12339	2300165	965	12872	2400128	965	13407	2500118	965	13945	2600172	965	14480	2700201	965	15016	2800173	965	15546	2900036	965	16081	3000034	965	16620	3100034	965	17160	3200179	965	17693	3300193	965	18226	3400051	965	18760	3500053	965	
554	100122	1555	1101	200166	1383	1646	300152	1210	2191	400107	1095	2728	500094	1027	3266	600112	993	3804	700151	975	4343	800114	968	4879	900066	966	5410	1000146	965	5942	1100122	965	6480	1200148	965	7007	1300067	965	7542	1400187	965	8070	1500067	965	8608	1600187	965	9145	1700145	965	9673	1800141	965	10199	1900035	965	10734	2000090	965	11270	2100166	965	11808	2200136	965	12339	2300097	965	12874	2400107	965	13405	2500163	965	13940	2600091	965	14480	2700074	965	15016	2800103	965	15551	2900171	965	16087	3000101	965	16627	3100127	965	17155	3200172	965	17685	3300047	965	18213	3400191	965	18744	3500138	965	
550	100154	1561	1096	200164	1356	1641	300088	1197	2178	400153	1100	2716	500176	1040	3252	600140	991	3789	700161	975	4316	800100	970	4853	900035	968	5386	1000049	967	5922	1100074	966	6461	1200038	965	6991	1300056	965	7522	1400172	965	8058	1500197	965	8590	1600122	965	9131	1700183	965	9665	1800052	965	10198	1900062	965	10736	2000137	965	11270	2100067	965	11808	2200206	965	12340	2300116	965	12872	2400207	965	13410	2500169	965	13947	2600124	965	14480	2700130	965	15014	2800074	965	15550	2900188	965	16088	3000100	965	16621	3100045	965	17160	3200130	965	17692	3300109	965	18229	3400138	965	18761	3500200	965	
545	100039	1586	1097	200202	1369	1638	300042	1215	2181	400110	1103	2724	500142	1035	3265	600074	990	3803	700215	974	4337	800141	966	4871	900169	965	5408	1000119	965	5942	1100150	965	6480	1200109	965	7019	1300111	965	7555	1400170	965	8077	1500059	965	8614	1600065	965	9154	1700191	965	9690	1800059	965	10226	1900100	965	10761	2000145	965	11298	2100173	965	11832	2200199	965	12365	2300055	965	12902	2400132	965	13437	2500203	965	13971	2600088	965	14507	2700053	965	15047	2800127	965	15587	2900116	965	16124	3000136	965	16661	3100033	965	17202	3200166	965	17733	3300163	965	18271	3400211	965	18806	3500149	965	
545	100198	1527	1092	200082	1335	1637	300093	1185	2177	400199	1089	2716	500054	1028	3251	600049	989	3781	700072	973	4310	800183	971	4849	900090	966	5383	1000111	966	5921	1100225	965	6457	1200124	965	6996	1300088	965	7531	1400089	965	8066	1500212	965	8603	1600162	965	9134	1700140	965	9649	1800199	965	10169	1900123	965	10702	2000155	965	11235	2100046	965	11771	2200095	965	12309	2300133	965	12836	2400061	965	13375	2500126	965	13907	2600096	965	14440	2700086	965	14973	2800124	965	15507	2900101	965	16046	3000189	965	16578	3100075	965	17115	3200198	965	17651	3300111	965	18190	3400060	965	18716	3500220	965	
601	100129	1444	1196	200054	1227	1784	300064	1090	2371	400097	1001	2959	500105	965	3544	600160	947	4113	700126	939	4685	800058	934	5265	900137	933	5839	1000142	932	6420	1100099	932	7001	1200080	932	7582	1300168	932	8164	1400052	932	8751	1500111	932	9325	1600169	932	9899	1700089	932	10481	1800066	932	11054	1900094	932	11625	2000092	932	12202	2100100	932	12783	2200192	932	13359	2300055	932	13938	2400133	932	14518	2500145	932	15089	2600188	932	15669	2700075	932	16250	2800155	932	16834	2900106	932	17413	3000084	932	17993	3100184	932	18572	3200062	932	19151	3300127	932	19728	3400076	932	20308	3500105	932	
605	100142	1501	1200	200047	1275	1795	300078	1108	2388	400172	1014	2973	500139	977	3548	600186	954	4128	700174	945	4711	800152	938	5291	900062	933	5864	1000092	932	6444	1100060	932	7023	1200186	932	7606	1300049	932	8189	1400091	932	8762	1500151	932	9337	1600073	932	9920	1700079	932	10503	1800085	932	11085	1900056	932	11670	2000067	932	12253	2100195	932	12832	2200041	932	13417	2300062	932	13988	2400184	932	14561	2500035	932	15134	2600128	932	15714	2700203	932	16288	2800095	932	16871	2900208	932	17425	3000204	932	17991	3100202	932	18563	3200046	932	19139	3300114	932	19721	3400141	932	20300	3500091	932	
596	100189	1475	1189	200182	1270	1776	300130	1115	2361	400120	1036	2946	500179	970	3527	600078	954	4113	700094	951	4697	800187	942	5275	900132	939	5856	1000145	933	6433	1100074	933	7008	1200112	933	7582	1300184	932	8163	1400173	932	8747	1500176	932	9326	1600105	932	9910	1700163	932	10483	1800087	932	11054	1900113	932	11630	2000098	932	12210	2100160	932	12791	2200110	932	13373	2300097	932	13954	2400181	932	14531	2500144	932	15114	2600131	932	15694	2700143	932	16273	2800084	932	16850	2900148	932	17425	3000194	932	18004	3100159	932	18585	3200083	932	19160	3300082	932	19741	3400150	932	20324	3500188	932	
594	100062	1502	1192	200167	1288	1782	300079	1120	2352	400050	1016	2939	500164	957	3523	600155	938	4105	700062	932	4690	800172	932	5271	900089	932	5856	1000192	932	6439	1100136	932	7026	1200113	932	7601	1300042	932	8186	1400191	932	8767	1500137	932	9347	1600188	932	9925	1700191	932	10508	1800124	932	11087	1900165	932	11661	2000096	932	12244	2100085	932	12828	2200148	932	13413	2300032	932	13983	2400050	932	14564	2500076	932	15147	2600095	932	15733	2700193	932	16314	2800130	932	16888	2900049	932	17466	3000146	932	18050	3100074	932	18634	3200071	932	19219	3300050	932	19800	3400181	932	20378	3500145	932	
598	100171	1442	1188	200125	1234	1782	300060	1105	2366	400151	1010	2947	500186	966	3529	600096	950	4107	700074	940	4687	800211	934	5252	900153	932	5826	1000136	932	6407	1100119	932	6994	1200199	932	7577	1300148	932	8158	1400162	932	8741	1500089	932	9316	1600031	932	9894	1700165	932	10470	1800136	932	11049	1900090	932	11625	2000113	932	12207	2100142	932	12790	2200112	932	13373	2300189	932	13956	2400039	932	14538	2500037	932	15115	2600081	932	15685	2700080	932	16270	2800110	932	16845	2900134	932	17423	3000157	932	17997	3100193	932	18567	3200166	932	19144	3300104	932	19726	3400103	932	20304	3500159	932	
5046	100020	1422	10041	200012	689	15123	300020	373	20177	400006	135	25243	500014	51	30321	600009	50	35413	700017	50	40493	800024	50	45532	900010	50	50588	1000001	50	55664	1100003	50	60731	1200019	50	65813	1300019	50	70887	1400003	50	75969	1500014	50	81029	1600006	50	86108	1700004	50	91174	1800017	50	96254	1900015	50	101321	2000015	50	106402	2100006	50	111473	2200010	50	116543	2300018	50	121611	2400010	50	126686	2500022	50	131744	2600004	50	136776	2700010	50	141808	2800011	50	146849	2900006	50	151910	3000019	50	156986	3100021	50	162036	3200012	50	167119	3300002	50	172192	3400010	50	177270	3500017	50	
5051	100002	1355	10067	200019	671	15092	300007	357	20156	400017	125	25182	500007	58	30235	600006	50	35319	700012	50	40408	800012	50	45485	900014	50	50555	1000017	50	55620	1100002	50	60711	1200004	50	65766	1300007	50	70826	1400016	50	75904	1500004	50	80983	1600014	50	86020	1700004	50	91078	1800009	50	96115	1900017	50	101162	2000008	50	106219	2100008	50	111273	2200003	50	116346	2300010	50	121378	2400013	50	126430	2500011	50	131473	2600005	50	136535	2700007	50	141564	2800013	50	146624	2900018	50	151686	3000005	50	156747	3100017	50	161800	3200019	50	166847	3300005	50	171927	3400016	50	176992	3500011	50	
5067	100017	1313	10076	200015	653	15160	300013	335	20235	400006	95	25317	500001	50	30379	600011	50	35455	700009	50	40519	800014	50	45575	900006	50	50620	1000015	50	55686	1100016	50	60745	1200013	50	65809	1300006	50	70888	1400009	50	75923	1500004	50	80976	1600018	50	86053	1700014	50	91091	1800016	50	96133	1900017	50	101129	2000006	50	106202	2100007	50	111264	2200016	50	116359	2300012	50	121446	2400012	50	126542	2500011	50	131627	2600013	50	136679	2700016	50	141764	2800007	50	146847	2900013	50	151926	3000009	50	156965	3100009	50	162016	3200011	50	167099	3300010	50	172185	3400002	50	177242	3500008	50	
5057	100020	1319	10076	200002	682	15152	300012	359	20197	400009	82	25237	500016	50	30298	600018	50	35352	700004	50	40425	800010	50	45503	900023	50	50575	1000010	50	55645	1100009	50	60708	1200006	50	65799	1300014	50	70872	1400004	50	75931	1500007	50	80998	1600006	50	86067	1700003	50	91142	1800015	50	96208	1900005	50	101287	2000007	50	106360	2100017	50	111433	2200002	50	116516	2300008	50	121601	2400005	50	126670	2500001	50	131749	2600010	50	136802	2700005	50	141866	2800020	50	146920	2900016	50	151979	3000011	50	157058	3100014	50	162130	3200003	50	167204	3300011	50	172272	3400011	50	177356	3500019	50	
5051	100014	1265	10066	200012	607	15149	300013	314	20242	400018	81	25339	500013	50	30394	600004	50	35460	700002	50	40544	800011	50	45611	900018	50	50662	1000012	50	55715	1100003	50	60766	1200016	50	65832	1300005	50	70894	1400006	50	75955	1500017	50	81033	1600008	50	86069	1700020	50	91146	1800012	50	96190	1900002	50	101253	2000010	50	106321	2100004	50	111341	2200007	50	116406	2300013	50	121453	2400002	50	126514	2500020	50	131574	2600020	50	136642	2700019	50	141678	2800014	50	146733	2900018	50	151800	3000011	50	156825	3100017	50	161870	3200008	50	166924	3300007	50	171990	3400003	50	177070	3500019	50	
1978	100042	9578	3947	200034	9086	5929	300057	8602	7910	400032	8132	9886	500048	7639	11856	600041	7143	13839	700039	6664	15809	800018	6229	17780	900025	5799	19735	1000013	5352	21700	1100011	4927	23664	1200015	4448	25634	1300009	3993	27608	1400055	3545	29557	1500026	3087	31522	1600051	2678	33481	1700036	2249	35425	1800015	1892	37352	1900040	1530	39285	2000049	1230	41230	2100052	967	43160	2200022	761	45106	2300023	598	47052	2400013	466	48991	2500047	360	50908	2600012	298	52839	2700027	259	54755	2800008	221	56667	2900049	206	58589	3000046	204	60520	3100056	204	62444	3200035	204	64362	3300026	204	66277	3400022	204	68202	3500050	204	
1958	100009	9588	3923	200038	9150	5900	300023	8708	7884	400036	8231	9860	500035	7797	11826	600047	7357	13784	700035	6884	15758	800045	6392	17730	900022	5980	19705	1000035	5551	21668	1100015	5113	23650	1200035	4654	25627	1300009	4207	27604	1400011	3748	29570	1500008	3304	31540	1600052	2854	33499	1700012	2425	35453	1800016	2009	37409	1900013	1623	39334	2000036	1300	41235	2100033	1005	43174	2200038	768	45093	2300029	576	47008	2400042	454	48936	2500046	346	50867	2600018	280	52775	2700011	235	54696	2800019	206	56618	2900029	204	58537	3000043	204	60465	3100054	204	62357	3200048	204	64274	3300031	204	66177	3400055	204	68098	3500029	204	
1976	100025	9583	3960	200047	9134	5935	300011	8663	7895	400054	8167	9869	500026	7703	11853	600052	7270	13815	700025	6829	15781	800017	6374	17759	900041	5915	19743	1000032	5463	21705	1100034	4988	23681	1200029	4526	25650	1300008	4051	27608	1400018	3590	29574	1500014	3147	31547	1600016	2720	33515	1700041	2305	35466	1800015	1940	37406	1900038	1615	39337	2000016	1332	41269	2100020	1070	43205	2200042	843	45131	2300037	658	47064	2400052	514	48995	2500049	410	50922	2600014	329	52837	2700036	293	54746	2800033	243	56659	2900041	217	58581	3000013	205	60507	3100019	204	62421	3200035	204	64348	3300019	204	66264	3400054	204	68184	3500019	204	
1976	100053	9590	3937	200040	9150	5909	300012	8719	7889	400018	8255	9864	500042	7792	11835	600024	7313	13810	700020	6868	15793	800040	6401	17763	900009	5939	19743	1000038	5487	21711	1100051	5005	23680	1200031	4511	25650	1300025	4073	27583	1400055	3630	29563	1500050	3162	31536	1600048	2717	33502	1700034	2323	35449	1800050	1925	37403	1900013	1562	39344	2000037	1264	41289	2100060	994	43220	2200043	749	45154	2300034	582	47095	2400030	433	49019	2500050	336	50942	2600051	250	52868	2700009	207	54793	2800049	204	56714	2900032	204	58605	3000048	204	60525	3100033	204	62451	3200013	204	64374	3300057	204	66299	3400048	204	68219	3500084	204	
1950	100028	9531	3923	200026	9085	5903	300036	8608	7880	400033	8135	9863	500022	7669	11832	600059	7166	13787	700051	6699	15763	800026	6210	17724	900023	5781	19700	1000031	5302	21668	1100021	4833	23645	1200029	4387	25613	1300024	3931	27587	1400044	3466	29559	1500013	2995	31516	1600034	2532	33465	1700033	2139	35414	1800008	1762	37353	1900036	1395	39298	2000056	1089	41229	2100028	847	43161	2200023	674	45086	2300018	526	47011	2400023	405	48938	2500046	332	50864	2600027	269	52792	2700012	241	54721	2800024	224	56631	2900009	210	58546	3000049	204	60465	3100009	204	62378	3200052	204	64307	3300044	204	66226	3400043	204	68100	3500029	204	
486	100223	50016	975	200178	49568	1463	300215	49174	1957	400163	48733	2445	500135	48278	2938	600100	47835	3421	700051	47452	3903	800131	47074	4389	900181	46677	4878	1000209	46255	5369	1100122	45850	5863	1200181	45424	6353	1300147	45003	6847	1400181	44562	7335	1500066	44150	7824	1600082	43705	8318	1700229	43298	8809	1800112	42882	9298	1900085	42478	9782	2000171	42051	10273	2100132	41610	10762	2200245	41201	11247	2300157	40808	11739	2400210	40391	12232	2500187	39971	12719	2600242	39553	13208	2700070	39148	13694	2800114	38755	14180	2900125	38345	14674	3000190	37957	15161	3100173	37525	15644	3200241	37124	16132	3300242	36708	16625	3400089	36291	17111	3500201	35885	
483	100196	50023	977	200243	49618	1461	300101	49205	1948	400163	48782	2432	500061	48383	2924	600208	47974	3416	700201	47550	3904	800199	47153	4395	900140	46757	4880	1000156	46342	5377	1100146	45924	5865	1200182	45517	6360	1300153	45070	6853	1400062	44638	7347	1500062	44176	7837	1600081	43728	8315	1700189	43328	8811	1800115	42895	9298	1900051	42502	9785	2000182	42073	10275	2100145	41662	10764	2200202	41237	11244	2300146	40851	11733	2400179	40441	12215	2500108	40045	12706	2600200	39656	13187	2700199	39254	13675	2800047	38844	14171	2900211	38407	14658	3000098	38019	15152	3100174	37594	15639	3200094	37194	16130	3300119	36792	16618	3400114	36370	17106	3500194	35985	
487	100158	50016	977	200192	49592	1466	300087	49184	1961	400205	48738	2450	500084	48354	2942	600245	47921	3432	700175	47516	3918	800224	47086	4403	900236	46685	4880	1000101	46283	5366	1100191	45872	5856	1200165	45447	6346	1300066	45021	6835	1400108	44608	7324	1500144	44200	7817	1600227	43760	8306	1700161	43316	8799	1800224	42896	9292	1900108	42467	9782	2000191	42053	10271	2100137	41627	10755	2200100	41216	11244	2300135	40805	11737	2400213	40402	12231	2500141	39995	12722	2600087	39592	13211	2700147	39180	13695	2800129	38796	14192	2900201	38366	14686	3000127	37939	15175	3100207	37537	15665	3200193	37140	16153	3300139	36713	16641	3400181	36294	17135	3500166	35876	
492	100080	50001	984	200195	49592	1468	300053	49205	1951	400075	48803	2439	500116	48368	2929	600050	47944	3418	700235	47519	3912	800140	47105	4395	900238	46677	4881	1000050	46250	5375	1100185	45809	5866	1200042	45370	6362	1300166	44949	6850	1400182	44552	7336	1500207	44132	7824	1600159	43716	8312	1700134	43301	8802	1800112	42884	9299	1900172	42474	9784	2000151	42043	10273	2100084	41640	10765	2200140	41230	11257	2300232	40813	11750	2400172	40384	12241	2500113	39934	12732	2600275	39496	13222	2700053	39083	13710	2800074	38657	14199	2900160	38254	14687	3000057	37827	15180	3100110	37393	15669	3200181	36992	16162	3300117	36545	16655	3400236	36131	17138	3500176	35698	
489	100110	49982	972	200147	49582	1464	300124	49178	1953	400157	48743	2446	500217	48300	2939	600093	47872	3431	700192	47450	3924	800244	47046	4409	900051	46619	4905	1000139	46205	5400	1100120	45780	5885	1200119	45353	6379	1300232	44911	6866	1400059	44483	7360	1500176	44037	7849	1600144	43626	8332	1700210	43218	8822	1800173	42804	9315	1900216	42384	9804	2000178	41978	10293	2100080	41534	10781	2200078	41092	11268	2300103	40672	11757	2400111	40263	12245	2500071	39828	12738	2600222	39412	13228	2700138	38980	13712	2800086	38559	14205	2900059	38129	14696	3000045	37703	15183	3100157	37295	15673	3200205	36851	16162	3300068	36477	16653	3400058	36073	17139	3500040	35664	
