versja nr 2;wspolczynnik mutacji 1.200000;wielkosc populacji 45
298	100161	133	500	168977	114	591	200253	100	885	300315	79	1000	339398	68	1179	400273	68	1473	500084	68	1500	509276	68	1767	600020	68	2000	681381	68	2055	700048	68	2351	800304	64	2500	851038	62	2644	900102	62	2938	1000175	60	3000	1021155	60	3232	1100276	52	3500	1191501	52	3525	1200062	52	3819	1300247	52	4000	1362034	52	4112	1400317	52	4405	1500119	52	4500	1532404	52	4699	1600097	52	4993	1700241	52	5000	1702639	52	5286	1800222	52	5500	1873318	52	5579	1900277	52	5873	2000328	52	6000	2043542	52	6166	2100101	52	6459	2200086	52	6500	2213998	52	6753	2300204	52	7000	2384467	52	7046	2400179	52	7339	2500069	52	
300	100297	128	500	168409	126	593	200239	115	887	300199	115	1000	338522	115	1182	400162	115	1477	500185	115	1500	507993	115	1772	600276	115	2000	677342	115	2068	700319	115	2363	800166	115	2500	846645	115	2657	900055	115	2951	1000057	115	3000	1016761	115	3245	1100301	109	3500	1187013	94	3539	1200324	94	3833	1300211	90	4000	1356953	90	4127	1400065	90	4422	1500139	79	4500	1526581	79	4717	1600149	79	5000	1696733	79	5010	1700181	79	5303	1800046	79	5500	1866882	79	5598	1900120	79	5892	2000211	79	6000	2036760	79	6186	2100023	79	6481	2200149	79	6500	2206584	79	6775	2300279	79	7000	2376736	79	7069	2400138	79	7364	2500172	79	
301	100029	134	500	167617	92	594	200278	88	888	300297	88	1000	338253	81	1183	400087	80	1479	500197	80	1500	507289	80	1775	600273	80	2000	676300	80	2071	700338	80	2367	800283	80	2500	845155	80	2662	900043	80	2959	1000309	80	3000	1014145	80	3255	1100315	80	3500	1183136	80	3550	1200086	80	3846	1300040	80	4000	1352094	78	4143	1400335	78	4439	1500341	75	4500	1520912	74	4735	1600325	74	5000	1690024	74	5030	1700253	74	5326	1800120	74	5500	1861771	74	5612	1900109	74	5907	2000155	74	6000	2031744	74	6202	2100063	74	6497	2200114	74	6500	2201153	74	6793	2300339	74	7000	2370647	72	7088	2400336	72	7383	2500167	72	
304	100032	129	500	166168	115	601	200015	115	899	300171	115	1000	333992	115	1197	400051	115	1496	500320	111	1500	501682	111	1794	600263	109	2000	669569	109	2092	700324	109	2390	800086	109	2500	837153	109	2687	900275	109	2977	1000080	109	3000	1007824	109	3273	1100127	105	3500	1176509	105	3570	1200173	105	3868	1300171	105	4000	1344798	103	4165	1400319	103	4462	1500240	103	4500	1512974	103	4758	1600102	103	5000	1681295	103	5056	1700148	103	5354	1800128	103	5500	1849339	103	5652	1900212	103	5950	2000257	103	6000	2017124	103	6247	2100303	103	6500	2185398	103	6544	2200120	103	6841	2300090	103	7000	2353481	103	7140	2400238	99	7437	2500311	99	
294	100325	228	500	170743	149	587	200098	135	883	300331	129	1000	339842	129	1179	400214	129	1474	500074	129	1500	508925	129	1770	600264	129	2000	678278	129	2065	700306	129	2361	800282	129	2500	847436	129	2656	900099	129	2950	1000087	129	3000	1017102	129	3245	1100278	129	3500	1186927	129	3539	1200158	129	3834	1300324	129	4000	1356305	129	4129	1400018	129	4425	1500223	129	4500	1525744	129	4719	1600196	129	5000	1695476	129	5014	1700239	129	5309	1800018	129	5500	1864758	129	5604	1900101	129	5900	2000217	129	6000	2034291	129	6195	2100350	129	6490	2200111	129	6500	2203521	129	6783	2300023	121	7000	2373525	121	7079	2400278	121	7374	2500311	121	
300	100035	143	500	168231	137	594	200197	136	888	300190	120	1000	338242	120	1183	400345	120	1477	500049	120	1500	507919	120	1772	600100	120	2000	677317	120	2066	700057	120	2362	800250	109	2500	847070	100	2656	900034	100	2951	1000243	100	3000	1016904	100	3246	1100255	100	3500	1186278	95	3541	1200102	87	3837	1300032	77	4000	1355155	77	4134	1400335	77	4430	1500336	77	4500	1523995	77	4726	1600246	77	5000	1692794	77	5022	1700201	77	5318	1800122	77	5500	1861420	77	5614	1900022	76	5911	2000227	76	6000	2030315	74	6207	2100173	74	6497	2200331	74	6500	2201434	74	6790	2300018	68	7000	2371023	68	7086	2400079	68	7382	2500298	65	
299	100350	198	500	169125	183	591	200119	183	885	300341	183	1000	339315	183	1180	400326	183	1475	500258	183	1500	509013	183	1768	600182	183	2000	678869	183	2063	700192	183	2358	800048	181	2500	848280	170	2653	900134	165	2948	1000302	162	3000	1018024	162	3243	1100249	159	3500	1187443	146	3538	1200225	146	3828	1300269	146	4000	1359139	146	4122	1400322	146	4418	1500309	137	4500	1528153	137	4713	1600231	137	5000	1697698	130	5007	1700081	130	5302	1800213	116	5500	1867519	116	5596	1900108	116	5891	2000270	116	6000	2037279	116	6185	2100182	116	6480	2200209	116	6500	2206968	116	6775	2300164	116	7000	2376779	116	7068	2400027	116	7363	2500019	116	
298	100027	235	500	169138	217	591	200117	211	886	300288	186	1000	339049	174	1175	400361	174	1464	500236	168	1500	512479	168	1759	600299	138	2000	682164	129	2053	700230	129	2347	800237	120	2500	852402	120	2639	900074	120	2930	1000073	120	3000	1023848	120	3223	1100032	120	3500	1194192	108	3517	1200019	108	3811	1300275	102	4000	1364827	94	4104	1400216	94	4397	1500157	94	4500	1535107	94	4691	1600101	94	4985	1700346	94	5000	1705435	94	5278	1800122	94	5500	1875989	94	5571	1900216	94	5865	2000260	94	6000	2046331	94	6158	2100213	92	6451	2200208	92	6500	2216984	90	6746	2300344	83	7000	2386641	75	7040	2400328	75	7334	2500119	75	
312	100265	159	500	162472	129	615	200312	123	919	300324	123	1000	326894	123	1225	400304	116	1500	490467	113	1530	500319	113	1834	600110	103	2000	654301	103	2141	700207	103	2446	800019	103	2500	817641	103	2753	900025	103	3000	980450	92	3060	1000087	87	3365	1100137	87	3500	1144540	87	3670	1200319	87	3975	1300318	87	4000	1308548	87	4280	1400168	87	4500	1472224	87	4585	1500186	87	4889	1600085	77	5000	1636385	77	5195	1700040	77	5500	1799495	77	5502	1800161	77	5808	1900273	77	6000	1962980	77	6112	2000135	77	6418	2100296	77	6500	2127369	77	6723	2200104	77	7000	2290675	77	7029	2300138	77	7335	2400072	77	7500	2454005	77	7640	2500044	77	
300	100277	220	500	168423	220	594	200177	220	889	300267	194	1000	337777	194	1184	400015	194	1481	500249	181	1500	506672	181	1775	600284	177	2000	676798	159	2069	700176	157	2364	800068	130	2500	846152	125	2659	900236	125	2955	1000282	117	3000	1015496	109	3251	1100307	106	3500	1184446	100	3547	1200224	100	3843	1300166	100	4000	1353141	100	4140	1400336	100	4436	1500242	100	4500	1521720	100	4733	1600234	100	5000	1692619	100	5022	1700143	100	5318	1800093	100	5500	1861507	100	5614	1900031	100	5911	2000213	93	6000	2030512	93	6206	2100164	93	6500	2199794	93	6501	2200150	93	6798	2300279	93	7000	2368541	93	7094	2400229	93	7391	2500337	93	
315	100148	78	500	160609	77	622	200212	70	930	300072	67	1000	322899	67	1239	400266	67	1500	484622	67	1548	500142	67	1858	600253	67	2000	646435	63	2165	700023	63	2465	800350	63	2500	811845	63	2772	900325	63	3000	974324	63	3080	1000324	63	3388	1100097	63	3500	1136715	63	3696	1200302	63	4000	1299197	59	4003	1300187	59	4310	1400191	59	4500	1462207	59	4617	1500182	59	4925	1600034	59	5000	1624418	59	5234	1700319	59	5500	1786424	59	5542	1800016	59	5851	1900324	59	6000	1948825	59	6158	2000205	59	6466	2100095	59	6500	2111188	59	6774	2200056	59	7000	2273357	59	7082	2300015	59	7391	2400266	59	7500	2435565	59	7699	2500157	59	
299	100261	95	500	168959	83	593	200305	78	886	300070	76	1000	338960	76	1178	400354	76	1471	500042	76	1500	509954	76	1765	600068	74	2000	679716	72	2060	700074	72	2355	800316	72	2500	849733	72	2649	900300	72	2942	1000074	72	3000	1019807	72	3236	1100141	72	3500	1189981	70	3530	1200222	70	3824	1300245	70	4000	1359872	70	4119	1400344	70	4414	1500282	70	4500	1529375	62	4708	1600295	62	5000	1699551	62	5002	1700251	62	5296	1800279	62	5500	1869750	62	5590	1900339	62	5884	2000160	60	6000	2039592	60	6177	2100032	60	6471	2200023	60	6500	2209871	60	6766	2300050	60	7000	2379493	60	7061	2400244	60	7355	2500228	60	
299	100266	103	500	169464	101	590	200337	99	882	300302	95	1000	341037	91	1173	400341	85	1465	500175	80	1500	512179	80	1757	600089	78	2000	682655	73	2051	700016	73	2346	800196	69	2500	852490	66	2640	900120	66	2934	1000115	66	3000	1022421	66	3230	1100181	66	3500	1192051	60	3524	1200161	60	3819	1300318	60	4000	1361872	60	4113	1400213	60	4407	1500334	58	4500	1531952	58	4701	1600339	58	4994	1700315	58	5000	1702351	58	5287	1800102	58	5500	1872785	58	5580	1900114	58	5865	2000018	58	6000	2046161	58	6158	2100181	58	6451	2200054	58	6500	2216800	58	6745	2300243	58	7000	2387149	55	7038	2400089	55	7333	2500342	55	
309	100072	107	500	163074	76	613	200269	73	916	300228	73	1000	327887	67	1219	400195	64	1500	492709	64	1523	500254	64	1826	600287	64	2000	657589	64	2129	700128	64	2433	800328	64	2500	822380	64	2736	900184	64	3000	987439	64	3039	1000293	64	3333	1100212	64	3500	1155717	64	3634	1200062	64	3937	1300192	64	4000	1321001	64	4240	1400329	64	4500	1486462	64	4542	1500298	64	4843	1600178	64	5000	1651983	64	5146	1700287	64	5448	1800026	61	5500	1817318	61	5751	1900331	61	6000	1982734	61	6053	2000256	61	6355	2100267	61	6500	2148420	61	6657	2200262	61	6959	2300187	61	7000	2313761	61	7261	2400062	61	7500	2478928	61	7564	2500126	61	
300	100150	102	500	169503	102	587	200129	102	881	300303	92	1000	340661	91	1176	400250	89	1471	500121	85	1500	509975	79	1765	600048	79	2000	679769	79	2060	700144	79	2355	800188	79	2500	849418	79	2649	900051	79	2943	1000058	79	3000	1019392	79	3238	1100240	79	3500	1189244	79	3532	1200146	79	3826	1300017	79	4000	1359181	79	4121	1400176	79	4416	1500156	79	4500	1528671	79	4711	1600345	79	5000	1698556	79	5005	1700267	79	5300	1800319	79	5500	1868285	79	5594	1900168	79	5889	2000313	74	6000	2037855	74	6184	2100292	74	6479	2200155	74	6500	2207265	74	6775	2300355	74	7000	2376578	74	7070	2400211	74	7365	2500238	74	
310	100085	94	500	162435	75	614	200014	74	919	300139	71	1000	326744	71	1223	400026	71	1500	490629	70	1529	500121	70	1835	600330	70	2000	654326	70	2140	700292	70	2445	800050	70	2500	818131	70	2750	900045	70	3000	982029	70	3055	1000065	70	3360	1100067	69	3500	1145930	69	3665	1200327	69	3969	1300133	69	4000	1310310	69	4274	1400104	69	4500	1474308	69	4579	1500217	69	4883	1600083	69	5000	1638381	69	5189	1700263	69	5493	1800190	69	5500	1802484	69	5798	1900280	69	6000	1966693	69	6102	2000206	69	6407	2100237	69	6500	2130849	69	6711	2200147	69	7000	2296774	69	7010	2300166	69	7313	2400042	69	7500	2461422	69	7618	2500127	69	
308	100129	77	500	163822	77	610	200239	77	911	300016	71	1000	329416	70	1214	400315	70	1500	495036	70	1516	500293	70	1818	600253	70	2000	660438	70	2120	700286	70	2421	800155	70	2500	826319	70	2723	900147	70	3000	991927	70	3025	1000265	70	3327	1100209	70	3500	1157611	70	3628	1200200	70	3930	1300151	70	4000	1323300	70	4225	1400105	70	4500	1491406	70	4526	1500025	70	4829	1600253	70	5000	1656806	70	5131	1700134	70	5434	1800303	70	5500	1822139	70	5736	1900142	70	6000	1987602	70	6038	2000298	70	6340	2100217	70	6500	2153084	68	6642	2200042	68	6944	2300063	68	7000	2318612	68	7247	2400250	68	7500	2483943	68	7549	2500137	68	
298	100126	111	500	168670	91	593	200117	91	887	300037	89	1000	338375	87	1181	400019	81	1471	500040	80	1500	509995	80	1765	600215	72	2000	679988	72	2059	700034	72	2354	800255	68	2500	849763	65	2649	900286	65	2943	1000199	65	3000	1019636	65	3238	1100272	65	3500	1189092	65	3533	1200290	65	3826	1300296	65	4000	1359360	65	4120	1400027	65	4415	1500092	65	4500	1528913	65	4709	1600025	65	5000	1699165	65	5003	1700205	65	5297	1800048	62	5500	1869142	62	5591	1900265	62	5884	2000092	62	6000	2039531	62	6178	2100252	62	6472	2200109	62	6500	2209717	62	6766	2300210	62	7000	2379852	62	7060	2400228	62	7354	2500286	62	
309	100204	74	500	163148	66	612	200206	64	914	300177	59	1000	328732	59	1216	400209	59	1500	494034	59	1519	500291	59	1821	600169	59	2000	659310	58	2124	700147	58	2427	800179	56	2500	824423	56	2729	900018	56	3000	989617	56	3032	1000304	56	3334	1100203	56	3500	1155179	56	3637	1200286	56	3940	1300167	56	4000	1320027	56	4241	1400293	56	4500	1485733	56	4544	1500211	56	4846	1600072	56	5000	1650816	56	5149	1700062	56	5452	1800035	56	5500	1815926	54	5755	1900255	54	6000	1981575	54	6056	2000147	54	6358	2100102	54	6500	2147171	54	6661	2200344	54	6962	2300051	54	7000	2312603	54	7265	2400130	54	7500	2477964	54	7567	2500078	54	
296	100172	97	500	170172	96	588	200325	96	881	300261	83	1000	340924	71	1173	400061	71	1468	500315	69	1500	511202	68	1760	600185	66	2000	682253	64	2052	700154	64	2344	800177	63	2500	853580	61	2636	900066	59	2929	1000158	59	3000	1024529	57	3221	1100291	57	3500	1195966	57	3512	1200115	57	3805	1300285	56	4000	1366975	56	4098	1400362	56	4389	1500116	56	4500	1537895	53	4682	1600122	53	4974	1700123	53	5000	1709274	53	5259	1800256	52	5500	1882897	52	5550	1900111	52	5842	2000277	52	6000	2054089	52	6135	2100311	52	6426	2200050	52	6500	2225299	52	6720	2300268	52	7000	2395901	52	7012	2400056	52	7305	2500309	52	
101	100688	2667	196	200216	2283	291	300372	2221	386	400367	2207	481	500528	2207	500	520689	2207	576	601014	2207	671	700798	2097	766	800725	2047	858	900095	1900	953	1000097	1900	1000	1049620	1900	1048	1100109	1900	1144	1200379	1883	1240	1300901	1883	1335	1400493	1883	1430	1500697	1883	1500	1574086	1883	1525	1600783	1883	1620	1700408	1883	1716	1800671	1883	1812	1901032	1883	1907	2000642	1883	2000	2097937	1758	2002	2100121	1758	2098	2200743	1758	2193	2300269	1758	2289	2400416	1758	2385	2500925	1758	
101	100484	2374	198	201034	1930	294	300990	1846	389	400223	1796	485	500798	1796	500	516598	1796	580	600704	1796	675	700475	1728	770	800630	1688	865	900716	1657	960	1000205	1657	1000	1042198	1657	1056	1100735	1657	1151	1200203	1657	1246	1300095	1657	1342	1400811	1657	1437	1500427	1657	1500	1566633	1657	1532	1600242	1657	1628	1700946	1657	1723	1800112	1657	1819	1900664	1657	1914	2000653	1657	2000	2090754	1657	2009	2100263	1657	2105	2201018	1634	2200	2300810	1613	2295	2400608	1601	2391	2500616	1564	
101	101055	2174	196	200886	2079	291	300786	1997	386	400667	1959	481	500508	1959	500	520675	1959	576	600736	1959	671	700675	1929	766	800465	1929	861	900438	1849	956	1000830	1812	1000	1047200	1812	1051	1101052	1779	1145	1200385	1779	1240	1300717	1779	1335	1400574	1779	1430	1500980	1751	1500	1574653	1751	1524	1600083	1751	1619	1700378	1751	1714	1801084	1751	1808	1900067	1742	1903	2000879	1742	1996	2101069	1742	2000	2105330	1742	2090	2200460	1742	2185	2300300	1742	2280	2400242	1742	2375	2500165	1742	
101	100750	2601	197	201078	2601	293	301070	2410	389	400991	2256	484	500126	2256	500	516769	2256	580	600191	2222	676	700396	2222	772	800229	2132	868	900125	2132	965	1001040	2132	1000	1037586	2132	1061	1100985	2097	1153	1200152	2097	1249	1300257	1991	1345	1400700	1991	1440	1500121	1991	1500	1562835	1991	1536	1600384	1964	1632	1700141	1964	1729	1801056	1964	1824	1900390	1964	1920	2000191	1964	2000	2083655	1964	2016	2100420	1964	2112	2200509	1964	2208	2300342	1942	2304	2400103	1942	2400	2500233	1942	
99	100963	2794	193	200174	2489	286	301106	2429	379	400087	2429	473	500444	2385	500	529258	2330	568	600823	2172	663	701028	2094	757	800354	1907	851	900157	1907	946	1001033	1863	1000	1058547	1845	1040	1100932	1845	1134	1200373	1785	1229	1300894	1785	1323	1400445	1785	1418	1501031	1756	1500	1587900	1756	1512	1600723	1756	1606	1700450	1756	1701	1800818	1756	1795	1900355	1738	1889	2000885	1704	1982	2100124	1682	2000	2119530	1682	2076	2200412	1651	2170	2300531	1651	2264	2400213	1651	2358	2500100	1651	
101	100792	2351	196	200464	2179	292	301046	2101	387	400328	2015	483	500424	2003	500	518088	1948	579	600511	1811	675	700475	1782	771	800731	1721	867	900963	1674	962	1000306	1674	1000	1039898	1674	1058	1101111	1674	1153	1200717	1674	1249	1301001	1674	1344	1400354	1674	1440	1500759	1674	1500	1563467	1674	1535	1600099	1674	1631	1700186	1674	1727	1800398	1674	1823	1900750	1674	1918	2000130	1674	2000	2086138	1674	2014	2100807	1674	2109	2200374	1674	2205	2300913	1674	2299	2400879	1674	2394	2500395	1674	
99	100938	3167	195	200629	2690	291	300183	2107	387	400638	1849	482	500811	1796	500	519950	1796	577	600731	1723	672	701007	1698	766	800174	1614	861	900325	1553	956	1000546	1511	1000	1047149	1511	1050	1100240	1511	1145	1200786	1511	1240	1301095	1511	1334	1400463	1511	1426	1500310	1511	1500	1578845	1511	1521	1600956	1511	1615	1700397	1511	1709	1800089	1511	1804	1900720	1511	1899	2000941	1479	1993	2100332	1479	2000	2107727	1479	2088	2200319	1479	2184	2301006	1479	2278	2400242	1479	2373	2500098	1454	
101	100180	2457	198	201068	2174	293	300190	2109	390	400966	1938	480	500534	1881	500	522237	1881	574	600924	1881	670	700923	1881	765	800183	1844	861	900277	1754	957	1000684	1704	1000	1045580	1669	1052	1100262	1626	1148	1200904	1543	1243	1300482	1543	1338	1400586	1522	1433	1500068	1489	1500	1570076	1489	1529	1600642	1489	1624	1700195	1489	1720	1800335	1475	1816	1900964	1475	1911	2000277	1475	2000	2093198	1475	2007	2100547	1475	2102	2200252	1475	2198	2300729	1475	2293	2400781	1451	2388	2500168	1451	
102	100844	2101	198	200464	1884	295	300840	1680	390	400245	1626	486	500080	1626	500	514662	1626	582	600092	1565	678	700559	1469	773	800065	1438	869	900310	1416	965	1000668	1416	1000	1037332	1416	1061	1101089	1365	1157	1200990	1336	1252	1300437	1327	1348	1400413	1262	1444	1500886	1262	1500	1559615	1262	1539	1600502	1239	1635	1700783	1239	1730	1800266	1239	1826	1900800	1216	1921	2000394	1180	2000	2083527	1180	2016	2100629	1180	2111	2200682	1164	2206	2300498	1123	2301	2400173	1123	2397	2500838	1123	
100	100850	2469	195	200498	2170	289	301109	2112	383	400385	1936	477	500698	1936	500	525309	1936	571	600807	1871	665	700722	1842	759	800414	1842	853	900142	1842	948	1000823	1842	1000	1056012	1842	1042	1100592	1842	1136	1200168	1842	1231	1301063	1842	1325	1400660	1842	1419	1500546	1842	1500	1586514	1842	1513	1600450	1842	1605	1700285	1826	1699	1800427	1751	1793	1900137	1751	1888	2000762	1751	1982	2100584	1751	2000	2119716	1751	2076	2200217	1751	2170	2300138	1751	2264	2400068	1751	2359	2500832	1751	
101	100653	2294	198	200697	1312	293	300105	1274	388	400171	1158	484	501016	1092	500	518040	1092	579	601071	1092	673	700857	1077	766	800823	1077	861	900991	1035	956	1000845	985	1000	1047206	985	1051	1100997	985	1145	1200411	985	1240	1300652	973	1335	1400752	973	1430	1500707	973	1500	1574361	973	1525	1600705	973	1620	1700395	973	1716	1801051	973	1811	1900940	973	1905	2000140	973	2000	2100188	973	2000	2100258	973	2096	2201021	973	2190	2300218	973	2286	2401010	973	2381	2500963	973	
105	100878	1805	204	200876	1131	301	300624	1131	398	400676	1099	495	500361	1099	500	505571	1099	592	600283	1068	689	700081	1029	787	801042	1029	884	900643	1029	981	1000411	1029	1000	1019989	1029	1078	1100300	1029	1176	1200971	1029	1273	1300639	1029	1370	1400565	1029	1467	1500902	1029	1500	1535041	1029	1563	1600100	1029	1661	1700929	1029	1758	1800303	1029	1856	1900928	1029	1953	2000365	1029	2000	2048548	1029	2051	2100854	1029	2148	2200670	1029	2245	2300653	1029	2342	2400548	1029	2439	2500693	1029	
97	100349	4407	195	200611	3177	294	300362	1336	390	400395	1181	485	500134	1181	500	515934	1181	581	600365	1138	677	700218	1118	773	800291	1118	869	900504	1090	965	1000936	1057	1000	1037633	1057	1060	1100496	1057	1156	1200613	1057	1252	1300936	1057	1347	1400231	1057	1443	1500568	1057	1500	1560205	1057	1539	1600958	1057	1634	1700220	1057	1730	1800903	1057	1825	1900729	1057	1918	2000132	1057	2000	2085916	1034	2014	2100550	1034	2110	2200342	1034	2206	2300464	1034	2302	2400211	1034	2398	2500340	1034	
99	100253	4224	200	200376	1677	298	300903	1545	395	400615	1523	493	500991	1487	500	508227	1487	590	600558	1487	688	700901	1487	785	800746	1431	882	900761	1431	979	1000626	1404	1000	1022257	1404	1074	1101049	1404	1171	1201080	1404	1268	1300922	1404	1364	1400092	1404	1462	1500742	1404	1500	1540014	1404	1559	1600457	1404	1656	1700200	1404	1754	1800828	1404	1851	1900368	1404	1948	2000201	1404	2000	2053622	1404	2046	2100792	1404	2143	2200488	1404	2241	2301052	1404	2338	2400817	1367	2435	2500785	1367	
106	100748	1339	203	200490	1031	302	301044	868	400	400123	868	499	500350	868	500	501413	868	598	600892	868	696	700527	868	795	801006	868	893	900705	868	992	1001048	868	1000	1009217	868	1090	1100435	868	1189	1200558	868	1287	1300445	868	1386	1401037	868	1484	1500371	868	1500	1516571	868	1583	1600438	842	1682	1700912	842	1779	1800097	842	1878	1900316	842	1977	2000604	842	2000	2023842	842	2076	2100909	842	2174	2200638	842	2273	2300977	842	2371	2400401	842	2470	2500778	842	
103	100767	1353	200	200983	990	295	300172	990	391	400190	990	487	500261	965	500	513900	965	583	600484	935	679	700613	928	775	801049	910	870	900490	910	965	1000278	895	1000	1037062	884	1061	1100582	884	1157	1200316	884	1253	1300250	856	1349	1400475	856	1445	1500602	856	1500	1557891	856	1541	1600640	856	1637	1700856	856	1733	1800968	856	1829	1900795	856	1925	2000479	856	2000	2078674	856	2021	2100707	856	2117	2200985	856	2211	2300996	856	2306	2400247	856	2402	2500532	856	
107	100480	1660	209	200982	1169	309	300623	1075	410	400910	978	500	490863	939	510	501008	939	609	600279	927	709	700818	899	808	800102	884	908	900276	883	1000	992055	883	1008	1000088	883	1108	1100267	883	1208	1200152	883	1309	1300815	883	1407	1400396	883	1500	1493505	883	1507	1500604	883	1607	1600596	883	1707	1700668	883	1807	1800696	883	1907	1900380	883	2000	1993082	883	2007	2000108	883	2108	2101016	883	2207	2200194	883	2307	2300227	883	2407	2400192	883	2500	2493141	883	2507	2500254	883	
102	100743	1578	197	200537	1312	292	300494	1091	387	400866	1047	479	500878	1047	500	523229	1047	573	600403	1036	667	700075	1036	762	800812	1036	856	900565	1036	951	1000986	1036	1000	1052705	1036	1045	1100639	1036	1139	1200346	1036	1233	1300134	1036	1328	1400384	1036	1423	1500714	1036	1500	1582365	1036	1517	1600444	1036	1612	1700880	1009	1706	1800157	1009	1801	1900429	1009	1896	2000771	1009	1990	2100263	982	2000	2110867	982	2085	2200660	982	2179	2300237	982	2274	2400668	982	2369	2501072	982	
103	100513	1313	198	200374	1008	293	300084	917	389	400715	917	484	500098	917	500	516892	917	580	600922	917	675	700678	917	770	800143	917	866	900887	877	961	1000704	877	1000	1041487	877	1057	1101091	844	1152	1201088	844	1247	1300864	844	1342	1400863	844	1437	1500757	844	1500	1566867	844	1532	1600387	844	1627	1700672	844	1722	1800403	844	1817	1900331	844	1912	2000152	844	2000	2092190	844	2008	2100672	844	2103	2200158	844	2199	2300984	844	2294	2400797	844	2389	2500500	844	
105	100222	1776	206	200604	970	305	300733	909	404	400430	889	500	497363	889	503	500471	889	602	600561	889	701	700622	889	800	800694	881	899	900753	881	998	1000493	881	1000	1002582	881	1097	1100914	881	1195	1200140	881	1295	1300993	836	1393	1400272	811	1492	1500686	811	1500	1508891	811	1590	1600450	811	1682	1700894	811	1780	1800981	811	1878	1900306	811	1977	2000659	782	2000	2024037	782	2076	2100803	782	2174	2200264	782	2273	2300494	782	2372	2400833	782	2470	2500281	782	
21	102338	25314	42	204801	25314	62	302844	25314	82	400596	25314	103	503421	25314	123	600917	25314	144	703737	25314	163	803729	25314	183	901704	25314	204	1004305	25314	224	1101955	25314	245	1204570	25314	265	1302572	25050	285	1400433	25050	306	1502465	24138	327	1604832	23406	347	1701431	22470	368	1804303	22287	388	1902162	22121	409	2004640	22121	429	2102388	22121	449	2200490	22121	470	2302920	22121	490	2400844	22121	500	2450139	22121	511	2504377	22121	
21	102644	24999	42	205127	24719	62	302946	24719	82	400455	24719	103	503063	24719	123	600514	24719	144	703064	24719	164	800415	24719	185	902768	24719	206	1005124	24719	226	1102850	24719	246	1200779	24719	267	1302682	23748	288	1404183	23028	308	1500578	22385	329	1602371	21691	350	1704891	21218	370	1803151	21218	391	1904654	20492	411	2002213	20492	432	2104681	20287	452	2202803	20287	472	2300844	20287	493	2403825	20287	500	2438260	20084	513	2501982	20084	
21	102843	24614	41	200585	24614	62	303312	24614	82	400727	24614	103	503111	24614	123	600961	24614	144	703797	24614	164	801745	24614	185	904097	24614	205	1000942	23856	226	1103029	23856	247	1205065	23856	267	1302175	23632	287	1400426	23410	308	1502881	23410	328	1600429	23410	349	1703436	23410	369	1804081	23410	389	1902039	23410	410	2004780	23410	430	2102555	23410	451	2205012	23410	471	2303027	23410	491	2401895	23410	500	2446150	23410	512	2504811	23410	
21	101638	25212	42	203509	25212	62	300417	25212	83	401848	25212	104	503783	25212	125	605208	25212	145	701895	25212	165	801003	25212	186	903091	25212	207	1004911	25212	227	1101924	25212	248	1203585	25212	268	1300495	25212	289	1402459	25212	310	1504043	25212	330	1600990	25212	351	1702550	25212	372	1804041	25212	392	1901174	25212	413	2002916	25212	434	2104743	25212	454	2201633	25212	475	2303595	25212	495	2401003	25212	500	2425457	25212	516	2503287	25212	
21	102145	25147	42	204599	25147	62	302345	24885	83	405041	24885	103	502877	24670	124	605056	24432	144	701457	23405	165	803365	23215	185	901065	22477	206	1003437	21576	226	1101629	20920	247	1204803	20716	267	1303080	20425	287	1402189	20425	307	1501362	20425	328	1605223	20190	348	1703030	19973	368	1801393	19973	389	1904174	19740	409	2002937	19526	429	2101457	19526	450	2204450	19526	470	2302082	19526	490	2400406	19526	500	2449530	19526	511	2504007	19526	
21	101597	24534	42	202526	23570	63	303705	22899	84	404535	22428	104	500979	22215	125	603688	21952	145	700426	21764	166	802509	21764	187	904841	21764	207	1001858	21517	228	1103634	21339	249	1204582	20648	269	1300781	20249	290	1402344	19993	311	1503589	19782	331	1600396	19536	352	1702184	19536	372	1800708	19536	393	1903360	19536	414	2005212	19536	434	2102404	19536	455	2204140	19536	475	2300740	19536	496	2402373	19536	500	2421930	19536	517	2504288	19536	
21	101931	25643	42	203940	25643	62	301133	25643	83	403033	25380	104	504352	25380	124	601171	25106	145	702218	24050	166	803984	22957	186	902084	22670	207	1004135	22172	227	1100449	21732	248	1202014	21509	269	1304177	21509	289	1401476	21509	310	1503303	21509	330	1600442	21509	351	1703203	21509	371	1800578	21509	392	1902750	21276	413	2004419	20887	433	2101820	20672	454	2203622	20467	474	2301435	20467	495	2402810	20036	500	2427284	20036	516	2505092	20036	
21	101955	25425	42	203546	25425	63	304924	25425	83	401122	25165	104	502397	25165	125	603541	25165	146	705102	25165	166	801229	25165	187	902183	24892	208	1003561	24892	228	1101131	24892	249	1202392	24892	270	1303358	24892	291	1404540	24892	311	1501499	24892	332	1602676	24892	353	1703581	24892	374	1804966	24892	394	1901595	24892	415	2002951	24892	436	2104558	24666	456	2200401	24408	477	2301444	24408	498	2401906	23127	500	2411898	23127	519	2503708	23127	
21	103923	25531	41	202131	25293	62	305369	24533	82	402906	24278	103	505187	23649	123	603784	23649	143	701354	23424	164	804098	23424	184	901448	23424	205	1003881	23157	225	1101573	22930	246	1204484	22930	266	1301972	22930	287	1404459	22930	307	1501912	22930	328	1604172	22930	348	1701938	22930	369	1805019	22930	389	1905179	22930	409	2003706	22930	429	2101369	22930	450	2204240	22694	470	2302189	22453	490	2400439	22453	500	2449454	22453	511	2503590	22453	
21	102927	26332	41	200599	26332	62	303077	26080	83	405077	26080	103	502564	26080	124	604523	25822	144	701882	25521	165	804311	25521	185	903199	25521	205	1001753	25521	226	1103915	25032	246	1201430	25032	267	1304252	25032	287	1402018	25032	308	1504562	25032	328	1602293	25032	349	1705124	25032	369	1802891	25032	390	1905273	24760	410	2002925	24760	430	2100522	24760	451	2202915	24469	471	2300389	24469	492	2403256	24469	500	2442832	24469	512	2501710	24469	
21	101310	25565	42	202695	25565	63	303142	25565	84	403680	25565	105	504205	25565	126	604798	25565	146	700706	25565	167	801150	25565	188	902049	25565	209	1002696	25565	230	1103272	25565	251	1203886	25565	272	1304442	25565	293	1405098	25565	313	1500892	25565	334	1601483	25565	355	1702326	25565	376	1803335	25565	397	1904008	25565	418	2004775	25565	438	2100770	25565	459	2201668	25565	480	2302136	25565	500	2398010	25565	501	2403161	25565	522	2503653	25565	
22	103067	25100	43	201508	25100	65	304671	25100	86	403349	25100	107	501401	25100	129	604423	25100	150	702862	25100	171	801585	25100	193	904930	25100	214	1002694	25100	235	1101137	25100	257	1204339	25100	278	1302519	25100	299	1400809	25100	321	1504137	25100	342	1602599	25100	363	1700629	25100	385	1803722	25100	406	1901765	25100	427	2002189	25100	448	2101148	25100	470	2204485	25100	491	2303021	25100	500	2345568	25100	512	2402199	25100	533	2501106	25100	
21	101694	25298	42	203310	25298	63	304709	25298	83	401458	25298	104	502911	25298	125	604462	25298	145	700875	25298	166	802121	25298	187	903569	25298	207	1001446	25298	228	1104131	25298	248	1200477	25298	269	1301584	25298	290	1403524	25298	310	1500418	25298	331	1602017	25298	352	1703168	25298	373	1804314	25298	393	1901111	25298	414	2002119	25298	435	2103488	25298	456	2204831	25298	476	2301173	25298	497	2402867	25298	500	2417968	25298	517	2500870	25298	
21	102414	25129	42	202593	25129	63	303012	25129	84	403405	25129	105	503607	25129	126	603978	25129	147	704080	25129	168	804517	25129	189	904529	25129	210	1004551	25129	231	1105082	25129	251	1200827	25129	272	1301142	25129	293	1401531	25129	314	1501711	25129	335	1601542	25129	356	1701937	25129	377	1802108	25129	398	1902386	25129	419	2002409	25129	440	2103081	25129	461	2203342	25129	482	2304026	25129	500	2390291	25129	503	2404938	25129	523	2500778	25129	
22	104623	25094	43	204252	25094	64	304042	25094	85	403456	25094	106	502875	25094	127	602645	25094	148	702035	25094	169	801963	25094	190	901991	25094	211	1001772	25094	232	1101578	25094	253	1201122	25094	274	1300898	25094	295	1400697	25094	317	1505117	25094	338	1604749	25094	359	1704366	25094	380	1803954	25094	401	1903559	25094	422	2003062	25094	443	2104822	25094	464	2204590	25094	485	2304895	25094	500	2376771	25094	505	2400939	25094	526	2500621	25094	
22	104382	25616	43	203827	25616	64	303646	25616	85	403124	25616	106	502700	25616	127	602219	25616	148	701761	25616	169	801655	25616	190	901048	25616	211	1000392	25616	232	1101470	25616	253	1202103	25616	274	1301787	25616	295	1401267	25616	316	1500683	25616	338	1605090	25616	359	1704520	25616	380	1804012	25616	401	1903575	25616	422	2002994	25616	443	2102445	25616	464	2202984	25616	485	2302628	25616	500	2373848	25616	506	2402415	25616	527	2501920	25616	
21	101623	25347	41	200505	25347	62	301588	25347	83	402523	25347	104	504074	25347	124	600388	25347	145	701750	25347	166	803035	25347	187	904020	25347	208	1004718	25347	228	1101364	25347	249	1202450	25347	270	1303300	25347	291	1404524	25347	311	1501048	25347	332	1602412	25347	353	1703715	25347	374	1804985	25347	394	1901090	25347	415	2002303	25347	436	2104088	25347	456	2200622	25347	477	2301998	25347	498	2403426	25347	500	2413364	25347	519	2504922	25347	
21	100711	25118	42	201364	25118	63	301625	25118	84	402078	25118	105	502810	25118	126	603580	25118	147	703815	25118	168	804592	25118	189	904694	25118	209	1000933	25118	230	1101490	25118	251	1201971	25118	272	1302501	25118	293	1402935	25118	314	1503268	25118	335	1603635	25118	356	1704091	25118	377	1804853	25118	397	1900809	25118	418	2001648	25118	439	2102702	25118	459	2200731	25118	480	2301036	25118	500	2396973	25118	501	2402094	25118	522	2502491	25118	
22	103994	25350	43	202915	25350	64	301803	25350	85	400955	25350	107	504811	25350	128	604053	25350	149	703103	25350	170	802261	25350	191	901266	25350	213	1004844	25350	234	1103939	25350	255	1204443	25350	276	1303163	25350	297	1402097	25350	318	1501068	25350	340	1604690	25350	361	1703366	25350	382	1802316	25350	403	1901796	25350	424	2001170	25350	445	2100341	25350	467	2203916	25350	488	2303609	25350	500	2360397	25350	509	2403006	25350	530	2501979	25350	
22	104427	25265	42	200658	25265	63	301444	25265	84	401175	25265	105	500561	25265	127	605197	25265	147	700369	25265	169	805196	25265	190	904903	25265	211	1004583	25265	232	1104250	25265	253	1204102	25265	274	1304223	25265	295	1403808	25265	316	1503537	25265	337	1603249	25265	358	1703067	25265	379	1803243	25265	400	1903222	25265	421	2002948	25265	442	2102792	25265	463	2202497	25265	484	2302753	25265	500	2378893	25265	505	2403058	25265	526	2502882	25265	
320	100028	74	500	156285	75	641	200230	74	962	300284	74	1000	312148	74	1280	400312	74	1500	468904	69	1600	500165	66	1919	600183	66	2000	625467	66	2239	700312	66	2500	782002	66	2558	800199	66	2877	900116	66	3000	938601	66	3197	1000102	66	3500	1095086	65	3516	1100125	65	3834	1200222	65	4000	1252284	65	4153	1300293	65	4471	1400275	65	4500	1409297	65	4792	1500295	61	5000	1565379	61	5111	1600014	61	5430	1700259	61	5500	1722564	60	5746	1800059	60	6000	1879701	60	6066	1900304	60	6385	2000154	60	6500	2035976	60	6705	2100314	60	7000	2192738	60	7024	2200259	60	7336	2300098	58	7500	2352188	58	7653	2400217	58	7973	2500317	58	
312	100250	63	500	160708	56	622	200059	56	933	300058	56	1000	321609	56	1244	400320	56	1500	482524	56	1555	500202	56	1866	600054	56	2000	643243	56	2176	700163	56	2487	800101	56	2500	804273	56	2798	900159	56	3000	965004	56	3110	1000298	56	3420	1100015	56	3500	1125791	56	3732	1200253	56	4000	1286353	56	4043	1300207	56	4346	1400210	56	4500	1450698	56	4653	1500048	56	4964	1600124	56	5000	1611746	56	5275	1700112	56	5500	1773005	56	5584	1800315	56	5893	1900027	56	6000	1934386	56	6204	2000086	56	6500	2094947	56	6516	2100082	56	6827	2200240	56	7000	2255932	56	7138	2300298	56	7448	2400121	56	7500	2416838	56	7759	2500214	56	
321	100293	53	500	156189	53	640	200029	53	960	300038	48	1000	312482	48	1280	400113	48	1500	468907	48	1594	500317	48	1912	600281	48	2000	627843	48	2231	700147	48	2500	784186	48	2551	800150	48	2871	900263	48	3000	940543	48	3191	1000110	48	3500	1096444	48	3512	1100198	48	3831	1200232	48	4000	1252999	48	4151	1300240	48	4471	1400179	48	4500	1409210	48	4791	1500145	48	5000	1565625	48	5110	1600253	48	5428	1700096	48	5500	1722574	48	5747	1800087	48	6000	1879354	48	6066	1900057	48	6385	2000088	48	6500	2035950	48	6706	2100113	48	7000	2192088	48	7026	2200241	48	7345	2300302	48	7500	2348669	48	7665	2400158	48	7984	2500141	48	
323	100204	64	500	155105	64	645	200224	64	968	300058	64	1000	309957	64	1291	400291	64	1500	465067	64	1613	500205	64	1936	600283	64	2000	620022	64	2258	700122	64	2500	774964	64	2581	800090	64	2904	900231	64	3000	930067	64	3226	1000186	64	3500	1085264	64	3548	1100131	64	3870	1200119	64	4000	1240535	64	4192	1300249	64	4500	1396088	64	4513	1400168	64	4835	1500286	64	5000	1551397	64	5157	1600110	64	5478	1700025	64	5500	1706863	64	5800	1800244	64	6000	1862419	64	6121	1900107	64	6444	2000179	64	6500	2017682	64	6764	2100054	64	7000	2173201	64	7086	2200084	64	7407	2300294	64	7500	2329506	64	7729	2400306	63	8000	2483788	63	8053	2500102	63	
302	100208	68	500	165778	68	604	200189	68	905	300255	68	1000	332025	68	1206	400311	64	1500	497715	60	1507	500026	60	1810	600140	60	2000	662724	60	2112	700067	60	2415	800294	60	2500	828476	60	2717	900238	60	3000	993934	60	3019	1000235	60	3321	1100093	60	3500	1159323	60	3624	1200298	60	3925	1300038	60	4000	1325033	60	4227	1400063	60	4500	1490150	60	4530	1500046	60	4833	1600313	60	5000	1655400	60	5134	1700145	60	5429	1800319	60	5500	1824087	60	5729	1900113	60	6000	1990052	60	6031	2000330	60	6334	2100267	60	6500	2155323	60	6635	2200315	60	6936	2300093	60	7000	2321249	60	7238	2400107	60	7500	2487177	60	7539	2500130	60	
343	100219	62	500	145942	62	685	200111	62	1000	292479	62	1026	300074	62	1369	400014	59	1500	438223	59	1713	500272	59	2000	583850	59	2056	600226	59	2399	700028	59	2500	729497	59	2743	800203	59	3000	878126	57	3074	900066	57	3416	1000160	57	3500	1024691	57	3757	1100251	57	4000	1171271	57	4099	1200214	57	4441	1300110	57	4500	1317392	57	4783	1400165	57	5000	1463613	57	5125	1500244	57	5464	1600245	57	5500	1610828	57	5803	1700018	57	6000	1758092	57	6143	1800226	57	6485	1900284	57	6500	1904639	57	6827	2000071	57	7000	2050850	57	7168	2100111	57	7500	2196807	52	7511	2200031	52	7854	2300167	52	8000	2342978	52	8195	2400046	52	8500	2489568	52	8536	2500073	52	
302	100221	66	500	165533	60	605	200290	60	906	300044	60	1000	331292	60	1208	400316	60	1500	497070	60	1509	500081	60	1810	600167	60	2000	663321	60	2111	700241	60	2412	800201	60	2500	829441	60	2713	900227	60	3000	995282	60	3015	1000283	60	3315	1100093	60	3500	1161303	60	3617	1200136	60	3919	1300186	60	4000	1327000	60	4220	1400198	60	4500	1493162	60	4521	1500151	60	4820	1600087	60	5000	1659934	60	5120	1700024	60	5420	1800047	59	5500	1826673	59	5721	1900036	57	6000	1992793	57	6022	2000125	57	6321	2100166	57	6500	2159747	57	6622	2200256	57	6923	2300313	57	7000	2326000	57	7222	2400020	57	7500	2492620	57	7523	2500292	57	
329	100040	49	500	152228	49	657	200176	49	987	300238	49	1000	304195	49	1315	400185	49	1500	456496	49	1643	500048	49	1972	600065	49	2000	608563	49	2300	700236	49	2500	761416	49	2627	800068	49	2956	900277	49	3000	913770	49	3283	1000035	49	3500	1065998	49	3612	1100109	49	3941	1200319	49	4000	1218247	49	4270	1300186	49	4500	1370122	49	4599	1400171	49	4928	1500155	49	5000	1522109	49	5257	1600229	49	5500	1674098	49	5586	1700185	49	5915	1800096	49	6000	1825875	49	6245	1900061	49	6500	1976952	49	6577	2000255	49	6900	2100045	49	7000	2130820	49	7229	2200268	49	7500	2282488	49	7558	2300046	49	7887	2400077	49	8000	2434250	49	8217	2500022	49	
312	100052	72	500	160192	72	624	200026	72	936	300252	72	1000	320879	72	1248	400292	72	1500	481220	69	1559	500219	64	1870	600047	60	2000	641829	60	2179	700223	60	2489	800144	60	2500	803680	60	2799	900054	60	3000	964549	60	3111	1000133	60	3422	1100313	60	3500	1125393	60	3725	1200049	60	4000	1289079	60	4034	1300085	60	4346	1400181	60	4500	1449717	60	4657	1500140	60	4968	1600137	60	5000	1610412	60	5279	1700062	60	5500	1771236	60	5589	1800101	60	5901	1900333	60	6000	1932370	60	6211	2000232	60	6500	2093540	60	6520	2100027	60	6831	2200317	60	7000	2254643	60	7141	2300093	60	7451	2400040	60	7500	2415750	60	7762	2500030	60	
312	100097	52	500	160653	49	623	200139	49	929	300234	49	1000	323277	49	1238	400316	49	1500	484448	49	1549	500255	49	1860	600081	49	2000	645489	49	2170	700252	49	2481	800024	47	2500	806202	47	2792	900265	47	3000	967795	47	3099	1000058	47	3411	1100317	47	3500	1128995	47	3721	1200171	47	4000	1290201	47	4031	1300235	47	4339	1400293	47	4500	1452350	47	4648	1500166	47	4959	1600195	47	5000	1613430	47	5268	1700087	47	5500	1775817	47	5575	1800128	47	5886	1900308	47	6000	1937227	47	6195	2000091	47	6500	2098452	47	6505	2100074	47	6816	2200324	47	7000	2259809	47	7124	2300100	47	7435	2400047	47	7500	2421050	47	7745	2500060	47	
371	100202	54	500	135113	54	741	200127	54	1000	270255	54	1109	300034	54	1479	400083	50	1500	405738	50	1850	500023	50	2000	540464	50	2221	600013	50	2500	675986	50	2590	700241	50	2958	800117	50	3000	811475	50	3328	900084	50	3500	946497	50	3699	1000255	50	4000	1081409	50	4070	1100265	50	4440	1200089	50	4500	1216454	50	4810	1300067	50	5000	1351476	50	5180	1400071	50	5500	1486804	50	5549	1500012	50	5918	1600143	50	6000	1622274	50	6287	1700106	50	6500	1757813	50	6656	1800022	50	7000	1892431	50	7029	1900270	50	7399	2000094	50	7500	2027348	50	7769	2100220	50	8000	2162612	50	8140	2200243	50	8500	2297314	50	8511	2300266	50	8878	2400128	50	9000	2434075	50	9245	2500240	50	
331	100093	56	500	151233	56	661	200096	56	992	300169	56	1000	302610	56	1319	400148	56	1500	455013	56	1649	500235	55	1977	600174	55	2000	607242	55	2305	700230	55	2500	759279	55	2634	800022	55	2965	900107	55	3000	910709	55	3295	1000026	50	3500	1062353	50	3624	1100104	50	3954	1200294	50	4000	1214325	50	4283	1300122	50	4500	1366098	50	4612	1400130	50	4942	1500280	50	5000	1519475	50	5265	1600140	50	5500	1671801	50	5593	1700095	50	5921	1800132	50	6000	1824080	50	6248	1900105	50	6500	1977237	50	6575	2000187	50	6902	2100212	50	7000	2129984	50	7231	2200127	50	7500	2281673	50	7561	2300145	50	7890	2400219	50	8000	2433633	50	8219	2500109	50	
343	100276	45	500	146218	45	683	200232	45	1000	292940	45	1025	300230	45	1367	400237	45	1500	438955	45	1710	500110	45	2000	584367	45	2054	600078	45	2389	700202	45	2500	732526	45	2732	800160	45	3000	878376	42	3074	900053	42	3416	1000076	42	3500	1024618	42	3759	1100211	42	4000	1170483	42	4101	1200086	42	4444	1300244	42	4500	1316554	42	4787	1400139	42	5000	1462213	42	5130	1500220	42	5473	1600200	42	5500	1608037	42	5814	1700202	42	6000	1754735	42	6154	1800017	42	6498	1900245	42	6500	1900835	42	6842	2000269	42	7000	2046319	42	7186	2100186	42	7500	2191537	42	7530	2200288	42	7874	2300102	42	8000	2336665	42	8218	2400075	42	8500	2482091	42	8562	2500013	42	
360	100066	54	500	139185	54	719	200277	54	1000	279070	54	1076	300283	54	1434	400068	54	1500	418439	52	1794	500144	52	2000	557357	52	2154	600170	52	2500	697419	52	2510	700232	52	2866	800119	49	3000	837507	49	3224	900039	49	3500	977034	49	3582	1000025	49	3942	1100284	49	4000	1116460	49	4299	1200165	49	4500	1256277	49	4657	1300042	49	5000	1395795	49	5016	1400283	49	5373	1500126	49	5500	1535767	49	5731	1600171	49	6000	1675593	49	6088	1700231	49	6446	1800251	49	6500	1815360	49	6804	1900119	49	7000	1954846	49	7162	2000161	49	7500	2094208	49	7521	2100060	49	7880	2200273	49	8000	2233808	49	8237	2300012	49	8500	2373199	49	8597	2400253	49	8955	2500245	49	
322	100054	66	500	156417	66	640	200036	59	961	300312	59	1000	312514	59	1281	400149	59	1500	468399	59	1602	500150	59	1922	600140	59	2000	625488	59	2239	700097	59	2500	781793	59	2559	800203	59	2878	900182	59	3000	938349	59	3198	1000246	59	3500	1094481	60	3518	1100126	60	3838	1200128	60	4000	1250705	60	4158	1300172	60	4478	1400076	60	4500	1406980	60	4799	1500128	57	5000	1562735	57	5120	1600132	57	5439	1700290	57	5500	1719409	57	5758	1800298	57	6000	1878049	57	6070	1900116	57	6389	2000150	55	6500	2034999	55	6708	2100117	55	7000	2192081	55	7025	2200045	55	7343	2300020	55	7500	2349287	55	7662	2400126	55	7982	2500157	55	
358	100085	54	500	139963	49	714	200077	49	1000	280252	49	1071	300153	48	1426	400134	48	1500	420919	48	1782	500050	48	2000	561121	48	2139	600162	48	2494	700257	48	2500	701950	48	2849	800112	48	3000	842571	46	3205	900240	46	3500	985320	46	3552	1000226	46	3907	1100127	46	4000	1126240	46	4262	1200077	46	4500	1266839	46	4618	1300024	46	4974	1400098	46	5000	1407397	46	5330	1500078	46	5500	1547861	46	5686	1600053	46	6000	1688549	46	6041	1700103	46	6397	1800155	46	6500	1829148	46	6752	1900271	46	7000	1969994	46	7107	2000085	46	7462	2100048	46	7500	2110740	46	7819	2200202	46	8000	2251057	46	8175	2300165	46	8500	2391474	46	8531	2400213	46	8885	2500266	46	
338	100075	57	500	147687	57	681	200217	57	1000	292965	57	1025	300219	57	1368	400231	57	1500	438522	57	1712	500033	57	2000	583662	52	2057	600200	52	2401	700144	47	2500	728943	47	2745	800214	47	3000	874075	47	3090	900167	47	3435	1000220	47	3500	1019139	47	3777	1100026	47	4000	1164665	47	4122	1200036	47	4468	1300239	47	4500	1309509	47	4811	1400245	47	5000	1455172	47	5155	1500047	47	5500	1599963	47	5501	1600262	47	5843	1700145	47	6000	1746126	47	6186	1800113	47	6500	1891017	47	6532	1900288	47	6875	2000123	47	7000	2036476	47	7219	2100100	47	7500	2181888	47	7563	2200125	47	7908	2300211	47	8000	2326979	47	8251	2400112	47	8500	2472555	47	8595	2500154	47	
330	100203	57	500	151851	57	658	200042	57	987	300163	57	1000	304099	57	1316	400186	57	1500	456356	57	1644	500089	57	1972	600171	57	2000	608676	57	2301	700077	57	2500	760654	57	2630	800021	57	2959	900069	57	3000	912554	57	3288	1000064	57	3500	1064561	57	3617	1100083	57	3944	1200097	57	4000	1217352	57	4272	1300041	57	4500	1369476	57	4601	1400135	57	4928	1500080	57	5000	1522013	57	5257	1600028	57	5500	1673905	57	5586	1700126	57	5916	1800111	57	6000	1825493	57	6247	1900110	57	6500	1976839	55	6577	2000197	55	6907	2100158	55	7000	2128225	55	7231	2200153	55	7500	2282791	55	7558	2300293	55	7887	2400072	55	8000	2434162	55	8217	2500047	55	
357	100221	54	500	140521	54	713	200250	54	1000	281065	50	1068	300147	50	1423	400123	49	1500	421909	49	1777	500239	49	2000	563022	49	2132	600230	49	2487	700053	49	2500	703741	49	2843	800268	48	3000	844436	48	3198	900229	48	3500	984996	48	3554	1000168	48	3909	1100184	48	4000	1125800	48	4263	1200168	48	4500	1267115	48	4611	1300136	48	4964	1400122	48	5000	1410215	48	5320	1500238	48	5500	1550841	48	5675	1600201	48	6000	1692213	48	6028	1700090	48	6382	1800015	48	6500	1833218	48	6738	1900154	48	7000	1974010	48	7093	2000097	48	7447	2100073	48	7500	2115041	48	7803	2200142	48	8000	2255714	48	8157	2300061	48	8500	2396415	48	8513	2400089	48	8868	2500136	48	
320	100112	60	500	156654	60	638	200131	60	956	300086	60	1000	313972	60	1269	400315	60	1500	473947	60	1584	500312	60	1901	600024	60	2000	631381	60	2219	700069	60	2500	788291	60	2538	800275	60	2855	900058	60	3000	945673	60	3174	1000285	60	3492	1100231	60	3500	1102759	60	3810	1200273	58	4000	1260460	58	4126	1300230	58	4442	1400022	56	4500	1418211	56	4761	1500270	56	5000	1575391	56	5078	1600123	56	5395	1700251	56	5500	1733524	56	5712	1800049	56	6000	1890466	56	6031	1900244	56	6349	2000285	56	6500	2047825	56	6667	2100213	56	6985	2200227	56	7000	2204919	56	7303	2300108	56	7500	2362161	56	7621	2400199	56	7939	2500154	56	
119	100400	337	238	200381	337	357	300746	337	475	400238	337	500	421276	337	594	500282	337	713	600764	337	831	700598	337	949	800176	337	1000	843141	337	1068	900600	337	1187	1000863	337	1305	1100181	337	1424	1200450	337	1500	1264678	337	1543	1300912	337	1661	1400126	337	1780	1500583	337	1898	1600630	337	2000	1686800	337	2016	1700201	337	2135	1800799	337	2253	1900435	337	2372	2000797	337	2490	2100565	337	2500	2109003	337	2608	2200700	337	2726	2300192	337	2845	2400603	337	2962	2500661	337	
104	100479	351	207	200671	351	310	300563	351	413	400685	351	500	485144	351	516	500725	351	619	600848	351	722	700901	351	824	800238	351	927	900447	351	1000	971309	351	1030	1000394	351	1133	1100344	351	1236	1200114	351	1340	1300973	351	1443	1400835	351	1500	1456192	351	1545	1500144	351	1646	1600500	351	1747	1700996	351	1849	1800337	351	1952	1900289	351	2000	1947118	351	2055	2000646	351	2158	2100634	351	2261	2200656	351	2364	2300785	351	2466	2400061	351	2500	2432988	351	2569	2500164	351	
107	100361	339	213	200252	339	320	300980	339	426	400908	339	500	470666	339	532	500781	339	638	600827	339	742	700817	339	847	800728	339	953	900550	339	1000	944660	339	1059	1000490	339	1164	1100117	339	1271	1200992	339	1377	1300435	339	1483	1400767	339	1500	1416811	339	1589	1500723	339	1695	1600751	339	1800	1700113	339	1906	1800602	339	2000	1889368	339	2012	1900698	339	2118	2000799	339	2224	2100579	339	2330	2200590	339	2436	2300224	339	2500	2360361	339	2543	2400572	339	2649	2500216	339	
115	100592	325	229	200572	325	344	300828	325	458	400262	325	500	436882	325	573	500487	325	687	600137	325	802	700924	325	916	800389	325	1000	873630	325	1031	900589	325	1145	1000063	325	1260	1100332	325	1375	1200868	325	1489	1300300	325	1500	1310056	325	1604	1400779	325	1718	1500181	325	1833	1600631	325	1946	1700102	325	2000	1747081	325	2061	1800246	325	2176	1900401	325	2290	2000161	325	2405	2100224	325	2500	2183356	325	2520	2200852	325	2634	2300275	325	2749	2400448	325	2864	2500784	325	
112	100386	355	224	200684	355	335	300100	355	447	400062	355	500	447466	355	559	500423	355	671	600782	355	782	700123	355	894	800716	355	1000	895935	355	1005	900483	355	1117	1000705	355	1228	1100332	355	1340	1200764	355	1452	1300586	355	1500	1343607	355	1563	1400104	355	1675	1500154	355	1787	1600720	355	1898	1700288	355	2000	1791574	355	2010	1800630	355	2121	1900763	355	2230	2000060	355	2342	2100136	355	2454	2200184	355	2500	2241306	355	2566	2300524	355	2678	2400642	355	2790	2500530	355	
106	100995	339	211	200661	339	316	300522	339	421	400171	339	500	475137	339	526	500084	339	631	600064	339	736	700099	339	842	800905	339	947	900659	339	1000	951186	339	1050	1000470	339	1155	1100994	339	1260	1200874	339	1364	1300260	339	1470	1400919	339	1500	1429415	339	1574	1500271	339	1679	1600532	339	1784	1700684	339	1889	1800328	339	1994	1900339	339	2000	1906102	339	2099	2000275	339	2205	2100951	339	2310	2200907	339	2414	2300102	339	2500	2381850	339	2519	2400207	339	2624	2500226	339	
114	100193	385	227	200298	385	342	300327	385	457	400229	385	500	437459	385	573	500803	385	688	600774	385	802	700345	385	918	800903	385	1000	872279	385	1032	900301	385	1147	1000618	385	1262	1100528	385	1377	1200576	385	1492	1300422	385	1500	1307395	385	1607	1400204	385	1722	1500489	385	1837	1600516	385	1952	1700568	385	2000	1742095	385	2067	1800908	385	2181	1900194	385	2296	2000707	385	2411	2100608	385	2500	2178083	385	2526	2200910	385	2641	2300869	385	2756	2400725	385	2871	2500723	385	
120	100485	345	240	200642	345	359	300104	345	479	400691	345	500	418185	345	599	500598	345	719	600230	345	840	700527	345	961	800787	345	1000	833576	345	1080	900330	345	1200	1000489	345	1320	1100360	345	1441	1200684	345	1500	1249651	345	1561	1300497	345	1682	1400686	345	1801	1500152	345	1921	1600170	345	2000	1666041	345	2041	1700257	345	2162	1800619	345	2282	1900696	345	2402	2000827	345	2500	2082391	345	2522	2100580	345	2641	2200558	345	2759	2300645	345	2879	2400680	345	2999	2500691	345	
114	100782	369	227	200893	369	340	300883	369	453	400705	369	500	442183	369	566	500905	369	678	600117	369	792	700821	369	905	800804	369	1000	885139	369	1017	900154	369	1130	1000482	369	1243	1100314	369	1356	1200366	369	1468	1300123	369	1500	1329779	369	1579	1400270	369	1692	1500580	369	1804	1600329	369	1917	1700334	369	2000	1773803	369	2030	1800369	369	2143	1900633	369	2256	2000736	369	2369	2100806	369	2481	2200786	369	2500	2217692	369	2594	2300753	369	2707	2400659	369	2820	2500848	369	
112	100690	358	223	200535	358	334	300405	358	445	400579	358	500	452155	358	553	500070	358	665	600951	358	776	700815	358	887	800498	358	998	900310	358	1000	902146	358	1110	1000863	358	1221	1100849	358	1332	1200326	358	1444	1300630	358	1500	1350915	358	1555	1400260	358	1666	1500736	358	1777	1600864	358	1888	1700583	358	1999	1800244	358	2000	1801188	358	2111	1900808	358	2222	2000243	358	2333	2100155	358	2445	2200921	358	2500	2250739	358	2555	2300325	358	2667	2400939	358	2778	2500574	358	
115	100912	376	229	200373	376	343	300155	376	457	400433	376	500	438154	376	571	500661	376	685	600231	376	800	700761	376	914	800412	376	1000	875595	376	1028	900073	376	1143	1000496	376	1257	1100279	376	1372	1200583	376	1486	1300169	376	1500	1312390	376	1601	1400312	376	1715	1500616	376	1829	1600248	376	1943	1700109	376	2000	1749698	376	2058	1800254	376	2173	1900946	376	2287	2000486	376	2401	2100108	376	2500	2186830	376	2516	2200867	376	2630	2300526	376	2744	2400271	376	2859	2500829	376	
110	100512	333	219	200428	333	328	300186	333	438	400739	333	500	457354	333	547	500213	333	657	600624	333	766	700777	333	875	800091	333	985	900782	333	1000	914469	333	1094	1000511	333	1203	1100668	333	1312	1200740	333	1421	1300607	333	1500	1372757	333	1530	1400390	333	1639	1500400	333	1748	1600885	333	1855	1700213	333	1965	1800709	333	2000	1832794	333	2074	1900292	333	2184	2000932	333	2293	2100641	333	2403	2200920	333	2500	2289492	333	2512	2300500	333	2621	2400251	333	2730	2500196	333	
115	100720	357	229	200459	357	343	300160	357	458	400850	357	500	437618	357	572	500541	357	687	600884	357	798	700396	357	907	800469	357	1000	881607	357	1022	900747	357	1136	1000271	357	1251	1100738	357	1365	1200302	357	1480	1300398	357	1500	1317872	357	1594	1400219	357	1709	1500684	357	1823	1600460	357	1938	1700897	357	2000	1754950	357	2052	1800412	357	2166	1900088	357	2281	2000523	357	2395	2100094	357	2500	2191718	357	2510	2200512	357	2625	2300643	357	2739	2400181	357	2853	2500205	357	
117	100305	337	234	200733	337	350	300527	337	466	400115	337	500	429258	337	583	500626	337	699	600425	337	816	700805	337	932	800128	337	1000	858524	337	1049	900492	337	1165	1000069	337	1282	1100242	337	1399	1200309	337	1500	1287308	337	1515	1300315	337	1631	1400438	337	1747	1500221	337	1863	1600114	337	1980	1700401	337	2000	1717623	337	2097	1800582	337	2214	1900771	337	2330	2000334	337	2447	2100554	337	2500	2145873	337	2564	2200753	337	2680	2300758	337	2796	2400112	337	2913	2500436	337	
118	100512	349	236	200425	349	354	300667	349	471	400444	349	500	425012	349	589	500465	349	707	600119	349	826	700306	349	945	800645	349	1000	847393	349	1063	900866	349	1181	1000753	349	1299	1100358	349	1418	1200717	349	1500	1269705	349	1536	1300078	349	1654	1400094	349	1772	1500395	349	1891	1600809	349	2000	1693366	349	2008	1700156	349	2127	1800851	349	2245	1900577	349	2361	2000573	349	2480	2100758	349	2500	2117594	349	2598	2200455	349	2717	2300588	349	2835	2400136	349	2954	2500712	349	
110	100626	355	219	200149	355	329	300486	355	438	400199	355	500	456723	355	547	500140	355	657	600695	355	766	700336	355	876	800611	355	986	900892	355	1000	913756	355	1090	1001215	355	1196	1100449	355	1306	1200930	355	1415	1300491	355	1500	1378660	355	1524	1400717	355	1633	1500522	355	1743	1600904	355	1853	1700940	355	1962	1800271	355	2000	1835123	355	2071	1900106	355	2181	2000650	355	2290	2100338	355	2400	2200871	355	2500	2292078	355	2509	2300374	355	2618	2400190	355	2728	2500878	355	
114	100925	349	228	200467	349	343	300345	349	458	400095	349	500	436464	349	574	500829	349	689	600795	349	804	700641	349	919	800237	349	1000	870890	349	1034	900467	349	1149	1000221	349	1265	1100766	349	1380	1200590	349	1495	1300269	349	1500	1304662	349	1610	1400488	349	1725	1500527	349	1840	1600175	349	1955	1700122	349	2000	1739059	349	2071	1800464	349	2186	1900075	349	2302	2000834	349	2417	2100511	349	2500	2172740	349	2532	2200418	349	2647	2300347	349	2762	2400243	349	2878	2500857	349	
117	100875	375	232	200594	375	347	300457	375	462	400560	375	500	433459	375	578	500822	375	694	600808	375	809	700259	375	925	800386	375	1000	864928	375	1041	900395	375	1157	1000869	375	1272	1100737	375	1387	1200178	375	1498	1300411	375	1500	1302382	375	1600	1400394	375	1708	1500985	375	1816	1600155	375	1929	1700058	375	2000	1761238	375	2046	1800747	375	2161	1900262	375	2277	2000433	375	2390	2100744	375	2500	2196767	375	2504	2200746	375	2617	2300409	375	2733	2400794	375	2848	2500220	375	
118	100797	332	235	200244	332	351	300222	332	469	400424	332	500	426798	332	587	500809	332	704	600076	332	822	700683	332	938	800465	332	1000	853767	332	1054	900188	332	1171	1000395	332	1288	1100137	332	1406	1200532	332	1500	1281001	332	1521	1300557	332	1637	1400090	332	1755	1500884	332	1872	1600549	332	1989	1700264	332	2000	1709737	332	2107	1800736	332	2224	1900276	332	2341	2000166	332	2459	2100447	332	2500	2135337	332	2577	2200740	332	2694	2300150	332	2812	2400711	332	2930	2500836	332	
124	100581	340	247	200617	340	370	300776	340	490	400189	340	500	408547	340	613	500843	340	736	600794	340	859	700635	340	982	800601	340	1000	815244	340	1105	900675	340	1227	1000426	340	1349	1100305	340	1472	1200420	340	1500	1223126	340	1595	1300429	340	1717	1400307	340	1839	1500344	340	1962	1600722	340	2000	1631965	340	2084	1700675	340	2207	1800591	340	2330	1900776	340	2453	2000860	340	2500	2039106	340	2576	2100633	340	2698	2200093	340	2820	2300076	340	2943	2400310	340	3000	2446632	340	3066	2500280	340	
24	100530	1669	48	200999	1669	72	302547	1669	96	403138	1669	120	503904	1669	143	600394	1669	167	701036	1669	191	801720	1669	215	902839	1669	239	1003572	1669	263	1104514	1669	286	1201609	1669	310	1302707	1669	334	1403796	1669	357	1500455	1669	381	1600979	1669	405	1701200	1669	429	1802369	1669	453	1902726	1669	477	2003253	1669	500	2099426	1669	501	2103959	1669	524	2200311	1669	548	2301115	1669	572	2401550	1669	596	2504510	1669	
24	100395	1769	48	201027	1769	72	300334	1769	97	404028	1769	121	503427	1769	145	603302	1769	169	702737	1769	193	802031	1769	217	901903	1769	241	1002063	1769	265	1101987	1769	289	1202673	1769	313	1302476	1769	337	1402033	1769	361	1503508	1769	385	1604400	1769	409	1704032	1769	433	1804054	1769	457	1903654	1769	481	2003130	1769	500	2082032	1769	505	2102866	1769	529	2202576	1769	553	2301907	1769	577	2401569	1769	601	2500586	1769	
25	102506	1800	49	201229	1800	74	304185	1800	98	402802	1800	122	501190	1800	146	601524	1800	171	703813	1800	195	802053	1800	219	900417	1800	244	1002782	1800	268	1101632	1800	292	1200810	1800	317	1303562	1800	341	1402126	1800	365	1500595	1800	390	1602662	1800	414	1701252	1800	439	1803914	1800	463	1902631	1800	487	2000639	1800	500	2054300	1800	512	2103557	1800	536	2201486	1800	561	2304345	1800	585	2403513	1800	609	2502362	1800	
25	102811	1759	49	201028	1759	74	303580	1759	98	401908	1759	123	504157	1759	147	603031	1759	171	701776	1759	195	800339	1759	220	902874	1759	244	1001076	1759	269	1103731	1759	293	1201988	1759	318	1304170	1759	342	1402539	1759	366	1500884	1759	391	1603069	1759	415	1701262	1759	440	1804300	1759	464	1902926	1759	488	2000870	1759	500	2050347	1759	513	2103793	1759	537	2202539	1759	561	2300971	1759	586	2403159	1759	610	2501440	1759	
25	103838	1726	49	203255	1726	73	303174	1726	97	402570	1726	121	502352	1726	145	602632	1726	169	702513	1726	193	802205	1726	217	902040	1726	241	1001952	1726	265	1101885	1726	289	1201192	1726	313	1300531	1726	338	1404367	1726	362	1504007	1726	385	1601608	1726	409	1702437	1726	433	1802059	1726	457	1901810	1726	481	2001520	1726	500	2080717	1726	505	2101563	1726	529	2201139	1726	553	2300750	1726	577	2400993	1726	601	2500880	1726	
25	102656	1758	49	201561	1758	74	304257	1758	98	402854	1758	122	501300	1758	146	600367	1758	170	701727	1758	194	800642	1758	219	904124	1758	243	1002608	1758	267	1101462	1758	292	1204211	1758	316	1302662	1758	340	1401711	1758	364	1500607	1758	389	1603547	1758	413	1701638	1758	437	1800315	1758	462	1903001	1758	486	2001779	1758	500	2059645	1758	510	2101052	1758	535	2204204	1758	559	2303543	1758	583	2402432	1758	607	2501326	1758	
25	103035	1712	49	201484	1712	74	304009	1712	98	402545	1712	122	500957	1712	147	603586	1712	171	702430	1712	195	801264	1712	220	904405	1712	244	1003097	1712	268	1101736	1712	293	1204157	1712	317	1302617	1712	341	1400911	1712	366	1503278	1712	390	1601692	1712	415	1703992	1712	439	1802951	1712	463	1901274	1712	488	2003769	1712	500	2052949	1712	512	2102434	1712	536	2200826	1712	561	2303708	1712	585	2402683	1712	609	2500969	1712	
25	103342	1712	49	202767	1712	73	301486	1712	97	400458	1712	122	503751	1712	146	602523	1712	170	701835	1712	194	801508	1712	218	900737	1712	243	1004049	1712	267	1104173	1712	291	1203125	1712	315	1301747	1712	339	1401000	1712	364	1503758	1712	388	1602881	1712	412	1703231	1712	436	1804059	1712	460	1903283	1712	484	2002027	1712	500	2068663	1712	508	2102044	1712	532	2201383	1712	557	2304349	1712	581	2403666	1712	605	2502982	1712	
24	100588	1743	48	200775	1743	72	301101	1743	96	401371	1743	120	501540	1743	144	602087	1743	168	702672	1743	191	801561	1743	215	901988	1743	239	1001683	1743	263	1101891	1743	287	1202747	1743	311	1302439	1743	335	1402322	1743	359	1502211	1743	383	1602889	1743	407	1702930	1743	431	1802860	1743	455	1903552	1743	479	2003708	1743	500	2091207	1743	503	2104071	1743	527	2204401	1743	550	2300617	1743	574	2400655	1743	598	2500740	1743	
25	104061	1684	49	204285	1684	72	300778	1684	96	401231	1684	120	501236	1684	144	602601	1684	168	703702	1684	192	804053	1684	216	903972	1684	240	1004379	1684	264	1104411	1684	288	1204434	1684	311	1300512	1684	335	1400984	1684	359	1501357	1684	383	1601717	1684	407	1701725	1684	431	1802026	1684	455	1902410	1684	479	2002905	1684	500	2090663	1684	503	2103513	1684	527	2204094	1684	550	2300335	1684	574	2400474	1684	598	2500423	1684	
25	101229	1705	50	202530	1705	75	303331	1705	100	404023	1705	124	501087	1705	149	602949	1705	174	703919	1705	198	800536	1705	223	901858	1705	248	1003099	1705	273	1104125	1705	297	1200973	1705	322	1302171	1705	347	1402789	1705	372	1503645	1705	396	1600507	1705	421	1701507	1705	446	1802084	1705	470	1901927	1705	495	2002836	1705	500	2023322	1705	520	2104106	1705	544	2200876	1705	569	2301963	1705	594	2403186	1705	618	2501369	1705	
26	101028	1778	52	201293	1778	78	301506	1778	104	402193	1778	130	503314	1778	155	600479	1778	181	701001	1778	207	801814	1778	233	904303	1778	258	1001574	1778	284	1102084	1778	310	1202844	1778	336	1303836	1778	361	1400749	1778	387	1501208	1778	413	1601798	1778	439	1702787	1778	465	1803174	1778	491	1903961	1778	500	1938857	1778	516	2000956	1778	542	2101649	1778	568	2202342	1778	594	2302807	1778	620	2404169	1778	645	2500543	1778	
25	102863	1776	49	201328	1776	74	304038	1776	98	402662	1776	122	501166	1776	147	603976	1776	171	702685	1776	195	801861	1776	219	901003	1776	244	1003822	1776	268	1102323	1776	292	1200968	1776	317	1303415	1776	341	1401844	1776	366	1504084	1776	390	1603008	1776	414	1701838	1776	438	1800602	1776	463	1903192	1776	487	2001457	1776	500	2055289	1776	511	2100635	1776	536	2203247	1776	560	2301496	1776	585	2404393	1776	609	2502446	1776	
26	104133	1737	50	200696	1737	75	301649	1737	100	402465	1737	125	502756	1737	150	602533	1737	175	703195	1737	200	803247	1737	225	903109	1737	250	1003469	1737	275	1104154	1737	299	1201079	1737	324	1301407	1737	349	1402027	1737	374	1502710	1737	399	1602850	1737	424	1703486	1737	449	1803697	1737	474	1903888	1737	498	2002064	1737	500	2010458	1737	523	2103361	1737	548	2203470	1737	573	2303949	1737	598	2404247	1737	622	2500669	1737	
26	102947	1742	51	201201	1742	77	304069	1742	102	402244	1742	127	500792	1742	153	603145	1742	178	701379	1742	204	803690	1742	229	902717	1742	254	1001151	1742	279	1101791	1742	304	1200320	1742	330	1302712	1742	355	1401149	1742	381	1503142	1742	406	1601840	1742	432	1703946	1742	457	1802399	1742	482	1900699	1742	500	1971488	1742	508	2003028	1742	533	2101725	1742	559	2203900	1742	584	2301974	1742	609	2400456	1742	635	2502891	1742	
26	103832	1764	51	202823	1764	76	301044	1764	102	403076	1764	127	501129	1764	153	603293	1764	178	701137	1764	204	803292	1764	229	901418	1764	255	1003456	1764	280	1101473	1764	306	1203759	1764	331	1302083	1764	356	1400356	1764	382	1502242	1764	407	1600425	1764	433	1702852	1764	458	1801049	1764	484	1903300	1764	500	1966159	1764	509	2001794	1764	534	2100732	1764	560	2202897	1764	585	2301276	1764	611	2404081	1764	636	2502462	1764	
27	103635	1725	53	203404	1725	79	303643	1725	105	403564	1725	131	502932	1725	157	602862	1725	183	703207	1725	209	802782	1725	235	902573	1725	261	1002173	1725	287	1102033	1725	313	1201868	1725	339	1302386	1725	365	1402230	1725	391	1502357	1725	417	1601927	1725	443	1701703	1725	469	1801739	1725	495	1901821	1725	500	1921238	1725	521	2003128	1725	546	2101079	1725	572	2201996	1725	598	2301609	1725	624	2401528	1725	650	2501391	1725	
26	103923	1716	51	203724	1716	76	302769	1716	101	402366	1716	126	501447	1716	151	600887	1716	177	703926	1716	202	803575	1716	227	903067	1716	252	1002525	1716	277	1101797	1716	302	1202688	1716	327	1301854	1716	352	1400823	1716	378	1503981	1716	403	1603001	1716	428	1701977	1716	453	1801211	1716	479	1904288	1716	500	1987497	1716	504	2003678	1716	529	2102877	1716	554	2201949	1716	579	2301466	1716	604	2400495	1716	630	2503702	1716	
26	101441	1725	50	200543	1725	76	302868	1725	102	403249	1725	128	504123	1725	153	601030	1725	179	701529	1725	205	802032	1725	231	902565	1725	257	1003467	1725	283	1104031	1725	308	1201006	1725	334	1301321	1725	360	1402313	1725	386	1503062	1725	412	1603548	1725	437	1700594	1725	463	1801245	1725	489	1902131	1725	500	1945035	1725	515	2003380	1725	540	2100585	1725	566	2201427	1725	592	2301654	1725	618	2402649	1725	644	2503335	1725	
27	103953	1715	52	200275	1715	78	300319	1715	104	400350	1715	130	500687	1715	156	600570	1715	183	704029	1715	208	800489	1715	234	900892	1715	260	1001132	1715	286	1101650	1715	312	1202215	1715	338	1302505	1715	364	1402571	1715	390	1502842	1715	416	1603405	1715	442	1703492	1715	468	1803390	1715	494	1903311	1715	500	1926561	1715	520	2003454	1715	546	2103724	1715	572	2203734	1715	597	2302486	1715	623	2402689	1715	649	2503178	1715	
311	100078	108	500	162690	81	612	200053	79	913	300336	79	1000	329347	79	1213	400171	79	1500	495726	79	1513	500080	79	1814	600169	76	2000	662022	76	2115	700228	76	2415	800278	76	2500	828732	76	2714	900321	76	3000	995423	76	3014	1000119	76	3315	1100320	76	3500	1162191	76	3614	1200206	76	3909	1300213	76	4000	1330931	76	4208	1400134	76	4500	1497758	76	4507	1500090	76	4808	1600347	76	5000	1664481	76	5106	1700035	76	5406	1800067	76	5500	1831176	76	5708	1900045	76	6000	1997336	71	6009	2000336	71	6309	2100059	71	6500	2163592	71	6610	2200266	71	6911	2300299	71	7000	2329844	71	7210	2400081	71	7500	2496337	71	7511	2500028	71	
321	100305	122	500	158246	122	630	200122	120	938	300052	95	1000	320295	95	1243	400194	73	1500	483979	70	1550	500059	70	1862	600059	60	2000	644479	60	2173	700197	60	2484	800284	60	2500	805475	60	2794	900143	60	3000	966360	60	3105	1000147	60	3417	1100217	59	3500	1127070	59	3728	1200127	59	4000	1287056	59	4041	1300237	59	4352	1400031	59	4500	1447487	59	4664	1500180	51	4974	1600071	51	5000	1608454	51	5284	1700047	51	5500	1769894	51	5594	1800063	51	5904	1900064	51	6000	1930976	51	6215	2000311	51	6500	2091623	51	6527	2100300	51	6838	2200231	51	7000	2252337	51	7149	2300169	51	7459	2400146	51	7500	2413455	51	7769	2500063	51	
310	100206	85	500	164417	77	606	200185	77	904	300152	70	1000	332401	70	1202	400077	70	1500	499981	70	1501	500327	70	1799	600329	70	2000	667520	70	2097	700183	70	2396	800163	70	2500	835129	70	2694	900271	70	2992	1000291	70	3000	1002949	70	3289	1100189	70	3500	1170964	70	3587	1200185	70	3886	1300045	70	4000	1338408	70	4184	1400034	70	4484	1500080	70	4500	1505405	70	4782	1600161	70	5000	1673124	70	5078	1700255	70	5376	1800205	70	5500	1841729	70	5675	1900281	70	5972	2000052	68	6000	2009413	68	6271	2100104	68	6500	2177456	68	6568	2200330	68	6864	2300018	68	7000	2345883	68	7162	2400194	68	7461	2500304	68	
315	100061	148	500	161383	109	618	200231	107	921	300250	94	1000	326340	94	1223	400174	93	1500	491807	93	1525	500063	93	1829	600261	91	2000	656679	85	2131	700049	85	2433	800018	85	2500	822168	85	2737	900321	84	3000	987104	84	3040	1000302	84	3344	1100256	84	3500	1151554	82	3648	1200121	82	3952	1300093	81	4000	1315853	81	4256	1400191	81	4500	1481511	81	4557	1500193	81	4860	1600035	81	5000	1647793	81	5157	1700109	81	5461	1800276	81	5500	1813074	81	5763	1900016	81	6000	1978102	81	6067	2000110	81	6370	2100076	81	6500	2143121	81	6674	2200145	80	6979	2300311	80	7000	2307215	80	7282	2400159	80	7500	2471764	80	7586	2500103	80	
315	100334	110	500	161440	106	616	200126	101	919	300253	91	1000	327025	91	1221	400239	84	1500	492652	84	1523	500263	84	1826	600226	84	2000	657813	84	2128	700151	84	2421	800302	84	2500	826976	84	2721	900092	84	3000	992270	84	3024	1000199	84	3326	1100266	84	3500	1158103	84	3626	1200023	84	3929	1300334	84	4000	1323792	84	4231	1400245	81	4500	1489864	81	4531	1500109	81	4834	1600257	76	5000	1655231	76	5136	1700045	76	5438	1800091	76	5500	1820700	76	5741	1900279	76	6000	1986124	76	6042	2000074	76	6343	2100215	76	6500	2152132	76	6646	2200187	76	6948	2300334	76	7000	2317595	76	7250	2400240	76	7500	2482916	76	7552	2500041	76	
304	100168	102	500	166904	84	598	200360	75	889	300158	66	1000	338216	66	1181	400016	65	1474	500105	65	1500	509165	63	1766	600179	63	2000	680071	63	2059	700172	63	2352	800063	58	2500	850864	58	2644	900109	58	2937	1000266	58	3000	1021813	58	3228	1100126	58	3500	1193157	55	3520	1200019	55	3812	1300149	55	4000	1364380	55	4105	1400274	55	4397	1500237	55	4500	1535492	55	4690	1600179	54	4983	1700174	54	5000	1705977	54	5277	1800268	54	5500	1876177	54	5571	1900330	54	5864	2000090	54	6000	2046569	54	6157	2100267	54	6450	2200263	54	6500	2217317	54	6743	2300037	54	7000	2387682	54	7037	2400236	54	7330	2500054	54	
306	100186	154	500	166244	142	601	200243	131	896	300226	130	1000	335525	130	1191	400020	120	1486	500151	106	1500	504923	106	1782	600159	106	2000	673846	106	2078	700307	106	2373	800180	103	2500	843650	103	2665	900153	96	2960	1000244	84	3000	1013758	84	3256	1100324	84	3500	1183110	84	3550	1200193	84	3844	1300163	84	4000	1352898	84	4140	1400211	84	4436	1500128	84	4500	1521694	84	4732	1600190	84	5000	1691140	84	5027	1700252	84	5322	1800146	84	5500	1860316	84	5618	1900214	84	5906	2000256	84	6000	2032114	84	6201	2100194	84	6497	2200283	84	6500	2201312	84	6791	2300045	84	7000	2370917	84	7086	2400121	84	7381	2500102	84	
306	100274	175	500	165869	131	602	200124	124	897	300080	107	1000	335408	107	1191	400334	107	1486	500262	107	1500	505028	107	1780	600338	107	2000	674986	107	2074	700142	106	2369	800046	98	2500	844568	98	2665	900180	98	2961	1000115	98	3000	1013246	98	3250	1100209	98	3500	1185090	98	3545	1200343	98	3841	1300327	96	4000	1354459	96	4135	1400238	96	4430	1500114	96	4500	1523830	96	4726	1600053	96	5000	1693088	96	5021	1700282	96	5316	1800213	93	5500	1863084	93	5609	1900032	93	5905	2000065	93	6000	2032291	93	6199	2100053	93	6494	2200071	93	6500	2202111	93	6790	2300275	93	7000	2371958	93	7083	2400033	93	7378	2500088	93	
312	100066	168	500	162147	117	609	200108	117	910	300311	115	1000	330003	115	1212	400069	115	1500	494803	115	1516	500062	115	1820	600125	115	2000	659378	115	2124	700176	115	2425	800060	113	2500	824972	113	2727	900222	98	3000	990573	97	3029	1000144	97	3331	1100128	95	3500	1156160	88	3633	1200150	88	3936	1300203	88	4000	1321352	88	4238	1400156	84	4500	1487349	77	4539	1500212	77	4841	1600119	73	5000	1652544	73	5139	1700142	73	5442	1800129	73	5500	1819279	73	5745	1900125	73	6000	1984381	73	6048	2000291	73	6350	2100177	73	6500	2149889	73	6652	2200132	73	6955	2300334	73	7000	2315328	73	7257	2400181	73	7500	2480832	73	7559	2500252	73	
305	100307	131	500	167440	112	596	200131	112	888	300128	102	1000	338323	102	1181	400054	100	1474	500255	94	1500	509125	94	1767	600237	94	2000	679587	85	2061	700305	85	2354	800145	85	2500	849972	85	2648	900174	85	2942	1000094	85	3000	1019702	83	3237	1100247	80	3500	1189646	80	3531	1200154	80	3823	1300137	80	4000	1360063	80	4116	1400043	80	4410	1500309	80	4500	1530959	80	4703	1600329	80	4997	1700156	80	5000	1701167	80	5292	1800339	78	5500	1871402	78	5584	1900071	78	5878	2000308	78	6000	2041837	78	6172	2100303	78	6463	2200050	78	6500	2212717	78	6751	2300231	78	7000	2385766	78	7042	2400054	78	7336	2500337	78	
103	100776	5422	204	200467	1589	299	301021	1464	393	400848	1344	487	500358	1297	500	514291	1297	581	600669	1297	674	700098	1297	768	800437	1268	862	900215	1268	957	1001111	1268	1000	1046710	1268	1051	1101012	1268	1145	1200752	1268	1239	1300371	1268	1332	1400171	1268	1426	1500831	1268	1500	1579106	1268	1520	1600385	1268	1614	1700724	1268	1708	1800253	1268	1802	1900121	1268	1897	2000697	1268	1991	2100611	1268	2000	2110260	1268	2085	2201038	1268	2178	2300471	1268	2273	2401108	1268	2367	2500683	1268	
106	100971	5170	209	200112	1737	307	300628	1556	404	400430	1556	495	500234	1556	500	505476	1556	592	600877	1556	689	700977	1533	786	801025	1502	883	900567	1472	980	1000248	1472	1000	1020966	1472	1078	1101014	1472	1175	1200540	1472	1272	1300106	1472	1370	1400447	1472	1468	1501002	1472	1500	1533671	1472	1565	1600114	1472	1663	1700808	1472	1760	1800510	1472	1857	1900157	1472	1955	2000779	1472	2000	2046799	1472	2052	2100225	1472	2150	2200767	1472	2247	2300453	1472	2345	2400813	1472	2442	2500921	1472	
106	100293	4184	208	200691	1713	305	301011	1517	402	401026	1354	498	500544	1310	500	502661	1310	594	600498	1310	691	701043	1236	787	800663	1236	883	900442	1236	980	1000899	1236	1000	1021680	1236	1076	1100587	1236	1173	1200961	1236	1269	1300250	1236	1366	1400569	1236	1463	1500565	1221	1500	1538780	1221	1560	1600708	1197	1657	1700902	1197	1754	1800692	1197	1851	1900664	1160	1947	2000478	1160	2000	2055242	1160	2044	2100771	1160	2140	2200236	1160	2237	2300923	1160	2333	2400477	1160	2429	2500270	1160	
103	100336	4982	205	200336	1413	301	300851	1168	395	400514	1117	490	500884	1068	500	511581	1068	584	600093	1068	679	700106	1068	775	801093	1068	870	901079	1068	965	1000937	1068	1000	1038223	1068	1059	1100453	1068	1154	1200559	1068	1249	1300453	1068	1344	1400868	1068	1439	1500840	1068	1500	1565202	1068	1534	1601056	1068	1626	1700166	1068	1721	1800520	1068	1816	1900302	1068	1911	2000717	1068	2000	2094328	1068	2006	2100662	1068	2101	2200811	1068	2196	2300717	1057	2291	2400616	1057	2386	2500683	1031	
104	100990	5435	205	200800	1958	300	300197	1777	396	400072	1608	492	500204	1563	500	508562	1563	588	600442	1563	683	700240	1563	777	800487	1563	872	900097	1563	967	1000397	1563	1000	1034846	1563	1063	1100768	1563	1159	1200618	1539	1255	1301002	1539	1350	1400478	1539	1446	1500804	1539	1500	1557520	1539	1540	1600605	1506	1635	1700114	1455	1731	1800512	1455	1827	1900827	1435	1922	2000503	1435	2000	2082344	1435	2017	2100266	1435	2113	2200812	1435	2208	2300432	1401	2303	2400614	1401	2398	2500519	1401	
104	100847	4957	204	200695	2077	299	300823	1785	393	400937	1768	487	501001	1718	500	514775	1718	581	600247	1600	676	700765	1563	770	800841	1543	864	900426	1498	959	1000673	1448	1000	1043968	1390	1054	1100967	1334	1148	1200299	1307	1243	1300862	1307	1337	1400208	1307	1432	1500600	1307	1500	1572461	1307	1527	1600918	1307	1621	1700239	1307	1716	1800407	1307	1811	1900417	1307	1905	2000894	1307	1999	2100947	1307	2000	2102077	1307	2093	2200661	1275	2188	2300272	1275	2284	2400448	1275	2380	2501078	1275	
104	100601	4512	204	200078	1632	300	300442	1425	396	400969	1336	491	500980	1336	500	510532	1336	585	600525	1336	680	700591	1336	775	800760	1336	870	900921	1336	964	1000676	1336	1000	1038643	1336	1059	1100905	1336	1153	1200430	1336	1248	1300883	1336	1342	1400163	1298	1437	1500464	1298	1500	1567126	1298	1532	1600920	1298	1627	1701060	1298	1720	1800217	1298	1815	1900615	1298	1908	2000815	1298	2000	2097822	1244	2003	2101024	1244	2097	2200308	1244	2193	2301053	1244	2288	2401021	1244	2382	2500137	1244	
104	100664	4953	206	200815	1318	301	300536	1230	396	400438	1230	491	500169	1230	500	509716	1230	587	600861	1230	682	700516	1203	777	800578	1174	872	900668	1174	967	1000929	1101	1000	1035246	1051	1061	1101062	1051	1156	1200729	1009	1251	1300369	1009	1346	1400116	1009	1442	1500457	1009	1500	1561129	1008	1538	1601093	1008	1633	1700627	1008	1728	1800460	1008	1823	1900332	1008	1919	2000771	994	2000	2085283	994	2015	2100934	958	2110	2200465	958	2205	2300249	958	2301	2401083	916	2396	2500857	916	
104	100478	5293	199	200178	1595	295	301005	1373	390	400872	1319	485	500757	1290	500	516590	1290	580	600692	1253	675	700409	1185	770	800489	1116	865	900636	1052	960	1000511	1042	1000	1042642	1042	1054	1100091	1042	1149	1200253	1042	1244	1300814	971	1338	1400346	956	1433	1500947	956	1500	1571784	956	1527	1600447	956	1622	1700875	956	1717	1800909	956	1812	1900891	930	1907	2000881	894	2000	2098533	894	2002	2100701	894	2097	2200653	894	2192	2300988	894	2287	2400963	894	2382	2501080	894	
106	100996	5299	209	200965	1444	304	300617	1299	400	401027	1254	496	500710	1168	500	504908	1168	592	600099	1168	689	700765	1164	785	800073	1124	883	900979	1124	979	1000127	1124	1000	1021999	1124	1076	1101052	1124	1172	1200522	1124	1269	1300621	1124	1365	1400100	1124	1462	1500922	1107	1500	1540420	1107	1558	1600768	1107	1654	1700213	1107	1751	1800975	1107	1847	1900757	1107	1942	2000108	1107	2000	2059701	1017	2040	2101090	1017	2136	2200705	1017	2226	2300342	1017	2322	2400286	1017	2419	2500379	1017	
21	101287	50387	42	202672	50387	63	304105	50387	83	400468	50387	104	501633	50387	125	602985	50387	146	704296	50387	166	801295	50387	187	903442	50387	208	1004557	50387	228	1100974	50387	249	1202333	50387	270	1303714	50387	289	1401784	50387	309	1502729	50387	330	1604722	50387	350	1700901	50387	371	1802046	50387	392	1903346	50387	413	2004480	50387	433	2100768	50387	454	2202186	50387	475	2303342	50387	496	2404642	50387	500	2424198	50387	516	2501317	50387	
21	101971	49956	42	203368	49956	63	304855	49956	83	403824	49956	103	501001	49956	124	602431	49956	145	703969	49956	165	800936	49956	186	902318	49956	207	1003713	49956	228	1105033	49956	248	1202311	49956	269	1303496	49956	289	1400485	49956	310	1502220	49956	331	1604275	49956	351	1701114	49956	372	1802496	49956	393	1903872	49956	413	2000676	49956	434	2102275	49956	455	2203937	49956	475	2300926	49956	496	2402379	49956	500	2421858	49956	517	2504609	49956	
21	100909	50094	42	201527	50094	63	302136	50094	84	403151	50094	105	503809	50094	126	604415	50094	147	705124	50094	167	801194	50094	188	901865	50094	209	1002448	50094	230	1102812	50094	251	1203276	50094	272	1304138	50094	293	1404569	50094	314	1504974	50094	334	1601266	50094	355	1701986	50094	376	1802842	50094	397	1903816	50094	418	2004392	50094	438	2100512	50094	459	2201057	50094	480	2301663	50094	500	2399017	50094	501	2404434	50094	521	2501087	50094	
21	101323	50271	42	203021	50271	63	304550	50271	83	400681	50271	104	502266	50271	125	604037	50271	145	700612	50271	166	802274	50271	187	903608	50271	208	1004642	50271	228	1100858	50271	249	1202550	50271	270	1304202	50271	290	1400716	50271	311	1504790	50271	331	1601920	50271	352	1702904	50271	373	1804429	50271	393	1900907	50271	414	2001830	50271	435	2103262	50271	456	2204275	50271	476	2300653	50271	497	2401912	50271	500	2416791	50271	518	2503826	50271	
21	100682	49591	42	201434	49591	63	302319	49591	84	402871	49591	104	500983	49591	125	601946	49591	146	702525	49591	167	803378	49591	188	904046	49591	209	1004850	49591	229	1100745	49591	250	1201807	49591	271	1302689	49591	292	1403442	49591	313	1504086	49591	334	1604451	49591	354	1701035	49591	375	1802415	49591	396	1903366	49591	417	2004215	49591	438	2105020	49591	458	2200999	49591	479	2301764	49591	500	2402884	49591	500	2403272	49591	521	2504088	49591	
21	102093	50128	42	203988	50128	62	300847	50128	83	402657	50128	104	504469	50128	124	601868	50128	145	704047	50128	165	801549	50128	186	903302	50128	206	1000370	50128	227	1102368	50128	248	1204574	50128	268	1301858	50128	289	1403695	50128	309	1500965	50128	330	1602816	50128	351	1704746	50128	371	1801727	50128	392	1904047	50128	412	2001327	50128	433	2103488	50128	453	2200956	50128	474	2302818	50128	495	2404842	50128	500	2429452	50128	515	2504786	50128	
21	101360	50437	42	202267	50437	63	303718	50437	84	404566	50437	104	501021	50437	125	601814	50437	146	702942	50437	167	804300	50437	187	900584	50437	208	1002024	50437	229	1102811	50437	250	1203927	50437	271	1304946	50437	291	1400928	50437	312	1503951	50437	332	1601032	50437	353	1701789	50437	374	1802632	50437	395	1903696	50437	416	2004796	50437	436	2100665	50437	457	2202040	50437	478	2303440	50437	499	2405100	50437	500	2410273	50437	519	2501787	50437	
21	101870	50327	42	203554	50327	62	300719	50327	83	402187	50327	104	504644	50327	124	603049	50327	145	704842	50327	165	802269	50327	186	903906	50327	206	1000594	50327	227	1102292	50327	248	1203842	50327	268	1300677	50327	289	1402655	50327	310	1504205	50327	330	1601258	50327	351	1702979	50327	372	1804677	50327	392	1901684	50327	413	2003526	50327	434	2105056	50327	454	2201685	50327	475	2303365	50327	496	2404495	50327	500	2424094	50327	516	2501614	50327	
21	101502	50194	42	202850	50194	63	304376	50194	83	401042	50194	104	502184	50194	125	604136	50194	145	701016	50194	166	802934	50194	187	904550	50194	207	1001306	50194	228	1102604	50194	249	1204379	50194	269	1300967	50194	290	1403219	50194	311	1504868	50194	331	1601140	50194	352	1702993	50194	373	1804383	50194	393	1900883	50194	414	2002281	50194	435	2104206	50194	455	2200754	50194	476	2302229	50194	497	2404235	50194	500	2419141	50194	517	2501259	50194	
21	100728	50329	42	201817	50329	63	302738	50329	84	403565	50329	105	504416	50329	125	600683	50329	146	701855	50329	167	802704	50329	188	903797	50329	209	1004411	50329	229	1100512	50329	250	1201453	50329	271	1302036	50096	292	1402893	50096	313	1504115	50096	333	1602300	50096	354	1703573	50096	375	1805135	50096	395	1902006	50096	416	2003074	50096	437	2104342	50096	457	2200781	50096	478	2301973	50096	499	2403227	50096	500	2408394	50096	520	2504932	50096	
