wersja nr 3;wspolczynnik mutacji 3.200000;wielkosc populacji 60
216	100105	281	430	200257	245	644	300077	245	859	400312	245	1075	500396	214	1291	600094	214	1507	700056	214	1724	800068	214	1938	900197	214	2150	1000324	214	2362	1100198	214	2574	1200173	214	2786	1300030	214	2999	1400408	214	3211	1500252	214	3423	1600293	214	3635	1700347	214	3847	1800128	214	4059	1900083	214	4271	2000060	214	4484	2100431	214	4696	2200457	214	4908	2300187	214	5120	2400268	214	5333	2500372	214	5545	2600380	214	5758	2700402	214	5969	2800160	214	6181	2900202	214	6392	3000239	214	6606	3100429	214	6816	3200181	214	7027	3300387	214	7237	3400424	214	7449	3500410	214	
211	100054	268	420	200168	268	631	300444	268	841	400408	268	1051	500466	268	1260	600269	268	1467	700316	245	1676	800223	245	1886	900181	245	2096	1000304	245	2306	1100270	245	2516	1200350	245	2726	1300103	245	2936	1400196	245	3147	1500379	245	3358	1600425	245	3568	1700272	245	3779	1800478	245	3989	1900266	245	4200	2000434	245	4410	2100363	245	4618	2200283	227	4830	2300418	227	5040	2400038	227	5252	2500340	227	5463	2600158	227	5675	2700373	227	5886	2800265	227	6098	2900440	227	6310	3000429	227	6520	3100409	227	6731	3200326	227	6942	3300096	227	7154	3400449	227	7363	3500175	227	
212	100133	380	422	200073	380	633	300373	380	843	400347	380	1053	500228	380	1263	600241	342	1473	700244	342	1683	800247	342	1893	900145	342	2103	1000146	342	2313	1100064	320	2523	1200361	320	2734	1300100	320	2946	1400475	320	3155	1500422	320	3364	1600334	287	3573	1700180	287	3783	1800227	287	3992	1900166	287	4202	2000463	287	4409	2100300	287	4618	2200371	287	4828	2300335	263	5037	2400470	263	5244	2500022	263	5450	2600149	263	5658	2700478	263	5865	2800122	263	6074	2900417	263	6283	3000229	263	6493	3100415	263	6703	3200220	263	6913	3300278	263	7122	3400187	263	7331	3500280	263	
208	100206	221	419	200248	193	632	300449	193	843	400093	193	1054	500401	193	1265	600159	193	1476	700217	193	1689	800231	193	1904	900214	193	2122	1000374	193	2338	1100065	193	2554	1200202	193	2768	1300078	193	2983	1400349	193	3197	1500354	193	3411	1600329	193	3627	1700333	193	3843	1800104	193	4056	1900061	193	4271	2000362	193	4486	2100166	193	4700	2200044	170	4916	2300273	170	5131	2400193	170	5346	2500325	170	5561	2600367	170	5777	2700312	170	5992	2800470	170	6207	2900458	170	6421	3000136	170	6636	3100354	170	6850	3200264	170	7062	3300287	170	7274	3400407	170	7486	3500409	170	
212	100392	342	421	200082	305	632	300234	305	843	400244	305	1054	500422	305	1263	600307	305	1474	700386	305	1685	800368	282	1896	900221	282	2106	1000045	282	2318	1100172	282	2529	1200090	282	2741	1300436	282	2952	1400095	282	3164	1500212	282	3376	1600470	282	3585	1700415	282	3794	1800044	282	4003	1900397	282	4214	2000291	282	4425	2100064	282	4637	2200309	282	4849	2300336	282	5060	2400115	282	5272	2500423	282	5483	2600421	264	5696	2700417	264	5910	2800424	264	6124	2900291	264	6338	3000081	264	6553	3100020	264	6769	3200262	264	6984	3300114	264	7197	3400027	264	7412	3500080	264	
231	100153	150	460	200175	150	689	300306	150	918	400460	150	1146	500321	150	1375	600286	150	1604	700194	150	1833	800074	150	2063	900248	150	2292	1000138	150	2521	1100132	150	2751	1200259	150	2980	1300036	150	3210	1400281	150	3439	1500430	150	3668	1600396	150	3897	1700125	150	4127	1800177	150	4356	1900433	150	4584	2000198	150	4813	2100086	150	5043	2200313	150	5273	2300446	150	5502	2400035	119	5732	2500328	119	5961	2600350	119	6190	2700184	119	6419	2800027	119	6649	2900320	119	6879	3000425	119	7108	3100278	119	7338	3200207	119	7568	3300363	119	7797	3400186	119	8027	3500268	119	
231	100159	137	461	200166	137	691	300176	102	921	400163	102	1151	500317	102	1379	600141	102	1606	700318	102	1835	800241	102	2064	900191	102	2294	1000305	102	2524	1100384	102	2753	1200291	102	2983	1300268	102	3212	1400270	102	3441	1500263	102	3671	1600238	102	3900	1700447	102	4128	1800413	102	4357	1900313	102	4586	2000197	102	4815	2100060	102	5044	2200317	102	5273	2300139	102	5501	2400055	102	5730	2500069	102	5960	2600245	102	6189	2700343	102	6418	2800049	102	6647	2900238	102	6875	3000196	102	7104	3100426	102	7333	3200448	102	7562	3300131	102	7792	3400363	102	8021	3500322	102	
232	100264	108	461	200344	108	690	300281	108	919	400064	108	1148	500194	108	1377	600067	108	1607	700312	108	1836	800049	108	2066	900295	108	2295	1000118	108	2525	1100073	108	2755	1200340	108	2984	1300141	108	3214	1400167	108	3444	1500318	108	3673	1600129	108	3902	1700263	108	4132	1800384	108	4361	1900133	108	4591	2000154	108	4820	2100076	108	5050	2200333	108	5279	2300100	108	5509	2400247	108	5739	2500459	108	5968	2600106	108	6198	2700184	108	6428	2800136	108	6656	2900086	108	6886	3000394	108	7113	3100227	108	7342	3200355	108	7571	3300062	108	7800	3400166	108	8028	3500486	108	
230	100183	143	460	200168	143	690	300155	143	921	400417	143	1151	500464	143	1381	600304	143	1611	700263	143	1840	800126	143	2070	900163	143	2300	1000331	143	2530	1100115	143	2761	1200192	121	2989	1300241	121	3218	1400252	121	3446	1500064	121	3677	1600452	121	3906	1700346	121	4135	1800044	121	4365	1900183	121	4595	2000055	121	4825	2100041	121	5055	2200252	93	5285	2300370	93	5515	2400390	93	5745	2500363	93	5974	2600052	93	6204	2700258	93	6434	2800328	93	6662	2900068	93	6892	3000319	93	7122	3100341	93	7351	3200055	93	7581	3300270	93	7810	3400456	93	8039	3500369	93	
230	100239	159	459	200054	159	689	300287	159	918	400148	159	1147	500409	159	1375	600193	159	1604	700198	159	1833	800212	159	2063	900380	136	2292	1000414	136	2522	1100444	136	2751	1200161	136	2981	1300212	136	3210	1400374	136	3439	1500034	136	3669	1600083	136	3899	1700313	136	4129	1800178	119	4360	1900434	119	4589	2000280	119	4818	2100146	119	5047	2200101	119	5277	2300189	119	5507	2400342	119	5737	2500328	119	5966	2600225	119	6196	2700245	119	6426	2800311	119	6655	2900064	119	6884	3000077	119	7113	3100248	119	7342	3200028	119	7570	3300068	119	7799	3400432	119	8028	3500301	119	
71	100809	3090	141	201412	3090	211	301167	3090	281	401350	3090	350	500226	3090	420	600225	3090	490	700608	2910	560	800509	2910	629	900238	2910	699	1000596	2910	769	1101103	2910	839	1201383	2910	908	1300216	2910	978	1400359	2910	1048	1500792	2910	1117	1600141	2910	1187	1700689	2910	1257	1800615	2910	1327	1900931	2910	1397	2000631	2910	1467	2100454	2910	1537	2200652	2910	1607	2301467	2910	1676	2400557	2910	1745	2500195	2910	1815	2600409	2910	1885	2701171	2910	1955	2801321	2910	2025	2901355	2910	2094	3000278	2910	2164	3100815	2910	2234	3201341	2910	2303	3300659	2910	2373	3400901	2910	2442	3500340	2910	
71	100829	2906	141	201239	2906	210	300510	2906	280	400823	2906	350	501469	2906	419	601250	2906	488	701471	2906	557	800469	2906	627	900770	2906	697	1001060	2906	766	1100268	2906	836	1200623	2906	906	1301257	2906	975	1400091	2906	1045	1501044	2906	1115	1601048	2906	1185	1701161	2906	1254	1800167	2906	1324	1900293	2906	1394	2000808	2906	1464	2101190	2906	1534	2201347	2906	1603	2300480	2906	1673	2400493	2906	1743	2501230	2906	1812	2600414	2906	1882	2700627	2906	1951	2800475	2906	2021	2901176	2906	2090	3000606	2906	2160	3101110	2906	2230	3201206	2906	2299	3300215	2906	2369	3400137	2906	2439	3500099	2707	
71	100691	2998	141	201454	2998	210	300223	2998	280	400886	2998	350	501287	2998	419	600911	2998	489	700787	2828	558	800257	2828	628	901186	2828	697	1000253	2828	767	1100905	2828	837	1201234	2828	907	1301289	2828	976	1400847	2828	1046	1501064	2828	1115	1600334	2828	1185	1700767	2828	1254	1800503	2828	1324	1901227	2828	1393	2000289	2828	1463	2100974	2828	1533	2201373	2828	1602	2300699	2828	1671	2400196	2828	1741	2501291	2828	1810	2600584	2828	1878	2700779	2828	1948	2801533	2828	2017	2900693	2828	2087	3000956	2828	2156	3100373	2828	2226	3201043	2828	2295	3300808	2828	2365	3401373	2828	2433	3500618	2828	
70	100269	2851	140	200670	2851	210	301243	2851	279	400301	2690	349	501225	2690	418	600162	2690	488	700534	2690	558	801311	2690	627	900840	2690	697	1001405	2510	766	1100571	2510	836	1201051	2510	905	1300206	2510	975	1400722	2510	1045	1501144	2510	1114	1600673	2510	1184	1701393	2510	1253	1800828	2510	1322	1900144	2510	1392	2000764	2510	1462	2101200	2510	1531	2200651	2510	1601	2301204	2510	1670	2400840	2510	1740	2501381	2510	1809	2601144	2510	1878	2700199	2510	1948	2800773	2510	2017	2900130	2510	2087	3001114	2510	2156	3100490	2510	2226	3201054	2510	2295	3300531	2510	2365	3401267	2510	2434	3500488	2510	
71	101233	2987	140	200321	2987	209	300192	2987	279	400444	2987	348	500100	2987	418	600866	2987	488	701303	2987	557	800257	2987	627	900821	2987	697	1001434	2987	766	1100401	2987	836	1201044	2987	906	1301483	2824	975	1400602	2824	1044	1500354	2824	1114	1601422	2824	1183	1700795	2824	1253	1800988	2824	1323	1901149	2824	1393	2001283	2824	1462	2100451	2824	1532	2200956	2824	1601	2300144	2824	1671	2400756	2824	1740	2500524	2824	1810	2601329	2824	1879	2700448	2824	1949	2800950	2824	2018	2900203	2824	2088	3000802	2824	2157	3100118	2824	2227	3200395	2824	2297	3300935	2824	2367	3401114	2824	2437	3501236	2824	
73	101159	4532	145	201173	4291	216	300203	2226	287	400085	1784	359	501113	1395	430	600996	1395	501	701223	1395	572	800648	1395	643	900131	1395	714	1000215	1211	785	1100388	1211	856	1200322	1211	927	1300990	1211	998	1400907	1211	1069	1500939	1211	1140	1600922	1211	1211	1701258	1211	1281	1800243	1211	1352	1901224	1211	1422	2000450	1211	1493	2100691	1211	1564	2201152	1211	1634	2300115	1211	1705	2400195	1211	1776	2501099	1211	1846	2600145	1211	1917	2700507	1211	1988	2800497	1211	2059	2900499	1211	2130	3000254	1211	2201	3100156	1211	2272	3200207	1211	2343	3300753	1211	2414	3401350	1211	2485	3501312	1211	
73	100503	1910	145	200965	1405	216	300991	1405	287	401258	1405	358	501517	1405	427	600653	1213	498	701102	1213	569	801382	1213	639	900097	1213	710	1000319	1213	781	1100719	1213	852	1200870	1213	923	1300924	1213	994	1400929	1213	1065	1500780	1213	1136	1601038	1213	1206	1700209	1213	1277	1800201	1213	1348	1900512	1213	1419	2000464	1213	1490	2100588	1213	1561	2200975	1213	1632	2300308	1213	1704	2401379	1213	1775	2501353	1213	1846	2601178	1213	1917	2700690	1213	1988	2800279	1213	2059	2900777	1213	2130	3001204	1213	2201	3100901	1213	2272	3201011	1213	2342	3300690	1213	2413	3400792	1213	2484	3500630	1213	
73	101339	1796	144	201015	1573	215	300968	1573	286	400707	1573	357	500793	1573	428	600692	1573	500	701400	1354	571	800808	1354	642	900327	1354	714	1001006	1354	785	1100641	1354	856	1200355	1354	928	1301175	1354	999	1400877	1354	1070	1500241	1354	1142	1601119	1354	1213	1700578	1354	1285	1801417	1354	1356	1901007	1354	1427	2001365	1354	1498	2100760	1354	1570	2201504	1354	1641	2301230	1354	1712	2400815	1354	1783	2500120	1354	1854	2600377	1354	1926	2701095	1354	1997	2800484	1354	2069	2901156	1354	2140	3000983	1354	2211	3100774	1354	2282	3200344	1354	2354	3301452	1354	2424	3400524	1354	2495	3500531	1354	
72	100134	2979	144	200419	1386	215	300345	1185	286	400558	1185	357	500733	1185	428	601021	1185	499	701031	1185	570	801269	1185	640	900332	1185	711	1000535	1185	782	1100724	1185	853	1201266	1185	924	1301174	1185	995	1401157	1185	1066	1501462	1185	1136	1600380	1185	1207	1700541	1185	1278	1800671	1185	1349	1900629	1185	1420	2000718	1185	1491	2100630	1185	1562	2200720	1185	1633	2301128	1185	1704	2401152	1185	1775	2501464	1185	1845	2600426	1185	1916	2700960	1185	1987	2801212	1185	2057	2900522	1185	2128	3000800	1185	2199	3100651	1185	2270	3200324	1185	2341	3300502	1185	2412	3400940	1185	2483	3501167	1185	
73	101032	2959	144	200808	1515	215	301240	1515	286	401014	1515	357	501126	1515	428	601007	1515	499	701246	1515	570	801280	1515	641	901229	1515	712	1001408	1515	782	1100262	1515	853	1200356	1515	924	1300794	1515	995	1400888	1515	1066	1500926	1515	1137	1600744	1515	1208	1700554	1312	1279	1801051	1312	1350	1901339	1312	1421	2001295	1312	1491	2100193	1312	1562	2200507	1312	1633	2301076	1312	1703	2400647	1312	1774	2501333	1312	1845	2601422	1312	1915	2700732	1312	1986	2800993	1312	2057	2901481	1312	2127	3000094	1312	2197	3100095	1312	2268	3200700	1312	2339	3301138	1312	2410	3401267	1312	2481	3501446	1312	
16	105451	25272	31	204590	25272	46	303446	25272	61	402140	25272	76	501114	25272	92	606481	25272	107	705419	25272	122	804281	25272	137	902952	25272	152	1001620	25272	168	1106760	25272	183	1205302	25272	198	1303850	25272	213	1402829	25272	228	1501500	25272	244	1606584	23993	259	1705817	23993	274	1805389	23993	289	1904118	23993	304	2002813	23993	319	2101680	23993	334	2200963	23993	350	2306582	23993	365	2405826	23993	380	2504905	23993	395	2603680	23993	410	2702583	23993	425	2801897	23993	440	2901390	23993	455	3000953	23993	471	3106315	23993	486	3205371	23993	501	3305683	23993	516	3404924	23993	531	3503952	23993	
16	105383	25272	31	204295	25272	46	303097	25272	61	402152	25272	76	501184	25272	92	606203	25272	107	704837	25272	122	803754	25272	137	902625	25272	152	1001225	25272	168	1106840	25272	183	1205614	25272	198	1304737	25272	213	1403691	25272	228	1502532	25272	243	1601301	25272	259	1706722	25272	274	1805428	25272	289	1904586	25272	304	2003648	25272	319	2102422	25272	334	2201332	25272	350	2306745	25272	365	2405767	25272	380	2504809	25272	395	2603511	25272	410	2702440	25272	425	2801571	25272	441	2906928	25272	456	3005838	25272	471	3104607	25272	486	3203240	25272	501	3302055	25272	516	3401073	25272	532	3506222	25272	
16	105435	25272	31	204145	25272	46	302874	25272	61	401484	25272	77	506618	25272	92	604822	25272	107	703428	25272	122	801938	25272	137	900998	25272	153	1006459	25272	168	1105040	25272	183	1203824	25272	198	1302713	25272	213	1401689	25272	228	1500502	25272	244	1605981	25272	259	1704709	25272	274	1803297	25272	289	1902128	25272	304	2000876	25272	320	2106013	25272	335	2204933	25272	350	2303527	25272	365	2404799	25272	380	2503699	25272	395	2602392	25272	410	2700996	25272	426	2806393	25272	441	2904933	25272	456	3003538	25272	471	3101992	25272	486	3202167	25272	501	3301082	25272	517	3407040	25272	532	3506000	25272	
16	105216	25272	31	204108	25272	46	303026	25272	61	401889	25272	77	507026	25272	92	605818	25272	107	704351	25272	122	803386	25272	137	902013	25272	152	1000906	25272	168	1106006	25272	183	1204664	25272	198	1303172	25272	213	1402313	25272	228	1501079	25272	244	1606020	25272	259	1705113	25272	274	1803928	25272	289	1902563	25272	304	2001649	25272	319	2100708	25272	335	2206203	25272	350	2305071	25272	365	2403662	25272	380	2502226	25272	395	2600936	25272	411	2706223	25272	426	2804757	25272	441	2903436	25272	456	3002294	25272	471	3100998	25272	487	3206373	25272	502	3305357	25272	517	3403960	25272	532	3502421	25272	
16	105440	25272	31	205240	25272	46	304040	25272	61	402841	25272	76	501719	25272	91	600839	25272	107	706111	25272	122	804797	25272	137	903697	25272	152	1002607	25272	167	1101202	25272	183	1206464	25272	198	1305231	25272	213	1403870	25272	228	1502663	25272	243	1601421	25272	259	1706691	25272	274	1805675	25272	289	1904737	25272	304	2003762	25272	319	2102336	25272	334	2201015	25272	350	2306834	25272	365	2405797	25272	380	2504320	25272	395	2603230	25272	410	2701788	25272	425	2800644	25272	441	2905977	25272	456	3004744	25272	471	3103260	25272	486	3202033	25272	501	3300790	25272	516	3400763	25272	532	3506494	25272	
16	104119	25176	31	201473	25176	47	305120	25176	62	402119	25176	78	505642	25176	93	602666	25176	109	706232	25176	124	803345	25176	140	906700	25176	155	1003814	25176	170	1100756	25176	186	1204201	25176	201	1301042	25176	217	1404600	25176	232	1501552	25176	248	1605285	25176	263	1702338	25176	279	1806041	25176	294	1903256	25176	310	2006765	25176	325	2104020	25176	340	2201028	25176	356	2304551	25176	371	2401906	25176	387	2505668	25176	402	2602994	25176	418	2706727	25176	433	2804304	25176	448	2901313	25176	464	3006201	25176	479	3103339	25176	494	3200749	25176	510	3304553	25176	525	3401883	25176	541	3505595	25176	
16	104212	25176	31	201695	25176	47	305170	25176	62	402557	25176	78	506509	25176	93	603822	25176	108	701158	25176	124	805074	25176	139	902303	25176	155	1005901	25176	170	1103398	25176	185	1200723	25176	201	1304029	25176	216	1401060	25176	232	1504664	25176	247	1602187	25176	263	1706112	25176	278	1803384	25176	293	1900740	25176	309	2004200	25176	324	2101573	25176	340	2205058	25176	355	2302313	25176	371	2405944	25176	386	2503844	25176	401	2600975	25176	417	2704428	25176	432	2801214	25176	448	2904798	25176	463	3002174	25176	479	3105829	25176	494	3202760	25176	510	3306360	25176	525	3403521	25176	540	3501019	25176	
16	103879	25176	31	200940	25176	47	304316	25176	62	401448	25176	78	504832	25176	93	602202	25176	109	705641	25176	124	802443	25176	140	906200	25176	155	1003567	25176	171	1106862	25176	186	1204117	25176	201	1301082	25176	217	1404449	25176	232	1502225	25176	248	1606660	25176	263	1704081	25176	278	1805318	25176	293	1905053	25176	308	2001977	25176	324	2105746	25176	339	2202882	25176	355	2306506	25176	370	2403775	25176	385	2500821	25176	401	2604583	25176	416	2701673	25176	432	2804961	25176	447	2903424	25176	462	3000646	25176	478	3104164	25176	493	3201372	25176	509	3304601	25176	524	3401957	25176	540	3505824	25176	
16	104182	25176	31	201377	25176	47	304967	25176	62	402123	25176	78	505675	25176	93	602911	25176	109	706799	25176	124	803969	25176	139	901298	25176	155	1004683	25176	170	1102403	25176	186	1206138	25176	201	1303542	25176	216	1400820	25176	232	1505083	25176	247	1602664	25176	263	1706467	25176	278	1803884	25176	293	1900923	25176	309	2004512	25176	324	2102061	25176	340	2205655	25176	355	2302880	25176	371	2406722	25176	386	2503754	25176	401	2600965	25176	417	2704611	25176	432	2801728	25176	448	2905409	25176	463	3002610	25176	479	3106411	25176	494	3203429	25176	509	3300811	25176	525	3404908	25176	540	3502391	25176	
16	103792	25176	31	200818	25176	47	304058	25176	62	401086	25176	78	504535	25176	93	601840	25176	109	705563	25176	124	802817	25176	140	906635	25176	155	1004132	25176	170	1101336	25176	186	1205356	25176	201	1302560	25176	217	1405926	25176	232	1503341	25176	247	1600833	25176	263	1704723	25176	278	1801772	25176	294	1905413	25176	309	2003023	25176	325	2106683	25176	340	2204018	25176	355	2301215	25176	371	2404311	25176	386	2501274	25176	402	2604963	25176	417	2702795	25176	433	2806441	25176	448	2903791	25176	463	3001007	25176	479	3104569	25176	494	3201851	25176	510	3305857	25176	525	3403182	25176	541	3506783	25176	
265	100198	61	531	200287	61	797	300385	61	1062	400067	61	1327	500031	61	1593	600153	61	1859	700274	61	2122	800127	61	2385	900140	61	2648	1000128	61	2913	1100202	61	3178	1200342	61	3443	1300210	61	3708	1400094	61	3973	1500116	61	4237	1600343	61	4500	1700193	61	4765	1800305	61	5029	1900221	61	5294	2000338	61	5559	2100354	61	5824	2200267	61	6090	2300374	61	6354	2400055	61	6620	2500350	61	6884	2600176	61	7150	2700277	61	7414	2800098	61	7677	2900172	61	7941	3000018	61	8205	3100064	61	8471	3200349	61	8737	3300216	61	9000	3400081	61	9266	3500357	61	
263	100106	65	527	200078	65	791	300128	65	1056	400207	65	1320	500211	65	1584	600127	65	1848	700042	65	2113	800130	65	2377	900363	65	2641	1000177	65	2906	1100198	65	3171	1200207	65	3436	1300080	65	3701	1400076	65	3965	1500176	65	4229	1600096	65	4494	1700188	65	4759	1800343	65	5021	1900054	65	5286	2000038	65	5550	2100035	65	5815	2200102	65	6081	2300324	65	6344	2400318	65	6608	2500119	65	6873	2600133	65	7139	2700319	65	7404	2800207	65	7667	2900170	65	7932	3000367	65	8196	3100041	65	8461	3200377	65	8724	3300152	65	8988	3400097	65	9253	3500118	65	
265	100184	67	530	200318	67	795	300319	67	1058	400252	67	1322	500130	67	1587	600298	67	1852	700089	67	2116	800018	67	2380	900104	67	2645	1000357	67	2909	1100111	67	3174	1200160	67	3439	1300197	67	3703	1400095	67	3967	1500247	54	4233	1600238	54	4499	1700109	54	4765	1800296	54	5032	1900384	54	5291	2000311	54	5556	2100179	54	5822	2200196	54	6088	2300126	54	6354	2400161	54	6619	2500157	54	6885	2600149	54	7151	2700049	54	7417	2800274	54	7679	2900339	54	7944	3000164	54	8210	3100078	54	8476	3200043	54	8742	3300292	54	9007	3400214	54	9272	3500182	54	
264	100212	66	529	200361	66	794	300330	66	1057	400225	66	1321	500207	66	1586	600311	66	1850	700307	66	2114	800257	66	2377	900050	66	2641	1000123	66	2904	1100080	66	3169	1200096	66	3433	1300229	66	3697	1400374	66	3960	1500121	66	4224	1600321	66	4488	1700054	66	4753	1800342	66	5017	1900081	66	5282	2000253	66	5546	2100196	66	5811	2200275	66	6075	2300172	52	6341	2400128	52	6607	2500199	52	6873	2600142	52	7139	2700057	52	7405	2800203	52	7671	2900221	52	7936	3000296	52	8200	3100072	52	8467	3200361	52	8733	3300311	52	8998	3400189	52	9264	3500307	52	
266	100382	65	531	200164	65	796	300092	65	1062	400235	65	1327	500035	65	1593	600020	54	1859	700178	54	2125	800337	54	2391	900230	54	2657	1000261	54	2924	1100207	54	3190	1200271	54	3455	1300336	54	3719	1400314	54	3984	1500211	54	4250	1600367	54	4514	1700193	54	4781	1800355	54	5047	1900387	54	5312	2000351	54	5578	2100116	54	5844	2200057	54	6111	2300144	54	6377	2400364	54	6642	2500099	54	6909	2600179	54	7174	2700190	54	7440	2800322	54	7705	2900050	54	7971	3000195	54	8236	3100125	54	8500	3200124	54	8765	3300154	54	9031	3400284	54	9297	3500365	54	
296	100040	69	593	200273	69	889	300275	69	1185	400109	69	1480	500117	69	1776	600196	69	2072	700334	69	2367	800112	56	2665	900255	56	2961	1000020	56	3259	1100201	56	3557	1200212	56	3855	1300179	56	4153	1400325	56	4450	1500338	56	4748	1600255	56	5046	1700114	56	5344	1800072	56	5641	1900143	56	5938	2000029	56	6235	2100035	56	6534	2200332	56	6832	2300291	56	7129	2400042	56	7427	2500168	56	7724	2600286	56	8020	2700069	56	8318	2800285	56	8611	2900082	56	8908	3000138	56	9206	3100314	56	9501	3200117	56	9798	3300335	56	10095	3400287	56	10391	3500118	56	
297	100272	67	592	200143	67	889	300334	67	1185	400232	67	1481	500021	67	1779	600256	67	2076	700217	67	2370	800098	67	2667	900221	67	2962	1000308	67	3257	1100068	67	3555	1200303	67	3851	1300303	67	4148	1400143	67	4445	1500199	67	4742	1600102	67	5039	1700083	67	5336	1800126	67	5633	1900337	67	5928	2000154	67	6225	2100170	67	6522	2200208	67	6818	2300174	67	7112	2400144	67	7409	2500340	67	7705	2600038	67	8003	2700262	67	8300	2800147	67	8597	2900087	67	8895	3000083	67	9192	3100207	67	9489	3200106	67	9786	3300107	67	10084	3400294	67	10380	3500131	67	
295	100220	78	591	200108	58	888	300130	58	1184	400088	58	1481	500298	58	1778	600338	58	2075	700277	58	2372	800331	58	2669	900323	58	2966	1000100	58	3263	1100179	58	3560	1200119	58	3856	1300292	58	4152	1400115	58	4448	1500033	58	4745	1600212	58	5042	1700046	58	5339	1800099	58	5635	1900273	58	5931	2000254	58	6228	2100329	58	6525	2200346	58	6822	2300347	58	7119	2400254	58	7415	2500077	58	7711	2600082	58	8008	2700255	58	8305	2800126	58	8598	2900346	58	8894	3000117	58	9191	3100116	58	9487	3200083	58	9784	3300165	58	10080	3400057	58	10376	3500095	58	
296	100197	70	592	200268	70	887	300343	70	1182	400296	70	1477	500171	70	1773	600306	70	2068	700262	70	2363	800292	70	2658	900189	70	2953	1000187	70	3249	1100337	70	3545	1200296	70	3841	1300245	70	4136	1400169	70	4432	1500349	70	4727	1600206	70	5023	1700337	70	5318	1800174	70	5613	1900084	70	5907	2000062	70	6203	2100220	70	6498	2200146	70	6792	2300028	70	7088	2400239	70	7383	2500318	70	7677	2600061	70	7973	2700013	70	8269	2800274	70	8564	2900044	70	8860	3000271	70	9155	3100092	70	9452	3200324	70	9746	3300269	70	10040	3400319	70	10335	3500326	70	
298	100141	70	596	200219	70	894	300298	70	1191	400160	70	1489	500314	70	1785	600209	70	2082	700029	70	2380	800275	70	2677	900219	70	2974	1000141	70	3271	1100143	70	3568	1200130	70	3866	1300216	70	4163	1400269	70	4458	1500242	70	4755	1600278	70	5052	1700080	70	5349	1800155	70	5645	1900145	70	5942	2000045	70	6240	2100327	70	6538	2200063	70	6836	2300071	70	7134	2400067	70	7431	2500268	70	7727	2600071	70	8025	2700078	70	8323	2800337	70	8620	2900297	70	8917	3000343	70	9214	3100254	70	9509	3200238	70	9806	3300190	70	10103	3400099	70	10401	3500199	70	
76	100385	355	151	200186	355	227	301284	355	302	400753	355	377	500619	355	453	601119	355	528	700320	355	604	801057	355	679	900244	355	755	1001185	355	830	1101173	355	905	1201248	355	980	1300841	355	1056	1401276	355	1131	1501005	355	1207	1601204	355	1282	1700345	355	1357	1800358	355	1433	1900972	355	1508	2000092	355	1584	2101277	355	1659	2201300	355	1734	2300970	355	1809	2400107	355	1885	2500947	355	1961	2601346	355	2036	2700712	355	2112	2801069	355	2186	2900951	355	2262	3001327	355	2337	3100435	355	2412	3200081	355	2488	3300579	355	2564	3400750	355	2640	3501366	355	
76	101016	355	151	200353	355	227	301211	355	302	400813	355	377	500416	355	453	600987	355	528	700161	355	604	800208	355	680	900702	355	755	1000203	355	831	1101230	355	906	1200868	355	981	1300527	355	1056	1400161	355	1132	1501204	355	1207	1600300	355	1283	1701187	355	1358	1800668	355	1433	1900309	355	1509	2001162	355	1584	2100820	355	1659	2200278	355	1735	2300951	355	1810	2400219	355	1886	2500691	355	1962	2600995	355	2037	2700158	355	2112	2800139	355	2188	2900825	355	2264	3001106	355	2339	3100687	355	2415	3200944	355	2490	3301132	355	2565	3400485	355	2640	3500161	355	
76	100828	355	151	200394	355	226	300177	355	302	400757	355	377	500204	355	453	600620	355	529	701337	355	604	800930	355	679	900133	355	755	1000283	355	831	1100933	355	907	1201284	355	982	1300353	355	1058	1400704	355	1134	1500797	355	1210	1601313	355	1285	1701155	355	1360	1800557	355	1436	1900901	355	1510	2001301	355	1585	2100732	355	1660	2200413	355	1736	2301045	355	1811	2400427	355	1887	2501248	355	1962	2600144	355	2038	2700969	355	2113	2800600	355	2188	2900494	355	2264	3001031	355	2340	3100862	355	2415	3200648	355	2491	3300913	355	2566	3400573	355	2642	3501092	355	
76	100936	355	152	201162	355	227	301058	355	302	400241	355	378	501052	355	453	600665	355	529	701252	355	604	800816	355	680	901196	355	755	1000551	355	831	1101373	355	906	1200585	355	982	1300920	355	1057	1400621	355	1133	1501144	355	1208	1600819	355	1283	1700656	355	1359	1801282	355	1434	1900424	355	1510	2001216	355	1585	2100574	355	1660	2200104	355	1735	2300647	355	1811	2401379	355	1886	2500954	355	1961	2600176	355	2037	2701115	355	2112	2800681	355	2187	2900092	355	2263	3001002	355	2339	3101374	355	2414	3200538	355	2489	3300345	355	2565	3400934	355	2640	3500468	355	
76	100865	355	151	200162	355	227	300881	355	303	401376	355	378	500724	355	453	600195	355	528	700432	355	604	801180	355	679	900436	355	755	1001215	355	830	1100897	355	905	1200171	355	981	1300863	355	1057	1401285	355	1132	1500418	355	1208	1601297	355	1283	1700458	355	1359	1801157	355	1434	1900893	355	1509	2000181	355	1585	2100690	355	1661	2200686	355	1736	2300167	355	1812	2400772	355	1888	2501127	355	1963	2600493	355	2039	2700899	355	2114	2800124	355	2190	2900788	355	2265	3000370	355	2341	3101001	355	2416	3200818	355	2492	3301371	355	2567	3401049	355	2642	3500388	355	
82	100464	365	164	200538	365	246	300518	365	328	400600	365	410	501116	365	492	601082	365	573	700190	365	655	800377	365	737	900608	365	819	1000690	365	901	1100489	365	983	1200417	365	1065	1301032	365	1146	1400257	365	1229	1501215	365	1310	1600100	365	1392	1700160	365	1474	1800419	365	1556	1900756	365	1638	2001007	365	1720	2101070	365	1801	2200123	365	1883	2300322	365	1965	2400754	365	2046	2500566	365	2128	2600485	365	2210	2700180	365	2292	2801186	365	2374	2901234	365	2456	3001226	365	2537	3100352	365	2619	3200728	365	2701	3300987	365	2783	3401182	365	2864	3500351	365	
82	100768	365	163	200299	365	245	300538	365	327	400856	365	409	501113	365	490	600496	365	572	700288	365	654	800648	365	736	900839	365	818	1000865	365	900	1101235	365	981	1200438	365	1063	1300538	365	1145	1400969	365	1227	1500978	365	1309	1601090	365	1390	1700195	365	1472	1800404	365	1554	1901266	365	1635	2000346	365	1717	2100367	365	1799	2200614	365	1881	2301247	365	1962	2400284	365	2044	2500227	365	2127	2601205	365	2209	2700958	365	2291	2800764	365	2373	2900904	365	2455	3001174	365	2536	3100200	365	2618	3200496	365	2700	3301265	365	2781	3400371	365	2863	3500313	365	
83	100942	365	165	201030	365	247	300636	365	329	401036	365	411	501145	365	493	600953	365	575	700848	365	657	801016	365	738	900651	365	820	1001209	365	902	1101207	365	984	1201007	365	1066	1301025	365	1147	1400294	365	1229	1500155	365	1311	1600204	365	1393	1700421	365	1475	1800489	365	1557	1900600	365	1639	2000621	365	1721	2100966	365	1803	2200884	365	1885	2301254	365	1966	2400517	365	2048	2500165	365	2130	2600293	365	2212	2700446	365	2293	2800328	365	2375	2900486	365	2457	3000917	365	2538	3100497	365	2620	3201152	365	2701	3300373	365	2783	3400432	365	2865	3500366	365	
82	100547	365	164	200632	365	246	300807	365	328	400913	365	410	500867	365	492	600593	365	574	700409	365	656	800136	365	739	900906	365	820	1000878	365	902	1101191	365	984	1201284	365	1065	1300264	365	1147	1400122	365	1230	1501050	365	1312	1601120	365	1394	1700786	365	1476	1800390	365	1558	1900669	365	1640	2000682	365	1722	2100715	365	1804	2200722	365	1886	2301008	365	1967	2400127	365	2050	2501088	365	2132	2600930	365	2214	2701192	365	2296	2801193	365	2377	2900157	365	2460	3001047	365	2542	3101090	365	2624	3201241	365	2705	3300428	365	2787	3400259	365	2869	3500516	365	
82	100412	365	164	201021	365	246	301267	365	327	400298	365	409	500363	365	491	600376	365	573	701015	365	655	801079	365	737	901015	365	819	1001225	365	901	1101150	365	983	1200964	365	1064	1300279	365	1146	1400805	365	1227	1500085	365	1310	1601179	365	1392	1700795	365	1474	1800439	365	1556	1900900	365	1638	2000858	365	1719	2100117	365	1801	2200085	365	1883	2300443	365	1965	2400716	365	2047	2500714	365	2129	2600793	365	2210	2700261	365	2292	2800310	365	2374	2900740	365	2456	3000333	365	2538	3100727	365	2620	3200835	365	2702	3301203	365	2783	3400402	365	2865	3500559	365	
18	102459	1803	36	204892	1803	53	301276	1803	71	403325	1803	89	505216	1803	106	601633	1803	124	703911	1803	142	806081	1803	159	902473	1803	177	1004620	1803	194	1100843	1803	212	1203032	1803	230	1305261	1803	247	1401762	1803	265	1503668	1803	282	1600979	1803	300	1703653	1803	318	1805617	1803	335	1902014	1803	353	2004027	1803	371	2105865	1803	388	2202441	1803	406	2304427	1803	423	2400867	1803	441	2503209	1803	458	2600717	1803	476	2703828	1803	493	2800411	1803	511	2902705	1803	529	3004768	1803	546	3101356	1803	564	3203636	1803	581	3300414	1803	599	3402413	1803	617	3504545	1803	
18	102488	1803	36	204813	1803	53	301442	1803	71	403469	1803	89	505263	1803	106	601522	1803	124	703738	1803	142	805774	1803	159	902331	1803	177	1004304	1803	194	1101060	1803	212	1203165	1803	230	1305234	1803	247	1401527	1803	265	1504475	1803	282	1601042	1803	300	1703321	1803	318	1805345	1803	335	1902100	1803	353	2004100	1803	370	2101358	1803	388	2203785	1803	406	2305758	1803	423	2402143	1803	441	2503701	1803	459	2605566	1803	476	2701516	1803	494	2803853	1803	512	2905965	1803	529	3002473	1803	547	3104569	1803	564	3201186	1803	582	3303415	1803	600	3405766	1803	617	3502336	1803	
18	102351	1803	36	204870	1803	53	301543	1803	71	404015	1803	88	500410	1803	106	602348	1803	124	704292	1803	141	800478	1803	159	902304	1803	177	1004341	1803	194	1100755	1803	212	1203003	1803	230	1305060	1803	247	1401653	1803	265	1503601	1803	283	1605648	1803	300	1703774	1803	317	1801189	1803	335	1903357	1803	353	2005314	1803	370	2101645	1803	388	2203800	1803	406	2305654	1803	423	2402079	1803	441	2504371	1803	458	2602559	1803	476	2704831	1803	493	2801389	1803	511	2903168	1803	529	3005145	1803	546	3101563	1803	564	3203569	1803	582	3305734	1803	599	3402627	1803	617	3504716	1803	
18	101987	1803	36	204095	1803	53	300436	1803	71	402769	1803	89	504983	1803	106	601684	1803	124	703877	1803	141	800642	1803	159	903111	1803	177	1004909	1803	194	1101705	1803	212	1204315	1803	229	1300673	1803	247	1402615	1803	265	1504876	1803	282	1601048	1803	300	1703340	1803	318	1805396	1803	335	1901924	1803	353	2003609	1803	371	2105875	1803	388	2202347	1803	406	2304425	1803	423	2400848	1803	441	2503168	1803	459	2604968	1803	476	2701479	1803	494	2803168	1803	512	2905143	1803	529	3001531	1803	547	3104731	1803	564	3201099	1803	582	3303594	1803	600	3405683	1803	617	3502212	1803	
18	102537	1803	36	204857	1803	53	301348	1803	71	403255	1803	89	505239	1803	106	601737	1803	124	704520	1803	141	800963	1803	159	903115	1803	177	1005417	1803	194	1101897	1803	212	1204199	1803	229	1300687	1803	247	1402688	1803	265	1504901	1803	282	1601759	1803	300	1704624	1803	317	1800957	1803	335	1903136	1803	353	2005142	1803	370	2101682	1803	388	2204097	1803	405	2300407	1803	423	2403016	1803	441	2505256	1803	458	2601729	1803	476	2703899	1803	494	2805932	1803	511	2902935	1803	529	3005989	1803	546	3102674	1803	564	3204979	1803	581	3301605	1803	599	3403533	1803	616	3500423	1803	
19	100473	1754	38	200416	1754	57	300355	1754	77	405274	1754	95	500358	1754	115	605463	1754	134	705472	1754	152	800653	1754	171	900717	1754	190	1001289	1754	209	1101174	1754	228	1201482	1754	247	1301537	1754	266	1402331	1754	285	1502302	1754	304	1602736	1754	323	1702584	1754	342	1802675	1754	361	1902907	1754	380	2003244	1754	399	2103086	1754	418	2202953	1754	437	2303093	1754	456	2404394	1754	475	2504619	1754	494	2604848	1754	513	2704560	1754	532	2804598	1754	551	2904389	1754	570	3004456	1754	589	3104907	1754	608	3204977	1754	627	3305367	1754	646	3405404	1754	665	3505533	1754	
20	104953	1754	39	204941	1754	58	304784	1754	77	404741	1754	96	505141	1754	115	604976	1754	134	705236	1754	153	805315	1754	171	900724	1754	190	1000976	1754	209	1101053	1754	228	1201189	1754	247	1300953	1754	266	1400550	1754	285	1500657	1754	304	1600663	1754	323	1700683	1754	342	1800749	1754	361	1901254	1754	380	2001248	1754	399	2101375	1754	418	2201415	1754	437	2301161	1754	456	2401691	1754	475	2501531	1754	494	2601565	1754	513	2701339	1754	532	2801138	1754	551	2901331	1754	570	3001638	1754	589	3101710	1754	608	3201818	1754	627	3301427	1754	646	3401482	1754	665	3502002	1754	
20	105470	1754	39	205301	1754	57	300538	1754	76	401104	1754	95	501023	1754	114	601032	1754	133	701371	1754	152	801438	1754	171	901336	1754	190	1000898	1754	209	1100721	1754	228	1200944	1754	247	1301027	1754	266	1400802	1754	285	1501328	1754	304	1601154	1754	323	1701294	1754	342	1801308	1754	361	1901397	1754	380	2001089	1754	399	2101267	1754	418	2201338	1754	437	2301429	1754	456	2403395	1754	475	2503695	1754	494	2604140	1754	513	2703988	1754	532	2803808	1754	551	2903908	1754	570	3004393	1754	589	3104760	1754	608	3204938	1754	627	3305216	1754	646	3405543	1754	664	3500657	1754	
20	105483	1754	39	205574	1754	58	305261	1754	76	400369	1754	95	500630	1754	114	600719	1754	133	700697	1754	152	800923	1754	171	901087	1754	190	1001176	1754	209	1101040	1754	228	1201063	1754	247	1301250	1754	266	1401174	1754	285	1501129	1754	304	1600893	1754	323	1701240	1754	342	1801261	1754	361	1901832	1754	380	2001926	1754	399	2102028	1754	418	2201797	1754	437	2301981	1754	456	2402217	1754	475	2502371	1754	494	2602155	1754	513	2701918	1754	532	2802059	1754	551	2902315	1754	570	3002161	1754	589	3102071	1754	608	3202056	1754	627	3301700	1754	646	3401974	1754	665	3501811	1754	
20	105396	1754	38	200381	1754	58	305441	1754	76	400492	1754	95	500579	1754	114	600438	1754	133	700885	1754	152	800816	1754	171	900871	1754	190	1001126	1754	209	1101356	1754	228	1201188	1754	247	1301021	1754	266	1400939	1754	285	1501291	1754	304	1601023	1754	323	1700764	1754	342	1800589	1754	362	1905519	1754	380	2000388	1754	399	2100797	1754	418	2201790	1754	437	2301513	1754	456	2401173	1754	475	2501506	1754	494	2601752	1754	513	2702229	1754	532	2802569	1754	551	2902702	1754	570	3002719	1754	589	3102847	1754	608	3202895	1754	627	3302571	1754	646	3402893	1754	665	3502878	1754	
235	100395	207	466	200190	207	698	300200	181	930	400380	181	1161	500155	181	1393	600272	160	1623	700316	160	1855	800404	160	2086	900235	160	2317	1000331	160	2549	1100402	160	2780	1200241	160	3011	1300241	160	3242	1400433	160	3473	1500217	160	3705	1600400	160	3937	1700304	160	4168	1800074	160	4400	1900241	160	4631	2000020	160	4863	2100241	160	5094	2200178	160	5326	2300153	160	5554	2400243	160	5786	2500443	160	6016	2600290	160	6247	2700152	160	6478	2800046	160	6709	2900178	160	6939	3000034	160	7171	3100294	160	7401	3200046	160	7634	3300431	160	7865	3400311	160	8096	3500197	160	
231	100093	218	460	200257	185	688	300123	185	919	400437	185	1148	500195	185	1377	600019	185	1606	700359	185	1835	800430	185	2064	900397	185	2292	1000145	185	2522	1100443	185	2749	1200261	185	2977	1300080	185	3206	1400033	162	3435	1500260	162	3665	1600441	162	3894	1700261	162	4123	1800037	135	4354	1900279	135	4585	2000454	135	4815	2100037	135	5046	2200098	135	5276	2300322	135	5507	2400320	135	5737	2500287	135	5967	2600380	135	6197	2700408	135	6428	2800359	135	6658	2900171	135	6889	3000392	135	7119	3100090	135	7349	3200127	135	7579	3300096	135	7809	3400264	135	8039	3500331	135	
235	100426	157	466	200417	157	697	300333	157	928	400306	157	1160	500400	157	1391	600368	157	1622	700391	157	1852	800056	157	2084	900298	157	2315	1000030	157	2547	1100409	157	2778	1200245	157	3010	1300269	157	3242	1400424	157	3467	1500381	157	3699	1600346	157	3930	1700234	157	4162	1800255	157	4394	1900082	157	4626	2000208	157	4858	2100405	157	5089	2200190	157	5317	2300295	157	5548	2400358	157	5779	2500119	157	6011	2600272	157	6243	2700387	157	6474	2800265	157	6704	2900069	157	6935	3000156	157	7168	3100410	157	7399	3200121	157	7632	3300400	157	7863	3400077	157	8095	3500149	157	
232	100019	261	462	200381	227	691	300179	227	919	400059	227	1148	500410	227	1377	600448	227	1606	700329	227	1835	800420	227	2062	900109	227	2291	1000204	227	2521	1100330	227	2750	1200116	227	2979	1300129	227	3209	1400338	227	3438	1500111	227	3667	1600050	227	3896	1700055	227	4126	1800441	227	4355	1900273	227	4583	2000178	227	4812	2100160	227	5041	2200290	227	5270	2300354	227	5499	2400301	227	5728	2500021	227	5958	2600295	227	6187	2700309	227	6416	2800383	227	6644	2900232	227	6873	3000228	227	7102	3100120	227	7330	3200102	227	7559	3300240	227	7789	3400326	227	8018	3500390	227	
233	100139	156	463	200058	156	694	300319	156	924	400246	156	1154	500194	156	1384	600412	156	1614	700201	156	1845	800322	156	2076	900411	156	2306	1000297	156	2537	1100185	121	2769	1200433	121	2999	1300133	121	3230	1400270	121	3460	1500076	121	3690	1600398	121	3919	1700241	121	4148	1800360	121	4377	1900308	121	4608	2000240	121	4839	2100074	121	5071	2200042	121	5303	2300432	121	5534	2400338	121	5764	2500149	121	5996	2600361	121	6225	2700020	121	6457	2800185	121	6688	2900177	121	6919	3000065	121	7151	3100213	121	7382	3200046	121	7613	3300091	121	7845	3400370	121	8076	3500371	121	
73	100471	2227	143	200664	2227	213	300761	2227	283	400981	2227	353	501057	2227	422	600614	2227	492	700999	2227	562	800886	2227	632	900836	2227	702	1000945	2227	772	1101241	2227	841	1200744	2227	911	1301285	2227	981	1401197	2227	1050	1500206	2227	1121	1601471	2227	1191	1701352	2227	1260	1801004	2227	1330	1901377	2227	1400	2001324	2227	1470	2101264	2227	1540	2201232	2227	1609	2300245	2227	1679	2400706	2027	1749	2500725	2027	1819	2601189	2027	1889	2701477	2027	1958	2800523	2027	2028	2901080	2027	2098	3001307	2027	2168	3101373	2027	2238	3201062	2027	2308	3301342	2027	2377	3400370	2027	2446	3501103	2027	
73	100132	2056	144	201370	1846	213	300259	1846	283	400525	1846	353	500838	1846	423	601388	1846	492	700309	1846	562	800935	1846	631	900241	1846	701	1000235	1846	771	1100377	1846	841	1201073	1846	911	1301215	1846	980	1400184	1846	1050	1500860	1846	1119	1600202	1846	1189	1700465	1846	1259	1801311	1846	1328	1900446	1846	1398	2000659	1846	1468	2100839	1846	1538	2201251	1846	1607	2300146	1846	1677	2400415	1846	1747	2501160	1665	1817	2601268	1665	1886	2700423	1665	1956	2800786	1665	2026	2901171	1665	2096	3001143	1665	2166	3100920	1665	2236	3200858	1665	2306	3300918	1665	2376	3401343	1665	2445	3500241	1665	
73	100763	2286	142	200344	2061	212	301016	2061	281	400395	2061	351	501448	2061	420	600846	2061	489	700356	2061	559	801031	2061	628	900353	2061	697	1000220	2061	767	1101393	2061	836	1200494	2061	906	1301056	2061	976	1401139	1839	1046	1501445	1839	1115	1600468	1839	1185	1700898	1839	1255	1801339	1839	1324	1900763	1839	1394	2000878	1839	1464	2101300	1839	1534	2201503	1839	1602	2300934	1839	1671	2400378	1839	1741	2500694	1839	1811	2600938	1839	1881	2701205	1839	1950	2800164	1839	2020	2900291	1839	2090	3000268	1839	2160	3100731	1839	2229	3200338	1839	2299	3300970	1839	2368	3400201	1839	2438	3501052	1839	
72	100126	4232	143	200674	2270	213	301226	2270	282	400255	2270	352	500564	2270	422	600281	2270	492	700455	2270	562	800741	2068	632	900990	2068	701	1000138	2068	771	1100772	2068	841	1201057	2068	911	1300871	2068	980	1400145	2068	1051	1501391	2068	1121	1601537	1901	1190	1700274	1901	1260	1800967	1901	1329	1900492	1901	1399	2000982	1901	1469	2101547	1901	1538	2200399	1901	1608	2300441	1901	1678	2400945	1901	1748	2500946	1901	1818	2601120	1901	1888	2701232	1901	1957	2800102	1901	2027	2900405	1901	2097	3001002	1901	2167	3101336	1901	2237	3201519	1901	2306	3300498	1901	2376	3400575	1901	2446	3500536	1901	
73	100326	2159	143	200530	1989	213	300856	1989	282	400186	1989	352	500527	1989	421	600241	1989	491	701390	1989	560	800233	1989	630	900561	1989	700	1001016	1989	770	1101335	1989	839	1200616	1989	909	1301382	1989	978	1400641	1989	1048	1501349	1989	1117	1600387	1989	1187	1700679	1989	1257	1800741	1989	1327	1900943	1989	1397	2001353	1989	1466	2100615	1989	1536	2200923	1989	1606	2301124	1989	1676	2401418	1989	1745	2500334	1989	1815	2601269	1989	1884	2700487	1989	1953	2800783	1989	2023	2900896	1989	2092	3000235	1989	2162	3100819	1989	2232	3201519	1989	2301	3300731	1989	2371	3400705	1989	2441	3500786	1989	
16	104127	50414	31	201059	50414	47	304411	50414	62	401024	50414	78	504311	50414	93	601028	50414	109	704826	50414	124	801890	50414	140	904990	50414	155	1001979	50414	171	1106314	50414	186	1203122	50414	201	1300565	50414	217	1404266	50414	232	1501507	50414	248	1604993	50414	263	1701839	50414	279	1805482	50414	294	1902562	50414	310	2005803	50414	325	2103814	50414	340	2201500	50414	356	2304828	50414	371	2401562	50414	387	2504923	50414	402	2602096	50414	418	2705416	50414	433	2802104	50414	449	2905560	50414	464	3002303	50414	480	3105640	50414	495	3202634	50414	511	3305974	50414	526	3402685	50414	542	3506026	50414	
16	103077	50414	32	206288	50414	47	302836	50414	63	406486	50414	78	503084	50414	94	606166	50414	109	702965	50414	125	805934	50414	140	902540	50414	156	1006451	50414	171	1103297	50414	187	1206601	50414	202	1303382	50414	218	1406610	50414	233	1503155	50414	248	1600708	50414	264	1704014	50414	279	1801355	50414	295	1904765	50414	310	2001589	50414	326	2104488	50414	341	2201396	50414	357	2304551	50414	372	2401230	50414	388	2504382	50414	403	2601122	50414	419	2704687	50414	434	2801360	50414	450	2904313	50414	465	3001068	50414	481	3104310	50414	496	3201319	50414	512	3304575	50414	527	3401422	50414	543	3504289	50414	
16	103033	50414	32	206482	50414	47	303156	50414	63	406427	50414	78	503136	50414	94	606410	50414	109	703514	50414	125	806557	50414	140	904725	50414	155	1001540	50414	171	1104948	50414	186	1204241	50414	201	1300992	50414	217	1404233	50414	232	1501116	50414	248	1604246	50414	263	1701547	50414	279	1804826	50414	294	1901364	50414	310	2004496	50414	325	2102780	50414	341	2206129	50414	356	2303601	50414	371	2400561	50414	387	2504041	50414	402	2600805	50414	418	2704165	50414	433	2800933	50414	449	2904296	50414	464	3000911	50414	480	3104332	50414	495	3201124	50414	511	3304408	50414	526	3401220	50414	542	3504181	50414	
16	103295	50414	32	206677	50414	47	303477	50414	63	406535	50414	78	503644	50414	93	600796	50414	109	704144	50414	124	800823	50414	140	903786	50414	155	1000499	50414	171	1103731	50414	186	1200482	50414	202	1303536	50414	218	1406866	50414	233	1503806	50414	248	1600534	50414	264	1703699	50414	279	1800624	50414	295	1903662	50414	311	2006656	50414	326	2103701	50414	341	2200577	50414	357	2303797	50414	372	2400782	50414	388	2503809	50414	403	2601195	50414	419	2704193	50414	434	2801314	50414	450	2904673	50414	465	3001602	50414	481	3104963	50414	496	3201835	50414	512	3305134	50414	527	3401877	50414	543	3505237	50414	
16	103818	50414	31	200967	50414	47	303997	50414	62	400629	50414	78	503619	50414	94	606676	50414	109	703862	50414	124	800893	50414	140	904408	50414	155	1001097	50414	171	1104452	50414	186	1201562	50414	202	1305092	50414	217	1401744	50414	233	1505577	50414	248	1602319	50414	264	1705724	50414	279	1802563	50414	295	1905826	50414	310	2002914	50414	326	2106192	50414	341	2203146	50414	357	2306183	50414	372	2403162	50414	388	2506290	50414	403	2603134	50414	419	2706693	50414	434	2803676	50414	449	2900650	50414	465	3003644	50414	480	3101195	50414	496	3204703	50414	511	3301896	50414	527	3405028	50414	542	3501837	50414	
