wersja nr 2;wspolczynnik mutacji 0.400000;wielkosc populacji 15
1000	100101	72	1998	200008	44	3006	300041	44	4006	400042	44	5010	500041	44	6019	600102	44	7025	700014	44	8030	800047	44	9023	900089	44	10024	1000035	44	11027	1100059	44	12033	1200042	44	13038	1300026	44	14038	1400014	44	15041	1500051	44	16045	1600072	44	17047	1700029	44	18052	1800078	44	19054	1900030	44	20060	2000018	44	21064	2100075	44	22067	2200058	44	23067	2300056	44	24076	2400044	44	25082	2500060	44	26086	2600093	44	27087	2700031	44	28087	2800070	44	29084	2900034	44	30078	3000079	44	31084	3100063	44	32087	3200057	44	33092	3300043	44	34078	3400050	44	35080	3500104	44	
1005	100091	79	2005	200056	44	3014	300104	44	4015	400033	44	5011	500030	44	6016	600053	44	7018	700033	44	8015	800056	44	8991	900037	44	9995	1000053	44	10995	1100019	44	12003	1200074	44	13008	1300057	44	14013	1400062	44	15015	1500023	44	16012	1600068	44	17008	1700087	44	18010	1800010	44	19012	1900038	44	20013	2000102	44	21015	2100069	44	22014	2200047	44	23012	2300032	44	24014	2400077	44	25013	2500036	44	26014	2600030	44	27013	2700019	44	28022	2800094	44	29031	2900040	44	30033	3000007	44	31038	3100015	44	32040	3200036	44	33039	3300016	44	34038	3400011	44	35035	3500071	44	
1010	100024	91	2002	200032	44	2998	300033	44	4003	400021	44	5004	500021	44	6010	600009	44	7019	700005	44	8028	800061	44	9031	900042	44	10034	1000031	44	11035	1100023	44	12037	1200094	44	13043	1300013	44	14052	1400100	44	15052	1500046	44	16052	1600015	44	17054	1700098	44	18057	1800039	44	19050	1900095	44	20041	2000093	44	21041	2100083	44	22044	2200093	44	23048	2300029	44	24049	2400045	44	25051	2500093	44	26057	2600082	44	27056	2700058	44	28063	2800080	44	29067	2900009	44	30073	3000047	44	31072	3100019	44	32071	3200013	44	33072	3300072	44	34075	3400054	44	35076	3500085	44	
1007	100018	97	2006	200038	45	3006	300060	44	4012	400081	44	5012	500057	44	6021	600066	44	7027	700010	44	8028	800020	44	9035	900101	44	10039	1000091	44	11042	1100082	44	12048	1200035	44	13053	1300012	44	14053	1400020	44	15059	1500023	44	16060	1600059	44	17060	1700006	44	18057	1800099	44	19047	1900091	44	20047	2000088	44	21045	2100087	44	22042	2200035	44	23051	2300045	44	24054	2400021	44	25060	2500102	44	26058	2600096	44	27056	2700032	44	28048	2800017	44	29052	2900050	44	30054	3000070	44	31063	3100067	44	32062	3200089	44	33060	3300008	44	34065	3400073	44	35073	3500081	44	
1005	100100	84	2000	200087	44	3004	300026	44	4010	400054	44	5015	500088	44	6023	600092	44	7030	700067	44	8031	800039	44	9035	900023	44	10042	1000068	44	11037	1100052	44	12042	1200033	44	13046	1300081	44	14048	1400054	44	15053	1500096	44	16056	1600077	44	17060	1700069	44	18063	1800062	44	19070	1900056	44	20078	2000062	44	21082	2100015	44	22089	2200070	44	23099	2300095	44	24103	2400069	44	25107	2500076	44	26110	2600023	44	27107	2700064	44	28107	2800105	44	29109	2900028	44	30111	3000060	44	31118	3100014	44	32121	3200060	44	33121	3300072	44	34120	3400067	44	35122	3500027	44	
1054	100084	46	2108	200041	46	3164	300043	46	4216	400016	46	5266	500091	46	6322	600019	46	7383	700043	46	8439	800023	46	9493	900043	46	10546	1000039	46	11596	1100033	46	12646	1200046	46	13699	1300063	46	14746	1400038	46	15797	1500026	46	16855	1600026	46	17912	1700080	46	18972	1800018	46	20025	1900044	46	21079	2000096	46	22137	2100073	46	23192	2200061	46	24249	2300038	46	25305	2400045	46	26357	2500050	46	27409	2600016	46	28465	2700021	46	29522	2800021	46	30579	2900021	46	31637	3000098	46	32694	3100064	46	33748	3200095	46	34794	3300043	46	35837	3400012	46	36893	3500015	46	
1055	100081	52	2108	200086	46	3165	300090	46	4212	400019	46	5259	500015	46	6316	600062	46	7369	700070	46	8413	800008	46	9453	900077	46	10508	1000041	46	11560	1100023	46	12614	1200014	46	13663	1300082	46	14709	1400011	46	15760	1500033	46	16815	1600010	46	17868	1700092	46	18923	1800070	46	19971	1900073	46	21024	2000067	46	22076	2100096	46	23128	2200056	46	24185	2300070	46	25243	2400010	46	26292	2500020	46	27343	2600049	46	28394	2700017	46	29444	2800078	46	30501	2900063	46	31558	3000101	46	32612	3100062	46	33667	3200072	46	34724	3300090	46	35783	3400085	46	36839	3500036	46	
1062	100023	46	2119	200044	46	3173	300009	46	4222	400036	46	5272	500046	46	6323	600053	46	7375	700058	46	8426	800037	46	9485	900023	46	10536	1000089	46	11590	1100092	46	12634	1200069	46	13689	1300051	46	14749	1400039	46	15802	1500014	46	16852	1600063	46	17908	1700040	46	18963	1800011	46	20021	1900070	46	21075	2000029	46	22131	2100043	46	23184	2200006	46	24238	2300066	46	25284	2400067	46	26340	2500033	46	27399	2600065	46	28460	2700016	46	29515	2800047	46	30557	2900074	46	31605	3000095	46	32658	3100047	46	33712	3200020	46	34773	3300082	46	35827	3400050	46	36877	3500026	46	
1052	100014	46	2099	200087	46	3152	300083	46	4207	400058	46	5260	500011	46	6311	600028	46	7367	700098	46	8424	800044	46	9477	900007	46	10533	1000025	46	11586	1100066	46	12634	1200069	46	13690	1300053	46	14751	1400063	46	15803	1500078	46	16857	1600020	46	17915	1700020	46	18958	1800065	46	20002	1900041	46	21046	2000044	46	22099	2100028	46	23145	2200089	46	24199	2300015	46	25239	2400051	46	26289	2500034	46	27339	2600009	46	28385	2700016	46	29440	2800050	46	30486	2900013	46	31540	3000041	46	32597	3100052	46	33652	3200006	46	34708	3300076	46	35762	3400027	46	36808	3500072	46	
1054	100022	58	2108	200044	46	3167	300008	46	4224	400017	46	5281	500009	46	6341	600023	46	7399	700038	46	8442	800054	46	9492	900046	46	10543	1000053	46	11600	1100025	46	12652	1200094	46	13709	1300076	46	14765	1400033	46	15823	1500045	46	16873	1600021	46	17928	1700019	46	18984	1800075	46	20039	1900058	46	21093	2000058	46	22149	2100053	46	23202	2200008	46	24250	2300057	46	25308	2400089	46	26360	2500030	46	27407	2600095	46	28458	2700021	46	29503	2800085	46	30544	2900027	46	31591	3000067	46	32643	3100079	46	33700	3200096	46	34754	3300012	46	35806	3400092	46	36859	3500012	46	
330	100260	3837	660	200231	2774	988	300152	2265	1314	400193	1919	1636	500060	1634	1958	600260	1419	2280	700119	1253	2599	800287	1129	2919	900210	1053	3241	1000235	985	3562	1100063	939	3884	1200321	919	4205	1300095	899	4527	1400301	889	4849	1500123	868	5172	1600244	851	5491	1700109	838	5814	1800204	817	6135	1900210	798	6456	2000213	775	6776	2100253	763	7097	2200045	752	7420	2300067	749	7742	2400230	736	8064	2500197	725	8385	2600108	719	8706	2700140	711	9026	2800177	709	9347	2900183	708	9668	3000070	700	9988	3100070	683	10310	3200245	679	10627	3300156	673	10949	3400176	663	11268	3500213	660	
330	100079	3861	660	200130	2801	988	300035	2217	1315	400046	1821	1639	500237	1537	1962	600036	1381	2282	700106	1293	2598	800156	1216	2919	900027	1192	3238	1000225	1152	3557	1100255	1122	3878	1200127	1060	4200	1300226	1046	4521	1400276	990	4842	1500060	921	5164	1600251	876	5487	1700330	834	5805	1800112	788	6124	1900084	774	6443	2000027	760	6764	2100153	747	7085	2200146	737	7405	2300174	718	7726	2400273	700	8047	2500130	683	8366	2600026	682	8687	2700159	663	9006	2800127	647	9327	2900195	640	9648	3000200	632	9970	3100063	632	10292	3200106	629	10613	3300243	617	10933	3400224	607	11255	3500317	606	
333	100198	3831	664	200277	2733	993	300053	2047	1319	400239	1633	1642	500320	1413	1966	600081	1251	2288	700080	1149	2611	800191	1035	2932	900168	952	3252	1000265	929	3570	1100133	881	3887	1200047	851	4207	1300047	805	4528	1400210	801	4849	1500286	785	5168	1600083	770	5486	1700075	754	5807	1800151	739	6127	1900306	718	6446	2000271	703	6765	2100184	684	7086	2200091	676	7404	2300066	670	7724	2400263	652	8042	2500034	639	8362	2600169	619	8683	2700199	612	9004	2800182	600	9327	2900284	594	9649	3000028	584	9970	3100143	564	10291	3200282	551	10612	3300207	532	10931	3400060	527	11251	3500077	519	
333	100238	3736	661	200141	2623	991	300200	2014	1317	400132	1693	1642	500236	1518	1966	600188	1381	2291	700150	1239	2611	800165	1157	2932	900156	1109	3255	1000248	1015	3577	1100096	939	3897	1200023	882	4217	1300110	851	4538	1400205	826	4858	1500205	793	5178	1600063	776	5496	1700053	742	5816	1800307	733	6137	1900282	719	6457	2000075	714	6779	2100188	681	7101	2200174	676	7422	2300233	676	7743	2400162	673	8062	2500052	664	8383	2600187	656	8705	2700033	652	9027	2800315	651	9348	2900254	649	9668	3000226	646	9987	3100075	641	10309	3200180	635	10631	3300293	629	10951	3400169	626	11272	3500335	625	
329	100168	3838	661	200131	2780	990	300273	2209	1315	400108	1895	1641	500070	1679	1961	600146	1542	2280	700249	1471	2604	800268	1351	2923	900035	1310	3246	1000187	1229	3569	1100270	1130	3892	1200242	1066	4214	1300151	1020	4536	1400058	996	4859	1500329	966	5181	1600143	922	5501	1700271	871	5821	1800321	853	6141	1900222	829	6462	2000090	802	6782	2100117	794	7102	2200038	785	7424	2300286	782	7746	2400326	782	8068	2500178	772	8389	2600260	759	8708	2700287	747	9028	2800140	732	9349	2900088	725	9673	3000303	719	9995	3100140	710	10317	3200255	706	10638	3300268	689	10958	3400295	687	11279	3500221	685	
338	100237	3847	675	200102	2569	1010	300174	1411	1342	400223	957	1669	500292	823	1995	600202	723	2320	700167	676	2646	800220	656	2973	900248	649	3295	1000115	641	3622	1100200	629	3947	1200238	623	4274	1300314	597	4601	1400267	590	4927	1500185	581	5255	1600242	573	5580	1700316	570	5906	1800051	564	6228	1900242	564	6553	2000279	558	6881	2100070	555	7208	2200213	554	7531	2300129	551	7858	2400058	540	8184	2500049	539	8511	2600182	538	8837	2700118	527	9161	2800129	522	9487	2900106	516	9815	3000175	510	10143	3100267	504	10465	3200301	497	10789	3300140	492	11113	3400203	485	11439	3500149	485	
336	100079	3823	674	200289	2540	1010	300022	1496	1343	400267	1025	1670	500021	837	1998	600125	764	2320	700029	709	2647	800127	691	2972	900309	624	3295	1000303	592	3621	1100078	565	3946	1200278	546	4271	1300100	546	4595	1400200	539	4920	1500086	528	5245	1600030	519	5569	1700127	506	5895	1800225	505	6220	1900311	505	6548	2000103	502	6877	2100291	502	7205	2200210	498	7531	2300271	495	7859	2400308	491	8186	2500317	490	8512	2600073	484	8838	2700159	473	9166	2800131	454	9494	2900189	447	9821	3000097	437	10149	3100058	429	10476	3200067	429	10803	3300286	424	11130	3400287	422	11459	3500239	422	
338	100157	3873	675	200328	2560	1011	300125	1484	1345	400248	1154	1677	500278	894	2004	600315	807	2332	700281	777	2661	800313	745	2989	900117	740	3317	1000178	724	3645	1100035	704	3974	1200022	695	4303	1300089	667	4630	1400214	658	4956	1500045	657	5284	1600236	646	5613	1700168	642	5941	1800134	639	6270	1900051	635	6590	2000220	635	6915	2100128	634	7243	2200311	633	7571	2300222	628	7900	2400117	627	8228	2500207	627	8556	2600199	625	8884	2700214	612	9210	2800063	611	9538	2900058	602	9864	3000273	600	10192	3100056	600	10518	3200091	599	10843	3300241	589	11170	3400303	587	11498	3500285	578	
337	100282	3785	675	200272	2261	1009	300166	1353	1337	400244	1014	1665	500161	918	1990	600199	861	2314	700038	846	2639	800177	819	2966	900218	783	3289	1000160	742	3616	1100094	722	3942	1200331	681	4270	1300321	636	4594	1400182	632	4921	1500033	631	5249	1600192	621	5576	1700066	607	5903	1800303	591	6227	1900178	581	6548	2000055	581	6868	2100328	579	7192	2200043	572	7517	2300160	567	7844	2400273	567	8171	2500204	562	8494	2600241	553	8821	2700276	548	9147	2800300	543	9472	2900062	538	9798	3000240	538	10123	3100255	536	10450	3200075	535	10777	3300250	529	11101	3400027	529	11427	3500319	523	
339	100295	3759	675	200157	2512	1012	300302	1434	1339	400120	1012	1665	500290	874	1990	600078	765	2316	700122	700	2640	800065	662	2965	900055	649	3288	1000023	628	3613	1100025	613	3939	1200075	599	4264	1300159	588	4591	1400282	579	4917	1500107	564	5242	1600223	563	5567	1700230	563	5892	1800149	560	6220	1900225	558	6548	2000301	544	6874	2100060	537	7201	2200291	528	7526	2300180	510	7850	2400045	508	8176	2500297	505	8502	2600030	501	8825	2700224	501	9145	2800092	501	9470	2900250	498	9794	3000215	489	10117	3100106	485	10442	3200271	485	10765	3300299	478	11090	3400156	466	11416	3500192	466	
71	100580	24949	142	200972	24701	213	301250	24382	283	400454	24090	354	500145	23740	426	601135	23398	495	700435	23186	565	800319	22988	635	900625	22802	705	1000211	22556	776	1100624	22431	846	1200480	22319	916	1300767	22234	987	1401163	22090	1058	1501065	21873	1128	1600906	21635	1199	1701127	21398	1269	1801330	21218	1339	1900391	20961	1410	2000773	20711	1480	2101218	20527	1550	2201476	20382	1620	2300195	20168	1691	2401359	20015	1761	2501017	19842	1832	2601406	19669	1902	2700653	19395	1972	2800760	19164	2041	2900496	19021	2112	3001379	18777	2182	3100975	18698	2252	3201099	18631	2322	3301119	18492	2392	3401173	18404	2461	3500779	18362	
71	100507	24886	142	200130	24569	212	300628	24189	279	400783	23856	350	500851	23564	421	600786	23247	491	700967	23028	562	801524	22797	632	900575	22628	702	1000706	22357	773	1101290	22227	843	1201015	21991	911	1300146	21894	982	1400509	21582	1053	1500452	21443	1124	1601004	21190	1195	1700643	20890	1265	1800755	20627	1335	1900598	20484	1405	2000585	20340	1476	2100999	20182	1547	2200850	20006	1618	2301163	19781	1689	2401481	19453	1759	2501352	19305	1828	2601124	19247	1897	2700837	19223	1967	2800698	19060	2037	2900709	18939	2108	3001493	18827	2178	3101197	18739	2249	3201489	18554	2319	3301381	18396	2389	3401224	18309	2459	3500809	18175	
71	100475	24883	143	201244	24487	214	300547	24175	285	400525	23996	356	500378	23778	427	601393	23437	497	700914	23076	568	801281	22876	639	901245	22511	709	1000939	22167	779	1100625	21931	849	1200727	21738	920	1300962	21387	991	1401085	21103	1062	1501504	20856	1132	1600438	20557	1203	1700769	20450	1273	1800361	20234	1344	1900823	20023	1414	2000686	19829	1485	2100459	19540	1556	2200309	19326	1627	2301320	19184	1695	2400287	19154	1766	2501403	18970	1836	2601233	18849	1905	2700440	18732	1976	2801447	18557	2046	2900405	18418	2116	3000307	18381	2187	3101315	18216	2257	3200407	18045	2326	3300275	17971	2396	3400497	17847	2467	3500811	17532	
71	100417	24889	143	201048	24471	213	300326	24226	285	401260	23854	355	500270	23468	426	600449	23165	497	700838	22832	568	800988	22540	639	900800	22224	710	1000246	21891	781	1100421	21635	852	1201165	21449	922	1301089	21241	992	1400534	21024	1064	1501058	20771	1135	1600578	20545	1205	1700462	20429	1276	1801008	20212	1346	1900480	20022	1416	2001497	19900	1486	2100171	19676	1557	2200864	19320	1628	2301001	19130	1698	2400873	18965	1769	2501376	18812	1839	2600848	18701	1909	2700987	18588	1980	2801565	18413	2051	2901475	18230	2121	3000958	18119	2191	3101340	18053	2261	3201515	17902	2330	3300163	17778	2399	3400287	17744	2468	3500814	17714	
72	101400	24878	141	200207	24647	213	301115	24302	283	400189	24048	354	500510	23824	425	600772	23589	494	700307	23208	565	801010	22910	636	901232	22555	706	1000144	22258	778	1100747	21845	849	1200206	21471	921	1301028	21110	992	1400158	20818	1063	1500551	20534	1133	1600607	20436	1204	1700875	20130	1275	1800938	19771	1345	1900325	19569	1415	2000368	19502	1486	2101082	19410	1556	2200796	19385	1626	2300414	19303	1696	2400249	19160	1767	2500916	19059	1837	2600358	18779	1908	2700887	18568	1978	2801269	18442	2048	2900728	18270	2118	3000282	18153	2189	3100835	17879	2259	3200716	17811	2330	3301512	17690	2400	3400338	17503	2471	3501149	17351	
71	100698	25176	142	201392	25158	212	300963	25130	282	401126	25126	352	500786	25126	423	600833	25127	494	700873	25127	565	800910	25097	636	901243	25089	706	1001176	25080	776	1100278	25080	847	1200301	25058	918	1300912	25058	989	1400941	25038	1060	1501014	25030	1131	1601039	25030	1202	1700859	24964	1273	1801124	24959	1344	1901350	24921	1414	2000952	24905	1485	2100303	24830	1556	2200341	24808	1627	2300502	24797	1698	2401418	24751	1769	2501387	24638	1840	2600903	24572	1911	2701050	24516	1981	2800436	24463	2052	2900301	24414	2122	3000336	24368	2193	3100458	24365	2265	3200678	24271	2336	3300348	24200	2406	3400529	24140	2478	3501338	24076	
71	100472	25176	142	201249	25176	212	301428	25176	282	401202	25172	352	501278	25167	423	600951	25141	494	700849	25066	565	801272	25036	635	900501	24947	707	1001210	24875	778	1101439	24851	848	1200143	24815	920	1301430	24815	990	1400540	24814	1059	1500622	24774	1130	1600948	24755	1200	1700178	24681	1271	1800131	24592	1343	1900903	24524	1413	2000708	24467	1483	2100760	24467	1555	2201219	24404	1626	2300648	24374	1697	2401019	24348	1768	2501453	24334	1838	2600631	24315	1909	2700590	24264	1979	2800854	24241	2049	2900721	24214	2120	3001280	24190	2190	3100964	24177	2261	3201180	24159	2332	3301237	24144	2403	3400657	24058	2474	3500365	24021	
71	101394	25176	141	200800	25176	212	301371	25173	282	400480	25143	353	501109	25135	423	600199	25116	493	700260	25109	564	800407	25087	635	901295	25050	706	1001266	24982	776	1100140	24933	847	1200127	24933	918	1300457	24925	988	1400540	24906	1059	1500525	24881	1130	1601055	24878	1201	1701073	24853	1271	1800349	24839	1342	1900950	24839	1413	2000719	24833	1484	2100781	24808	1555	2200564	24755	1626	2300525	24726	1697	2400395	24696	1769	2501468	24657	1839	2600881	24657	1910	2701106	24657	1980	2800549	24657	2051	2901158	24634	2121	3000233	24634	2192	3100664	24608	2262	3200302	24529	2332	3300417	24510	2403	3401155	24502	2473	3501133	24478	
71	100659	25176	141	200678	25176	211	300722	25153	281	400394	25111	352	501031	25050	422	600685	25002	493	701291	24999	563	800262	24971	634	900452	24927	705	1000680	24903	776	1100430	24877	847	1200414	24837	919	1301509	24837	989	1400189	24836	1060	1500670	24782	1131	1601486	24782	1201	1700813	24774	1271	1801047	24745	1341	1900803	24737	1412	2000499	24567	1483	2101092	24567	1553	2200257	24562	1624	2300534	24556	1695	2401048	24556	1766	2500694	24537	1837	2601259	24503	1908	2701376	24455	1978	2800197	24447	2050	2901345	24440	2120	3000179	24425	2192	3101437	24369	2263	3201077	24346	2334	3301263	24284	2405	3401276	24187	2475	3501097	24118	
71	100593	25152	142	201262	25145	212	301151	25079	283	401179	25073	353	500744	25071	423	600765	25069	494	701516	25034	564	801171	25019	635	901269	24969	706	1000810	24927	777	1100884	24887	848	1201143	24859	919	1300910	24812	990	1400714	24812	1061	1501080	24773	1131	1600282	24711	1202	1700443	24699	1273	1800620	24691	1344	1900967	24688	1414	2000778	24670	1485	2100430	24670	1556	2200163	24670	1627	2300420	24641	1697	2400152	24641	1768	2500588	24641	1838	2600581	24612	1909	2701058	24607	1979	2800440	24603	2049	2900193	24597	2120	3001091	24583	2190	3100192	24579	2261	3200472	24579	2332	3300879	24579	2403	3401237	24571	2473	3500522	24571	
1204	100048	47	2408	200045	47	3615	300035	47	4823	400067	47	6025	500085	47	7224	600034	47	8433	700009	47	9646	800052	47	10849	900034	47	12057	1000056	47	13265	1100085	47	14469	1200040	47	15675	1300064	47	16871	1400086	47	18080	1500018	47	19284	1600049	47	20494	1700078	47	21701	1800072	47	22909	1900020	47	24120	2000005	47	25307	2100075	47	26514	2200020	47	27724	2300068	47	28928	2400044	47	30135	2500022	47	31338	2600059	47	32544	2700078	47	33751	2800030	47	34959	2900070	47	36163	3000027	47	37347	3100005	47	38552	3200014	47	39761	3300032	47	40965	3400004	47	42171	3500046	47	
1209	100029	47	2411	200016	47	3617	300024	47	4812	400076	47	6012	500020	47	7214	600031	47	8423	700021	47	9622	800080	47	10816	900026	47	12022	1000037	47	13235	1100076	47	14440	1200019	47	15649	1300011	47	16845	1400079	47	18054	1500031	47	19265	1600047	47	20476	1700033	47	21678	1800032	47	22877	1900044	47	24077	2000080	47	25289	2100043	47	26494	2200005	47	27704	2300051	47	28913	2400075	47	30124	2500031	47	31334	2600014	47	32538	2700018	47	33747	2800082	47	34959	2900071	47	36166	3000009	47	37376	3100055	47	38582	3200071	47	39789	3300040	47	40994	3400046	47	42197	3500024	47	
1205	100004	47	2415	200022	47	3613	300076	47	4807	400014	47	6004	500039	47	7216	600008	47	8425	700046	47	9635	800082	47	10842	900027	47	12054	1000029	47	13254	1100011	47	14458	1200069	47	15666	1300028	47	16874	1400054	47	18079	1500046	47	19281	1600025	47	20492	1700057	47	21700	1800061	47	22896	1900037	47	24105	2000011	47	25313	2100011	47	26525	2200057	47	27732	2300030	47	28929	2400080	47	30134	2500017	47	31344	2600011	47	32554	2700058	47	33768	2800035	47	34978	2900067	47	36182	3000053	47	37396	3100077	47	38603	3200024	47	39814	3300019	47	41021	3400060	47	42223	3500010	47	
1203	100021	47	2410	200035	47	3614	300077	47	4820	400083	47	6018	500078	47	7223	600033	47	8431	700042	47	9635	800043	47	10840	900047	47	12047	1000066	47	13251	1100046	47	14455	1200033	47	15658	1300054	47	16862	1400055	47	18066	1500008	47	19265	1600050	47	20466	1700019	47	21677	1800021	47	22887	1900057	47	24097	2000079	47	25301	2100020	47	26507	2200010	47	27714	2300012	47	28919	2400017	47	30129	2500032	47	31334	2600016	47	32540	2700019	47	33746	2800026	47	34957	2900024	47	36166	3000076	47	37368	3100044	47	38573	3200055	47	39776	3300073	47	40972	3400017	47	42163	3500038	47	
1203	100071	47	2410	200047	47	3613	300010	47	4821	400050	47	6030	500014	47	7233	600031	47	8439	700023	47	9635	800025	47	10834	900052	47	12038	1000061	47	13240	1100049	47	14435	1200060	47	15641	1300046	47	16842	1400074	47	18043	1500022	47	19251	1600017	47	20460	1700017	47	21668	1800073	47	22872	1900077	47	24074	2000030	47	25274	2100049	47	26480	2200071	47	27686	2300015	47	28893	2400039	47	30094	2500033	47	31297	2600066	47	32500	2700008	47	33715	2800036	47	34920	2900058	47	36128	3000019	47	37333	3100014	47	38543	3200038	47	39744	3300045	47	40941	3400020	47	42141	3500057	47	
1345	100022	53	2692	200057	53	4036	300035	53	5379	400042	53	6733	500041	53	8080	600049	53	9429	700045	53	10772	800045	53	12121	900061	53	13467	1000008	53	14820	1100072	53	16174	1200038	53	17527	1300051	53	18878	1400019	53	20224	1500062	53	21575	1600036	53	22925	1700048	53	24274	1800053	53	25623	1900007	53	26960	2000009	53	28300	2100075	53	29645	2200047	53	30996	2300040	53	32344	2400050	53	33693	2500045	53	35025	2600039	53	36371	2700067	53	37717	2800025	53	39067	2900037	53	40409	3000016	53	41693	3100045	53	43043	3200023	53	44388	3300054	53	45739	3400031	53	47088	3500042	53	
1341	100037	53	2681	200056	53	4028	300059	53	5374	400004	53	6730	500059	53	8073	600047	53	9421	700073	53	10773	800021	53	12120	900036	53	13469	1000065	53	14819	1100060	53	16173	1200078	53	17525	1300027	53	18869	1400004	53	20217	1500064	53	21563	1600050	53	22911	1700016	53	24259	1800062	53	25600	1900037	53	26944	2000014	53	28293	2100014	53	29644	2200050	53	30998	2300058	53	32354	2400072	53	33705	2500015	53	35060	2600030	53	36412	2700051	53	37760	2800040	53	39107	2900052	53	40459	3000049	53	41806	3100056	53	43157	3200036	53	44511	3300073	53	45850	3400014	53	47196	3500022	53	
1351	100029	53	2699	200073	53	4054	300066	53	5400	400008	53	6742	500010	53	8098	600010	53	9452	700006	53	10803	800077	53	12145	900027	53	13495	1000016	53	14833	1100035	53	16182	1200069	53	17525	1300010	53	18873	1400014	53	20225	1500034	53	21574	1600007	53	22921	1700010	53	24264	1800057	53	25611	1900065	53	26953	2000028	53	28307	2100075	53	29660	2200035	53	31011	2300065	53	32352	2400005	53	33699	2500044	53	35053	2600076	53	36395	2700035	53	37740	2800037	53	39065	2900006	53	40399	3000013	53	41746	3100037	53	43094	3200050	53	44445	3300010	53	45793	3400059	53	47138	3500024	53	
1347	100006	53	2703	200033	53	4041	300026	53	5377	400068	53	6715	500056	53	8056	600029	53	9403	700072	53	10756	800044	53	12104	900051	53	13458	1000051	53	14813	1100073	53	16163	1200044	53	17518	1300050	53	18871	1400027	53	20223	1500041	53	21569	1600047	53	22919	1700027	53	24266	1800012	53	25614	1900028	53	26967	2000028	53	28312	2100054	53	29657	2200021	53	31011	2300027	53	32358	2400014	53	33709	2500066	53	35043	2600011	53	36387	2700071	53	37729	2800020	53	39073	2900069	53	40419	3000014	53	41769	3100023	53	43118	3200077	53	44467	3300075	53	45810	3400044	53	47157	3500072	53	
1348	100036	53	2691	200013	53	4042	300044	53	5394	400054	53	6752	500005	53	8100	600038	53	9451	700007	53	10802	800032	53	12150	900045	53	13488	1000036	53	14830	1100071	53	16178	1200024	53	17532	1300073	53	18883	1400054	53	20229	1500037	53	21580	1600074	53	22928	1700022	53	24269	1800004	53	25615	1900047	53	26957	2000020	53	28301	2100015	53	29654	2200023	53	31004	2300025	53	32348	2400022	53	33700	2500027	53	35046	2600048	53	36389	2700018	53	37739	2800008	53	39088	2900048	53	40439	3000014	53	41783	3100024	53	43029	3200022	53	44380	3300043	53	45723	3400032	53	47078	3500070	53	
354	100091	334	703	200260	321	1049	300276	315	1399	400194	303	1749	500276	284	2097	600304	282	2449	700193	275	2800	800078	269	3153	900294	268	3506	1000286	268	3857	1100142	268	4207	1200171	268	4556	1300172	258	4905	1400250	258	5252	1500083	253	5601	1600102	253	5951	1700262	253	6300	1800177	250	6647	1900073	250	6992	2000226	250	7343	2100119	250	7694	2200186	250	8045	2300251	250	8396	2400035	250	8747	2500172	250	9099	2600031	250	9451	2700104	250	9800	2800028	250	10152	2900042	250	10497	3000308	250	10847	3100257	250	11198	3200190	250	11548	3300249	250	11900	3400086	250	12251	3500187	250	
353	100282	314	699	200121	301	1045	300029	287	1394	400139	285	1743	500041	285	2092	600047	284	2441	700133	284	2790	800163	284	3138	900199	284	3486	1000276	284	3829	1100242	284	4179	1200056	284	4530	1300189	279	4880	1400026	279	5231	1500151	278	5578	1600122	278	5925	1700165	276	6273	1800022	276	6619	1900230	276	6969	2000222	274	7318	2100069	274	7667	2200039	274	8011	2300270	274	8357	2400199	270	8705	2500160	270	9053	2600088	270	9401	2700251	270	9750	2800298	270	10098	2900171	268	10446	3000184	268	10797	3100270	268	11146	3200211	268	11493	3300240	268	11843	3400287	268	12191	3500285	264	
350	100122	347	701	200094	314	1052	300241	302	1404	400258	302	1754	500075	302	2106	600031	298	2457	700031	298	2810	800252	293	3158	900091	293	3508	1000182	291	3859	1100296	291	4210	1200068	288	4563	1300210	288	4914	1400097	288	5266	1500231	285	5615	1600149	274	5967	1700294	273	6315	1800058	272	6667	1900179	269	7018	2000181	269	7367	2100165	261	7717	2200052	261	8068	2300240	260	8417	2400076	259	8768	2500192	259	9119	2600145	259	9468	2700112	259	9819	2800098	259	10166	2900123	259	10517	3000043	258	10867	3100108	256	11216	3200022	256	11563	3300233	257	11913	3400219	257	12263	3500255	257	
353	100071	330	704	200024	319	1057	300305	300	1408	400253	293	1760	500101	288	2111	600063	280	2462	700092	280	2813	800234	279	3163	900205	278	3514	1000043	271	3865	1100152	268	4215	1200052	263	4565	1300150	263	4916	1400207	261	5265	1500197	258	5613	1600073	252	5958	1700024	247	6309	1800134	247	6660	1900170	247	7009	2000256	246	7354	2100248	244	7706	2200282	243	8054	2300142	243	8403	2400167	243	8754	2500303	242	9103	2600103	242	9453	2700095	242	9803	2800249	242	10153	2900023	241	10505	3000134	241	10857	3100285	240	11207	3200243	240	11559	3300192	238	11908	3400182	238	12258	3500227	236	
351	100302	322	700	200073	297	1051	300260	275	1401	400150	269	1752	500255	269	2103	600150	269	2451	700192	266	2798	800106	265	3146	900223	263	3495	1000119	263	3846	1100178	263	4198	1200272	261	4549	1300202	261	4900	1400233	261	5250	1500064	261	5599	1600078	260	5949	1700161	261	6293	1800064	261	6640	1900206	261	6989	2000031	255	7341	2100052	255	7692	2200170	255	8040	2300202	255	8391	2400031	255	8739	2500212	255	9088	2600274	255	9438	2700251	254	9787	2800092	254	10138	2900300	254	10486	3000080	249	10835	3100114	249	11184	3200041	247	11536	3300265	247	11887	3400153	247	12236	3500139	247	
384	100220	338	765	200132	309	1145	300064	287	1522	400085	286	1902	500037	281	2283	600218	274	2663	700200	274	3037	800018	275	3410	900110	274	3787	1000127	274	4167	1100112	274	4546	1200258	274	4923	1300109	261	5299	1400242	258	5676	1500191	257	6055	1600162	256	6437	1700244	256	6817	1800214	256	7193	1900229	256	7572	2000255	256	7950	2100155	253	8328	2200158	253	8708	2300226	244	9088	2400173	244	9468	2500045	244	9848	2600238	244	10227	2700260	244	10604	2800044	244	10980	2900134	244	11362	3000179	244	11743	3100045	244	12123	3200110	244	12502	3300274	245	12881	3400088	245	13257	3500045	245	
382	100207	288	762	200264	275	1140	300119	272	1519	400077	271	1899	500046	262	2279	600242	262	2657	700104	262	3037	800219	261	3416	900145	255	3793	1000071	252	4174	1100223	249	4553	1200040	249	4933	1300240	245	5311	1400184	245	5689	1500087	245	6070	1600144	245	6449	1700127	245	6825	1800185	245	7205	1900217	244	7586	2000109	244	7965	2100109	244	8339	2200048	244	8715	2300220	244	9090	2400143	245	9465	2500202	245	9843	2600065	244	10223	2700240	244	10598	2800085	244	10976	2900164	244	11355	3000108	244	11733	3100247	244	12109	3200076	244	12487	3300248	244	12865	3400193	241	13241	3500249	241	
383	100109	340	766	200160	316	1147	300189	293	1523	400025	284	1904	500078	276	2285	600092	270	2665	700022	270	3043	800063	270	3416	900113	266	3784	1000066	266	4161	1100157	262	4540	1200233	262	4916	1300226	262	5295	1400159	261	5675	1500267	261	6055	1600087	261	6435	1700250	262	6816	1800088	262	7196	1900164	262	7573	2000070	262	7955	2100073	262	8338	2200237	261	8717	2300267	256	9098	2400096	256	9477	2500226	256	9859	2600223	256	10238	2700063	255	10617	2800034	255	10998	2900073	255	11379	3000183	255	11759	3100231	256	12137	3200170	256	12516	3300232	256	12897	3400203	256	13275	3500079	256	
382	100186	320	762	200106	312	1145	300181	303	1523	400210	296	1904	500233	296	2285	600175	295	2665	700164	292	3047	800271	291	3426	900265	290	3805	1000024	290	4186	1100124	283	4568	1200072	269	4950	1300059	269	5323	1400118	269	5693	1500109	269	6066	1600146	269	6448	1700068	264	6827	1800079	263	7207	1900204	263	7581	2000072	263	7958	2100272	260	8338	2200289	252	8716	2300221	252	9094	2400206	252	9474	2500103	252	9854	2600146	252	10234	2700178	252	10615	2800101	252	10994	2900203	252	11374	3000104	250	11755	3100226	250	12133	3200260	250	12512	3300147	250	12893	3400081	250	13274	3500044	250	
379	100166	309	759	200165	302	1138	300064	301	1519	400218	293	1900	500254	293	2278	600121	288	2657	700101	287	3034	800100	283	3414	900232	280	3791	1000133	277	4169	1100042	270	4548	1200274	264	4926	1300161	264	5306	1400193	256	5680	1500168	256	6054	1600061	253	6433	1700147	253	6812	1800245	253	7191	1900101	253	7572	2000264	253	7952	2100172	253	8331	2200269	253	8710	2300032	253	9089	2400072	253	9464	2500063	253	9847	2600234	253	10227	2700121	250	10607	2800135	250	10987	2900113	250	11370	3000229	250	11749	3100050	250	12129	3200182	247	12508	3300150	247	12885	3400187	247	13265	3500115	247	
83	100345	1803	166	200723	1803	249	300525	1803	331	400682	1803	413	500165	1803	497	600947	1803	579	700261	1803	662	800640	1803	745	900963	1803	827	1000402	1803	910	1101022	1803	992	1200231	1803	1075	1300881	1803	1157	1400751	1803	1240	1501280	1803	1322	1601352	1803	1403	1700452	1803	1486	1800283	1803	1569	1900115	1803	1652	2000342	1803	1735	2100756	1803	1816	2200359	1803	1898	2300901	1803	1981	2400941	1803	2063	2500477	1803	2145	2600439	1803	2227	2701045	1803	2310	2801152	1803	2392	2900253	1803	2475	3000236	1803	2558	3100383	1803	2641	3200845	1803	2723	3300656	1803	2806	3400962	1803	2889	3501134	1803	
83	100466	1803	166	200929	1803	248	300278	1803	330	400137	1803	413	500196	1803	496	600561	1803	579	701154	1803	662	801205	1803	745	901033	1803	827	1001056	1803	910	1100721	1803	992	1200246	1803	1075	1300187	1803	1158	1400327	1803	1241	1500807	1803	1323	1600390	1803	1406	1701178	1803	1489	1801286	1803	1571	1900416	1803	1653	2000292	1803	1736	2100267	1803	1819	2200688	1803	1902	2301183	1803	1985	2401226	1803	2067	2501200	1803	2148	2600275	1803	2231	2700890	1803	2313	2800585	1803	2395	2900173	1803	2478	3001129	1803	2561	3101106	1803	2643	3200490	1803	2726	3300838	1803	2809	3401292	1803	2891	3500348	1803	
83	100822	1803	166	201193	1803	248	300654	1803	331	401191	1803	413	500282	1803	496	600142	1803	579	700760	1803	662	801078	1803	744	900452	1803	827	1000426	1803	910	1100528	1803	992	1200115	1803	1075	1300325	1803	1158	1400356	1803	1241	1500510	1803	1324	1600799	1803	1406	1700191	1803	1489	1800943	1803	1571	1900412	1803	1653	2000310	1803	1737	2101317	1803	1819	2200201	1803	1902	2300555	1803	1985	2400439	1803	2067	2500242	1803	2150	2601256	1803	2232	2700336	1803	2315	2800837	1803	2398	2901099	1803	2480	3000692	1803	2563	3100866	1803	2646	3200963	1803	2729	3301312	1803	2810	3400100	1803	2893	3500834	1803	
83	100469	1803	165	200635	1803	248	300981	1803	330	400203	1803	413	500236	1803	496	601115	1803	578	700396	1803	661	800893	1803	744	900934	1803	827	1001172	1803	908	1101159	1803	990	1201208	1803	1072	1300179	1803	1155	1400112	1803	1238	1500181	1803	1321	1600912	1803	1403	1700306	1803	1486	1800506	1803	1569	1901208	1803	1651	2000604	1803	1734	2100588	1803	1817	2200686	1803	1900	2300610	1803	1983	2400854	1803	2066	2500412	1803	2149	2600333	1803	2232	2700255	1803	2314	2800117	1803	2397	2900414	1803	2480	3001264	1803	2562	3100942	1803	2645	3201111	1803	2727	3300565	1803	2810	3400605	1803	2893	3500226	1803	
84	101232	1803	167	201285	1803	249	300423	1803	332	400362	1803	415	501066	1803	498	601233	1803	580	700877	1803	662	800464	1803	745	901082	1803	827	1000953	1803	909	1100977	1803	991	1200243	1803	1074	1300434	1803	1157	1400520	1803	1240	1500586	1803	1323	1601023	1803	1405	1700230	1803	1488	1800385	1803	1571	1900855	1803	1653	2000385	1803	1736	2100348	1803	1819	2201003	1803	1902	2300825	1803	1985	2400950	1803	2068	2501139	1803	2151	2600996	1803	2234	2701309	1803	2316	2800328	1803	2399	2900649	1803	2482	3000619	1803	2564	3100488	1803	2647	3200513	1803	2730	3300621	1803	2812	3400309	1803	2895	3500585	1803	
91	101128	1754	180	200541	1754	270	300686	1754	360	400463	1754	450	500738	1754	540	600692	1754	630	701169	1754	719	800577	1754	808	900236	1754	898	1000682	1754	988	1101067	1754	1077	1201034	1754	1167	1300682	1754	1257	1400933	1754	1346	1500427	1754	1436	1600451	1754	1527	1701195	1754	1617	1800971	1754	1707	1901014	1754	1797	2000427	1754	1887	2100308	1754	1976	2200123	1754	2066	2300806	1754	2156	2401036	1754	2246	2500993	1754	2336	2600910	1754	2426	2700883	1754	2515	2800332	1754	2606	2900935	1754	2696	3000828	1754	2786	3100721	1754	2876	3201111	1754	2965	3300790	1754	3055	3401068	1754	3145	3501018	1754	
91	100949	1754	181	200914	1754	271	300717	1754	361	400491	1754	452	501094	1754	541	600384	1754	631	700826	1754	721	800363	1754	811	900660	1754	901	1001122	1754	991	1100894	1754	1081	1201070	1754	1171	1301020	1754	1261	1400879	1754	1351	1500628	1754	1441	1600515	1754	1531	1701006	1754	1621	1800898	1754	1710	1900265	1754	1801	2000965	1754	1890	2100123	1754	1981	2200598	1754	2071	2300810	1754	2161	2400901	1754	2250	2500434	1754	2338	2600826	1754	2427	2700411	1754	2517	2800190	1754	2607	2900759	1754	2697	3000387	1754	2788	3101048	1754	2878	3201071	1754	2968	3301185	1754	3057	3400650	1754	3147	3501034	1754	
90	100271	1754	180	200694	1754	270	301152	1754	359	400185	1754	449	500114	1754	540	601164	1754	630	700939	1754	720	801005	1754	810	900944	1754	899	1000172	1754	989	1100540	1754	1080	1201209	1754	1169	1300159	1754	1259	1400361	1754	1349	1500540	1754	1439	1601096	1754	1529	1700491	1754	1619	1801041	1754	1708	1900315	1754	1798	2000538	1754	1888	2100160	1754	1979	2201064	1754	2069	2301173	1754	2158	2400702	1754	2247	2500713	1754	2336	2600293	1754	2426	2700423	1754	2516	2800336	1754	2606	2900360	1754	2696	3000115	1754	2786	3100467	1754	2875	3200149	1754	2966	3301137	1754	3055	3400256	1754	3146	3501087	1754	
90	100402	1754	180	200792	1754	270	300251	1754	360	400659	1754	450	500971	1754	539	600549	1754	629	700759	1754	719	800440	1754	809	900435	1754	899	1000540	1754	989	1100852	1754	1079	1200553	1754	1170	1301145	1754	1259	1400338	1754	1349	1500550	1754	1439	1600854	1754	1529	1700752	1754	1619	1800814	1754	1708	1900371	1754	1798	2000705	1754	1888	2100814	1754	1978	2200958	1754	2068	2300950	1754	2158	2400613	1754	2248	2500697	1754	2338	2600612	1754	2428	2700912	1754	2517	2800545	1754	2607	2900951	1754	2696	3000247	1754	2786	3100123	1754	2876	3200353	1754	2966	3300283	1754	3056	3400885	1754	3144	3500444	1754	
91	101139	1754	180	200412	1754	270	300801	1754	360	400751	1754	450	500434	1754	541	600943	1754	630	700451	1754	720	800753	1754	810	901100	1754	900	1001207	1754	990	1100956	1754	1079	1201045	1754	1169	1300876	1754	1259	1400738	1754	1349	1500777	1754	1439	1601110	1754	1529	1700989	1754	1619	1800961	1754	1709	1901120	1754	1798	2001130	1754	1887	2100829	1754	1977	2200349	1754	2068	2300807	1754	2158	2401078	1754	2247	2500184	1754	2338	2601183	1754	2428	2701081	1754	2518	2801079	1754	2608	2900628	1754	2698	3000544	1754	2788	3100595	1754	2877	3200197	1754	2967	3300294	1754	3057	3400249	1754	3148	3501118	1754	
1082	100014	157	2145	200075	52	3220	300097	50	4288	400030	50	5354	500072	50	6423	600009	50	7490	700017	50	8552	800096	50	9612	900069	50	10671	1000053	50	11746	1100072	50	12819	1200054	50	13894	1300091	50	14965	1400095	50	16035	1500012	50	17104	1600087	50	18180	1700022	50	19254	1800075	50	20326	1900094	50	21383	2000011	50	22455	2100052	50	23525	2200056	50	24600	2300037	50	25675	2400048	50	26751	2500006	50	27829	2600080	50	28907	2700055	50	29981	2800006	50	31057	2900070	50	32124	3000014	50	33193	3100014	50	34267	3200056	50	35340	3300032	50	36413	3400015	50	37484	3500011	50	
1079	100044	120	2148	200038	50	3219	300019	50	4295	400016	50	5365	500057	50	6440	600083	50	7514	700091	50	8587	800057	50	9662	900079	50	10731	1000054	50	11794	1100030	50	12870	1200060	50	13944	1300015	50	15017	1400081	50	16083	1500045	50	17157	1600035	50	18232	1700088	50	19302	1800019	50	20372	1900008	50	21443	2000063	50	22512	2100089	50	23580	2200087	50	24653	2300033	50	25731	2400079	50	26807	2500005	50	27884	2600076	50	28957	2700043	50	30034	2800006	50	31111	2900087	50	32187	3000087	50	33264	3100094	50	34343	3200056	50	35414	3300086	50	36486	3400031	50	37553	3500031	50	
1084	100039	124	2152	200026	50	3231	300090	50	4305	400086	50	5373	500093	50	6446	600069	50	7518	700042	50	8589	800093	50	9660	900079	50	10730	1000020	50	11807	1100072	50	12885	1200027	50	13953	1300078	50	15028	1400072	50	16099	1500096	50	17173	1600042	50	18244	1700079	50	19313	1800067	50	20389	1900058	50	21463	2000040	50	22528	2100013	50	23608	2200064	50	24687	2300027	50	25759	2400067	50	26825	2500016	50	27895	2600025	50	28969	2700022	50	30040	2800017	50	31115	2900037	50	32190	3000064	50	33264	3100017	50	34342	3200030	50	35419	3300041	50	36489	3400006	50	37560	3500073	50	
1083	100037	106	2157	200073	50	3232	300074	50	4301	400049	50	5365	500043	50	6433	600081	50	7506	700026	50	8581	800046	50	9652	900065	50	10726	1000060	50	11798	1100039	50	12871	1200094	50	13941	1300071	50	15012	1400067	50	16082	1500092	50	17154	1600059	50	18226	1700098	50	19296	1800070	50	20368	1900032	50	21443	2000071	50	22516	2100082	50	23588	2200068	50	24655	2300050	50	25725	2400019	50	26794	2500066	50	27864	2600012	50	28938	2700012	50	30015	2800067	50	31093	2900007	50	32164	3000040	50	33237	3100087	50	34306	3200053	50	35372	3300039	50	36442	3400022	50	37510	3500059	50	
1081	100064	175	2143	200024	54	3205	300044	50	4273	400092	50	5340	500051	50	6410	600078	50	7485	700020	50	8555	800045	50	9625	900030	50	10695	1000085	50	11761	1100066	50	12823	1200071	50	13892	1300042	50	14966	1400040	50	16032	1500055	50	17103	1600042	50	18176	1700049	50	19247	1800036	50	20323	1900076	50	21401	2000058	50	22476	2100064	50	23549	2200056	50	24620	2300071	50	25693	2400074	50	26765	2500083	50	27838	2600036	50	28914	2700096	50	29989	2800025	50	31064	2900073	50	32136	3000065	50	33205	3100038	50	34274	3200007	50	35353	3300065	50	36426	3400052	50	37490	3500050	50	
333	100110	8647	667	200161	7309	998	300130	5959	1332	400270	4507	1663	500123	3205	1994	600156	2083	2326	700192	1509	2651	800048	1177	2970	900133	1082	3293	1000041	1009	3617	1100163	980	3934	1200262	971	4255	1300297	940	4577	1400115	908	4899	1500291	895	5222	1600320	846	5542	1700199	826	5863	1800171	803	6169	1900112	796	6490	2000150	788	6812	2100227	758	7132	2200055	729	7455	2300105	702	7777	2400236	696	8098	2500176	685	8419	2600163	679	8741	2700023	670	9066	2800301	662	9387	2900155	647	9708	3000241	631	10027	3100097	631	10349	3200286	625	10671	3300223	612	10993	3400263	610	11314	3500056	600	
332	100138	8563	664	200160	7188	998	300312	5794	1330	400293	4284	1661	500225	2967	1988	600046	1943	2316	700086	1339	2639	800142	1162	2960	900041	991	3278	1000224	929	3598	1100205	847	3918	1200262	808	4238	1300112	768	4559	1400099	729	4881	1500182	701	5202	1600222	700	5523	1700037	683	5845	1800305	682	6168	1900308	679	6490	2000061	667	6811	2100059	649	7134	2200169	639	7457	2300030	635	7779	2400156	628	8099	2500305	627	8421	2600218	606	8741	2700077	600	9063	2800286	587	9380	2900218	586	9698	3000123	582	10018	3100149	573	10335	3200281	572	10654	3300103	569	10973	3400025	562	11294	3500074	557	
335	100148	8547	670	200279	7220	1002	300097	5785	1334	400215	4321	1666	500201	2944	1997	600233	2086	2324	700154	1533	2651	800233	1214	2976	900059	1057	3300	1000194	979	3623	1100274	947	3942	1200123	922	4260	1300112	903	4581	1400033	889	4903	1500222	882	5222	1600283	852	5542	1700272	842	5862	1800068	837	6183	1900308	823	6505	2000322	820	6826	2100069	810	7149	2200211	796	7470	2300283	786	7790	2400188	774	8111	2500113	769	8434	2600246	761	8756	2700135	741	9079	2800202	721	9401	2900125	711	9725	3000281	701	10047	3100322	696	10369	3200248	690	10692	3300265	685	11015	3400182	670	11338	3500089	665	
333	100098	8705	667	200038	7260	1001	300166	5940	1332	400032	4431	1665	500219	3247	1995	600046	2225	2327	700106	1446	2651	800082	1287	2975	900200	1147	3299	1000288	1043	3621	1100099	990	3942	1200235	954	4264	1300073	917	4585	1400244	897	4909	1500243	879	5232	1600251	857	5555	1700194	842	5878	1800044	835	6203	1900293	817	6523	2000161	808	6845	2100170	806	7165	2200163	795	7488	2300068	783	7810	2400045	778	8130	2500096	768	8453	2600323	751	8776	2700072	748	9099	2800050	748	9423	2900116	742	9745	3000320	741	10066	3100033	733	10388	3200290	725	10709	3300326	710	11031	3400320	705	11354	3500258	690	
334	100130	8699	668	200071	7271	1001	300032	5980	1332	400258	4712	1663	500222	3458	1994	600322	2451	2321	700060	1692	2647	800251	1306	2972	900317	1094	3294	1000181	1040	3617	1100242	1013	3941	1200268	947	4264	1300203	903	4587	1400201	836	4909	1500155	814	5232	1600048	788	5553	1700228	766	5876	1800034	737	6198	1900251	707	6520	2000317	678	6839	2100073	660	7159	2200304	640	7479	2300329	634	7799	2400202	626	8121	2500293	625	8441	2600321	625	8762	2700259	624	9082	2800143	623	9402	2900280	619	9723	3000211	605	10044	3100292	601	10365	3200024	600	10686	3300304	594	11005	3400071	590	11326	3500106	578	
72	101231	50316	143	200400	50273	215	301248	50136	287	400778	50050	359	501190	49929	431	601440	49707	502	700557	49581	574	800134	49364	646	900157	49166	718	1000644	49023	790	1100971	48836	862	1201120	48645	933	1300618	48586	1005	1401030	48510	1076	1500263	48403	1148	1600949	48144	1219	1700838	48016	1291	1801462	47873	1363	1900857	47597	1435	2001322	47386	1507	2100335	47109	1579	2200302	46917	1651	2300289	46734	1723	2400981	46606	1794	2500254	46463	1866	2600180	46106	1939	2701287	45813	2010	2800160	45554	2083	2901256	45313	2154	3000566	45242	2226	3100483	45141	2298	3200304	44985	2371	3301133	44714	2443	3401025	44418	2515	3500776	44197	
72	100445	50303	143	200124	50229	215	300734	50150	287	401344	49934	357	500128	49841	429	600612	49685	501	700953	49545	573	801333	49261	644	900216	49115	716	1000730	48919	787	1100796	48755	858	1200941	48654	929	1300298	48621	1001	1401082	48503	1073	1501243	48344	1144	1600896	48281	1215	1700860	48254	1287	1800663	48087	1359	1900751	47921	1431	2001134	47760	1503	2101478	47643	1574	2200261	47545	1645	2300200	47439	1717	2401102	47375	1789	2501519	47219	1859	2601499	47096	1930	2701169	47014	2002	2800458	46843	2073	2900182	46723	2145	3000930	46671	2217	3101323	46466	2288	3200330	46363	2360	3301301	46249	2431	3400873	46125	2502	3500556	46027	
72	100289	50238	145	201144	49965	217	301359	49749	289	401274	49557	360	500726	49418	432	600478	49207	503	701476	49045	574	800875	48904	645	900615	48732	717	1001360	48708	788	1100892	48681	860	1201270	48534	931	1300636	48367	1003	1401341	48234	1075	1500363	47955	1147	1600946	47782	1218	1700534	47656	1290	1800971	47551	1361	1900420	47441	1432	2000266	47314	1503	2100256	47207	1575	2200607	47067	1647	2301364	46946	1718	2400528	46787	1790	2500969	46632	1862	2601188	46426	1933	2700506	46262	2005	2800393	46116	2077	2900240	46095	2150	3001344	45966	2221	3100866	45913	2293	3201162	45798	2364	3300373	45648	2436	3400129	45539	2508	3500305	45368	
72	101094	50314	143	200421	50096	215	300398	49797	287	400318	49553	359	500366	49407	430	600414	49319	502	700453	49178	573	800369	49107	645	900944	48950	716	1000412	48784	787	1100316	48647	859	1201300	48449	931	1300554	48105	1004	1400795	47770	1075	1500895	47655	1146	1600134	47445	1218	1700734	47284	1289	1800216	47129	1361	1901406	46994	1432	2001217	46947	1503	2101302	46923	1574	2201272	46876	1645	2300719	46733	1717	2400738	46542	1789	2500875	46220	1861	2600671	45856	1934	2701133	45566	2005	2800249	45328	2077	2901028	45259	2148	3000255	45192	2220	3100873	45156	2292	3200532	44965	2364	3300755	44867	2436	3400654	44561	2508	3500609	44320	
72	100599	50204	145	201439	50008	216	300154	49856	288	400213	49749	360	500929	49598	431	600351	49514	503	701375	49451	575	801301	49221	646	900271	48959	719	1001434	48827	790	1101337	48726	861	1200235	48614	934	1301567	48408	1005	1400991	48180	1077	1500812	47984	1149	1600145	47777	1221	1700279	47626	1294	1801431	47394	1365	1901255	47161	1435	2000224	46980	1507	2101224	46756	1578	2200230	46597	1650	2300618	46399	1721	2400506	46399	1793	2500444	46184	1865	2600377	45990	1937	2700625	45809	2009	2800446	45524	2082	2901276	45156	2154	3000125	44839	2227	3101244	44558	2299	3201098	44278	2371	3301358	43985	2442	3401195	43877	2513	3500696	43659	
