wersja nr 3;wspolczynnik mutacji 1.600000;wielkosc populacji 30
457	100098	187	907	200157	170	1361	300065	170	1816	400165	170	2271	500048	146	2726	600218	146	3182	700152	146	3636	800116	146	4086	900028	146	4540	1000227	146	4992	1100070	146	5447	1200156	146	5901	1300226	146	6354	1400194	146	6806	1500078	146	7261	1600212	146	7712	1700094	146	8164	1800076	146	8617	1900096	146	9071	2000092	146	9525	2100155	146	9976	2200054	146	10432	2300214	146	10895	2400013	146	11362	2500136	146	11827	2600095	146	12289	2700231	146	12749	2800023	146	13210	2900059	146	13671	3000122	146	14138	3100230	139	14602	3200192	132	15065	3300020	132	15524	3400163	132	15989	3500202	132	
462	100249	243	918	200223	233	1374	300206	188	1832	400216	144	2291	500031	131	2753	600099	131	3213	700185	131	3678	800188	131	4138	900108	131	4599	1000085	131	5057	1100076	131	5518	1200018	131	5979	1300073	131	6437	1400129	131	6898	1500141	131	7358	1600161	131	7818	1700012	131	8281	1800213	131	8739	1900081	131	9200	2000087	131	9660	2100154	123	10119	2200180	123	10579	2300257	123	11027	2400096	123	11474	2500067	123	11925	2600146	123	12374	2700191	123	12825	2800069	123	13278	2900132	123	13729	3000030	123	14180	3100181	123	14632	3200087	123	15088	3300025	123	15548	3400223	123	16007	3500069	123	
459	100064	221	916	200139	190	1374	300139	162	1834	400171	162	2291	500038	146	2749	600199	146	3206	700081	137	3666	800189	137	4120	900051	137	4572	1000190	137	5023	1100016	137	5474	1200022	137	5927	1300174	137	6378	1400043	137	6830	1500029	137	7280	1600055	137	7731	1700011	137	8184	1800074	137	8634	1900176	137	9086	2000096	137	9538	2100196	137	9989	2200220	137	10441	2300141	137	10892	2400152	137	11344	2500149	137	11796	2600088	137	12248	2700076	137	12701	2800182	137	13151	2900035	137	13603	3000041	137	14055	3100194	137	14505	3200067	137	14956	3300029	137	15408	3400056	137	15860	3500033	137	
452	100089	173	905	200077	156	1358	300032	156	1811	400170	156	2266	500070	156	2720	600044	156	3175	700081	156	3628	800191	156	4079	900202	156	4532	1000210	146	4984	1100058	146	5435	1200029	146	5887	1300026	146	6340	1400116	146	6793	1500038	146	7246	1600090	146	7698	1700068	133	8151	1800216	133	8602	1900062	133	9054	2000161	133	9505	2100196	133	9957	2200148	133	10413	2300023	133	10865	2400174	133	11317	2500084	133	11768	2600013	133	12220	2700102	133	12672	2800170	133	13123	2900151	133	13573	3000026	133	14024	3100115	133	14476	3200160	133	14928	3300152	133	15379	3400050	133	15830	3500065	133	
453	100151	160	900	200062	147	1351	300105	147	1800	400141	141	2252	500202	129	2704	600130	129	3154	700032	129	3606	800155	129	4058	900078	129	4510	1000181	129	4962	1100126	129	5415	1200125	129	5869	1300031	129	6332	1400012	129	6796	1500156	129	7257	1600166	129	7712	1700076	129	8164	1800059	129	8622	1900029	129	9086	2000099	129	9549	2100167	119	10006	2200035	119	10456	2300026	119	10911	2400055	119	11368	2500112	113	11825	2600090	113	12283	2700022	113	12744	2800057	113	13200	2900014	113	13658	3000099	113	14119	3100115	113	14579	3200115	113	15038	3300050	113	15497	3400166	113	15957	3500144	113	
493	100103	117	984	200196	109	1476	300138	104	1965	400051	104	2456	500201	104	2944	600085	104	3436	700112	104	3929	800185	104	4419	900066	100	4911	1000177	89	5402	1100141	89	5894	1200199	89	6385	1300108	89	6877	1400089	89	7367	1500133	89	7856	1600175	89	8348	1700171	89	8839	1800054	89	9330	1900135	89	9820	2000016	83	10313	2100151	83	10802	2200104	83	11292	2300157	83	11782	2400171	83	12274	2500180	83	12766	2600073	83	13257	2700033	83	13749	2800135	83	14238	2900030	83	14728	3000037	83	15218	3100046	83	15710	3200188	83	16201	3300176	83	16693	3400111	83	17183	3500164	83	
493	100087	98	985	200177	98	1474	300039	86	1966	400064	86	2456	500167	86	2947	600210	86	3437	700092	86	3928	800210	86	4418	900191	86	4907	1000081	86	5397	1100046	86	5888	1200084	86	6379	1300113	86	6869	1400064	78	7361	1500146	78	7851	1600022	78	8343	1700087	78	8836	1800093	78	9328	1900128	78	9819	2000090	78	10310	2100097	73	10800	2200037	73	11291	2300082	73	11780	2400082	73	12271	2500070	73	12763	2600132	73	13254	2700209	73	13745	2800169	73	14235	2900057	73	14727	3000119	73	15217	3100051	73	15708	3200075	73	16198	3300142	73	16688	3400089	73	17179	3500189	73	
495	100139	111	987	200121	111	1477	300048	102	1970	400219	94	2460	500172	94	2951	600052	94	3443	700068	94	3933	800185	94	4425	900108	94	4917	1000011	94	5408	1100108	94	5899	1200132	94	6392	1300157	94	6884	1400037	94	7374	1500045	94	7865	1600043	94	8358	1700195	94	8850	1800116	94	9343	1900146	94	9836	2000081	94	10329	2100192	94	10820	2200122	94	11313	2300205	94	11806	2400174	94	12297	2500053	94	12790	2600150	94	13282	2700143	94	13775	2800098	94	14267	2900075	94	14760	3000145	94	15253	3100121	94	15745	3200202	94	16237	3300136	94	16729	3400055	94	17221	3500072	94	
494	100113	99	986	200202	99	1478	300091	99	1971	400153	99	2464	500197	99	2954	600050	91	3445	700024	91	3935	800081	91	4426	900213	91	4917	1000091	91	5407	1100153	91	5897	1200127	91	6387	1300084	91	6879	1400091	91	7370	1500106	91	7863	1600195	91	8354	1700070	91	8847	1800176	91	9338	1900114	91	9828	2000116	91	10318	2100127	91	10809	2200131	91	11301	2300051	91	11794	2400163	91	12285	2500048	91	12778	2600202	91	13270	2700055	91	13763	2800094	91	14254	2900051	91	14744	3000091	91	15236	3100207	91	15726	3200028	91	16220	3300198	91	16710	3400054	91	17202	3500136	91	
493	100058	103	978	200118	92	1469	300142	92	1961	400203	92	2453	500060	87	2946	600049	87	3438	700043	87	3930	800034	87	4421	900190	87	4911	1000034	76	5403	1100184	76	5892	1200099	76	6383	1300089	76	6874	1400067	76	7366	1500185	76	7857	1600212	76	8347	1700016	76	8835	1800112	76	9327	1900121	76	9820	2000156	76	10312	2100055	76	10803	2200093	76	11295	2300109	76	11786	2400126	76	12277	2500150	76	12766	2600125	76	13258	2700137	76	13749	2800091	76	14242	2900161	76	14734	3000110	76	15226	3100102	76	15718	3200165	76	16210	3300123	76	16702	3400155	76	17194	3500029	76	
149	100239	2953	297	200421	2953	445	300062	2953	594	400541	2871	741	500068	2871	890	600660	2871	1038	700178	2871	1187	800598	2774	1335	900507	2774	1483	1000072	2774	1632	1100406	2774	1780	1200121	2774	1928	1300074	2774	2077	1400661	2774	2225	1500325	2774	2373	1600217	2774	2522	1700366	2774	2671	1800588	2774	2819	1900606	2774	2967	2000317	2774	3116	2100616	2774	3263	2200105	2774	3412	2300487	2774	3560	2400364	2774	3708	2500706	2774	3856	2600453	2774	4004	2700533	2774	4152	2800472	2774	4300	2900248	2774	4449	3000487	2774	4597	3100265	2774	4745	3200108	2774	4894	3300646	2774	5042	3400537	2774	5190	3500632	2774	
149	100673	2930	296	200437	2930	444	300440	2839	592	400666	2839	739	500280	2839	886	600241	2839	1033	700704	2839	1180	800343	2839	1328	900556	2839	1474	1000329	2839	1621	1100268	2740	1769	1200389	2740	1917	1300373	2740	2065	1400535	2740	2213	1500638	2740	2361	1600574	2740	2509	1700591	2740	2656	1800347	2740	2804	1900422	2740	2951	2000424	2740	3099	2100583	2740	3246	2200053	2740	3394	2300411	2740	3542	2400062	2740	3690	2500236	2740	3838	2600294	2740	3986	2700560	2740	4134	2800295	2740	4282	2900122	2740	4430	3000182	2740	4578	3100269	2740	4726	3200479	2740	4873	3300268	2740	5021	3400156	2740	5170	3500526	2740	
150	100628	2999	298	200617	2898	446	300360	2898	594	400059	2898	743	500541	2898	891	600336	2898	1039	700463	2898	1187	800064	2898	1336	900433	2898	1484	1000374	2808	1632	1100345	2808	1780	1200419	2808	1928	1300336	2808	2076	1400291	2808	2223	1500161	2808	2371	1600231	2808	2519	1700217	2808	2667	1800098	2808	2815	1900133	2808	2963	2000331	2808	3112	2100699	2808	3259	2200045	2808	3408	2300388	2808	3556	2400402	2808	3705	2500626	2808	3852	2600136	2808	4001	2700658	2808	4149	2800370	2808	4297	2900314	2808	4445	3000236	2808	4593	3100647	2808	4741	3200710	2808	4889	3300643	2808	5037	3400538	2808	5185	3500320	2808	
149	100569	2944	297	200578	2944	444	300108	2846	592	400519	2846	740	500656	2748	887	600286	2748	1035	700514	2748	1182	800414	2748	1329	900056	2748	1478	1000515	2748	1626	1100499	2748	1773	1200111	2748	1922	1300502	2748	2070	1400450	2748	2217	1500139	2748	2365	1600146	2748	2512	1700218	2748	2660	1800626	2748	2807	1900158	2748	2955	2000521	2664	3102	2100107	2664	3250	2200641	2664	3397	2300317	2664	3545	2400428	2664	3693	2500562	2664	3840	2600113	2664	3989	2700414	2664	4137	2800394	2664	4285	2900311	2664	4433	3000270	2664	4581	3100372	2664	4729	3200657	2664	4876	3300344	2664	5024	3400377	2664	5172	3500635	2664	
150	100476	2908	296	200044	2908	445	300671	2908	593	400318	2908	741	500125	2792	890	600384	2792	1037	700222	2792	1186	800687	2792	1334	900495	2792	1482	1000195	2693	1630	1100326	2693	1778	1200112	2693	1926	1300071	2693	2075	1400287	2693	2223	1500357	2693	2371	1600313	2693	2518	1700117	2693	2667	1800462	2693	2815	1900500	2693	2964	2000550	2693	3111	2100220	2693	3259	2200408	2693	3407	2300460	2693	3555	2400044	2693	3703	2500104	2693	3851	2600491	2693	3999	2700354	2693	4147	2800084	2693	4296	2900408	2693	4444	3000631	2693	4592	3100188	2693	4741	3200682	2693	4889	3300592	2693	5037	3400346	2693	5186	3500577	2693	
153	100190	1318	305	200280	1318	457	300676	1318	608	400098	1216	759	500313	1216	910	600683	1216	1060	700487	1216	1211	800605	1216	1361	900151	1216	1513	1000244	1216	1665	1100362	1216	1817	1200505	1216	1968	1300431	1216	2118	1400071	1216	2270	1500529	1216	2421	1600357	1216	2572	1700166	1216	2723	1800304	1216	2874	1900323	1216	3026	2000526	1216	3177	2100384	1216	3328	2200157	1216	3480	2300596	1216	3631	2400045	1216	3783	2500445	1216	3934	2600288	1216	4085	2700060	1216	4236	2800172	1216	4387	2900102	1216	4538	3000206	1216	4689	3100144	1216	4841	3200599	1216	4992	3300578	1216	5142	3400124	1216	5294	3500648	1216	
152	100199	1232	304	200641	1232	455	300518	1232	606	400195	1232	758	500471	1232	909	600375	1118	1060	700181	1118	1212	800252	1118	1363	900080	1118	1514	1000143	1118	1665	1100539	1118	1816	1200287	1118	1968	1300447	1118	2120	1400689	1118	2271	1500438	1118	2422	1600428	1118	2573	1700164	1118	2725	1800294	1118	2876	1900463	1118	3027	2000359	1118	3178	2100107	1118	3330	2200371	1118	3481	2300381	1118	3632	2400178	1118	3783	2500457	1118	3934	2600566	1118	4085	2700418	1118	4236	2800147	1118	4388	2900480	1118	4539	3000471	1118	4690	3100513	1118	4841	3200597	1118	4992	3300481	1118	5143	3400333	1118	5294	3500195	1118	
153	100203	1071	304	200541	1071	455	300557	1071	606	400429	1071	757	500661	1071	907	600615	1071	1057	700479	1071	1208	800707	1071	1358	900598	1071	1509	1000615	1071	1659	1100474	1071	1809	1200543	1071	1960	1300571	1071	2110	1400362	1071	2261	1500614	1071	2411	1600360	1071	2562	1700704	1071	2712	1800202	970	2863	1900694	970	3013	2000322	970	3164	2100477	970	3313	2200045	970	3465	2300645	970	3614	2400088	970	3765	2500373	970	3915	2600263	970	4066	2700621	970	4216	2800249	970	4366	2900207	970	4516	3000298	970	4666	3100372	970	4816	3200175	970	4966	3300076	970	5116	3400116	970	5267	3500372	970	
153	100377	1080	304	200601	1080	454	300646	1080	604	400560	1080	754	500243	1080	904	600493	1080	1053	700184	1080	1203	800268	1080	1354	900575	975	1505	1000414	975	1656	1100412	975	1807	1200407	975	1958	1300214	975	2109	1400428	975	2260	1500419	975	2410	1600424	975	2561	1700303	975	2712	1800355	975	2863	1900658	975	3013	2000164	975	3163	2100194	975	3314	2200516	975	3465	2300613	975	3615	2400165	975	3766	2500699	975	3916	2600462	975	4067	2700503	975	4218	2800609	975	4368	2900188	975	4519	3000579	975	4670	3100619	975	4820	3200514	975	4971	3300496	975	5119	3400066	975	5271	3500620	975	
150	100456	1161	300	200215	1161	451	300229	1161	602	400320	1161	754	500666	1161	904	600337	1161	1055	700692	1161	1206	800586	1161	1357	900612	1161	1507	1000256	1161	1658	1100136	1161	1809	1200236	1161	1961	1300656	1161	2111	1400467	1161	2262	1500438	1161	2413	1600233	1161	2564	1700182	1161	2715	1800072	1161	2867	1900674	1161	3018	2000459	1161	3169	2100444	1161	3320	2200346	1161	3471	2300086	1161	3622	2400120	1161	3773	2500586	1161	3923	2600162	1161	4074	2700170	1161	4225	2800100	1161	4376	2900169	1161	4527	3000181	1161	4678	3100087	1161	4829	3200261	1161	4980	3300279	1161	5131	3400478	1161	5282	3500247	1161	
33	103385	24654	64	200580	24010	96	301618	23379	128	401553	23379	160	501390	23379	192	602098	23379	224	702457	23379	256	802486	23379	288	902441	23379	320	1002947	23379	352	1102939	23379	384	1203071	22761	416	1303201	22761	447	1400510	22761	479	1501306	22149	511	1602909	22149	542	1700719	22149	574	1801415	22149	606	1902136	22149	638	2002158	22149	670	2102252	22149	702	2202890	22149	733	2300326	22149	765	2400875	22149	797	2501441	22149	829	2602395	22149	860	2700392	22149	892	2800954	22149	924	2901320	22149	956	3002434	22149	988	3103104	22149	1019	3200601	22149	1051	3301539	22149	1083	3401402	22149	1115	3502910	22149	
33	102792	24627	65	203067	23946	97	302787	23946	129	402972	23946	161	503210	23330	192	600592	23330	224	701094	23330	256	801141	22711	288	901039	22711	320	1001002	22711	352	1100591	22711	384	1200712	22711	416	1300630	22711	448	1400824	22125	480	1500894	21540	512	1601143	21540	544	1701023	21540	576	1801115	21540	608	1901366	21540	640	2001600	21540	672	2101879	21540	704	2203100	21540	736	2303231	21540	767	2400561	21540	799	2501376	21540	831	2601647	21540	863	2701951	21540	895	2802649	21540	926	2900704	21540	958	3001697	21540	990	3102374	21540	1022	3203314	21540	1053	3301004	21540	1085	3401959	21540	1117	3502558	21540	
32	100323	25272	64	200708	25272	97	303335	23965	129	402801	23965	161	502736	22790	193	602825	22790	225	702899	22790	256	800911	22790	288	901566	22790	320	1001780	22187	352	1102226	22187	384	1203247	22187	415	1301016	21553	447	1401041	21553	479	1501094	21553	511	1601396	21553	543	1702142	21553	575	1802408	20979	607	1902089	20979	639	2002172	20979	671	2102111	20979	703	2201755	20979	735	2301442	20979	767	2401589	20979	799	2502116	20979	831	2602653	20979	863	2703034	20979	895	2802722	20979	927	2903014	20979	959	3003118	20979	991	3103220	20979	1023	3202867	20979	1055	3303272	20979	1087	3403160	20979	1119	3502689	20979	
32	100411	25272	64	200915	25272	96	300284	24614	128	400566	24614	160	501123	24008	192	600867	24008	224	700708	24008	256	800898	24008	288	900663	23389	320	1000821	23389	352	1101157	23389	384	1201678	23389	416	1301621	23389	448	1402245	23389	479	1500517	23389	511	1600944	23389	543	1701467	23389	575	1801848	23389	607	1902314	23389	639	2002908	23389	670	2100866	23389	702	2201303	22772	734	2302341	22772	766	2403120	22772	797	2500571	22772	829	2601437	22772	861	2702052	22772	892	2801223	22772	924	2902815	22772	955	3000617	22772	987	3101764	22772	1019	3202780	22772	1050	3300290	22772	1082	3401458	22772	1114	3503053	22772	
33	102851	24592	65	202839	23962	97	303389	23369	128	400709	23369	160	500952	23369	192	601789	23369	224	701993	23369	256	802812	23369	287	901066	23369	319	1001713	23369	351	1102097	23369	383	1202526	23369	414	1300652	23369	446	1401083	22728	478	1501429	22728	510	1602091	22728	542	1702498	22728	574	1802996	22728	606	1903343	22728	638	2003071	22728	669	2100285	22728	701	2200371	22728	733	2300308	22728	766	2403317	22728	797	2500407	22728	830	2603307	22728	861	2700578	22728	893	2800906	22728	925	2900511	22728	957	3000549	22728	989	3101246	22728	1021	3201715	22728	1053	3301850	22728	1085	3401542	22728	1117	3501820	22728	
33	101277	25176	66	202580	25176	98	300717	25176	131	401529	25176	164	502429	25176	196	600356	25176	229	701533	25176	262	802607	25176	294	900835	25176	327	1001735	25176	360	1102736	25176	392	1200687	25176	425	1302246	25176	457	1400880	25176	490	1501865	25176	523	1602483	25176	555	1700882	25176	588	1802359	25176	621	1902864	25176	653	2000779	25176	686	2102319	25176	719	2202998	25176	751	2301746	25176	784	2403023	25176	816	2501035	25176	849	2602995	25176	881	2701137	25176	914	2802393	25176	947	2903082	25176	979	3001106	25176	1012	3102345	25176	1045	3203231	25176	1077	3301587	25176	1110	3402503	25176	1142	3500635	25176	
33	101450	25176	66	203351	25176	98	301597	25176	131	402981	25176	163	501790	25176	196	603217	25176	228	701397	25176	261	802025	25176	294	902956	25176	326	1000919	25176	359	1102236	25176	391	1200785	25176	424	1301596	25176	457	1402509	25176	489	1501649	25176	521	1600660	25176	554	1701295	25176	587	1802087	25176	620	1903014	25176	652	2000752	25176	685	2101249	25176	718	2203275	25176	750	2302413	25176	782	2401953	25176	814	2500301	25176	847	2601617	25176	880	2702621	25176	912	2800751	25176	945	2902065	25176	978	3002976	25176	1010	3101286	25176	1043	3202523	25176	1075	3301213	25176	1108	3402900	25176	1140	3500738	25176	
33	101530	25176	66	202521	25176	98	300554	25176	131	401085	25176	164	502635	25176	196	600374	25176	229	701118	25176	262	802078	25176	294	900830	25176	327	1002241	25176	359	1100697	25176	392	1202059	25176	424	1300917	25176	457	1401618	25176	490	1502247	25176	522	1600921	25176	555	1702379	25176	588	1803040	25176	620	1901636	25176	653	2002491	25176	685	2101042	25176	718	2202120	25176	751	2302755	25176	783	2400761	25176	816	2501368	25176	849	2602263	25176	881	2700790	25176	914	2801727	25176	947	2903315	25176	979	3001677	25176	1012	3102771	25176	1044	3200618	25176	1077	3302357	25176	1109	3400913	25176	1142	3502298	25176	
33	100871	25176	66	201552	25176	99	302874	25176	131	400532	25176	164	501719	25176	197	603084	25176	229	702281	25176	261	800773	25176	294	901562	25176	327	1002573	25176	359	1100860	25176	392	1202331	25176	424	1301729	25176	456	1401553	25176	489	1503251	25176	521	1600912	25176	554	1702344	25176	586	1800465	25176	619	1902319	25176	651	2001603	25176	684	2102444	25176	717	2203333	25176	749	2301380	25176	782	2401911	25176	814	2500439	25176	847	2602413	25176	879	2700674	25176	912	2801989	25176	945	2902676	25176	977	3000537	25176	1010	3102107	25176	1042	3200706	25176	1075	3302606	25176	1107	3401314	25176	1140	3502560	25176	
33	102881	25176	65	200698	25176	98	302443	25176	130	400355	25176	163	501208	25176	196	602395	25176	228	700893	25176	261	801600	25176	294	902797	25176	326	1000886	25176	359	1102465	25176	391	1200813	25176	424	1301747	25176	456	1400672	25176	489	1502354	25176	521	1600447	25176	554	1702285	25176	587	1802858	25176	619	1901348	25176	652	2003251	25176	684	2101531	25176	716	2200906	25176	749	2302566	25176	781	2400980	25176	814	2501637	25176	847	2603087	25176	879	2701563	25176	912	2802958	25176	944	2900906	25176	977	3002297	25176	1009	3100572	25176	1042	3202623	25176	1074	3301394	25176	1107	3402226	25176	1139	3500768	25176	
569	100180	55	1135	200047	55	1702	300092	55	2270	400034	55	2839	500025	55	3407	600082	55	3975	700039	55	4543	800017	55	5111	900114	55	5677	1000054	55	6245	1100079	55	6815	1200174	55	7381	1300108	55	7948	1400161	55	8515	1500174	55	9081	1600103	55	9648	1700141	55	10213	1800017	55	10780	1900038	55	11346	2000115	49	11914	2100079	49	12481	2200053	49	13049	2300094	49	13617	2400092	49	14185	2500174	49	14753	2600074	49	15321	2700067	49	15889	2800092	49	16456	2900129	49	17022	3000041	49	17589	3100055	49	18158	3200161	49	18726	3300117	49	19292	3400025	49	19859	3500086	49	
569	100174	51	1135	200032	51	1703	300145	51	2268	400052	51	2835	500066	51	3401	600079	51	3967	700039	51	4534	800045	51	5101	900138	51	5668	1000129	51	6236	1100014	51	6805	1200100	47	7373	1300008	47	7941	1400023	47	8508	1500085	47	9074	1600046	47	9641	1700147	47	10205	1800022	47	10770	1900023	47	11337	2000109	47	11903	2100173	47	12471	2200066	47	13038	2300045	47	13605	2400134	47	14171	2500138	47	14738	2600138	47	15306	2700166	47	15872	2800038	47	16440	2900061	47	17007	3000055	47	17576	3100176	47	18142	3200050	47	18709	3300076	47	19276	3400183	47	19842	3500038	47	
569	100029	62	1137	200165	51	1702	300140	51	2266	400031	51	2834	500101	51	3401	600058	51	3968	700148	51	4534	800021	51	5099	900082	51	5665	1000094	51	6231	1100143	47	6797	1200014	47	7363	1300166	47	7926	1400030	47	8492	1500185	47	9057	1600023	47	9622	1700026	47	10187	1800083	47	10754	1900117	47	11321	2000123	47	11887	2100062	47	12454	2200167	47	13020	2300159	47	13587	2400143	47	14153	2500010	47	14719	2600026	47	15285	2700050	47	15851	2800097	47	16418	2900027	47	16984	3000037	47	17552	3100058	47	18119	3200083	47	18687	3300115	47	19254	3400051	47	19820	3500118	47	
569	100088	51	1137	200105	51	1706	300078	51	2274	400178	51	2841	500032	51	3409	600116	51	3976	700178	51	4544	800144	51	5112	900139	51	5679	1000036	51	6248	1100065	51	6815	1200175	51	7382	1300043	50	7948	1400122	50	8515	1500149	50	9083	1600146	50	9650	1700146	50	10217	1800033	50	10785	1900080	50	11351	2000122	50	11917	2100024	50	12485	2200088	49	13053	2300147	49	13614	2400045	49	14180	2500180	49	14746	2600023	49	15313	2700054	49	15881	2800131	49	16446	2900160	49	17012	3000052	49	17578	3100043	49	18146	3200059	49	18714	3300140	49	19282	3400159	49	19848	3500078	49	
567	100104	47	1135	200032	47	1699	300089	47	2265	400159	47	2831	500057	47	3399	600062	47	3968	700119	47	4535	800057	47	5102	900067	47	5669	1000115	47	6235	1100051	47	6802	1200127	47	7367	1300056	47	7934	1400123	47	8500	1500074	47	9067	1600060	47	9634	1700147	47	10201	1800178	47	10763	1900045	47	11330	2000096	47	11895	2100011	47	12463	2200155	47	13028	2300065	47	13594	2400134	47	14162	2500150	47	14727	2600173	47	15291	2700166	47	15856	2800105	47	16422	2900057	47	16988	3000163	47	17553	3100061	47	18119	3200050	47	18684	3300039	47	19249	3400169	47	19816	3500046	47	
637	100152	59	1272	200082	59	1910	300159	59	2544	400076	58	3180	500126	58	3816	600063	58	4453	700111	58	5087	800124	53	5721	900021	53	6355	1000117	53	6988	1100135	53	7621	1200039	53	8257	1300127	53	8890	1400037	53	9525	1500108	53	10159	1600125	53	10794	1700069	53	11427	1800083	53	12061	1900104	53	12694	2000051	53	13327	2100027	53	13961	2200047	53	14596	2300051	53	15228	2400083	53	15863	2500110	53	16497	2600050	53	17133	2700102	53	17767	2800034	53	18402	2900023	53	19038	3000139	53	19673	3100116	53	20305	3200133	53	20937	3300091	53	21569	3400023	53	22203	3500113	53	
637	100126	59	1273	200077	59	1907	300101	59	2541	400148	56	3175	500121	56	3811	600079	56	4447	700107	56	5080	800024	56	5717	900047	56	6351	1000022	56	6987	1100070	56	7622	1200014	56	8259	1300038	56	8894	1400105	56	9528	1500104	56	10161	1600020	56	10796	1700151	56	11429	1800040	56	12065	1900055	56	12699	2000104	56	13335	2100110	56	13972	2200151	56	14606	2300008	56	15241	2400157	56	15875	2500080	56	16511	2600039	56	17145	2700019	56	17779	2800070	56	18413	2900097	56	19048	3000142	56	19682	3100045	56	20319	3200165	56	20953	3300029	56	21587	3400015	56	22223	3500107	56	
634	100123	53	1266	200048	53	1902	300144	53	2537	400115	53	3171	500056	53	3807	600045	53	4442	700051	53	5079	800063	53	5710	900121	53	6344	1000054	53	6977	1100018	53	7611	1200153	53	8246	1300112	53	8881	1400011	53	9517	1500144	53	10152	1600038	53	10788	1700071	53	11423	1800008	53	12058	1900086	53	12692	2000052	53	13328	2100130	53	13964	2200052	53	14599	2300031	53	15234	2400154	53	15867	2500162	53	16502	2600053	53	17138	2700094	53	17775	2800054	53	18408	2900058	53	19041	3000139	53	19676	3100055	53	20309	3200072	53	20943	3300105	53	21576	3400155	53	22210	3500025	53	
637	100146	60	1273	200017	54	1910	300120	54	2546	400048	54	3182	500031	54	3816	600141	54	4449	700019	54	5082	800095	54	5716	900069	54	6346	1000016	54	6979	1100092	54	7614	1200146	54	8247	1300084	54	8878	1400132	54	9512	1500050	54	10148	1600088	54	10785	1700110	54	11419	1800117	54	12053	1900062	54	12689	2000061	54	13324	2100088	53	13957	2200023	53	14592	2300120	53	15220	2400080	53	15854	2500038	53	16488	2600101	53	17123	2700156	53	17758	2800129	53	18393	2900154	53	19024	3000106	53	19659	3100141	53	20292	3200165	53	20923	3300029	53	21558	3400111	53	22192	3500144	53	
637	100059	65	1273	200026	57	1909	300058	57	2543	400015	57	3178	500006	57	3813	600095	57	4448	700077	57	5081	800012	57	5717	900112	57	6351	1000074	57	6984	1100104	57	7616	1200016	57	8251	1300159	57	8886	1400139	57	9521	1500094	57	10157	1600138	57	10791	1700010	57	11426	1800124	57	12059	1900105	57	12693	2000039	57	13329	2100133	57	13966	2200126	57	14600	2300128	57	15235	2400152	57	15868	2500007	57	16504	2600048	57	17137	2700026	57	17772	2800102	57	18407	2900083	57	19042	3000106	57	19676	3100037	57	20310	3200084	57	20944	3300066	57	21579	3400094	57	22214	3500125	57	
163	100625	355	325	200590	355	487	300415	355	649	400237	355	811	500426	355	972	600065	355	1135	700470	355	1297	800096	355	1460	900495	355	1622	1000469	355	1784	1100412	355	1946	1200388	355	2108	1300073	355	2270	1400290	355	2432	1500525	355	2593	1600144	355	2755	1700218	355	2917	1800449	355	3078	1900064	355	3240	2000250	355	3402	2100363	355	3564	2200349	355	3726	2300133	355	3889	2400370	355	4051	2500656	355	4213	2600489	355	4375	2700463	355	4537	2800544	355	4699	2900550	355	4861	3000564	355	5023	3100289	355	5185	3200248	355	5347	3300237	355	5509	3400047	355	5671	3500255	355	
163	100619	355	324	200388	355	485	300347	355	646	400305	355	808	500148	355	971	600484	355	1133	700488	355	1294	800482	355	1456	900328	355	1617	1000178	355	1779	1100268	355	1941	1200081	355	2103	1300084	355	2266	1400315	355	2428	1500275	355	2590	1600204	355	2752	1700278	355	2913	1800493	355	3074	1900195	355	3236	2000527	355	3398	2100051	355	3561	2200576	355	3723	2300116	355	3885	2400190	355	4048	2500596	355	4210	2600251	355	4373	2700461	355	4535	2800303	355	4698	2900641	355	4860	3000584	355	5022	3100336	355	5184	3200423	355	5346	3300523	355	5508	3400279	355	5670	3500368	355	
163	100617	355	325	200559	355	487	300639	355	648	400160	355	810	500051	355	973	600420	355	1135	700276	355	1297	800495	355	1459	900573	355	1621	1000440	355	1783	1100341	355	1945	1200516	355	2106	1300070	355	2269	1400423	355	2431	1500491	355	2593	1600599	355	2755	1700512	355	2916	1800213	355	3078	1900507	355	3240	2000349	355	3402	2100102	355	3565	2200634	355	3727	2300294	355	3889	2400285	355	4051	2500187	355	4213	2600332	355	4375	2700526	355	4537	2800468	355	4698	2900063	355	4861	3000615	355	5023	3100201	355	5185	3200272	355	5347	3300170	355	5509	3400135	355	5671	3500120	355	
163	100542	355	324	200074	355	487	300593	355	648	400139	355	810	500357	355	972	600563	355	1134	700438	355	1296	800177	355	1458	900135	355	1620	1000134	355	1783	1100537	355	1944	1200141	355	2106	1300340	355	2268	1400425	355	2430	1500655	355	2592	1600351	355	2754	1700415	355	2916	1800315	355	3078	1900604	355	3240	2000592	355	3402	2100293	355	3564	2200329	355	3727	2300415	355	3886	2400438	355	4048	2500638	355	4210	2600590	355	4372	2700471	355	4533	2800061	355	4696	2900462	355	4857	3000372	355	5018	3100424	355	5180	3200360	355	5342	3300155	355	5504	3400465	355	5666	3500450	355	
162	100199	355	324	200208	355	486	300349	355	648	400245	355	810	500081	355	972	600363	355	1134	700516	355	1295	800363	355	1457	900461	355	1619	1000590	355	1780	1100540	355	1941	1200597	355	2103	1300367	355	2265	1400141	355	2427	1500090	355	2589	1600423	355	2751	1700532	355	2912	1800496	355	3073	1900621	355	3235	2000623	355	3396	2100232	355	3558	2200446	355	3719	2300224	355	3881	2400098	355	4043	2500418	355	4205	2600567	355	4366	2700222	355	4528	2800618	355	4689	2900111	355	4851	3000437	355	5012	3100076	355	5174	3200068	355	5336	3300130	355	5498	3400145	355	5659	3500080	355	
177	100505	365	353	200554	365	529	300445	365	705	400571	365	881	500590	365	1056	600332	365	1231	700105	365	1407	800454	365	1582	900147	365	1759	1000522	365	1934	1100154	365	2110	1200235	365	2286	1300250	365	2462	1400350	365	2638	1500395	365	2814	1600317	365	2990	1700061	365	3166	1800058	365	3342	1900371	365	3518	2000389	365	3693	2100306	365	3868	2200136	365	4044	2300104	365	4221	2400379	365	4397	2500182	365	4573	2600297	365	4749	2700121	365	4925	2800204	365	5101	2900410	365	5277	3000261	365	5453	3100231	365	5629	3200153	365	5804	3300103	365	5978	3400109	365	6154	3500270	365	
176	100516	365	351	200096	365	526	300255	365	702	400491	365	878	500536	365	1054	600479	365	1230	700511	365	1406	800502	365	1581	900167	365	1757	1000552	365	1932	1100065	365	2109	1200530	365	2285	1300459	365	2460	1400331	365	2636	1500240	365	2812	1600429	365	2987	1700144	365	3163	1800108	365	3339	1900314	365	3514	2000228	365	3690	2100359	365	3866	2200308	365	4042	2300143	365	4217	2400268	365	4393	2500412	365	4569	2600574	365	4745	2700590	365	4921	2800604	365	5096	2900289	365	5271	3000068	365	5447	3100061	365	5623	3200112	365	5799	3300163	365	5975	3400487	365	6150	3500237	365	
177	100499	365	353	200533	365	528	300309	365	704	400374	365	880	500069	365	1056	600175	365	1232	700124	365	1408	800217	365	1584	900231	365	1760	1000212	365	1936	1100250	365	2112	1200241	365	2288	1300389	365	2464	1400157	365	2640	1500117	365	2817	1600580	365	2993	1700240	365	3169	1800502	365	3344	1900091	365	3521	2000255	365	3697	2100169	365	3873	2200192	365	4049	2300333	365	4225	2400314	365	4401	2500523	365	4576	2600054	365	4753	2700592	365	4929	2800529	365	5104	2900123	365	5280	3000224	365	5457	3100597	365	5632	3200172	365	5809	3300581	365	5984	3400107	365	6160	3500474	365	
176	100261	365	353	200562	365	529	300058	365	706	400388	365	882	500501	365	1057	600230	365	1233	700180	365	1409	800583	365	1584	900147	365	1760	1000042	365	1937	1100243	365	2113	1200061	365	2289	1300423	365	2465	1400573	365	2641	1500434	365	2817	1600422	365	2992	1700068	365	3169	1800327	365	3345	1900402	365	3521	2000456	365	3696	2100316	365	3872	2200357	365	4046	2300324	365	4221	2400245	365	4397	2500566	365	4573	2600302	365	4749	2700310	365	4925	2800259	365	5101	2900209	365	5278	3000545	365	5453	3100159	365	5628	3200427	365	5804	3300574	365	5979	3400152	365	6156	3500414	365	
176	100238	365	352	200354	365	527	300094	365	703	400331	365	879	500587	365	1054	600295	365	1229	700141	365	1405	800366	365	1580	900392	365	1756	1000386	365	1932	1100555	365	2107	1200135	365	2283	1300427	365	2459	1400506	365	2635	1500483	365	2810	1600041	365	2987	1700360	365	3160	1800283	365	3335	1900082	365	3511	2000173	365	3687	2100392	365	3863	2200590	365	4038	2300267	365	4214	2400552	365	4390	2500381	365	4566	2600134	365	4742	2700317	365	4917	2800125	365	5094	2900525	365	5268	3000115	365	5444	3100471	365	5619	3200332	365	5795	3300151	365	5971	3400241	365	6147	3500429	365	
38	100619	1803	76	201233	1803	114	302080	1803	151	400871	1803	189	501494	1803	227	602355	1803	264	700355	1803	302	800979	1803	340	901430	1803	378	1001761	1803	416	1102063	1803	453	1200274	1803	491	1300578	1803	529	1401150	1803	567	1501910	1803	605	1602046	1803	643	1702341	1803	680	1800991	1803	718	1901685	1803	756	2002774	1803	793	2100421	1803	831	2201101	1803	869	2301972	1803	906	2400252	1803	944	2501174	1803	982	2602033	1803	1020	2702488	1803	1057	2800633	1803	1095	2901092	1803	1133	3001641	1803	1171	3102384	1803	1209	3202733	1803	1246	3301004	1803	1284	3402209	1803	1321	3500643	1803	
38	101354	1803	76	202758	1803	113	301264	1803	151	402434	1803	189	502819	1803	226	600732	1803	264	702346	1803	301	800642	1803	339	900850	1803	377	1001871	1803	415	1102724	1803	452	1201091	1803	490	1301447	1803	528	1402379	1803	566	1502786	1803	603	1601364	1803	641	1702022	1803	678	1800327	1803	716	1901116	1803	754	2001985	1803	792	2102513	1803	829	2201025	1803	867	2301258	1803	905	2402544	1803	942	2500568	1803	980	2601592	1803	1018	2702269	1803	1056	2802812	1803	1093	2900696	1803	1131	3001292	1803	1169	3102375	1803	1206	3200369	1803	1244	3300668	1803	1282	3401865	1803	1320	3502711	1803	
38	100352	1803	76	201472	1803	114	302275	1803	151	400598	1803	189	500792	1803	227	602267	1803	264	700214	1803	302	801166	1803	340	901663	1803	378	1002261	1803	416	1102752	1803	453	1201098	1803	491	1301947	1803	528	1400270	1803	566	1501372	1803	604	1601964	1803	641	1700673	1803	679	1800958	1803	717	1901592	1803	755	2002297	1803	792	2100368	1803	830	2200536	1803	868	2301368	1803	906	2401595	1803	944	2502549	1803	981	2600408	1803	1019	2700809	1803	1057	2802308	1803	1094	2900260	1803	1132	3001056	1803	1169	3100286	1803	1207	3201511	1803	1245	3302760	1803	1283	3402752	1803	1320	3501105	1803	
38	101022	1803	76	201809	1803	114	302583	1803	151	400504	1803	189	500870	1803	227	601667	1803	264	700235	1803	302	801392	1803	340	902525	1803	377	1001011	1803	415	1102759	1803	452	1201099	1803	490	1301658	1803	528	1402342	1803	565	1500524	1803	603	1601339	1803	641	1702016	1803	679	1802697	1803	716	1900747	1803	754	2002461	1803	791	2100862	1803	829	2202412	1803	866	2300487	1803	904	2401186	1803	942	2501617	1803	980	2602075	1803	1017	2700478	1803	1055	2801647	1803	1093	2902533	1803	1130	3000882	1803	1168	3101734	1803	1206	3202589	1803	1243	3301124	1803	1281	3402166	1803	1318	3500428	1803	
38	101257	1803	76	201564	1803	114	301874	1803	152	402603	1803	189	500716	1803	227	601848	1803	265	702266	1803	302	800529	1803	340	901332	1803	378	1001875	1803	416	1102453	1803	454	1202699	1803	491	1300882	1803	529	1401367	1803	567	1502189	1803	604	1600764	1803	642	1701184	1803	680	1801950	1803	718	1902128	1803	756	2002351	1803	793	2100246	1803	831	2200707	1803	869	2301486	1803	907	2402249	1803	944	2500413	1803	982	2601212	1803	1020	2701656	1803	1057	2800468	1803	1095	2901115	1803	1133	3001979	1803	1170	3100261	1803	1208	3200734	1803	1246	3301627	1803	1284	3402228	1803	1322	3502660	1803	
42	102408	1754	83	201924	1754	124	302350	1754	165	402280	1754	206	501992	1754	247	602482	1754	287	700353	1754	328	800646	1754	369	900211	1754	411	1001891	1754	452	1101856	1754	493	1201904	1754	534	1301595	1754	575	1401545	1754	616	1501234	1754	657	1601159	1754	698	1701409	1754	739	1801682	1754	780	1901603	1754	821	2001513	1754	862	2102538	1754	902	2200377	1754	943	2300920	1754	984	2401547	1754	1025	2502068	1754	1065	2600271	1754	1106	2700525	1754	1147	2800918	1754	1188	2901065	1754	1229	3001386	1754	1270	3101435	1754	1311	3202006	1754	1352	3302489	1754	1393	3402432	1754	1434	3502074	1754	
42	102355	1754	83	202451	1754	123	300202	1754	164	400765	1754	205	501818	1754	246	601691	1754	287	701814	1754	327	800328	1754	368	900621	1754	409	1000486	1754	450	1100574	1754	491	1200467	1754	532	1301105	1754	573	1401946	1754	614	1502389	1754	655	1602208	1754	696	1702042	1754	737	1802333	1754	778	1902229	1754	819	2002536	1754	860	2102429	1754	901	2202069	1754	942	2301859	1754	983	2401831	1754	1024	2502129	1754	1064	2600447	1754	1105	2700412	1754	1146	2800546	1754	1187	2900700	1754	1228	3001844	1754	1269	3101681	1754	1310	3201371	1754	1351	3302063	1754	1392	3402225	1754	1433	3501835	1754	
41	100281	1754	82	200427	1754	123	300850	1754	164	401343	1754	205	501158	1754	246	601007	1754	287	701574	1754	328	802021	1754	369	902143	1754	410	1002535	1754	450	1100439	1754	491	1200721	1754	532	1300976	1754	573	1401348	1754	614	1501843	1754	655	1601923	1754	696	1702003	1754	736	1800225	1754	778	1902607	1754	818	2000718	1754	859	2101290	1754	900	2200990	1754	941	2301265	1754	982	2401521	1754	1023	2501409	1754	1064	2601684	1754	1105	2701697	1754	1146	2802150	1754	1186	2900321	1754	1227	3000182	1754	1269	3102495	1754	1310	3202418	1754	1350	3300579	1754	1391	3401020	1754	1432	3501057	1754	
41	100244	1754	82	200392	1754	123	301038	1754	164	401148	1754	205	500887	1754	246	600459	1754	288	702449	1754	328	800311	1754	369	901016	1754	410	1001426	1754	451	1101037	1754	492	1200854	1754	533	1301180	1754	574	1401336	1754	615	1501155	1754	656	1600750	1754	697	1700604	1754	738	1800791	1754	779	1900769	1754	820	2002122	1754	861	2102352	1754	901	2200309	1754	942	2300202	1754	983	2400333	1754	1024	2500597	1754	1065	2602003	1754	1106	2702563	1754	1147	2802601	1754	1188	2902214	1754	1229	3002190	1754	1270	3102477	1754	1310	3200659	1754	1351	3300631	1754	1392	3400662	1754	1433	3501039	1754	
41	100333	1754	83	202437	1754	124	301959	1754	165	402136	1754	206	502391	1754	247	602506	1754	288	702401	1754	329	802627	1754	369	900188	1754	410	1000757	1754	451	1100932	1754	492	1201168	1754	533	1301255	1754	574	1401849	1754	615	1502319	1754	656	1602169	1754	696	1700340	1754	737	1800831	1754	778	1900934	1754	819	2001155	1754	860	2100964	1754	901	2201781	1754	942	2301942	1754	983	2402478	1754	1023	2500364	1754	1064	2600334	1754	1105	2700533	1754	1146	2800870	1754	1187	2902176	1754	1227	3000600	1754	1268	3101098	1754	1309	3201812	1754	1350	3301448	1754	1391	3402596	1754	1431	3500695	1754	
500	100140	218	998	200145	188	1495	300074	174	1993	400194	166	2489	500192	166	2985	600120	166	3482	700029	166	3981	800199	166	4478	900091	166	4974	1000136	166	5471	1100044	166	5970	1200109	156	6467	1300012	156	6965	1400180	156	7462	1500145	156	7959	1600019	156	8457	1700155	156	8953	1800021	156	9450	1900059	156	9948	2000051	156	10446	2100182	156	10943	2200161	156	11439	2300082	156	11936	2400013	156	12434	2500177	156	12930	2600120	156	13428	2700129	156	13926	2800156	156	14423	2900124	141	14921	3000132	141	15419	3100088	141	15918	3200074	141	16415	3300067	141	16913	3400139	141	17412	3500178	141	
497	100066	166	992	200061	166	1488	300122	153	1983	400183	153	2477	500162	153	2970	600084	153	3465	700103	143	3962	800200	110	4459	900151	110	4956	1000084	110	5453	1100022	110	5950	1200094	110	6448	1300076	110	6944	1400101	110	7440	1500124	110	7937	1600136	110	8433	1700076	110	8930	1800017	110	9427	1900029	110	9923	2000024	110	10421	2100171	110	10919	2200145	110	11417	2300040	110	11914	2400049	110	12412	2500075	110	12910	2600092	110	13407	2700040	110	13904	2800018	110	14402	2900100	110	14899	3000199	110	15393	3100066	110	15890	3200103	110	16387	3300109	110	16885	3400165	110	17382	3500055	110	
503	100185	180	1002	200022	149	1498	300059	149	1995	400047	149	2493	500130	149	2993	600184	149	3491	700144	149	3989	800108	149	4490	900161	149	4988	1000122	149	5487	1100055	121	5986	1200037	121	6484	1300080	121	6983	1400033	121	7481	1500141	121	7980	1600067	121	8478	1700080	121	8978	1800105	121	9477	1900138	121	9974	2000047	112	10473	2100133	112	10971	2200135	112	11470	2300121	112	11968	2400097	112	12466	2500145	112	12965	2600079	112	13464	2700099	112	13963	2800106	112	14462	2900173	112	14962	3000195	112	15460	3100044	112	15958	3200104	112	16456	3300196	112	16953	3400048	112	17453	3500174	112	
499	100108	128	997	200017	128	1496	300208	128	1994	400122	128	2493	500186	116	2991	600051	116	3490	700193	116	3985	800174	104	4483	900147	104	4981	1000031	104	5479	1100113	104	5976	1200120	104	6473	1300014	104	6973	1400172	104	7471	1500071	104	7969	1600204	104	8466	1700185	104	8963	1800058	104	9453	1900192	104	9947	2000146	104	10446	2100029	104	10944	2200027	104	11443	2300110	104	11941	2400131	104	12437	2500163	104	12935	2600110	104	13434	2700204	104	13931	2800145	104	14430	2900038	104	14929	3000126	104	15428	3100082	104	15928	3200105	104	16426	3300089	104	16925	3400145	104	17423	3500179	104	
498	100183	139	996	200151	139	1493	300145	139	1991	400181	125	2489	500149	125	2984	600035	125	3481	700050	125	3979	800187	125	4475	900163	125	4970	1000041	125	5469	1100089	125	5967	1200017	125	6462	1300110	125	6957	1400021	125	7455	1500049	117	7953	1600150	117	8451	1700061	117	8949	1800089	117	9447	1900032	117	9945	2000084	117	10443	2100107	110	10938	2200150	110	11435	2300021	110	11933	2400118	110	12430	2500021	110	12928	2600115	110	13425	2700089	98	13923	2800145	98	14420	2900085	98	14917	3000152	98	15416	3100162	98	15913	3200173	98	16410	3300010	98	16908	3400109	98	17405	3500147	98	
151	100196	1778	298	200652	1778	444	300661	1778	590	400346	1778	737	500225	1778	883	600169	1778	1030	700678	1778	1176	800453	1778	1322	900545	1778	1468	1000560	1778	1614	1100641	1778	1760	1200429	1778	1906	1300378	1778	2053	1400627	1778	2199	1500478	1778	2345	1600284	1778	2491	1700061	1778	2637	1800363	1778	2783	1900293	1778	2930	2000536	1778	3076	2100168	1778	3222	2200081	1778	3369	2300600	1778	3514	2400108	1778	3660	2500212	1778	3806	2600289	1778	3952	2700283	1778	4098	2800172	1778	4245	2900686	1778	4390	3000360	1778	4536	3100278	1778	4682	3200060	1778	4828	3300507	1778	4974	3400439	1672	5121	3500435	1574	
152	100312	1752	300	200431	1752	448	300648	1752	595	400254	1567	743	500412	1567	890	600130	1490	1038	700374	1490	1185	800073	1490	1333	900092	1490	1481	1000436	1490	1628	1100089	1490	1776	1200395	1490	1924	1300484	1490	2072	1400419	1490	2219	1500085	1490	2367	1600342	1490	2515	1700509	1490	2662	1800071	1490	2810	1900660	1490	2957	2000205	1490	3105	2100528	1490	3252	2200048	1490	3400	2300319	1490	3548	2400561	1490	3695	2500336	1490	3843	2600508	1490	3990	2700348	1490	4138	2800454	1490	4286	2900478	1490	4433	3000267	1490	4580	3100114	1490	4728	3200633	1490	4876	3300701	1490	5023	3400598	1490	5169	3500199	1490	
152	100544	2250	300	200568	2250	447	300178	2162	595	400570	2162	743	500633	2039	890	600490	2039	1038	700477	2039	1185	800140	2039	1333	900601	2039	1480	1000439	2039	1627	1100050	1928	1775	1200725	1928	1922	1300585	1928	2069	1400104	1928	2218	1500722	1928	2366	1600656	1928	2513	1700148	1928	2661	1800251	1928	2809	1900506	1928	2957	2000403	1928	3105	2100526	1928	3253	2200260	1928	3401	2300490	1928	3549	2400610	1928	3697	2500666	1928	3845	2600625	1928	3993	2700541	1928	4140	2800046	1928	4289	2900675	1928	4436	3000265	1928	4584	3100477	1928	4732	3200461	1928	4880	3300373	1928	5028	3400150	1928	5176	3500198	1928	
152	100311	1944	300	200335	1845	447	300161	1754	594	400214	1754	741	500468	1754	888	600216	1543	1036	700300	1543	1184	800473	1543	1332	900673	1543	1480	1000670	1543	1628	1100562	1543	1776	1200227	1446	1924	1300614	1446	2072	1400438	1446	2220	1500654	1446	2368	1600375	1446	2516	1700466	1446	2662	1800079	1446	2809	1900504	1446	2957	2000519	1446	3105	2100578	1446	3253	2200690	1446	3401	2300502	1446	3549	2400160	1446	3697	2500605	1446	3844	2600057	1446	3992	2700162	1446	4140	2800580	1446	4287	2900127	1446	4435	3000225	1446	4583	3100411	1446	4730	3200190	1446	4878	3300643	1446	5025	3400174	1446	5173	3500392	1446	
152	100298	1687	300	200397	1595	447	300187	1514	595	400554	1514	743	500588	1514	890	600305	1514	1037	700153	1514	1185	800565	1514	1332	900633	1514	1478	1000289	1514	1626	1100625	1514	1773	1200184	1514	1920	1300050	1514	2067	1400130	1514	2215	1500106	1514	2363	1600413	1514	2510	1700360	1514	2657	1800166	1514	2805	1900526	1514	2952	2000091	1514	3100	2100461	1514	3248	2200461	1514	3395	2300263	1514	3543	2400682	1514	3690	2500244	1514	3838	2600417	1514	3986	2700528	1514	4133	2800137	1514	4280	2900094	1514	4428	3000528	1514	4576	3100640	1514	4724	3200703	1514	4871	3300293	1514	5019	3400259	1514	5166	3500243	1514	
33	101143	50414	66	202461	50414	99	303073	50414	131	401319	50414	164	502350	50414	196	601262	50414	229	701794	50414	262	802716	50414	295	903287	49785	327	1000817	49785	360	1101806	49785	392	1200553	49785	425	1301208	49785	458	1402133	49785	491	1502953	49785	523	1600412	49785	556	1701215	49785	589	1801984	49785	622	1902608	49785	654	2000359	49785	687	2101025	49785	720	2201826	49785	753	2302568	49785	785	2400807	49785	818	2501290	49785	851	2601698	49785	884	2701949	49785	917	2802514	49785	950	2903001	49785	982	3001539	49785	1015	3102758	49785	1048	3202982	49785	1080	3301278	49785	1113	3402097	49785	1145	3500454	49785	
33	101040	50414	66	202759	50414	98	300368	50414	131	401168	50414	164	502506	50414	197	603186	50414	229	701325	50414	262	802249	50414	294	900385	50414	327	1001791	50414	360	1102735	50414	392	1200360	50414	425	1301743	50414	458	1402683	50414	490	1500604	50414	523	1602872	50414	555	1700548	50414	588	1801185	50414	621	1902113	50414	654	2002897	50414	686	2100951	50414	719	2202169	50414	752	2303144	50414	784	2401460	50414	817	2502450	50414	849	2600492	50414	882	2702612	50414	914	2800681	49704	947	2900883	49704	980	3001939	49704	1012	3100776	49049	1045	3202574	49049	1077	3300336	49049	1110	3401423	49049	1143	3502070	49049	
33	101372	50414	66	202517	50414	98	301054	50414	131	401725	50414	164	502781	50414	196	600667	50414	229	701552	50414	262	802418	49738	295	902685	49738	327	1000891	49738	360	1101770	49738	393	1202709	49738	425	1300521	49738	458	1401397	49738	491	1503229	49738	523	1601137	49738	556	1701836	49738	589	1802868	49738	621	1900280	49738	654	2000872	49738	687	2102097	49738	720	2202991	49738	752	2301157	49738	785	2402113	49738	817	2500441	49738	850	2601400	49738	883	2702280	49738	915	2800772	49738	948	2902193	49738	981	3002983	49738	1013	3100705	49738	1046	3201400	49738	1079	3302263	49738	1112	3402590	49738	1144	3501036	49738	
33	100499	50414	66	202149	50414	98	300581	50414	131	401972	50414	164	502404	50414	197	603156	50414	229	701021	50414	262	801856	50414	295	903116	50414	327	1001251	50414	360	1102065	50414	392	1200386	50414	425	1301677	50414	458	1402248	50414	491	1502852	50414	523	1600690	50414	556	1702690	50414	588	1800757	50414	621	1901620	50414	654	2002253	50414	686	2100296	50414	719	2201208	50414	752	2302238	50414	784	2401357	50414	817	2502518	50414	849	2600714	50414	882	2701870	50414	914	2801044	50414	947	2902288	50414	980	3003292	50414	1012	3101058	50414	1045	3202413	50414	1077	3300364	50414	1110	3401133	50414	1143	3501788	50414	
33	100997	50414	66	201729	50414	99	302629	50414	131	400735	50414	164	500867	50414	197	602167	50414	230	703275	50414	262	800899	50414	295	901634	50414	328	1002744	50414	360	1101247	50414	393	1202413	50414	425	1300819	50414	458	1401803	50414	491	1502175	50414	524	1602884	50414	556	1700622	50414	589	1801638	50414	622	1902839	50414	654	2000452	50414	687	2101313	50414	720	2201958	50414	753	2302995	50414	786	2403085	50414	818	2501163	50414	851	2603114	50414	883	2700838	50414	916	2801638	50414	949	2902555	50414	982	3003243	50414	1014	3101871	50414	1047	3202482	50414	1080	3303206	50414	1112	3402202	50414	1145	3502912	50414	
