wersja nr 2;wspolczynnik mutacji 0.800000;wielkosc populacji 15
998	100111	213	1987	200107	104	2975	300047	73	3978	400043	69	4958	500099	62	5968	600062	60	6968	700090	55	7976	800031	55	8971	900052	52	9966	1000023	51	10969	1100050	51	11970	1200072	51	12975	1300094	51	13980	1400068	49	14986	1500094	49	15992	1600050	49	16998	1700028	49	18002	1800009	49	19007	1900043	49	20006	2000070	49	21013	2100011	49	22017	2200041	49	23019	2300042	47	24025	2400035	47	25027	2500018	47	26032	2600054	47	27037	2700033	47	28043	2800066	47	29046	2900066	47	30047	3000070	47	31051	3100044	47	32058	3200006	47	33066	3300081	47	34033	3400063	47	34993	3500052	47	
1005	100100	170	1991	200027	151	2996	300083	113	3988	400040	103	4987	500027	95	5979	600067	72	6961	700097	71	7966	800033	70	8971	900064	67	9954	1000056	59	10935	1100063	55	11941	1200009	55	12947	1300071	55	13953	1400043	55	14961	1500045	55	15962	1600091	55	16962	1700072	55	17964	1800025	55	18960	1900014	55	19967	2000098	55	20972	2100076	55	21981	2200065	55	22986	2300070	55	23993	2400044	55	24991	2500062	55	25962	2600056	55	26931	2700013	55	27898	2800078	55	28866	2900065	55	29829	3000104	55	30790	3100048	55	31748	3200060	55	32742	3300021	54	33752	3400028	54	34758	3500041	53	
1008	100036	150	2001	200013	129	2997	300041	123	3979	400104	102	4976	500101	94	5972	600032	70	6953	700009	66	7947	800019	61	8936	900104	59	9939	1000021	56	10946	1100083	56	11951	1200068	56	12955	1300050	56	13953	1400022	56	14959	1500091	55	15964	1600060	55	16968	1700054	55	17970	1800058	53	18971	1900094	53	19969	2000036	53	20977	2100016	52	21984	2200025	52	22989	2300068	52	23996	2400092	52	25002	2500018	52	26008	2600078	52	27014	2700055	52	28025	2800042	50	29035	2900068	50	30041	3000039	50	31014	3100035	50	31982	3200013	50	32946	3300050	50	33909	3400101	50	34890	3500076	49	
1005	100040	113	2013	200064	97	3015	300020	94	4016	400055	76	5007	500075	73	6010	600034	70	7005	700016	68	8012	800096	68	8895	900098	64	9829	1000024	62	10835	1100054	62	11842	1200070	61	12846	1300044	59	13855	1400013	58	14861	1500066	57	15866	1600015	57	16874	1700045	55	17877	1800011	54	18875	1900009	54	19880	2000027	54	20885	2100078	53	21891	2200070	53	22904	2300097	53	23905	2400087	53	24914	2500087	53	25918	2600016	51	26923	2700073	51	27930	2800081	51	28928	2900028	50	29931	3000091	50	30933	3100089	50	31933	3200021	50	32936	3300020	50	33939	3400006	50	34947	3500031	49	
1012	100093	186	2007	200010	128	3011	300025	96	4011	400029	91	4964	500495	75	5922	600074	69	6930	700008	64	7898	800082	63	8903	900089	63	9908	1000102	62	10914	1100047	62	11917	1200051	62	12923	1300082	62	13924	1400036	62	14930	1500076	62	15938	1600092	59	16920	1700043	59	17910	1800068	58	18915	1900082	58	19920	2000007	58	20919	2100067	58	21924	2200086	58	22926	2300005	58	23925	2400078	58	24923	2500034	58	25925	2600022	57	26934	2700068	57	27936	2800079	57	28902	2900074	57	29870	3000074	56	30872	3100024	55	31877	3200044	54	32885	3300011	54	33888	3400038	54	34891	3500083	54	
1063	100044	90	2105	200060	85	3161	300078	76	4183	400069	68	5216	500026	68	6277	600021	66	7335	700080	56	8388	800066	53	9441	900043	51	10491	1000086	51	11543	1100038	51	12595	1200013	51	13658	1300056	51	14718	1400057	51	15779	1500006	51	16834	1600075	51	17890	1700061	51	18943	1800091	51	19988	1900069	49	21049	2000005	49	22111	2100099	49	23170	2200048	49	24230	2300028	49	25291	2400037	49	26345	2500083	49	27404	2600080	47	28448	2700060	47	29498	2800017	47	30552	2900044	47	31608	3000010	47	32665	3100025	47	33721	3200042	47	34778	3300019	47	35835	3400037	47	36896	3500049	47	
1060	100016	102	2115	200057	92	3142	300007	92	4204	400062	92	5260	500058	87	6317	600011	74	7351	700014	69	8385	800068	63	9432	900072	63	10483	1000018	60	11540	1100096	60	12601	1200049	60	13653	1300098	60	14667	1400037	60	15677	1500093	60	16684	1600052	60	17688	1700029	60	18697	1800021	60	19721	1900025	58	20780	2000070	57	21837	2100095	57	22891	2200039	57	23943	2300043	57	25000	2400011	57	26059	2500078	57	27118	2600055	57	28173	2700094	57	29232	2800096	57	30284	2900015	57	31343	3000064	57	32397	3100044	57	33430	3200022	57	34438	3300074	57	35446	3400066	56	36501	3500022	56	
1064	100008	96	2117	200090	77	3167	300076	65	4219	400055	56	5277	500040	55	6337	600041	54	7393	700011	54	8448	800085	53	9498	900021	52	10523	1000033	49	11581	1100076	49	12637	1200015	48	13688	1300010	48	14737	1400066	48	15790	1500090	48	16847	1600045	48	17902	1700084	48	18959	1800040	48	20019	1900045	48	21077	2000039	48	22135	2100089	48	23192	2200057	48	24246	2300086	48	25303	2400049	48	26364	2500022	48	27422	2600005	48	28478	2700005	48	29531	2800012	48	30582	2900072	48	31636	3000043	48	32692	3100022	48	33714	3200082	48	34720	3300088	48	35728	3400020	48	36728	3500066	48	
1060	100007	79	2117	200067	65	3171	300055	63	4224	400073	63	5278	500015	63	6340	600014	63	7391	700034	62	8437	800015	62	9439	900102	62	10438	1000035	62	11444	1100088	62	12449	1200023	62	13461	1300043	62	14513	1400022	57	15571	1500043	57	16618	1600081	55	17677	1700010	54	18726	1800070	54	19746	1900067	53	20775	2000051	51	21801	2100033	51	22806	2200009	51	23807	2300052	51	24801	2400054	51	25790	2500058	51	26787	2600077	51	27784	2700091	51	28837	2800034	51	29897	2900092	51	30951	3000071	51	32007	3100028	51	33061	3200068	49	34074	3300085	49	35102	3400057	48	36156	3500022	48	
1054	100022	70	2108	200007	63	3158	300056	60	4204	400057	60	5262	500059	59	6317	600063	59	7379	700060	59	8436	800014	60	9494	900043	60	10501	1000060	60	11533	1100020	54	12589	1200040	53	13641	1300057	49	14697	1400047	49	15749	1500085	49	16798	1600042	49	17853	1700053	49	18913	1800017	49	19974	1900076	49	21031	2000024	49	22083	2100010	49	23137	2200006	49	24194	2300016	49	25250	2400079	49	26303	2500085	49	27356	2600077	49	28402	2700034	49	29455	2800067	49	30510	2900098	48	31565	3000050	48	32618	3100063	48	33674	3200090	48	34734	3300075	48	35792	3400064	48	36849	3500012	48	
331	100246	3482	658	200089	2564	981	300195	2155	1305	400267	1924	1626	500049	1726	1948	600266	1527	2270	700228	1490	2590	800279	1464	2911	900054	1398	3233	1000244	1364	3555	1100334	1338	3877	1200159	1331	4198	1300260	1325	4518	1400141	1325	4841	1500230	1324	5162	1600131	1278	5484	1700067	1271	5806	1800068	1260	6127	1900047	1255	6448	2000309	1192	6769	2100123	1188	7093	2200314	1169	7417	2300291	1169	7739	2400303	1169	8062	2500319	1166	8385	2600162	1163	8707	2700155	1148	9027	2800024	1144	9348	2900161	1132	9669	3000165	1132	9988	3100102	1132	10309	3200175	1125	10626	3300130	1124	10945	3400084	1111	11266	3500178	1105	
332	100147	3300	661	200227	2246	986	300332	1971	1308	400062	1893	1633	500260	1741	1956	600240	1643	2280	700183	1585	2603	800288	1497	2925	900206	1463	3249	1000310	1418	3573	1100214	1403	3896	1200049	1359	4218	1300063	1349	4539	1400037	1349	4862	1500338	1340	5180	1600146	1340	5505	1700332	1340	5828	1800063	1340	6150	1900063	1340	6470	2000206	1329	6793	2100170	1329	7114	2200172	1329	7435	2300131	1329	7758	2400199	1329	8081	2500118	1329	8404	2600029	1324	8727	2700139	1324	9049	2800229	1306	9373	2900329	1300	9697	3000139	1279	10019	3100176	1274	10341	3200210	1235	10662	3300032	1231	10984	3400300	1219	11308	3500270	1193	
331	100067	3215	660	200171	2665	986	300223	2397	1309	400066	2253	1636	500223	1920	1959	600137	1707	2283	700094	1535	2607	800189	1506	2931	900216	1455	3254	1000097	1432	3576	1100025	1400	3899	1200213	1382	4219	1300163	1366	4541	1400125	1357	4863	1500129	1280	5186	1600335	1210	5506	1700256	1157	5828	1800249	1145	6151	1900266	1145	6472	2000025	1145	6793	2100094	1137	7114	2200022	1137	7436	2300234	1137	7755	2400063	1135	8079	2500248	1117	8402	2600213	1079	8725	2700052	1055	9049	2800229	1055	9371	2900257	1047	9692	3000032	1047	10014	3100074	1047	10336	3200158	1047	10657	3300125	1044	10980	3400162	1044	11301	3500090	1044	
331	100126	3197	658	200146	2309	982	300306	2109	1305	400217	2011	1629	500041	1852	1953	600225	1773	2277	700099	1624	2599	800104	1563	2924	900305	1474	3245	1000119	1470	3568	1100218	1469	3889	1200297	1459	4211	1300280	1431	4532	1400180	1381	4852	1500044	1343	5175	1600271	1294	5497	1700275	1216	5817	1800256	1200	6138	1900284	1177	6459	2000185	1177	6779	2100100	1175	7100	2200034	1142	7421	2300045	1139	7744	2400082	1139	8067	2500322	1139	8388	2600141	1133	8712	2700275	1133	9033	2800099	1133	9355	2900119	1133	9676	3000060	1133	9998	3100025	1133	10321	3200094	1133	10642	3300049	1133	10965	3400189	1133	11287	3500179	1133	
331	100131	3340	659	200047	2464	985	300073	2139	1310	400053	1781	1635	500212	1423	1957	600132	1373	2279	700219	1373	2603	800121	1369	2927	900210	1365	3250	1000231	1339	3573	1100222	1236	3896	1200194	1198	4220	1300050	1193	4544	1400165	1178	4866	1500298	1171	5189	1600221	1167	5514	1700116	1144	5839	1800281	1131	6162	1900057	1128	6484	2000104	1128	6807	2100075	1128	7133	2200297	1128	7455	2300220	1128	7779	2400169	1116	8101	2500249	1080	8421	2600071	1072	8744	2700121	1072	9066	2800330	1069	9389	2900238	1069	9712	3000293	1069	10033	3100081	1069	10356	3200100	1069	10679	3300101	1069	11002	3400174	1069	11324	3500222	1069	
335	100097	3908	669	200081	2220	1000	300194	1608	1327	400077	1434	1656	500058	1376	1983	600178	1325	2308	700113	1241	2635	800159	1214	2961	900047	1147	3287	1000117	1094	3614	1100310	1074	3936	1200108	1049	4260	1300040	1039	4582	1400132	1019	4905	1500074	1015	5229	1600279	996	5554	1700151	964	5877	1800071	915	6206	1900237	913	6533	2000247	899	6861	2100222	888	7189	2200286	876	7516	2300185	876	7844	2400176	876	8167	2500125	876	8491	2600141	872	8815	2700227	862	9139	2800077	859	9464	2900262	859	9790	3000296	859	10114	3100103	859	10440	3200189	859	10765	3300189	859	11091	3400188	859	11417	3500151	859	
336	100272	4004	673	200217	2446	1006	300064	1643	1336	400061	1242	1667	500218	1205	1994	600297	1199	2321	700180	1167	2648	800111	1140	2976	900070	1114	3305	1000326	1056	3633	1100170	992	3962	1200229	947	4287	1300221	943	4615	1400175	943	4940	1500139	929	5266	1600030	916	5595	1700269	909	5924	1800236	909	6253	1900093	909	6582	2000280	909	6910	2100141	906	7239	2200303	903	7567	2300102	897	7896	2400098	894	8223	2500031	885	8551	2600045	885	8880	2700292	881	9206	2800030	881	9534	2900235	881	9861	3000287	878	10187	3100084	878	10512	3200124	878	10839	3300139	878	11165	3400150	878	11493	3500185	878	
331	100122	3372	662	200048	1934	992	300261	1571	1321	400029	1338	1650	500265	1270	1974	600245	1155	2299	700121	1129	2626	800207	1120	2953	900100	1100	3281	1000209	1069	3607	1100302	1058	3933	1200324	1049	4258	1300050	1049	4586	1400208	1046	4915	1500320	1025	5241	1600154	1011	5568	1700144	1011	5892	1800069	1010	6217	1900232	999	6543	2000105	999	6869	2100155	999	7194	2200037	999	7522	2300320	999	7845	2400205	997	8167	2500107	997	8491	2600285	997	8814	2700025	997	9134	2800038	997	9460	2900025	997	9786	3000148	997	10111	3100121	997	10435	3200299	987	10761	3300197	987	11085	3400133	987	11410	3500124	987	
334	100219	4001	670	200111	2461	1001	300180	1708	1331	400298	1487	1657	500328	1355	1982	600104	1287	2310	700201	1269	2633	800061	1237	2960	900326	1223	3288	1000197	1223	3614	1100031	1223	3938	1200182	1210	4265	1300038	1205	4593	1400288	1205	4922	1500110	1205	5250	1600164	1205	5575	1700280	1205	5902	1800202	1194	6230	1900301	1182	6557	2000228	1167	6885	2100246	1167	7212	2200087	1167	7540	2300207	1167	7865	2400239	1167	8189	2500077	1157	8515	2600121	1121	8841	2700270	1113	9162	2800041	1105	9490	2900198	1043	9819	3000257	1032	10146	3100154	1026	10474	3200079	1024	10802	3300047	1009	11128	3400026	1004	11454	3500208	995	
335	100300	3816	670	200056	2385	1003	300259	1547	1328	400075	1409	1657	500260	1334	1987	600165	1209	2315	700172	1172	2644	800266	1132	2972	900306	1112	3299	1000215	1088	3627	1100105	1077	3956	1200283	1048	4282	1300174	1039	4610	1400256	1021	4940	1500043	1021	5270	1600134	1021	5599	1700033	1021	5927	1800147	1006	6253	1900269	994	6579	2000187	994	6907	2100180	915	7233	2200179	906	7559	2300123	906	7887	2400112	906	8215	2500124	906	8543	2600036	906	8871	2700177	870	9198	2800263	863	9525	2900073	842	9852	3000154	831	10180	3100125	831	10507	3200090	824	10833	3300205	820	11163	3400310	820	11490	3500093	820	
71	101545	25162	140	200795	25050	210	301257	24923	279	400236	24838	350	501136	24528	420	601017	24481	490	700687	24340	560	801172	24335	630	901119	24335	700	1000739	24335	770	1100769	24335	840	1200964	24312	910	1301033	24303	980	1401365	24296	1050	1501180	24238	1119	1600128	24238	1190	1701320	24226	1260	1801328	24226	1329	1901149	24226	1398	2000523	24226	1468	2100455	24226	1538	2201022	24226	1608	2301404	24226	1678	2401373	24226	1747	2500286	24211	1818	2601462	24211	1886	2700548	24211	1956	2800772	24211	2026	2901024	24211	2096	3001095	24211	2165	3100295	24196	2235	3201390	24086	2304	3301326	24048	2373	3400152	23979	2443	3500871	23972	
70	100512	25272	140	201525	25212	209	300220	25155	279	401580	25134	349	501413	24962	420	601488	24766	489	700322	24680	559	800226	24680	629	900206	24644	699	1000499	24644	769	1101276	24617	838	1200167	24562	909	1300717	24355	979	1401081	24205	1049	1501073	24171	1118	1600322	24098	1188	1701100	24091	1257	1800684	24036	1327	1901536	23983	1395	2000203	23982	1465	2100449	23860	1535	2200467	23696	1604	2300203	23696	1674	2401093	23671	1743	2500790	23619	1813	2600395	23604	1883	2700540	23535	1953	2800890	23269	2024	2901291	23090	2094	3000841	22872	2164	3100338	22697	2234	3200397	22606	2304	3300709	22556	2374	3401201	22521	2443	3500392	22504	
70	100913	25255	140	201024	25118	210	301373	25118	280	400887	25118	350	501174	25118	419	600953	25118	489	701278	25096	559	801061	25096	629	901291	25091	699	1001147	25091	769	1101306	25091	839	1201026	25091	909	1301122	25091	979	1400521	25086	1049	1500699	25070	1119	1600638	25056	1188	1700840	25049	1258	1801018	25025	1327	1900417	25025	1397	2000256	25003	1467	2100261	24973	1538	2201621	24973	1607	2300186	24964	1678	2401384	24964	1747	2500566	24930	1817	2601430	24897	1886	2700874	24897	1955	2800661	24859	2025	2900936	24796	2094	3000197	24772	2165	3101356	24772	2235	3201234	24772	2305	3300905	24772	2375	3400503	24772	2446	3501462	24772	
70	100801	25179	140	200578	25068	210	300464	24989	280	401285	24959	348	500710	24915	418	601341	24915	487	700548	24833	557	801536	24819	625	900337	24799	693	1000527	24799	763	1101343	24752	832	1201333	24748	902	1301522	24695	970	1400218	24671	1039	1500628	24593	1109	1601447	24536	1178	1700524	24465	1248	1800437	24354	1317	1900269	24275	1388	2001204	24209	1458	2101301	24178	1527	2200959	24165	1597	2300848	24160	1666	2400286	24160	1736	2500641	24160	1806	2601307	24160	1875	2700541	24120	1945	2800817	24105	2015	2901018	24008	2084	3000352	23827	2155	3101024	23711	2224	3200471	23701	2294	3300779	23670	2364	3401271	23641	2433	3500394	23631	
70	100135	25132	140	200540	25132	210	301132	25133	280	401068	25126	350	501024	25090	420	601113	25072	489	701055	25052	559	801460	25007	628	901432	24937	697	1001046	24905	766	1100582	24905	836	1200964	24831	906	1301358	24732	975	1400482	24622	1045	1500581	24537	1115	1601119	24493	1185	1701262	24403	1254	1800972	24398	1323	1900647	24398	1393	2001011	24398	1462	2100644	24350	1532	2200359	24233	1602	2300838	24221	1671	2400324	24221	1741	2501250	24221	1811	2601361	24097	1881	2701245	24035	1951	2801528	24035	2020	2900512	24035	2090	3001366	24035	2159	3100474	23961	2229	3200121	23916	2300	3301522	23896	2370	3401275	23894	2440	3501188	23894	
72	101134	25176	142	200197	25176	213	300332	25176	284	400545	25176	355	500861	25176	426	600439	25176	497	700577	25176	568	800684	25176	639	901011	25176	710	1001023	25176	781	1100913	25176	852	1200686	25176	923	1301161	25176	994	1401197	25176	1064	1500503	25176	1135	1600877	25176	1206	1700755	25176	1277	1800846	25176	1348	1900875	25176	1419	2000656	25176	1490	2100423	25176	1561	2201191	25176	1632	2301307	25176	1702	2400132	25176	1773	2500237	25176	1845	2601457	25176	1916	2701346	25176	1987	2801252	25176	2058	2901202	25176	2128	3001420	25176	2198	3100600	25176	2269	3200440	25176	2341	3301555	25176	2411	3400798	25176	2482	3500893	25176	
71	100669	25176	141	200230	25176	212	301477	25176	282	400999	25176	353	501025	25176	424	600805	25176	495	701406	25176	566	801428	25176	637	901048	25176	708	1000858	25176	778	1100423	25176	848	1200273	25176	919	1300225	25176	990	1400412	25176	1061	1501315	25176	1131	1600562	25176	1201	1700274	25176	1272	1801294	25176	1342	1900680	25176	1412	2000747	25176	1483	2100547	25176	1554	2200947	25176	1624	2300711	25176	1694	2400154	25176	1765	2500198	25176	1836	2600608	25176	1907	2701272	25176	1978	2801319	25176	2049	2901147	25176	2120	3001172	25176	2191	3101349	25176	2261	3200408	25176	2331	3300453	25176	2402	3400691	25176	2473	3501052	25176	
71	100332	25176	142	200602	25176	213	300721	25176	284	400816	25176	355	500734	25176	426	601489	25176	497	701389	25176	568	800867	25176	640	901512	25176	711	1001388	25176	781	1100144	25176	852	1201169	25176	923	1301029	25176	994	1401330	25176	1064	1500131	25176	1135	1601014	25176	1206	1700691	25176	1277	1801349	25176	1348	1901166	25176	1418	2000724	25176	1489	2101242	25176	1559	2201374	25176	1629	2300282	25176	1700	2400240	25176	1771	2500379	25176	1842	2600700	25176	1913	2701331	25176	1984	2801429	25176	2054	2900187	25176	2125	3000688	25176	2196	3100501	25176	2267	3201028	25176	2337	3300833	25176	2408	3400294	25176	2479	3500496	25176	
72	100838	25176	143	201102	25176	214	301371	25176	284	400562	25176	355	500742	25176	426	600936	25176	495	700599	25176	566	801412	25176	636	900561	25176	708	1001520	25176	778	1100983	25176	849	1201032	25176	919	1300320	25176	991	1401323	25176	1062	1501345	25176	1133	1601085	25176	1204	1701007	25176	1274	1800896	25176	1345	1901530	25176	1415	2000366	25176	1487	2101151	25176	1558	2201298	25176	1629	2301573	25176	1700	2401138	25176	1770	2500216	25176	1842	2601127	25176	1912	2700510	25176	1983	2800945	25176	2054	2901377	25176	2125	3001450	25176	2195	3100290	25176	2265	3200240	25176	2336	3300404	25176	2407	3400422	25176	2478	3500378	25176	
72	101093	25176	143	201131	25176	214	301371	25176	285	401194	25176	355	500732	25176	426	601197	25176	496	700150	25176	567	800851	25176	637	901074	25176	708	1001431	25176	779	1101029	25176	850	1201447	25176	920	1300420	25176	991	1400698	25176	1062	1500373	25176	1133	1600664	25176	1203	1700500	25176	1274	1800817	25176	1345	1901392	25176	1416	2001106	25176	1486	2100609	25176	1557	2201200	25176	1628	2301408	25176	1698	2400464	25176	1769	2501232	25176	1839	2601407	25176	1909	2701059	25176	1980	2801230	25176	2051	2900864	25176	2122	3000892	25176	2192	3100408	25176	2262	3200257	25176	2332	3301331	25176	2403	3401025	25176	2474	3501273	25176	
1201	100082	50	2408	200092	50	3570	300080	50	4725	400016	49	5873	500083	49	7028	600026	49	8184	700033	49	9383	800075	48	10594	900050	47	11802	1000073	47	13012	1100074	47	14223	1200067	47	15438	1300050	47	16650	1400072	47	17853	1500005	47	19063	1600008	47	20272	1700011	47	21482	1800067	47	22687	1900038	47	23902	2000040	47	25112	2100007	47	26326	2200071	47	27536	2300015	47	28746	2400037	47	29962	2500045	47	31176	2600076	47	32387	2700044	47	33601	2800080	47	34817	2900009	47	36028	3000024	47	37233	3100018	47	38447	3200085	47	39659	3300061	47	40870	3400038	47	42080	3500079	47	
1205	100030	53	2420	200025	52	3638	300036	50	4851	400082	50	6061	500016	50	7272	600045	50	8487	700043	49	9698	800060	49	10919	900028	48	12133	1000058	48	13284	1100024	48	14435	1200084	48	15587	1300062	48	16738	1400019	48	17892	1500024	48	19047	1600080	48	20199	1700021	48	21347	1800025	48	22497	1900018	47	23716	2000023	47	24929	2100076	47	26144	2200035	47	27363	2300076	47	28572	2400026	47	29780	2500055	47	30995	2600013	47	32210	2700024	47	33429	2800084	47	34639	2900021	47	35861	3000069	47	37072	3100081	47	38290	3200054	47	39504	3300021	47	40717	3400015	47	41929	3500012	47	
1191	100073	48	2383	200078	48	3542	300037	48	4701	400086	48	5857	500071	48	7021	600048	48	8183	700058	48	9344	800017	48	10500	900008	48	11663	1000020	48	12820	1100057	48	13974	1200007	48	15127	1300086	48	16282	1400077	48	17442	1500016	48	18605	1600039	48	19767	1700056	48	20924	1800049	48	22082	1900060	48	23240	2000088	48	24396	2100040	48	25547	2200015	48	26711	2300021	48	27870	2400058	48	29022	2500007	48	30177	2600076	48	31360	2700075	47	32568	2800063	47	33779	2900060	47	34996	3000027	47	36209	3100046	47	37423	3200045	47	38638	3300063	47	39853	3400039	47	41066	3500057	47	
1197	100004	50	2347	200053	50	3551	300035	48	4769	400057	47	5988	500007	47	7199	600053	47	8416	700072	47	9626	800025	47	10833	900016	47	12040	1000067	47	13253	1100043	47	14463	1200050	47	15676	1300067	47	16886	1400040	47	18099	1500071	47	19314	1600008	47	20529	1700083	47	21742	1800010	47	22959	1900043	47	24177	2000007	47	25391	2100008	47	26608	2200016	47	27826	2300039	47	29038	2400078	47	30255	2500062	47	31474	2600078	47	32683	2700083	47	33889	2800007	47	35099	2900026	47	36318	3000022	47	37534	3100068	47	38746	3200007	47	39959	3300082	47	41171	3400039	47	42387	3500062	47	
1202	100058	48	2415	200065	48	3624	300014	48	4825	400069	48	6023	500051	48	7231	600063	48	8438	700059	48	9649	800004	48	10858	900060	48	12050	1000042	48	13234	1100059	47	14443	1200063	47	15649	1300040	47	16863	1400054	47	18078	1500039	47	19296	1600071	47	20511	1700014	47	21723	1800059	47	22930	1900038	47	24140	2000029	47	25358	2100055	47	26572	2200066	47	27785	2300043	47	28997	2400067	47	30212	2500049	47	31415	2600066	47	32628	2700071	47	33845	2800031	47	35060	2900064	47	36267	3000084	47	37467	3100012	47	38677	3200069	47	39892	3300011	47	41100	3400009	47	42310	3500017	47	
1306	100068	54	2662	200025	53	4012	300040	53	5360	400034	53	6722	500038	53	8080	600043	53	9437	700066	53	10795	800046	53	12149	900012	53	13507	1000058	53	14864	1100024	53	16218	1200034	53	17565	1300026	53	18915	1400046	53	20273	1500062	53	21630	1600008	53	22986	1700012	53	24347	1800022	53	25705	1900047	53	27063	2000071	53	28427	2100051	53	29787	2200024	53	31152	2300062	53	32516	2400047	53	33878	2500060	53	35232	2600028	53	36585	2700009	53	37945	2800045	53	39306	2900044	53	40665	3000058	53	42011	3100015	53	43369	3200021	53	44734	3300026	53	46089	3400063	53	47447	3500010	53	
1354	100077	57	2657	200015	54	3983	300023	53	5333	400035	53	6692	500048	53	8037	600073	53	9385	700016	53	10739	800038	53	12094	900032	53	13455	1000025	53	14802	1100046	53	16139	1200007	53	17497	1300004	53	18860	1400064	53	20205	1500045	53	21562	1600072	53	22921	1700015	53	24273	1800028	53	25626	1900074	53	26983	2000028	53	28340	2100061	53	29692	2200017	53	31048	2300008	53	32407	2400067	53	33761	2500030	53	35115	2600010	53	36475	2700061	53	37840	2800007	53	39199	2900068	53	40551	3000058	53	41900	3100034	53	43259	3200008	53	44610	3300017	53	45962	3400012	53	47321	3500010	53	
1327	100080	56	2600	200061	56	3874	300007	53	5231	400072	53	6590	500028	53	7952	600028	53	9314	700062	53	10665	800014	53	12023	900058	53	13381	1000043	53	14736	1100069	53	16095	1200052	53	17455	1300070	53	18811	1400005	53	20173	1500007	53	21528	1600019	53	22884	1700047	53	24241	1800021	53	25602	1900055	53	26960	2000038	53	28320	2100071	53	29675	2200022	53	31033	2300036	53	32392	2400068	53	33749	2500014	53	35107	2600047	53	36463	2700009	53	37816	2800005	53	39176	2900018	53	40522	3000012	53	41870	3100066	53	43224	3200004	53	44574	3300070	53	45923	3400066	53	47282	3500029	53	
1340	100017	54	2700	200010	53	4058	300066	53	5418	400078	53	6773	500004	53	8125	600066	53	9479	700038	53	10826	800004	53	12175	900064	53	13526	1000033	53	14882	1100068	53	16239	1200077	53	17599	1300024	53	18955	1400038	53	20310	1500066	53	21660	1600010	53	23013	1700014	53	24376	1800052	53	25733	1900031	53	27094	2000061	53	28447	2100028	53	29796	2200066	53	31153	2300023	53	32504	2400028	53	33853	2500018	53	35201	2600038	53	36556	2700008	53	37918	2800031	53	39276	2900068	53	40631	3000004	53	41986	3100079	53	43332	3200032	53	44689	3300016	53	46040	3400020	53	47393	3500062	53	
1324	100054	60	2633	200045	53	3994	300032	53	5347	400039	53	6705	500038	53	8061	600058	53	9411	700061	53	10756	800033	53	12113	900015	53	13473	1000067	53	14824	1100065	53	16178	1200057	53	17534	1300074	53	18888	1400034	53	20245	1500016	53	21598	1600064	53	22953	1700040	53	24305	1800050	53	25659	1900004	53	27011	2000016	53	28371	2100053	53	29723	2200029	53	31077	2300048	53	32436	2400015	53	33786	2500074	53	35131	2600043	53	36487	2700045	53	37839	2800009	53	39199	2900047	53	40536	3000004	53	41882	3100059	53	43238	3200012	53	44598	3300040	53	45952	3400033	53	47312	3500039	53	
351	100236	355	706	200269	355	1060	300145	355	1414	400117	355	1767	500148	355	2121	600251	355	2475	700298	355	2828	800273	355	3183	900130	355	3534	1000164	355	3889	1100280	355	4243	1200043	355	4596	1300098	355	4949	1400032	355	5302	1500162	355	5654	1600098	355	6009	1700055	355	6361	1800238	355	6715	1900236	355	7069	2000282	355	7423	2100041	355	7776	2200096	355	8129	2300146	355	8483	2400128	355	8836	2500074	355	9190	2600263	355	9543	2700242	355	9894	2800153	355	10246	2900267	355	10595	3000039	355	10947	3100123	355	11301	3200239	355	11653	3300127	355	12007	3400141	355	12361	3500112	355	
354	100179	355	708	200035	355	1061	300036	355	1414	400072	355	1765	500296	355	2118	600228	355	2470	700221	355	2822	800228	355	3174	900167	355	3527	1000202	355	3881	1100092	355	4234	1200057	355	4589	1300181	355	4942	1400188	355	5296	1500142	355	5650	1600302	355	6005	1700265	355	6359	1800106	355	6713	1900182	355	7066	2000236	355	7419	2100143	355	7771	2200271	355	8120	2300164	355	8474	2400145	355	8826	2500134	355	9180	2600248	355	9534	2700158	355	9887	2800142	355	10241	2900031	355	10596	3000103	355	10949	3100284	355	11302	3200239	355	11656	3300191	355	12007	3400145	355	12359	3500040	355	
355	100093	355	709	200263	355	1058	300158	355	1409	400146	355	1762	500229	355	2110	600115	355	2460	700085	355	2812	800224	355	3167	900298	355	3521	1000304	355	3870	1100195	355	4222	1200147	355	4576	1300145	355	4929	1400206	355	5283	1500110	355	5637	1600293	355	5988	1700124	355	6341	1800280	355	6695	1900240	355	7048	2000249	355	7401	2100249	355	7754	2200087	355	8109	2300121	355	8463	2400064	355	8817	2500286	355	9169	2600167	355	9523	2700087	355	9875	2800165	355	10229	2900201	355	10583	3000286	355	10937	3100282	355	11290	3200094	355	11644	3300272	355	11995	3400111	355	12346	3500070	355	
352	100077	355	705	200297	355	1054	300042	355	1404	400179	355	1757	500264	355	2110	600257	355	2463	700142	355	2816	800098	355	3168	900048	355	3523	1000147	355	3876	1100064	355	4229	1200191	355	4579	1300247	355	4932	1400131	355	5285	1500091	355	5637	1600062	355	5990	1700090	355	6343	1800286	355	6695	1900068	355	7043	2000074	355	7394	2100205	355	7743	2200140	355	8095	2300088	355	8449	2400174	355	8801	2500037	355	9153	2600189	355	9507	2700143	355	9860	2800283	355	10214	2900296	355	10568	3000238	355	10921	3100028	355	11272	3200085	355	11623	3300063	355	11976	3400126	355	12330	3500156	355	
354	100247	355	707	200183	355	1061	300155	355	1415	400093	355	1768	500283	355	2120	600040	355	2476	700108	355	2830	800236	355	3184	900056	355	3536	1000037	355	3890	1100175	355	4244	1200273	355	4595	1300239	355	4945	1400031	355	5299	1500089	355	5648	1600028	355	5998	1700070	355	6350	1800183	355	6702	1900202	355	7056	2000095	355	7405	2100290	355	7759	2200145	355	8110	2300173	355	8463	2400182	355	8818	2500248	355	9172	2600288	355	9521	2700137	355	9873	2800101	355	10225	2900022	355	10574	3000143	355	10926	3100035	355	11278	3200270	355	11632	3300055	355	11987	3400059	355	12339	3500248	355	
384	100036	365	768	200080	365	1152	300153	365	1539	400255	365	1924	500269	365	2310	600125	365	2696	700266	365	3081	800270	365	3466	900217	365	3851	1000233	365	4235	1100212	365	4620	1200236	365	5004	1300044	365	5389	1400129	365	5774	1500073	365	6157	1600046	365	6543	1700272	365	6927	1800074	365	7312	1900268	365	7698	2000142	365	8085	2100132	365	8468	2200193	365	8853	2300161	365	9238	2400138	365	9620	2500077	365	10003	2600041	365	10388	2700071	365	10775	2800238	365	11158	2900168	365	11541	3000041	365	11928	3100256	365	12311	3200052	365	12696	3300233	365	13079	3400246	365	13461	3500127	365	
385	100019	365	771	200093	365	1157	300035	365	1543	400187	365	1929	500200	365	2315	600185	365	2699	700205	365	3084	800263	365	3464	900208	365	3848	1000180	365	4232	1100102	365	4617	1200139	365	5002	1300128	365	5387	1400044	365	5771	1500230	365	6154	1600031	365	6539	1700022	365	6925	1800202	365	7310	1900138	365	7694	2000254	365	8078	2100156	365	8465	2200265	365	8851	2300056	365	9234	2400243	365	9618	2500162	365	9999	2600080	365	10384	2700123	365	10770	2800214	365	11156	2900274	365	11540	3000271	365	11923	3100168	365	12307	3200124	365	12690	3300154	365	13070	3400036	365	13454	3500124	365	
385	100088	365	769	200068	365	1150	300018	365	1532	400093	365	1917	500018	365	2304	600256	365	2688	700078	365	3069	800104	365	3455	900209	365	3839	1000031	365	4224	1100177	365	4610	1200185	365	4995	1300223	365	5380	1400183	365	5765	1500259	365	6150	1600068	365	6533	1700039	365	6918	1800221	365	7302	1900210	365	7686	2000055	365	8070	2100125	365	8455	2200247	365	8839	2300219	365	9223	2400062	365	9608	2500237	365	9993	2600198	365	10376	2700205	365	10761	2800035	365	11146	2900201	365	11531	3000255	365	11915	3100082	365	12300	3200149	365	12686	3300201	365	13071	3400140	365	13457	3500267	365	
387	100161	365	772	200175	365	1155	300269	365	1538	400097	365	1923	500214	365	2309	600244	365	2693	700110	365	3079	800223	365	3463	900186	365	3849	1000210	365	4234	1100275	365	4618	1200261	365	5003	1300171	365	5389	1400186	365	5774	1500267	365	6159	1600240	365	6544	1700192	365	6929	1800043	365	7315	1900198	365	7699	2000052	365	8085	2100253	365	8470	2200138	365	8854	2300166	365	9237	2400267	365	9620	2500278	365	10003	2600167	365	10387	2700037	365	10772	2800077	365	11157	2900057	365	11542	3000072	365	11926	3100180	365	12312	3200238	365	12695	3300245	365	13080	3400032	365	13466	3500269	365	
387	100272	365	773	200153	365	1159	300221	365	1544	400168	365	1927	500116	365	2312	600068	365	2697	700056	365	3083	800131	365	3468	900145	365	3853	1000042	365	4237	1100063	365	4622	1200087	365	5006	1300232	365	5391	1400090	365	5774	1500039	365	6153	1600135	365	6538	1700163	365	6921	1800055	365	7307	1900218	365	7692	2000136	365	8074	2100106	365	8456	2200217	365	8838	2300082	365	9222	2400032	365	9605	2500201	365	9989	2600183	365	10372	2700023	365	10757	2800221	365	11137	2900038	365	11521	3000232	365	11907	3100259	365	12292	3200239	365	12677	3300266	365	13061	3400164	365	13445	3500189	365	
81	100638	1803	164	201238	1803	246	300862	1803	328	400501	1803	410	500109	1803	492	600225	1803	575	701273	1803	654	800499	1803	733	900171	1803	815	1000550	1803	897	1100407	1803	980	1201204	1803	1062	1300635	1803	1145	1400697	1803	1227	1500216	1803	1310	1600857	1803	1393	1701122	1803	1475	1800740	1803	1558	1900964	1803	1640	2000484	1803	1723	2101163	1803	1805	2200602	1803	1887	2300252	1803	1970	2400633	1803	2052	2500732	1803	2134	2600134	1803	2217	2700906	1803	2299	2800781	1803	2381	2900228	1803	2464	3000724	1803	2546	3101137	1803	2627	3200899	1803	2709	3301199	1803	2791	3400411	1803	2874	3501112	1803	
83	101194	1803	165	201093	1803	248	301261	1803	330	400469	1803	412	500233	1803	495	600653	1803	577	700303	1803	660	801028	1803	743	901068	1803	825	1000582	1803	907	1100477	1803	990	1200654	1803	1073	1300911	1803	1156	1401044	1803	1239	1501116	1803	1321	1601189	1803	1403	1700742	1803	1485	1800421	1803	1568	1901093	1803	1650	2000781	1803	1733	2101316	1803	1815	2201040	1803	1897	2300242	1803	1979	2400837	1803	2062	2501105	1803	2144	2600766	1803	2226	2701084	1803	2307	2800297	1803	2390	2901029	1803	2472	3000631	1803	2554	3100765	1803	2637	3201211	1803	2719	3300246	1803	2802	3400330	1803	2884	3501282	1803	
82	101218	1803	164	201065	1803	246	301057	1803	328	400916	1803	410	500777	1803	493	601205	1803	575	700331	1803	657	800976	1803	739	900487	1803	821	1000876	1803	903	1100179	1803	986	1200890	1803	1068	1300652	1803	1150	1400675	1803	1232	1500505	1803	1315	1601138	1803	1397	1700654	1803	1480	1800821	1803	1563	1900749	1803	1646	2001109	1803	1728	2100283	1803	1811	2200545	1803	1894	2300804	1803	1976	2400816	1803	2058	2500702	1803	2141	2601235	1803	2223	2700504	1803	2306	2801188	1803	2388	2901062	1803	2470	3001329	1803	2552	3101248	1803	2634	3200634	1803	2716	3300156	1803	2799	3400890	1803	2881	3500444	1803	
83	100859	1803	165	200438	1803	247	300115	1803	330	401201	1803	412	500688	1803	494	600578	1803	576	700205	1803	659	800899	1803	742	901254	1803	824	1000733	1803	907	1100948	1803	989	1200293	1803	1072	1301140	1803	1153	1400196	1803	1236	1500341	1803	1318	1600179	1803	1401	1701184	1803	1483	1800933	1803	1565	1900384	1803	1648	2001301	1803	1730	2101081	1803	1812	2200766	1803	1894	2300366	1803	1977	2401131	1803	2059	2500600	1803	2141	2600275	1803	2223	2700292	1803	2306	2801038	1803	2388	2900156	1803	2471	3001129	1803	2553	3100852	1803	2635	3200175	1803	2718	3300983	1803	2801	3401087	1803	2883	3500752	1803	
83	100900	1803	165	200941	1803	247	300272	1803	329	400187	1803	412	500951	1803	494	601194	1803	575	700400	1803	657	800313	1803	740	901100	1803	822	1000212	1803	905	1100240	1803	988	1200331	1803	1071	1300746	1803	1154	1401210	1803	1236	1500353	1803	1319	1600990	1803	1400	1700577	1803	1482	1800509	1803	1565	1901268	1803	1646	2001379	1803	1726	2100310	1803	1809	2200507	1803	1890	2300498	1803	1973	2401177	1803	2055	2500477	1803	2136	2600353	1803	2218	2700315	1803	2300	2800719	1803	2383	2900991	1803	2466	3001227	1803	2548	3100589	1803	2629	3200402	1803	2712	3301207	1803	2793	3401216	1803	2875	3501178	1803	
90	100660	1754	180	200941	1754	269	300360	1754	359	400383	1754	449	500730	1754	538	600791	1754	627	700544	1754	717	800956	1754	807	900847	1754	897	1000933	1754	987	1100755	1754	1076	1200754	1754	1165	1300653	1754	1255	1400289	1754	1344	1500396	1754	1434	1600596	1754	1524	1700511	1754	1614	1801115	1754	1703	1900410	1754	1793	2000803	1754	1882	2100453	1754	1971	2200186	1754	2061	2301280	1754	2150	2400487	1754	2239	2500100	1754	2329	2600479	1754	2420	2701155	1754	2509	2800538	1754	2599	2901096	1754	2688	3000500	1754	2777	3101059	1754	2865	3200296	1754	2954	3300365	1754	3044	3400243	1754	3134	3500325	1754	
90	100767	1754	180	200785	1754	269	300109	1754	359	400685	1754	449	500737	1754	539	600771	1754	628	700120	1754	718	800486	1754	808	900829	1754	898	1000964	1754	988	1100701	1754	1077	1200424	1754	1167	1300579	1754	1257	1400716	1754	1346	1500314	1754	1437	1600869	1754	1527	1700538	1754	1617	1800706	1754	1707	1900649	1754	1796	2000513	1754	1886	2100403	1754	1976	2200288	1754	2066	2300401	1754	2156	2400831	1754	2245	2500367	1754	2335	2600287	1754	2425	2701194	1754	2514	2800333	1754	2604	2901023	1754	2694	3000526	1754	2784	3100229	1754	2875	3200977	1754	2965	3300760	1754	3055	3401084	1754	3145	3501098	1754	
90	100237	1754	180	200179	1754	271	301047	1754	361	400690	1754	451	500474	1754	541	600260	1754	631	700606	1754	721	800370	1754	811	900440	1754	901	1000504	1754	991	1100781	1754	1081	1200745	1754	1170	1300675	1754	1260	1400464	1754	1350	1500649	1754	1440	1600632	1754	1530	1701035	1754	1620	1801133	1754	1710	1900585	1754	1800	2000669	1754	1890	2100924	1754	1979	2200491	1754	2069	2300622	1754	2159	2400805	1754	2249	2500682	1754	2337	2600229	1754	2426	2700365	1754	2516	2800348	1754	2606	2900440	1754	2697	3001145	1754	2786	3100279	1754	2876	3201117	1754	2965	3300466	1754	3055	3400866	1754	3145	3500866	1754	
90	100343	1754	180	200966	1754	269	300456	1754	358	400100	1754	448	500531	1754	538	600565	1754	628	700590	1754	718	800401	1754	808	900409	1754	898	1000539	1754	988	1100876	1754	1078	1200933	1754	1168	1300965	1754	1257	1400145	1754	1347	1500318	1754	1437	1600464	1754	1527	1700616	1754	1617	1801063	1754	1707	1900803	1754	1797	2000466	1754	1887	2100227	1754	1978	2201004	1754	2068	2300917	1754	2158	2400436	1754	2248	2500648	1754	2338	2600872	1754	2427	2700240	1754	2518	2801182	1754	2608	2901098	1754	2697	3000405	1754	2787	3100173	1754	2876	3200481	1754	2966	3300284	1754	3056	3400221	1754	3146	3500403	1754	
90	100182	1754	179	200148	1754	270	301165	1754	360	401122	1754	449	500743	1754	539	600375	1754	629	700811	1754	719	800711	1754	808	900278	1754	898	1001003	1754	988	1100918	1754	1078	1200688	1754	1168	1300774	1754	1258	1400718	1754	1347	1500275	1754	1437	1600308	1754	1527	1700125	1754	1617	1800735	1754	1706	1900102	1754	1797	2001187	1754	1886	2100124	1754	1975	2200511	1754	2065	2300526	1754	2155	2400726	1754	2245	2500538	1754	2335	2600218	1754	2425	2700538	1754	2514	2800340	1754	2604	2900951	1754	2694	3001032	1754	2784	3100784	1754	2872	3201158	1754	2961	3300609	1754	3051	3400756	1754	3140	3500095	1754	
1082	100061	134	2145	200020	109	3213	300087	100	4283	400045	94	5350	500059	90	6418	600004	86	7485	700094	79	8556	800037	70	9635	900073	70	10712	1000029	70	11786	1100029	68	12824	1200073	68	13857	1300099	68	14885	1400055	68	15916	1500069	68	16946	1600021	68	17975	1700032	68	19007	1800049	68	20033	1900009	68	21084	2000075	66	22157	2100032	66	23233	2200018	66	24309	2300089	66	25373	2400089	63	26438	2500090	62	27504	2600070	62	28574	2700081	62	29640	2800096	62	30671	2900074	62	31700	3000091	62	32722	3100027	62	33750	3200019	62	34779	3300073	62	35810	3400069	62	36839	3500022	62	
1080	100021	211	2152	200031	74	3220	300091	70	4285	400073	67	5344	500052	67	6413	600027	66	7479	700054	66	8555	800100	65	9629	900086	65	10673	1000046	65	11705	1100096	65	12734	1200015	65	13764	1300040	65	14795	1400011	65	15827	1500048	65	16859	1600089	65	17902	1700059	64	18972	1800065	64	20041	1900091	64	21108	2000040	63	22179	2100052	63	23253	2200054	63	24327	2300067	63	25388	2400024	61	26453	2500098	61	27461	2600042	61	28465	2700069	61	29464	2800017	61	30468	2900029	61	31469	3000031	61	32466	3100096	61	33470	3200081	61	34471	3300079	61	35476	3400087	61	36480	3500051	61	
1080	100019	140	2143	200028	109	3207	300019	101	4260	400090	89	5313	500073	86	6381	600023	84	7456	700048	83	8493	800059	83	9504	900050	83	10544	1000048	81	11600	1100032	81	12669	1200051	79	13724	1300072	77	14779	1400070	77	15850	1500007	74	16916	1600065	72	17990	1700087	72	19069	1800072	72	20144	1900070	72	21178	2000083	72	22232	2100035	71	23303	2200057	71	24377	2300100	70	25451	2400100	70	26488	2500049	70	27515	2600059	70	28535	2700061	70	29586	2800020	69	30661	2900052	69	31724	3000086	69	32788	3100006	69	33862	3200025	68	34935	3300017	68	36007	3400083	68	37081	3500023	68	
1081	100074	140	2151	200006	131	3218	300012	130	4286	400081	124	5344	500054	122	6399	600066	106	7433	700055	106	8505	800094	101	9573	900095	99	10641	1000061	91	11699	1100097	89	12758	1200093	89	13793	1300052	89	14842	1400073	84	15874	1500062	81	16927	1600012	81	17984	1700010	79	19054	1800014	79	20129	1900021	78	21206	2000084	78	22283	2100014	76	23352	2200090	76	24429	2300037	76	25501	2400055	76	26568	2500060	77	27576	2600067	77	28585	2700033	77	29596	2800031	77	30607	2900010	74	31679	3000065	72	32753	3100081	72	33818	3200005	72	34889	3300006	69	35959	3400070	68	37024	3500006	68	
1079	100071	120	2153	200033	85	3219	300046	66	4298	400018	61	5340	500040	57	6413	600030	57	7484	700068	54	8554	800020	54	9623	900097	54	10698	1000006	54	11766	1100063	54	12838	1200043	54	13912	1300023	53	14983	1400073	53	16056	1500087	53	17116	1600076	53	18153	1700075	53	19193	1800093	53	20221	1900057	53	21248	2000027	53	22283	2100035	53	23312	2200059	53	24387	2300024	52	25464	2400054	52	26534	2500073	52	27610	2600082	52	28677	2700005	52	29743	2800080	52	30807	2900016	52	31866	3000065	52	32943	3100077	52	34012	3200009	52	35090	3300060	52	36169	3400084	52	37247	3500028	52	
333	100065	8086	666	200280	6380	999	300106	4032	1328	400163	2340	1655	500234	1593	1978	600219	1451	2300	700315	1413	2623	800063	1360	2944	900223	1306	3264	1000074	1288	3584	1100301	1288	3904	1200113	1237	4226	1300268	1217	4547	1400060	1216	4871	1500308	1216	5192	1600103	1204	5515	1700285	1192	5833	1800095	1185	6153	1900066	1167	6473	2000201	1159	6792	2100220	1152	7113	2200063	1149	7434	2300312	1149	7756	2400201	1149	8076	2500070	1145	8396	2600228	1145	8718	2700114	1142	9041	2800041	1129	9365	2900047	1110	9687	3000057	1088	10006	3100196	1088	10326	3200154	1073	10647	3300236	1068	10969	3400317	1061	11290	3500246	1051	
334	100103	7999	667	200030	5856	1000	300235	3436	1327	400082	2462	1652	500313	2064	1973	600153	2002	2295	700207	1919	2614	800219	1880	2934	900183	1856	3255	1000151	1795	3577	1100305	1776	3898	1200089	1769	4222	1300149	1710	4544	1400123	1682	4866	1500155	1582	5188	1600110	1511	5511	1700277	1511	5833	1800168	1511	6155	1900297	1511	6476	2000319	1444	6798	2100309	1421	7118	2200053	1404	7438	2300101	1353	7760	2400247	1340	8083	2500302	1332	8403	2600056	1329	8728	2700300	1296	9049	2800038	1296	9371	2900149	1280	9694	3000253	1273	10018	3100268	1273	10339	3200073	1273	10664	3300137	1267	10986	3400158	1265	11308	3500094	1265	
334	100287	8380	664	200025	6124	994	300030	3969	1324	400134	2352	1650	500160	1869	1976	600022	1514	2296	700034	1418	2619	800025	1310	2942	900225	1272	3263	1000193	1206	3585	1100052	1122	3906	1200049	1099	4228	1300308	1075	4549	1400291	1067	4870	1500225	1057	5191	1600200	1057	5513	1700198	1054	5837	1800158	1043	6161	1900187	1041	6485	2000123	1040	6806	2100238	1040	7127	2200199	1040	7448	2300249	1040	7769	2400096	1040	8085	2500030	1040	8408	2600265	1040	8731	2700191	1040	9052	2800244	1040	9373	2900129	1040	9694	3000226	1040	10016	3100200	1040	10338	3200134	1040	10660	3300253	1040	10979	3400127	1040	11300	3500047	1040	
333	100278	8106	665	200050	5530	999	300163	3886	1330	400171	2505	1653	500170	2014	1978	600155	1702	2303	700106	1620	2625	800022	1583	2947	900090	1549	3268	1000252	1533	3592	1100208	1407	3915	1200034	1317	4236	1300078	1283	4560	1400317	1260	4881	1500260	1233	5204	1600320	1206	5527	1700239	1206	5850	1800093	1192	6173	1900177	1182	6495	2000114	1177	6814	2100061	1153	7138	2200198	1153	7459	2300117	1143	7781	2400119	1141	8101	2500099	1121	8424	2600295	1121	8745	2700032	1121	9068	2800136	1121	9389	2900163	1117	9713	3000178	1114	10035	3100093	1104	10357	3200266	1104	10680	3300168	1104	11003	3400042	1104	11326	3500188	1104	
334	100253	7895	665	200104	5586	998	300325	3363	1327	400028	2186	1653	500143	1960	1978	600085	1789	2302	700160	1748	2625	800048	1702	2946	900103	1685	3268	1000073	1680	3592	1100203	1657	3914	1200190	1647	4235	1300066	1647	4560	1400228	1641	4883	1500203	1622	5206	1600125	1621	5528	1700242	1621	5850	1800104	1621	6169	1900292	1621	6489	2000129	1612	6810	2100122	1612	7133	2200334	1612	7455	2300022	1612	7777	2400029	1612	8100	2500046	1605	8425	2600236	1605	8746	2700037	1594	9069	2800085	1591	9376	2900103	1591	9696	3000261	1591	10019	3100098	1581	10344	3200289	1575	10669	3300230	1575	10995	3400148	1561	11321	3500205	1561	
71	100191	50414	142	200480	50414	214	301251	50414	285	400619	50414	356	500701	50414	428	601453	50414	499	701115	50414	570	800882	50414	641	901017	50387	712	1000767	50387	783	1100618	50387	854	1200152	50387	926	1301474	50384	996	1401486	50384	1067	1501249	50384	1138	1601139	50384	1208	1700194	50379	1279	1800335	50372	1351	1901344	50372	1422	2000661	50372	1494	2101362	50334	1565	2201275	50334	1636	2300530	50334	1707	2400319	50334	1779	2501338	50334	1850	2600866	50334	1921	2700522	50334	1993	2801069	50334	2064	2900807	50314	2135	3000647	50314	2206	3100641	50307	2278	3201412	50307	2349	3301081	50307	2420	3400658	50307	2491	3500683	50284	
72	101331	50414	143	201238	50414	214	300531	50414	285	400817	50414	356	501314	50401	427	600926	50401	498	700656	50401	569	800550	50401	640	900422	50401	711	1000516	50401	782	1100793	50401	853	1200793	50401	925	1301336	50401	996	1400938	50401	1067	1500633	50401	1138	1600495	50370	1209	1700448	50367	1281	1800939	50367	1352	1900129	50367	1424	2000421	50367	1496	2101203	50367	1567	2200384	50367	1639	2301189	50367	1710	2400521	50367	1782	2501180	50367	1853	2600356	50367	1925	2701091	50308	1996	2800140	50237	2068	2900932	50237	2139	3000419	50237	2211	3101009	50237	2282	3200446	50237	2354	3301215	50213	2425	3400725	50213	2497	3501363	50213	
72	101495	50414	142	200456	50414	214	301485	50414	285	401123	50387	356	500944	50338	427	600415	50338	499	701114	50338	570	800501	50328	641	900124	50328	713	1001190	50328	784	1101105	50328	855	1200496	50309	926	1300388	50309	997	1400150	50309	1069	1501413	50285	1140	1600710	50269	1211	1700240	50269	1283	1801501	50258	1354	1900996	50258	1425	2001039	50258	1496	2101054	50258	1567	2201358	50258	1637	2300206	50258	1709	2401441	50258	1780	2500753	50258	1851	2601503	50258	1922	2701249	50258	1993	2800907	50258	2064	2901410	50258	2135	3001087	50258	2206	3101071	50258	2277	3200793	50258	2348	3300870	50258	2419	3400728	50258	2490	3500990	50258	
72	101398	50414	143	201028	50414	214	301088	50386	284	400298	50386	355	500252	50364	427	601201	50364	498	701045	50364	569	800366	50364	641	901211	50364	712	1000413	50364	783	1100135	50364	854	1200305	50364	926	1301413	50364	997	1401040	50364	1068	1500761	50364	1139	1600499	50364	1211	1701268	50364	1282	1800718	50364	1353	1900396	50364	1424	2000145	50364	1496	2101141	50364	1567	2200652	50364	1638	2300253	50364	1710	2401345	50364	1781	2500696	50364	1852	2600559	50364	1923	2700155	50364	1995	2801158	50364	2066	2901215	50364	2137	3001245	50364	2208	3101289	50364	2279	3200889	50364	2351	3301292	50364	2422	3400528	50364	2493	3500126	50364	
71	101335	50414	142	200959	50414	213	300470	50414	284	400645	50414	355	500607	50397	426	600223	50397	498	701273	50397	569	801218	50397	640	900399	50397	711	1000340	50397	783	1101149	50397	854	1200703	50397	925	1300591	50397	997	1401419	50397	1068	1500521	50379	1138	1600802	50367	1209	1700535	50355	1280	1800531	50355	1351	1900960	50315	1422	2000494	50293	1493	2100162	50293	1564	2200750	50293	1635	2300520	50293	1707	2401357	50293	1778	2501100	50254	1848	2600993	50211	1919	2700566	50179	1990	2800445	50179	2061	2900301	50140	2133	3000869	50140	2205	3101402	50140	2276	3201150	50140	2347	3300373	50140	2419	3401346	50140	2490	3500732	50140	
