versja nr 2;wspolczynnik mutacji 1.200000;wielkosc populacji 60
227	100094	121	449	200269	106	500	223214	99	671	300201	99	893	400350	90	1000	448844	87	1115	500439	81	1336	600330	76	1500	674324	69	1558	700424	69	1781	800466	68	2000	898802	68	2003	900175	68	2226	1000227	67	2449	1100274	67	2500	1124329	67	2666	1200129	67	2889	1300034	67	3000	1349922	67	3112	1400166	67	3334	1500309	67	3500	1575199	67	3556	1600403	67	3778	1700407	67	4000	1800203	63	4000	1800229	63	4223	1900044	63	4447	2000420	63	4500	2024078	63	4670	2100264	63	4894	2200434	63	5000	2248122	63	5116	2300036	63	5339	2400356	63	5500	2472234	63	5563	2500383	63	
228	100447	212	450	200162	119	500	223090	119	668	300193	105	891	400203	103	1000	449173	102	1114	500241	101	1336	600073	101	1500	673585	101	1559	700055	101	1782	800022	101	2000	897593	101	2006	900270	101	2229	1000117	101	2452	1100413	94	2500	1121915	94	2675	1200462	94	2898	1300437	94	3000	1346081	94	3121	1400313	94	3343	1500085	94	3500	1570749	94	3566	1600454	94	3787	1700087	94	4000	1795464	94	4011	1800438	94	4234	1900381	94	4456	2000054	94	4500	2019713	94	4679	2100282	94	4902	2200113	94	5000	2243915	94	5126	2300404	94	5348	2400105	94	5500	2468129	94	5571	2500108	94	
229	100411	153	453	200428	133	500	221531	127	676	300124	120	900	400284	120	1000	445021	118	1123	500055	108	1344	600373	108	1500	669994	104	1568	700319	104	1791	800024	104	2000	893192	104	2016	900303	104	2240	1000298	104	2464	1100227	104	2500	1116285	104	2687	1200089	104	2912	1300287	104	3000	1339376	104	3137	1400402	104	3361	1500327	104	3500	1562343	104	3585	1600261	104	3808	1700024	104	4000	1785541	104	4033	1800239	104	4257	1900261	104	4480	2000119	104	4500	2009110	104	4703	2100216	104	4927	2200363	101	5000	2232851	97	5151	2300314	91	5369	2400099	91	5500	2458384	91	5594	2500332	91	
229	100442	207	452	200463	186	500	221738	186	677	300173	186	902	400279	186	1000	443712	186	1127	500442	165	1350	600393	155	1500	667069	155	1575	700388	155	1800	800190	155	2000	889192	152	2025	900313	152	2249	1000366	149	2474	1100410	129	2500	1111895	129	2699	1200289	124	2924	1300291	124	3000	1333919	124	3150	1400426	124	3370	1500167	124	3500	1558083	124	3595	1600257	124	3819	1700085	124	4000	1780304	124	4045	1800222	124	4271	1900440	124	4496	2000236	124	4500	2002033	124	4722	2100372	124	4948	2200438	124	5000	2223424	124	5173	2300039	124	5399	2400329	110	5500	2445194	110	5624	2500427	110	
227	100420	123	449	200366	96	500	223190	96	672	300387	96	894	400332	90	1000	447935	90	1117	500357	90	1334	600262	89	1500	675061	83	1556	700242	83	1779	800091	80	2000	899107	80	2003	900465	80	2226	1000392	80	2448	1100079	80	2500	1123874	80	2670	1200347	80	2893	1300313	80	3000	1348355	80	3115	1400394	80	3338	1500287	80	3500	1573311	80	3560	1600408	80	3782	1700320	80	4000	1798032	80	4005	1800294	80	4228	1900227	80	4452	2000488	80	4500	2022030	80	4674	2100119	80	4897	2200131	80	5000	2246360	80	5120	2300335	80	5342	2400236	80	5500	2471154	80	5565	2500279	80	
228	100387	189	451	200138	178	500	221954	178	676	300443	168	899	400090	132	1000	445432	132	1123	500440	130	1347	600300	127	1500	668651	127	1571	700352	127	1795	800378	116	2000	892095	116	2018	900189	116	2242	1000291	116	2465	1100157	110	2500	1115776	110	2689	1200416	110	2913	1300312	110	3000	1339089	110	3137	1400432	110	3360	1500098	110	3500	1563505	110	3582	1600469	110	3804	1700325	110	4000	1788026	110	4027	1800131	110	4251	1900326	110	4475	2000266	110	4500	2011539	110	4699	2100442	110	4921	2200024	105	5000	2235440	105	5145	2300257	105	5368	2400270	105	5500	2459403	105	5591	2500211	105	
227	100021	168	451	200069	137	500	222031	137	672	300067	130	896	400163	130	1000	446712	130	1120	500408	129	1344	600464	123	1500	670209	121	1567	700308	119	1790	800395	119	2000	894468	119	2013	900262	119	2236	1000327	109	2459	1100312	109	2500	1118606	109	2682	1200220	109	2905	1300247	109	3000	1342709	109	3128	1400279	109	3351	1500142	109	3500	1567423	109	3573	1600458	109	3795	1700362	109	4000	1795258	109	4011	1800337	109	4229	1900146	109	4452	2000353	109	4500	2021878	109	4674	2100229	109	4897	2200214	109	5000	2246417	109	5118	2300134	109	5341	2400317	109	5500	2471583	109	5564	2500344	109	
226	100460	183	447	200176	105	500	224031	102	670	300300	99	892	400383	99	1000	448931	99	1114	500215	99	1336	600233	95	1500	673871	93	1558	700030	93	1781	800149	93	2000	899802	93	2001	900270	93	2219	1000068	90	2442	1100400	90	2500	1126393	90	2664	1200055	90	2887	1300055	90	3000	1350877	90	3110	1400237	90	3332	1500355	86	3500	1576372	84	3552	1600092	84	3774	1700306	84	3996	1800124	84	4000	1801933	84	4219	1900305	84	4441	2000137	82	4500	2026756	82	4664	2100452	82	4885	2200200	80	5000	2251862	80	5108	2300403	80	5330	2400185	80	5500	2476487	80	5553	2500334	80	
231	100425	233	463	200335	206	500	216270	206	695	300363	187	927	400256	172	1000	431905	161	1148	500067	159	1380	600097	143	1500	651783	143	1613	700383	143	1844	800315	140	2000	867963	140	2074	900288	140	2306	1000398	140	2500	1084234	140	2537	1100186	140	2768	1200236	140	2999	1300124	140	3000	1300566	140	3230	1400092	140	3461	1500038	140	3500	1516916	140	3693	1600177	140	3924	1700185	139	4000	1732876	130	4156	1800146	130	4388	1900075	130	4500	1948571	130	4620	2000268	130	4851	2100244	130	5000	2164723	130	5082	2200053	130	5314	2300421	130	5500	2380481	124	5546	2400340	124	5777	2500237	124	
227	100416	255	450	200022	224	500	222347	218	675	300220	218	900	400351	210	1000	444810	210	1124	500454	210	1348	600440	201	1500	668267	197	1572	700338	193	1796	800152	183	2000	891050	180	2021	900397	171	2244	1000066	139	2469	1100381	111	2500	1114167	101	2693	1200391	97	2916	1300063	97	3000	1337604	97	3140	1400134	91	3364	1500346	91	3500	1561230	87	3587	1600056	87	3811	1700334	87	4000	1784403	87	4035	1800052	87	4259	1900265	87	4484	2000426	87	4500	2007589	87	4708	2100158	87	4928	2200429	87	5000	2232642	87	5151	2300165	87	5375	2400174	87	5500	2455833	87	5599	2500244	87	
239	100386	78	472	200292	64	500	212239	64	706	300389	64	939	400054	64	1000	426164	64	1172	500139	64	1405	600048	64	1500	640929	64	1638	700150	64	1872	800240	63	2000	855070	63	2105	900164	63	2339	1000325	63	2500	1069299	63	2572	1100123	63	2805	1200103	63	3000	1286514	63	3032	1300497	63	3264	1400089	63	3496	1500193	63	3500	1501894	63	3729	1600331	63	3962	1700239	62	4000	1716513	62	4196	1800385	62	4429	1900181	62	4500	1930520	62	4663	2000220	62	4897	2100230	62	5000	2144343	62	5131	2200216	62	5365	2300366	62	5500	2357994	62	5599	2400322	62	5832	2500091	62	
227	100191	123	450	200214	112	500	222722	112	674	300438	112	891	400226	112	1000	449661	106	1113	500407	94	1336	600175	94	1500	673692	94	1559	700263	94	1782	800123	94	2000	897611	92	2006	900289	92	2229	1000122	91	2452	1100132	88	2500	1121589	88	2676	1200384	84	2899	1300448	77	3000	1345638	77	3121	1400152	77	3344	1500442	77	3500	1570549	77	3566	1600155	77	3788	1700073	77	4000	1794965	77	4012	1800385	77	4235	1900193	77	4458	2000102	76	4500	2018958	76	4682	2100365	76	4904	2200108	76	5000	2243200	76	5127	2300127	76	5350	2400315	73	5500	2467646	73	5572	2500060	73	
227	100195	100	450	200173	75	500	222794	75	672	300324	75	894	400210	72	1000	447912	72	1114	500134	71	1337	600465	71	1500	673434	71	1560	700373	68	1782	800153	68	2000	898477	68	2004	900283	68	2226	1000131	68	2449	1100383	68	2500	1123241	68	2672	1200417	68	2895	1300412	68	3000	1347355	68	3118	1400385	68	3339	1500252	68	3500	1572589	66	3561	1600199	66	3784	1700312	66	4000	1797060	66	4007	1800250	66	4230	1900235	66	4454	2000346	64	4500	2021048	64	4677	2100394	64	4900	2200297	64	5000	2245010	64	5123	2300135	64	5347	2400259	64	5500	2471205	64	5564	2500293	64	
235	100200	119	464	200039	107	500	215713	107	694	300447	79	923	400192	79	1000	433632	79	1152	500084	79	1381	600118	79	1500	652154	79	1610	700115	75	1840	800438	75	2000	870225	75	2068	900267	75	2297	1000132	75	2500	1088648	74	2527	1100408	74	2755	1200187	73	2984	1300038	72	3000	1307010	72	3214	1400248	68	3442	1500202	68	3500	1525601	68	3664	1600069	68	3892	1700201	68	4000	1747399	68	4121	1800022	68	4351	1900428	68	4500	1965403	68	4580	2000254	68	4809	2100103	68	5000	2183344	68	5039	2200325	68	5268	2300440	58	5497	2400233	58	5500	2401552	58	5726	2500166	58	
228	100296	113	451	200166	102	500	222106	92	674	300035	92	897	400093	92	1000	446059	92	1118	500367	92	1341	600343	92	1500	672551	92	1560	700341	92	1782	800183	90	2000	897889	90	2005	900128	90	2228	1000383	90	2451	1100153	90	2500	1122078	90	2675	1200336	90	2898	1300025	90	3000	1345576	83	3122	1400460	83	3344	1500396	83	3500	1570689	83	3565	1600220	83	3788	1700465	83	4000	1795662	83	4010	1800168	83	4233	1900198	83	4457	2000290	83	4500	2019591	83	4680	2100395	83	4902	2200150	83	5000	2244043	83	5125	2300066	83	5348	2400282	83	5500	2468543	83	5571	2500417	83	
234	100197	94	464	200177	90	500	215848	87	695	300298	87	925	400189	73	1000	432686	73	1155	500254	70	1385	600097	70	1500	649902	70	1616	700197	70	1847	800244	70	2000	866692	70	2077	900195	70	2308	1000419	67	2500	1083900	67	2538	1100358	67	2768	1200447	67	2998	1300086	67	3000	1300967	67	3229	1400275	67	3458	1500020	67	3500	1518381	67	3688	1600178	67	3919	1700411	65	4000	1735536	65	4148	1800043	63	4378	1900372	63	4500	1953440	63	4607	2000039	63	4837	2100102	63	5000	2170883	63	5067	2200040	63	5297	2300083	61	5500	2388129	61	5528	2400268	61	5758	2500215	61	
233	100220	133	461	200254	111	500	217397	93	689	300044	86	919	400382	86	1000	435750	86	1147	500081	86	1377	600415	86	1500	654133	83	1606	700441	81	1834	800174	75	2000	872495	75	2064	900418	75	2293	1000182	75	2500	1090894	75	2521	1100055	75	2751	1200352	75	2980	1300240	75	3000	1308938	75	3209	1400252	75	3436	1500035	75	3500	1528198	73	3664	1600143	73	3893	1700095	69	4000	1746702	69	4122	1800076	69	4347	1900270	69	4500	1968439	69	4573	2000329	69	4801	2100026	63	5000	2186840	63	5031	2200376	63	5259	2300284	60	5487	2400106	60	5500	2405821	60	5716	2500440	60	
226	100069	133	449	200308	95	500	223296	85	671	300234	79	893	400052	76	1000	448262	76	1115	500266	74	1338	600395	74	1500	673226	70	1560	700201	70	1783	800412	69	2000	897729	62	2006	900416	62	2226	1000322	62	2447	1100207	62	2500	1123943	62	2670	1200251	62	2893	1300348	62	3000	1348288	62	3116	1400383	62	3338	1500386	62	3500	1573491	62	3560	1600462	62	3783	1700464	62	4000	1798062	62	4005	1800352	62	4228	1900463	62	4451	2000447	62	4500	2022427	62	4673	2100181	62	4896	2200311	62	5000	2246921	62	5119	2300229	62	5342	2400162	62	5500	2471012	62	5565	2500154	62	
233	100035	106	455	200058	106	500	219796	106	684	300373	103	912	400181	95	1000	438827	95	1140	500105	95	1369	600412	79	1500	657760	69	1597	700226	67	1826	800356	58	2000	876550	51	2054	900282	51	2282	1000097	51	2500	1095570	51	2511	1100454	51	2739	1200072	51	2968	1300112	51	3000	1314074	51	3197	1400259	51	3425	1500313	50	3500	1533184	50	3653	1600206	50	3882	1700339	50	4000	1751830	50	4111	1800379	50	4339	1900252	50	4500	1971011	50	4567	2000461	50	4794	2100092	50	5000	2190186	50	5023	2200329	50	5252	2300080	50	5481	2400342	50	5500	2408736	50	5709	2500133	50	
226	100294	71	447	200047	62	500	224011	62	668	300167	62	888	400183	60	1000	451418	60	1107	500022	60	1328	600142	60	1500	678069	60	1549	700272	60	1770	800278	60	1991	900423	60	2000	904515	60	2212	1000403	60	2433	1100401	60	2500	1130664	60	2654	1200429	60	2875	1300458	60	3000	1357123	60	3095	1400129	60	3314	1500080	60	3500	1584656	60	3534	1600088	60	3755	1700049	60	3977	1800461	60	4000	1810964	60	4197	1900299	60	4418	2000257	59	4500	2037408	59	4639	2100454	59	4860	2200196	59	5000	2266626	59	5074	2300444	59	5294	2400226	59	5500	2493560	59	5515	2500429	59	
76	100982	2575	147	200088	2460	219	300600	2316	291	400722	2257	362	501270	2211	433	600298	2211	500	693876	2152	505	700934	2152	577	801210	1975	648	900202	1941	720	1000960	1941	792	1101391	1929	864	1201255	1901	936	1301445	1794	1000	1393472	1764	1005	1400721	1764	1076	1500617	1720	1148	1601270	1720	1219	1700181	1720	1291	1800694	1664	1363	1901402	1614	1434	2000906	1614	1500	2093164	1614	1505	2100210	1614	1577	2201244	1614	1648	2300506	1614	1720	2401289	1614	1791	2500615	1614	
77	100516	2406	149	200848	1943	221	300842	1770	293	400896	1548	363	500967	1478	434	600163	1452	500	692011	1452	506	700437	1452	578	800881	1452	650	901355	1452	722	1001479	1452	793	1100478	1452	865	1201399	1452	936	1300137	1452	1000	1389367	1452	1008	1400745	1452	1079	1500150	1452	1151	1600909	1448	1223	1701115	1414	1294	1800208	1414	1366	1900776	1414	1438	2001415	1414	1500	2088074	1414	1509	2100799	1414	1581	2201177	1414	1652	2300318	1414	1724	2401095	1414	1795	2500145	1414	
77	101299	2281	148	200479	2128	220	301121	1998	291	400749	1897	362	500580	1834	433	600840	1720	500	694963	1720	504	700636	1720	576	801167	1720	647	900461	1682	718	1000229	1682	789	1100151	1646	861	1201137	1646	932	1301089	1646	1000	1396759	1646	1003	1401022	1646	1074	1500787	1646	1145	1600788	1646	1216	1700931	1646	1287	1800321	1646	1359	1900894	1634	1430	2000273	1634	1500	2098246	1634	1502	2101146	1634	1573	2200905	1634	1644	2300177	1634	1716	2401235	1634	1787	2500735	1634	
76	100246	2689	148	200112	2543	220	300118	2338	293	401286	2209	364	500353	2021	436	600459	1973	500	689268	1900	508	700495	1900	580	800193	1814	652	900339	1776	724	1000614	1776	796	1100705	1776	868	1200782	1776	939	1300177	1776	1000	1385105	1776	1011	1400427	1776	1083	1501040	1776	1155	1601084	1776	1225	1700711	1737	1297	1800318	1737	1369	1900181	1737	1441	2000123	1701	1500	2082175	1701	1513	2100263	1701	1585	2200150	1701	1658	2301228	1701	1730	2401055	1701	1802	2500676	1701	
75	100156	2495	146	200271	2213	217	300465	1878	288	401209	1878	359	501250	1797	430	601356	1797	500	700143	1797	500	700241	1797	569	800964	1768	640	901215	1768	710	1000311	1768	781	1100500	1768	852	1200787	1768	923	1301131	1768	993	1400189	1743	1000	1410431	1743	1064	1500840	1743	1135	1600984	1743	1206	1700698	1721	1277	1800419	1721	1348	1900684	1691	1419	2001102	1691	1489	2100354	1691	1500	2115975	1691	1560	2200761	1691	1631	2301249	1691	1702	2401412	1621	1772	2500471	1621	
75	100532	2644	147	200750	2297	219	301307	2237	290	401062	2237	361	500160	2237	433	600598	2237	500	694302	2214	505	701379	2214	576	800340	2214	647	900174	2214	719	1000627	2214	791	1101363	2214	862	1201209	2214	934	1301275	2145	1000	1394496	2002	1004	1400150	1969	1076	1500881	1937	1147	1600295	1665	1219	1701425	1601	1290	1800999	1601	1361	1900624	1601	1432	2001008	1592	1500	2096579	1523	1503	2100904	1523	1574	2200764	1523	1646	2301194	1523	1717	2400304	1523	1789	2500703	1523	
75	100434	3111	146	200553	3002	216	300466	3002	288	400912	2758	359	500446	2688	430	600600	2662	500	698975	2662	501	700476	2662	572	800299	2662	643	900125	2621	715	1001189	2602	786	1101201	2557	857	1200582	2557	928	1300301	2510	999	1400260	2401	1000	1401758	2401	1070	1500245	2381	1142	1600821	2345	1213	1700393	2345	1285	1801410	2345	1356	1900790	2319	1425	2000764	2319	1496	2100623	2319	1500	2106311	2319	1567	2200521	2319	1638	2300177	2319	1710	2400788	2319	1781	2500319	2319	
76	100111	2871	150	201227	2040	221	300441	1974	293	400670	1838	365	500721	1795	437	600917	1718	500	688409	1718	509	701006	1718	581	801342	1718	652	900322	1718	721	1001669	1718	791	1100519	1696	863	1200433	1675	935	1300312	1632	1000	1390686	1632	1007	1400633	1632	1079	1500624	1604	1151	1600535	1604	1223	1700431	1604	1295	1800555	1604	1367	1900982	1582	1439	2001321	1582	1500	2086250	1582	1510	2100365	1582	1582	2200670	1582	1654	2300827	1563	1726	2401142	1563	1798	2501159	1533	
76	100377	2044	147	200170	1816	219	300304	1603	291	400685	1565	363	500578	1494	435	600895	1463	500	692004	1463	506	700405	1463	578	800526	1439	650	900901	1439	721	1000098	1439	793	1100975	1439	865	1201317	1439	936	1300697	1425	1000	1390318	1386	1007	1400106	1386	1080	1501353	1386	1152	1601068	1386	1224	1701156	1386	1296	1800699	1386	1368	1901469	1386	1439	2000564	1386	1500	2085430	1386	1511	2100854	1386	1583	2201227	1386	1655	2301220	1386	1727	2401366	1386	1799	2501163	1344	
76	100632	2369	147	201054	2066	217	300379	2066	288	401050	2066	358	500361	2066	429	600692	2009	500	701419	2009	500	701513	2009	570	800579	1982	641	900550	1959	712	1000880	1959	782	1100114	1959	853	1200303	1922	924	1301167	1922	994	1400752	1907	1000	1409340	1907	1064	1500295	1852	1135	1600938	1807	1206	1701257	1632	1276	1800784	1632	1346	1900608	1632	1416	2000307	1619	1487	2100723	1570	1500	2119202	1570	1556	2200201	1493	1626	2300475	1493	1696	2400136	1493	1767	2500827	1482	
75	100551	2832	150	201260	1101	222	301429	1012	293	400333	1012	365	500735	1012	437	600926	967	500	688885	941	508	700214	941	580	800901	941	651	900257	941	723	1001367	941	794	1100620	941	865	1200171	941	935	1300450	941	1000	1392052	941	1006	1400528	941	1078	1501205	941	1149	1600257	941	1221	1700663	941	1293	1800978	941	1364	1900406	941	1436	2001131	941	1500	2090729	941	1507	2100655	941	1579	2201208	941	1650	2300372	922	1722	2400909	922	1793	2500287	870	
78	100272	1943	153	200780	1029	226	300642	905	298	401254	905	370	500283	888	444	601428	865	500	678209	865	517	701391	865	589	800376	836	662	900823	836	735	1001133	836	808	1101162	836	880	1200312	836	953	1300685	836	1000	1365337	836	1026	1401097	836	1099	1501162	836	1172	1601013	836	1245	1701006	836	1318	1801188	836	1391	1901249	836	1464	2001173	836	1500	2050234	836	1537	2100919	836	1610	2200922	836	1683	2300855	836	1756	2401032	836	1829	2500843	836	
73	100677	3973	148	201310	1413	219	300233	1052	291	400795	994	363	501122	884	434	600823	884	500	693468	884	505	700508	884	577	801401	884	648	900782	884	719	1000286	884	791	1101033	884	862	1200774	884	933	1300876	884	1000	1394278	884	1005	1401328	884	1076	1500541	884	1148	1601370	884	1219	1700535	884	1291	1801086	884	1362	1900766	859	1433	2000940	859	1500	2095435	859	1504	2101191	859	1574	2200150	859	1645	2300634	859	1716	2400751	859	1785	2500890	859	
75	100243	3440	151	201282	1447	224	300987	1252	297	400896	1252	370	500116	1252	444	601368	1238	500	677965	1206	517	701184	1185	590	800769	1185	663	900372	1185	736	1000208	1185	810	1100903	1185	883	1200739	1185	956	1300618	1148	1000	1360818	1148	1029	1400457	1148	1103	1501392	1148	1174	1601070	1140	1247	1700302	1140	1321	1800581	1108	1394	1900213	1108	1467	2000118	1108	1500	2044928	1108	1541	2101194	1108	1614	2200610	1108	1688	2301297	1108	1761	2400827	1108	1834	2501033	1108	
80	100829	1544	155	201190	1163	229	300990	1143	303	400212	1021	378	501140	1021	452	600916	1021	500	667482	1021	524	700496	1021	598	801024	1021	672	900827	1021	746	1000620	1021	820	1100368	1021	894	1200521	1021	968	1300728	1021	1000	1344174	1021	1041	1400238	1021	1115	1500263	1021	1189	1600723	1021	1263	1700598	1021	1337	1800525	1021	1412	1901355	1021	1485	2000144	1021	1500	2020494	1021	1559	2100283	1021	1633	2200516	1021	1707	2300786	1021	1781	2400648	1021	1855	2501354	1021	
76	100830	2549	150	201347	1249	221	300246	1010	293	400733	959	365	500621	959	437	600588	959	500	688232	959	509	700818	959	581	800638	959	653	900649	959	725	1000611	959	797	1100729	937	869	1201275	937	941	1301474	937	1000	1382904	937	1013	1401019	937	1085	1500656	937	1157	1600875	937	1229	1701391	937	1301	1801416	937	1372	1900425	937	1444	2000463	937	1500	2078183	937	1516	2100669	937	1588	2201031	937	1660	2301446	937	1731	2400453	937	1803	2500716	861	
78	100175	2958	157	201381	1344	232	300734	1244	307	400501	1244	383	501320	1142	458	600669	1058	500	656496	1058	533	700488	1058	608	800217	1058	683	900088	1058	758	1000468	993	833	1100932	993	908	1201135	969	983	1301036	969	1000	1323623	969	1058	1400949	969	1133	1500433	969	1209	1601372	969	1284	1701006	969	1359	1800991	969	1432	1900333	969	1500	1990769	969	1507	2000348	969	1582	2100245	969	1657	2200230	951	1732	2300500	951	1807	2400847	951	1882	2501143	951	
75	100625	2621	148	200124	1318	220	300795	1253	291	400816	1232	362	500545	1232	433	600802	1219	500	694422	1195	505	701448	1195	576	801263	1195	647	901032	1123	716	1000435	1074	787	1101109	1040	857	1200192	1040	928	1300224	1040	1000	1401256	1040	1000	1401355	1040	1070	1500403	1040	1141	1600773	1040	1212	1700490	1040	1283	1800654	1008	1354	1900712	1008	1425	2000933	985	1496	2100994	985	1500	2106728	985	1567	2201051	985	1638	2300931	985	1709	2400677	985	1780	2500133	985	
72	101165	2306	145	200709	1149	217	300994	1019	288	400449	957	360	501153	957	431	600481	916	500	697163	916	503	701444	916	575	801328	916	646	900111	916	718	1000374	895	790	1101178	895	861	1200718	895	933	1301334	853	1000	1394898	853	1004	1400560	853	1076	1501341	853	1147	1600606	853	1218	1700284	853	1290	1801262	853	1361	1900414	853	1433	2001211	831	1500	2094667	831	1504	2100309	831	1576	2201069	800	1647	2300582	800	1718	2400159	800	1789	2500280	800	
79	101009	2142	154	200415	1373	229	301205	1285	302	400239	1285	377	501355	1285	451	601186	1285	500	667536	1252	525	701015	1252	599	800907	1252	674	901379	1252	748	1000758	1227	822	1100600	1227	896	1201075	1144	970	1301282	1001	1000	1341985	964	1043	1400109	916	1117	1500616	868	1191	1600950	868	1264	1700280	868	1338	1800548	868	1412	1901009	868	1485	2000184	868	1500	2020557	868	1559	2100611	868	1628	2201071	868	1701	2300526	868	1775	2401042	868	1849	2501299	868	
16	104670	25314	31	203045	25314	46	300931	25314	62	405422	25314	77	503309	25314	92	601139	25314	108	705701	25314	123	803949	25314	138	902174	25314	154	1007031	25314	169	1105160	25314	184	1203573	25050	198	1302149	25050	213	1400688	25050	229	1505231	24182	244	1603970	24182	259	1703166	23909	274	1801225	22880	290	1906231	22657	305	2005209	22657	320	2103880	22121	335	2201523	21925	351	2305862	21706	366	2403704	21706	381	2501714	21496	
16	104829	24999	31	202851	24719	45	301391	24719	61	406179	24719	76	504156	24719	91	602765	24719	106	701294	24719	122	806274	24719	137	904947	24719	152	1003333	24719	167	1101668	24719	183	1206423	24719	198	1304005	24489	213	1401282	24244	229	1505298	23569	244	1602314	22998	260	1706478	22794	275	1805084	22794	290	1903314	22794	305	2001210	22794	321	2105443	21889	336	2203737	21660	351	2301442	21020	367	2405380	21020	382	2503360	21020	
16	104403	24614	31	202269	24614	46	301215	24614	62	405846	24614	77	503790	24614	92	601747	24614	108	706012	24614	123	804817	24614	138	903131	24614	153	1000803	23852	169	1104751	23353	184	1203235	23353	199	1301476	23353	215	1406140	23130	230	1504846	23130	245	1603257	23130	260	1701902	23130	276	1806661	23130	291	1905326	23130	306	2003769	23130	321	2102305	23130	336	2200579	23130	351	2300532	23130	367	2405589	23130	382	2504138	23130	
16	103690	25212	31	200873	25212	47	304113	25212	62	401206	25212	78	505170	25212	93	601989	25212	109	705554	25212	124	803431	25212	139	901008	25212	155	1004595	25212	170	1101710	25212	186	1205168	25212	201	1304533	25212	216	1402069	25212	232	1505846	25212	247	1603005	25212	263	1706515	25212	278	1803788	25212	293	1901136	25212	309	2004600	25212	324	2101556	25212	340	2204871	25212	355	2301840	25212	371	2405225	25212	386	2502379	25212	
16	104851	25147	31	202439	25147	46	302769	24885	61	400716	24885	77	504662	24670	92	602523	24432	108	706658	23405	123	804459	23215	138	902128	22477	154	1006519	21560	169	1104413	20920	184	1202288	20667	200	1306974	20414	215	1405444	20414	230	1503762	20210	245	1602353	19995	260	1700846	19741	276	1805716	19066	291	1904334	19066	306	2003518	19066	321	2102409	19066	336	2200493	19066	352	2305489	19066	367	2403952	19066	382	2502514	19066	
16	104652	24534	31	201821	23805	47	304585	22815	62	401683	22059	78	505048	21051	93	601746	20648	109	705506	20648	124	803093	20648	140	906458	20648	155	1003279	20442	170	1100916	20442	186	1204816	20442	201	1302025	20003	217	1406500	20003	232	1504132	19801	247	1602253	19801	263	1706551	19801	278	1803948	19801	293	1901444	19553	309	2005258	19553	324	2103116	19553	339	2200553	19303	355	2306077	19303	370	2404283	19303	385	2502477	19303	
16	104223	25643	31	201596	25643	47	305334	25643	62	402823	25380	78	506460	25380	93	603955	24830	109	706554	23994	124	803858	22944	140	906605	22058	155	1005006	21807	170	1103533	21807	185	1201825	21576	200	1301295	21199	215	1401086	20971	231	1505420	20772	246	1603319	20772	261	1701143	20772	277	1805477	20772	292	1903167	20772	307	2001359	20772	323	2106092	20772	338	2203875	20772	353	2301717	20772	369	2405843	20772	384	2503824	20772	
16	103625	25425	31	200615	25425	47	303853	25425	62	403912	25165	77	501041	25165	93	604474	25165	108	701354	25165	124	804678	25165	139	901788	24892	155	1004864	24892	170	1101948	24892	186	1205472	24892	201	1302375	24892	217	1405852	24892	232	1502991	24892	248	1606383	24892	263	1703336	24892	278	1801098	24892	294	1904167	24892	309	2000847	24892	325	2103711	24666	341	2206597	24408	356	2304005	24195	371	2401668	24142	387	2505364	24142	
16	105033	25531	31	203245	25293	46	301523	24533	62	406665	24278	77	504825	23649	92	603360	23649	107	701360	23424	123	806353	23424	138	904792	23424	153	1002360	23157	169	1106880	22930	184	1205154	22930	199	1302930	22930	214	1401222	22930	230	1505929	22930	245	1603834	22930	260	1701842	22930	276	1806494	22930	291	1904494	22930	306	2002192	22930	321	2100634	22930	337	2205143	22694	352	2303053	22453	367	2404145	22453	382	2502368	22453	
16	104551	26332	31	203069	26332	46	301791	26080	62	405963	26080	77	503867	26080	92	601435	25822	108	705543	25521	123	803174	25521	138	901083	25521	154	1005406	25521	169	1103105	25032	184	1201184	25032	200	1305439	25032	215	1405260	25032	230	1504260	25032	245	1602121	25032	261	1706569	25032	276	1804875	25032	291	1902344	24760	307	2006822	24760	322	2104820	24760	337	2202929	24469	352	2301284	24469	368	2405829	24469	383	2503962	24469	
16	103386	25565	32	206644	25565	47	303158	25565	63	405640	25565	78	505025	25565	93	602136	25565	109	704618	25565	124	801411	25565	140	904192	25565	156	1006618	25565	171	1102990	25565	187	1205629	25565	202	1301672	25565	218	1404260	25565	233	1500974	25565	249	1603546	25565	265	1706172	25565	280	1802309	25565	296	1904680	25565	311	2001037	25565	327	2103747	25565	343	2206333	25565	358	2302403	25565	374	2405165	25565	389	2501139	25565	
16	101008	25100	32	200923	25100	48	300723	25100	64	400790	25100	80	500565	25100	96	600526	25100	112	700469	25100	128	800454	25100	144	901013	25100	160	1000811	25100	176	1100939	25100	192	1200839	25100	208	1300787	25100	224	1400812	25100	240	1500732	25100	256	1601089	25100	272	1701528	25100	288	1802430	25100	304	1902794	25100	320	2003159	25100	336	2103404	25100	352	2203653	25100	368	2303850	25100	384	2403956	25100	400	2506407	25100	
16	103328	25298	32	206462	25298	47	303195	25298	63	406370	25298	78	503246	25298	94	606480	25298	109	703435	25298	125	806574	25298	140	903231	25298	156	1006480	25298	171	1103231	25298	187	1206376	25298	202	1303287	25298	218	1406151	25298	233	1504386	25298	248	1602720	25298	264	1705755	25298	279	1802442	25298	295	1905569	25298	310	2002706	25298	326	2106513	25298	341	2203119	25298	357	2306297	25298	372	2403069	25298	388	2506264	25298	
16	102313	25129	32	204459	25129	48	306385	25129	63	401825	25129	79	503917	25129	94	602619	25129	110	704872	25129	125	800515	25129	141	902962	25129	157	1005164	25129	172	1101023	25129	188	1203259	25129	204	1305551	25129	219	1401271	25129	235	1503318	25129	251	1605595	25129	266	1701159	25129	281	1800694	25129	297	1902928	25129	313	2005037	25129	328	2100856	25129	344	2202807	25129	360	2304715	25129	376	2406601	25129	391	2502657	25129	
16	101504	25094	32	203058	25094	48	304301	25094	64	405648	25094	79	500604	25094	95	602459	25094	111	703927	25094	127	805516	25094	142	901008	25094	158	1002560	25094	174	1104063	25094	190	1205180	25094	205	1300793	25094	221	1402522	25094	237	1503752	25094	253	1605087	25094	268	1700626	25094	284	1802226	25094	300	1903792	25094	316	2005194	25094	332	2106504	25094	347	2201804	25094	363	2303142	25094	379	2404553	25094	395	2505737	25094	
16	101556	25616	32	202907	25616	48	304176	25616	64	405350	25616	80	506583	25616	95	601627	25616	111	703292	25616	127	804902	25616	143	906190	25616	158	1001354	25616	174	1102871	25616	190	1204484	25616	206	1305888	25616	221	1400959	25616	237	1502129	25616	253	1604967	25616	268	1701127	25616	284	1802664	25616	300	1903961	25616	316	2005102	25616	332	2106640	25616	347	2201320	25616	363	2302612	25616	379	2403832	25616	395	2505118	25616	
16	102909	25347	32	205616	25347	47	302585	25347	63	405551	25347	78	502034	25347	94	606016	25347	109	703557	25347	125	806848	25347	140	903377	25347	155	1000687	25347	171	1104016	25347	186	1200512	25347	202	1304037	25347	217	1400616	25347	233	1503926	25347	248	1600818	25347	264	1704054	25347	279	1800657	25347	295	1903714	25347	311	2006482	25347	326	2103039	25347	342	2206068	25347	357	2302759	25347	373	2405687	25347	388	2502606	25347	
16	102624	25118	32	204952	25118	47	300672	25118	63	402959	25118	79	505215	25118	94	601661	25118	110	703391	25118	126	805665	25118	141	901916	25118	157	1004372	25118	173	1106646	25118	188	1202238	25118	204	1304238	25118	220	1406217	25118	235	1502131	25118	251	1604190	25118	267	1706135	25118	282	1802051	25118	298	1904250	25118	314	2006639	25118	329	2102615	25118	345	2204699	25118	361	2306835	25118	376	2402666	25118	392	2504983	25118	
16	100796	25350	32	201188	25350	48	302053	25350	64	402712	25350	80	503226	25350	96	603989	25350	112	704568	25350	128	805251	25350	144	905876	25350	159	1000635	25350	175	1101127	25350	191	1201693	25350	207	1302051	25350	223	1403091	25350	239	1504041	25350	255	1604519	25350	270	1700753	25350	286	1802770	25350	302	1903329	25350	318	2003997	25350	334	2104650	25350	350	2205333	25350	366	2305851	25350	382	2406611	25350	397	2500801	25350	
16	101514	25265	32	203161	25265	48	304998	25265	64	406260	25265	79	501403	25265	95	602830	25265	111	706076	25265	126	802567	25265	142	903957	25265	158	1005508	25265	173	1100888	25265	189	1202345	25265	205	1304654	25265	221	1406322	25265	236	1501603	25265	252	1602767	25265	268	1704364	25265	284	1805513	25265	299	1900696	25265	315	2001923	25265	331	2103782	25265	347	2205191	25265	363	2306805	25265	378	2401679	25265	394	2502894	25265	
243	100203	74	486	200295	74	500	206113	74	729	300291	74	971	400127	74	1000	412061	74	1214	500263	66	1456	600176	66	1500	618693	66	1697	700202	66	1939	800288	66	2000	825437	66	2181	900214	66	2423	1000083	66	2500	1032015	66	2665	1100419	65	2905	1200190	65	3000	1239527	65	3147	1300398	65	3388	1400175	65	3500	1446316	61	3630	1500035	61	3873	1600410	61	4000	1652828	61	4115	1700404	60	4355	1800039	60	4500	1860375	60	4596	1900031	60	4838	2000387	60	5000	2067409	60	5080	2100361	60	5322	2200225	60	5500	2273705	58	5564	2300116	58	5807	2400352	58	6000	2480009	58	6049	2500279	58	
235	100029	59	471	200416	59	500	212740	59	705	300021	59	941	400186	59	1000	425263	59	1176	500020	59	1412	600082	59	1500	637270	59	1648	700062	59	1883	800130	50	2000	849867	50	2118	900078	50	2354	1000143	50	2500	1061946	50	2590	1100191	50	2825	1200267	50	3000	1274449	50	3061	1300299	50	3296	1400127	50	3500	1486569	50	3532	1500195	50	3768	1600290	50	4000	1698781	50	4003	1700086	50	4239	1800172	50	4470	1900028	50	4500	1912976	50	4706	2000372	50	4942	2100337	50	5000	2124990	50	5176	2200068	50	5411	2300428	50	5500	2338260	50	5646	2400327	50	5882	2500357	50	
241	100175	55	483	200302	55	500	207292	55	726	300084	56	969	400288	53	1000	413130	53	1211	500247	53	1454	600394	53	1500	619233	53	1697	700107	53	1940	800246	53	2000	825271	53	2182	900026	53	2421	1000191	53	2500	1033238	53	2662	1100384	53	2904	1200121	53	3000	1239682	53	3147	1300089	53	3391	1400303	53	3500	1445005	53	3634	1500243	53	3877	1600256	53	4000	1650835	50	4120	1700317	50	4362	1800190	50	4500	1857107	50	4605	1900388	50	4847	2000157	50	5000	2062952	50	5091	2100411	50	5334	2200401	50	5500	2268792	50	5576	2300221	50	5818	2400110	50	6000	2475389	50	6060	2500109	50	
244	100270	64	483	200325	64	500	207323	64	727	300279	64	971	400050	64	1000	411933	64	1216	500126	64	1461	600349	64	1500	616244	64	1705	700071	64	1950	800242	64	2000	820815	64	2194	900393	64	2438	1000233	64	2500	1025601	64	2683	1100378	64	2927	1200396	64	3000	1230214	64	3171	1300158	64	3415	1400157	64	3500	1434843	64	3660	1500352	64	3904	1600104	64	4000	1639458	64	4148	1700103	64	4392	1800156	64	4500	1844383	64	4637	1900407	64	4881	2000261	64	5000	2048796	64	5126	2100309	64	5370	2200162	64	5500	2253318	64	5615	2300290	64	5859	2400078	63	6000	2457406	63	6104	2500069	63	
229	100369	68	457	200400	68	500	219361	68	684	300037	68	912	400047	64	1000	438473	64	1141	500308	60	1369	600349	60	1500	657435	60	1598	700335	60	1826	800154	60	2000	876304	60	2054	900108	60	2283	1000447	60	2500	1095418	60	2511	1100246	60	2739	1200152	60	2968	1300173	60	3000	1314150	60	3197	1400172	60	3426	1500314	60	3500	1532616	60	3654	1600140	60	3883	1700100	60	4000	1751243	60	4112	1800136	60	4340	1900321	60	4500	1970798	60	4567	2000360	60	4795	2100160	60	5000	2189637	60	5024	2200103	60	5247	2300287	60	5476	2400402	60	5500	2410909	60	5704	2500237	60	
260	100206	62	500	192809	62	519	200162	62	778	300183	62	1000	385798	59	1037	400022	59	1297	500017	59	1500	578418	59	1556	600203	59	1816	700135	59	2000	771166	59	2075	800086	59	2335	900221	57	2500	964011	57	2593	1000106	57	2853	1100326	57	3000	1157032	57	3109	1200386	57	3367	1300385	57	3500	1354029	57	3618	1400118	57	3876	1500198	57	4000	1548603	57	4133	1600251	57	4392	1700083	57	4500	1741751	57	4651	1800105	57	4910	1900098	57	5000	1934840	57	5169	2000182	57	5429	2100380	52	5500	2127795	52	5687	2200259	52	5945	2300345	52	6000	2321900	52	6201	2400065	52	6457	2500180	52	
229	100142	65	458	200257	65	500	218810	65	685	300200	60	913	400381	60	1000	438965	60	1134	500036	60	1363	600433	60	1500	660198	60	1592	700338	58	1820	800436	58	2000	879673	58	2047	900228	58	2275	1000221	58	2500	1099088	58	2503	1100440	58	2729	1200123	58	2957	1300053	58	3000	1318908	58	3186	1400329	58	3413	1500064	58	3500	1538317	58	3640	1600067	58	3868	1700066	58	4000	1757903	58	4096	1800092	58	4324	1900208	58	4500	1977549	58	4552	2000407	58	4778	2100332	58	5000	2197693	58	5006	2200343	58	5233	2300156	58	5462	2400258	58	5500	2416953	58	5690	2500452	58	
249	100049	53	498	200050	53	500	200868	53	747	300073	53	994	400211	53	1000	402657	53	1240	500190	53	1488	600041	50	1500	604879	50	1738	700225	50	1987	800183	50	2000	805432	50	2235	900082	50	2484	1000024	50	2500	1006417	50	2734	1100271	50	2983	1200383	50	3000	1207221	50	3232	1300337	50	3481	1400173	50	3500	1407778	50	3730	1500039	50	3979	1600377	50	4000	1608831	50	4227	1700042	50	4477	1800409	51	4500	1809648	51	4724	1900099	51	4970	2000056	51	5000	2012230	51	5218	2100062	51	5466	2200310	51	5500	2214012	51	5714	2300373	51	5960	2400305	51	6000	2416529	51	6207	2500099	51	
237	100403	72	472	200090	72	500	211932	72	708	300310	72	944	400389	72	1000	423990	72	1180	500412	64	1414	600336	60	1500	637349	60	1647	700161	60	1883	800435	60	2000	850298	60	2117	900244	60	2350	1000147	60	2500	1064462	60	2583	1100257	60	2817	1200425	60	3000	1278306	60	3052	1300407	60	3287	1400252	60	3500	1490876	60	3522	1500207	60	3757	1600339	60	3987	1700293	60	4000	1705865	60	4221	1800290	60	4456	1900064	60	4500	1918737	60	4692	2000173	60	4928	2100306	60	5000	2130880	60	5163	2200063	60	5398	2300206	60	5500	2343389	60	5634	2400396	60	5869	2500059	60	
237	100275	53	472	200119	47	500	212103	47	707	300124	47	943	400153	47	1000	424268	47	1178	500102	47	1414	600290	47	1500	636600	47	1650	700216	47	1882	800214	47	2000	850784	47	2117	900378	47	2353	1000344	47	2500	1062749	47	2588	1100191	47	2824	1200438	47	3000	1274990	47	3059	1300027	47	3296	1400062	47	3500	1486307	47	3533	1500287	47	3769	1600326	47	4000	1697911	47	4005	1700038	47	4242	1800320	47	4475	1900278	47	4500	1910888	47	4711	2000256	47	4946	2100057	47	5000	2123047	47	5182	2200286	47	5418	2300345	47	5500	2335068	47	5654	2400421	47	5889	2500141	47	
281	100311	54	500	178164	54	562	200197	54	844	300277	54	1000	355741	50	1125	400135	50	1407	500283	50	1500	533267	50	1689	600219	50	1971	700347	50	2000	710648	50	2252	800236	50	2500	888702	50	2532	900089	50	2813	1000123	50	3000	1066583	50	3094	1100084	50	3375	1200157	50	3500	1244535	50	3657	1300329	50	3937	1400149	50	4000	1422586	48	4219	1500317	48	4500	1600334	48	4500	1600353	48	4778	1700247	48	5000	1779570	48	5057	1800194	48	5338	1900348	48	5500	1958475	48	5616	2000117	48	5896	2100185	48	6000	2137431	48	6176	2200260	48	6456	2300293	48	6500	2316210	48	6733	2400028	48	7000	2496479	48	7010	2500082	48	
250	100137	60	500	200297	51	500	200319	51	750	300374	51	999	400024	51	1000	400435	51	1246	500205	49	1494	600037	49	1500	602483	49	1744	700347	49	1993	800283	49	2000	803118	49	2242	900344	49	2492	1000386	49	2500	1003636	49	2741	1100194	49	2980	1200126	49	3000	1208110	49	3230	1300055	49	3481	1400207	49	3500	1407845	49	3731	1500314	49	3981	1600022	49	4000	1607607	49	4231	1700348	49	4480	1800095	49	4500	1808069	49	4731	1900371	49	4981	2000315	49	5000	2008236	49	5223	2100131	49	5473	2200236	49	5500	2211024	49	5722	2300349	49	5969	2400114	49	6000	2412650	49	6216	2500331	49	
259	100260	45	500	193238	45	518	200162	45	778	300305	45	1000	385918	45	1037	400253	45	1294	500095	45	1500	580311	45	1551	600200	45	1807	700074	45	2000	774536	45	2066	800069	45	2325	900171	45	2500	968260	45	2582	1000099	45	2840	1100178	45	3000	1164303	45	3093	1200136	45	3352	1300195	45	3500	1357380	45	3611	1400097	45	3871	1500233	45	4000	1549900	45	4131	1600392	43	4390	1700167	43	4500	1743010	41	4648	1800175	41	4909	1900344	41	5000	1935367	41	5168	2000374	41	5426	2100268	41	5500	2128965	41	5683	2200039	41	5942	2300263	41	6000	2322848	41	6199	2400084	41	6458	2500383	41	
272	100171	54	500	184515	54	543	200348	54	808	300291	49	1000	371111	49	1079	400259	49	1350	500049	49	1500	555087	49	1623	600275	49	1895	700309	49	2000	739129	49	2165	800033	49	2438	900328	49	2500	923090	49	2709	1000255	49	2981	1100381	49	3000	1107447	49	3252	1200260	49	3500	1291447	49	3524	1300287	49	3795	1400179	49	4000	1475506	49	4067	1500177	49	4339	1600179	49	4500	1659454	49	4611	1700259	49	4883	1800230	49	5000	1843257	49	5155	1900286	49	5425	2000112	49	5500	2027642	49	5697	2100040	49	5968	2200022	49	6000	2211780	49	6238	2300337	49	6500	2396942	49	6509	2400248	49	6781	2500358	49	
245	100343	61	487	200160	52	500	205563	52	729	300284	52	970	400120	52	1000	412544	52	1211	500155	52	1452	600065	52	1500	619819	52	1693	700228	52	1934	800243	52	2000	827559	52	2176	900317	52	2418	1000232	52	2500	1034138	52	2660	1100391	52	2901	1200110	52	3000	1240936	52	3144	1300323	52	3386	1400238	52	3500	1447550	52	3627	1500022	52	3867	1600255	52	4000	1655231	52	4109	1700371	52	4351	1800239	52	4500	1861637	52	4593	1900182	52	4834	2000055	52	5000	2068486	52	5077	2100377	52	5318	2200367	52	5500	2275382	52	5560	2300103	52	5796	2400367	52	6000	2485719	52	6035	2500163	52	
268	100299	50	500	186811	50	536	200299	50	805	300168	45	1000	372619	45	1074	400164	45	1345	500266	45	1500	557725	45	1614	600086	45	1883	700092	45	2000	744195	45	2151	800194	45	2421	900225	45	2500	929422	45	2691	1000329	45	2960	1100154	45	3000	1115078	45	3229	1200328	45	3498	1300234	45	3500	1300987	45	3767	1400362	45	4000	1489197	45	4029	1500263	45	4297	1600167	45	4500	1675588	45	4566	1700163	45	4836	1800329	45	5000	1861050	45	5105	1900056	45	5375	2000212	45	5500	2046574	45	5644	2100154	45	5913	2200345	45	6000	2232636	45	6181	2300175	45	6451	2400280	45	6500	2418458	45	6720	2500260	45	
261	100298	57	500	191822	57	522	200249	57	782	300055	57	1000	383324	57	1044	400307	57	1303	500204	52	1500	577369	52	1559	600276	52	1819	700377	47	2000	769873	47	2079	800127	47	2340	900186	47	2500	961471	47	2601	1000371	47	2861	1100055	47	3000	1153111	47	3123	1200169	47	3384	1300324	47	3500	1344919	47	3644	1400276	47	3905	1500169	47	4000	1536600	47	4166	1600122	47	4428	1700080	47	4500	1727683	47	4689	1800122	47	4951	1900187	47	5000	1918978	47	5212	2000180	47	5473	2100023	47	5500	2110346	47	5734	2200118	47	5995	2300329	47	6000	2302255	47	6256	2400074	47	6500	2493474	47	6518	2500383	47	
248	100058	56	498	200370	56	500	201180	56	745	300131	56	994	400416	56	1000	402847	56	1241	500104	54	1491	600274	54	1500	603887	54	1741	700351	54	1990	800092	54	2000	804118	54	2240	900244	54	2490	1000219	54	2500	1004259	54	2735	1100043	54	2977	1200109	54	3000	1209302	54	3227	1300164	54	3477	1400247	54	3500	1409499	54	3726	1500148	54	3976	1600176	54	4000	1609749	54	4225	1700370	54	4474	1800098	54	4500	1810531	54	4724	1900272	52	4973	2000311	52	5000	2011135	52	5223	2100412	52	5472	2200298	52	5500	2211564	52	5721	2300335	52	5970	2400054	52	6000	2412058	52	6220	2500264	52	
269	100264	52	500	186125	52	538	200225	52	807	300164	52	1000	371693	52	1077	400170	52	1347	500196	52	1500	557212	52	1616	600337	52	1886	700380	52	2000	742713	52	2155	800145	52	2425	900217	52	2500	927937	52	2694	1000173	52	2964	1100361	52	3000	1113801	52	3233	1200357	52	3500	1299521	52	3502	1300288	52	3770	1400164	52	4000	1485692	52	4039	1500247	52	4308	1600060	52	4500	1671250	52	4578	1700132	52	4843	1800169	52	5000	1859527	52	5110	1900267	52	5379	2000260	52	5500	2045122	52	5648	2100159	52	5918	2200258	52	6000	2230749	46	6187	2300227	46	6456	2400207	46	6500	2416552	46	6726	2500352	46	
242	100198	60	483	200117	60	500	207174	60	724	300100	60	965	400254	60	1000	414825	60	1205	500218	60	1447	600315	60	1500	622208	60	1688	700024	60	1930	800416	60	2000	830039	60	2166	900424	60	2404	1000026	60	2500	1039763	60	2646	1100318	60	2886	1200030	58	3000	1247543	58	3126	1300062	58	3366	1400025	56	3500	1455806	56	3606	1500041	56	3847	1600329	56	4000	1664026	56	4087	1700177	56	4328	1800252	56	4500	1871562	56	4569	1900226	56	4810	2000062	56	5000	2079067	56	5051	2100332	56	5292	2200392	56	5500	2286922	56	5532	2300189	56	5773	2400143	56	6000	2494584	56	6014	2500400	56	
88	100295	337	177	200413	337	266	300406	337	355	400556	337	444	500707	337	500	563525	337	533	600517	337	622	700634	337	711	800566	337	800	900644	337	889	1000784	337	978	1100781	337	1000	1125503	337	1067	1200701	337	1156	1300805	337	1245	1400338	337	1334	1500203	337	1424	1601107	337	1500	1686789	337	1512	1700402	337	1601	1800177	337	1691	1900823	337	1780	2000597	337	1869	2100389	337	1958	2200333	337	2000	2248276	337	2046	2300149	337	2136	2401017	337	2224	2500140	337	
78	101156	351	155	200763	351	232	300288	351	310	400863	351	387	500498	351	464	600439	351	500	647089	351	541	700173	351	618	800134	351	696	900862	351	773	1000661	351	850	1100138	351	928	1201023	351	1000	1293815	351	1005	1300349	351	1082	1400131	351	1160	1500990	351	1237	1600328	351	1315	1701094	351	1392	1800419	351	1470	1901293	351	1500	1940168	351	1547	2001183	351	1623	2100899	351	1699	2201047	351	1776	2300769	351	1854	2401256	351	1931	2500936	351	
80	100643	339	160	201130	339	239	300575	339	318	400462	339	398	500605	339	478	601134	339	500	628924	339	557	700589	339	637	800650	339	717	900988	339	797	1001207	339	876	1100465	339	955	1200511	339	1000	1258383	339	1034	1301221	339	1114	1401262	339	1194	1501273	339	1273	1600169	339	1353	1700507	339	1433	1800717	339	1500	1884667	339	1513	1901065	339	1593	2001003	339	1673	2100995	339	1752	2200256	339	1832	2300265	339	1912	2400118	339	1992	2500224	339	
87	100865	325	173	200866	325	258	300764	325	343	400798	325	429	500653	325	500	583051	325	515	600452	325	601	700575	325	687	800327	325	773	900423	325	860	1001116	325	945	1101135	325	1000	1164869	325	1031	1200913	325	1117	1300877	325	1203	1400468	325	1289	1500437	325	1375	1600445	325	1461	1700489	325	1500	1745847	325	1548	1801203	325	1634	1900622	325	1720	2000902	325	1806	2100508	325	1892	2200500	325	1978	2300738	325	2000	2326367	325	2064	2400621	325	2150	2500269	325	
85	100721	355	169	200665	355	253	300408	355	337	400523	355	421	500419	355	500	594009	355	506	601237	355	590	701044	355	674	800766	355	758	900560	355	842	1000440	355	926	1100332	355	1000	1188152	355	1010	1200151	355	1095	1300932	355	1179	1400547	355	1264	1501062	355	1348	1600424	355	1433	1701237	355	1500	1780688	355	1517	1801133	355	1601	1900803	355	1685	2000556	355	1769	2100340	355	1853	2200186	355	1937	2300335	355	2000	2374961	355	2021	2400230	355	2104	2500831	355	
79	100121	339	158	200113	339	237	300123	339	317	401285	339	396	501194	339	475	601050	339	500	632840	339	553	700428	339	632	800969	339	711	900943	339	790	1001053	339	869	1100785	339	948	1200723	339	1000	1266764	339	1027	1301074	339	1106	1400890	339	1184	1500497	339	1262	1600648	339	1341	1700501	339	1420	1800361	339	1499	1900426	339	1500	1901767	339	1578	2000753	339	1657	2101037	339	1736	2201279	339	1815	2301226	339	1894	2401014	339	1973	2501207	339	
87	100923	385	173	200420	385	259	300122	385	345	400109	385	432	500351	385	500	578834	385	518	600818	385	603	700830	385	689	800078	385	776	900433	385	862	1000198	385	949	1101130	385	1000	1159984	385	1035	1200462	385	1122	1301176	385	1207	1400126	385	1294	1500753	385	1381	1600935	385	1467	1700355	385	1500	1738732	385	1553	1800073	385	1640	1901012	385	1726	2000340	385	1813	2100817	385	1899	2200360	385	1986	2300877	385	2000	2317123	385	2072	2400341	385	2159	2500680	385	
91	100239	345	182	200818	345	272	300301	345	363	400419	345	454	500668	345	500	551259	345	545	600998	345	635	700248	345	726	800942	345	816	900096	345	907	1000488	345	998	1100778	345	1000	1103041	345	1088	1200350	345	1179	1301155	345	1269	1400421	345	1360	1500790	345	1451	1600883	345	1500	1654962	345	1542	1701146	345	1632	1800543	345	1722	1900337	345	1813	2000557	345	1904	2100986	345	1994	2200092	345	2000	2206715	345	2085	2300527	345	2176	2401072	345	2266	2500256	345	
85	100101	369	171	200995	369	256	300932	369	341	400851	369	425	500229	369	500	588602	369	510	600432	369	595	700195	369	680	800305	369	765	900619	369	850	1000696	369	935	1100704	369	1000	1177372	369	1020	1200955	369	1105	1300986	369	1190	1400896	369	1275	1501037	369	1360	1600830	369	1445	1700884	369	1500	1765482	369	1530	1801284	369	1613	1901220	369	1697	2000353	369	1782	2100871	369	1867	2200711	369	1952	2300811	369	2000	2357399	369	2037	2400909	369	2122	2500829	369	
84	101017	358	167	200877	358	250	300171	358	334	401255	358	417	500223	358	500	599430	358	501	600702	358	585	701152	358	668	800391	358	752	901053	358	832	1000510	358	916	1100980	358	999	1200158	358	1000	1201408	358	1083	1300269	358	1167	1400610	358	1251	1500938	358	1334	1600265	358	1418	1700857	358	1500	1798680	358	1502	1801105	358	1585	1900428	358	1669	2001027	358	1752	2100243	358	1836	2200786	358	1919	2300487	358	2000	2397614	358	2002	2400091	358	2086	2500237	358	
85	100658	376	171	200435	376	257	300414	376	343	400144	376	430	501215	376	500	582556	376	516	601129	376	602	701004	376	688	800879	376	774	900624	376	860	1000450	376	946	1100437	376	1000	1163078	376	1032	1200324	376	1118	1300191	376	1205	1401040	376	1290	1500210	376	1377	1601175	376	1463	1700804	376	1500	1743905	376	1549	1800933	376	1635	1901105	376	1721	2000669	376	1807	2100597	376	1893	2200591	376	1979	2300725	376	2000	2325100	376	2065	2400661	376	2151	2500153	376	
82	100168	333	165	201071	333	247	301086	333	329	400997	333	411	500765	333	493	600599	333	500	609182	333	575	700702	333	657	800380	333	739	901290	333	821	1001016	333	903	1100666	333	985	1200429	333	1000	1218838	333	1067	1300530	333	1150	1401268	333	1231	1500207	333	1313	1600207	333	1396	1700890	333	1478	1800980	333	1500	1827994	333	1560	1901072	333	1642	2001056	333	1723	2100154	333	1804	2200750	333	1886	2300377	333	1969	2400892	333	2000	2438452	333	2051	2500287	333	
87	100997	357	173	200689	357	259	300676	357	345	400858	357	431	501098	357	500	581637	357	516	600337	357	602	700238	357	689	800838	357	775	900634	357	861	1000507	357	948	1101111	357	1000	1161270	357	1033	1201249	357	1113	1300163	357	1199	1400282	357	1285	1500183	357	1371	1600189	357	1458	1701064	357	1500	1749890	357	1544	1801053	357	1630	1900841	357	1716	2000479	357	1802	2100829	357	1888	2200588	357	1973	2300319	357	2000	2331840	357	2059	2400960	357	2145	2500767	357	
88	100838	337	175	200237	337	262	300354	337	348	400788	337	435	500090	337	500	574303	337	523	600612	337	611	701005	337	698	800119	337	786	900505	337	874	1001021	337	962	1101049	337	1000	1144328	337	1049	1200273	337	1137	1300603	337	1225	1400740	337	1313	1500826	337	1401	1601193	337	1488	1700376	337	1500	1714307	337	1576	1801064	337	1663	1900414	337	1751	2001095	337	1838	2100699	337	1926	2201207	337	2000	2285429	337	2013	2300241	337	2101	2400497	337	2189	2500524	337	
89	100094	349	178	200259	349	268	301192	349	357	400697	349	446	500622	349	500	561514	349	535	600827	349	624	700973	349	713	800819	349	802	901072	349	890	1000192	349	980	1100996	349	1000	1123532	349	1069	1200747	349	1158	1300723	349	1247	1400915	349	1336	1500613	349	1425	1601095	349	1500	1685362	349	1514	1701122	349	1603	1800717	349	1692	1900389	349	1781	2000844	349	1870	2100475	349	1959	2200242	349	2000	2246342	349	2048	2300284	349	2137	2400193	349	2225	2500885	349	
82	100089	355	165	200875	355	247	301139	355	329	400629	355	411	500128	355	494	600709	355	500	608104	355	576	700303	355	658	800715	355	739	900774	355	821	1000597	355	903	1100174	355	986	1200797	355	1000	1217889	355	1068	1300120	355	1151	1400489	355	1230	1500520	355	1310	1600560	355	1393	1701262	355	1475	1801243	355	1500	1831674	355	1556	1900092	355	1639	2000828	355	1721	2100315	355	1804	2200826	355	1886	2300546	355	1969	2401097	355	2000	2438743	355	2051	2500869	355	
87	100199	349	174	200683	349	261	300853	349	348	401164	349	434	500240	349	500	576338	349	520	600665	349	605	700228	349	692	800710	349	778	900386	349	865	1000857	349	951	1100079	349	1000	1156726	349	1038	1200657	349	1125	1300913	349	1212	1400839	349	1299	1500988	349	1386	1601128	349	1472	1700355	349	1500	1732504	349	1559	1800322	349	1646	1900651	349	1732	2000150	349	1819	2100426	349	1906	2201066	349	1992	2300354	349	2000	2309562	349	2079	2400754	349	2166	2500956	349	
87	100139	375	175	201124	375	261	300142	375	349	401106	375	436	500752	375	500	574001	375	523	600335	375	610	700143	375	697	800085	375	785	901120	375	872	1000984	375	959	1100749	375	1000	1147808	375	1046	1200678	375	1133	1300557	375	1220	1400362	375	1307	1500091	375	1395	1600459	375	1482	1700410	375	1500	1721154	375	1569	1800370	375	1657	1901139	375	1743	2000224	375	1830	2100293	375	1917	2200499	375	2000	2296341	375	2004	2300984	375	2090	2400477	375	2177	2500308	375	
89	100467	332	177	200556	332	266	300968	332	354	400382	332	443	500742	332	500	565032	332	531	600265	332	620	700724	332	709	801144	332	797	900692	332	885	1000179	332	974	1101102	332	1000	1130597	332	1062	1200791	332	1151	1301129	332	1239	1400226	332	1328	1500672	332	1416	1600269	332	1500	1694867	332	1505	1700539	332	1592	1800389	332	1680	1900620	332	1768	2000121	332	1857	2100635	332	1946	2200813	332	2000	2261642	332	2035	2301079	332	2123	2400140	332	2212	2500540	332	
93	100450	340	186	200995	340	278	300922	340	370	400922	340	462	500138	340	500	541142	340	555	600518	340	647	700068	340	740	800307	340	831	900287	340	923	1000214	340	1000	1083008	340	1016	1100256	340	1109	1200866	340	1201	1300362	340	1294	1400776	340	1387	1501099	340	1479	1600328	340	1500	1623030	340	1572	1700783	340	1664	1800524	340	1757	1900925	340	1849	2000192	340	1942	2100611	340	2000	2163338	340	2035	2201070	340	2127	2300680	340	2220	2401081	340	2312	2500591	340	
18	101399	1669	36	202221	1669	54	302757	1669	72	403157	1669	90	504255	1669	108	604768	1669	126	705319	1669	144	805873	1669	161	900826	1669	179	1001448	1669	197	1101909	1669	215	1202302	1669	233	1302697	1669	251	1403137	1669	269	1504032	1669	287	1604728	1669	305	1705281	1669	322	1800466	1669	340	1901233	1669	358	2001966	1669	376	2102697	1669	394	2203093	1669	412	2304552	1669	430	2405248	1669	448	2505770	1669	
19	105631	1769	37	204754	1769	55	303925	1769	73	403327	1769	91	502286	1769	109	601685	1769	127	701143	1769	146	805786	1769	164	904871	1769	182	1003941	1769	200	1102836	1769	218	1201869	1769	236	1301091	1769	255	1405696	1769	273	1504897	1769	291	1603888	1769	309	1703195	1769	327	1802411	1769	345	1901542	1769	363	2002336	1769	381	2103103	1769	399	2202482	1769	417	2301973	1769	435	2401200	1769	453	2500561	1769	
19	103999	1800	37	202299	1800	55	300741	1800	74	404551	1800	92	502971	1800	110	601533	1800	129	705276	1800	147	803625	1800	165	901745	1800	184	1005360	1800	201	1100781	1800	220	1204538	1800	238	1302905	1800	256	1401461	1800	275	1505387	1800	293	1603831	1800	311	1702409	1800	329	1800592	1800	348	1904536	1800	366	2002584	1800	384	2100621	1800	403	2204589	1800	421	2303081	1800	439	2401444	1800	458	2505153	1800	
18	100871	1759	37	204429	1759	55	302680	1759	73	400938	1759	92	504267	1759	110	602380	1759	128	700615	1759	147	804593	1759	165	902835	1759	183	1000988	1759	202	1104491	1759	220	1202769	1759	238	1301322	1759	257	1405167	1759	275	1503257	1759	293	1601476	1759	312	1704909	1759	330	1803013	1759	348	1900837	1759	367	2004440	1759	385	2102901	1759	403	2200795	1759	422	2304395	1759	440	2402726	1759	458	2501460	1759	
19	105319	1726	37	204814	1726	55	304219	1726	73	404691	1726	91	504568	1726	109	603982	1726	127	703320	1726	145	802858	1726	163	902483	1726	181	1001940	1726	199	1101416	1726	217	1200745	1726	236	1305875	1726	254	1405512	1726	272	1504997	1726	290	1604659	1726	308	1704248	1726	326	1803645	1726	344	1903190	1726	362	2002670	1726	380	2103602	1726	398	2203882	1726	416	2303564	1726	434	2403472	1726	452	2503308	1726	
19	103908	1758	37	202413	1758	55	300882	1758	74	405142	1758	92	503765	1758	110	602420	1758	128	701062	1758	147	805245	1758	165	903851	1758	183	1002470	1758	201	1100949	1758	219	1202108	1758	237	1300744	1758	256	1405076	1758	274	1503638	1758	292	1602044	1758	311	1705685	1758	329	1804114	1758	347	1902907	1758	365	2001540	1758	384	2105555	1758	402	2203946	1758	420	2302337	1758	438	2401485	1758	456	2500441	1758	
19	103790	1712	37	204693	1712	55	303268	1712	73	401471	1712	92	505110	1712	110	603314	1712	128	701599	1712	147	805567	1712	165	903919	1712	183	1001950	1712	202	1105581	1712	220	1203715	1712	238	1301952	1712	257	1405787	1712	275	1504042	1712	293	1602478	1712	311	1700599	1712	330	1804207	1712	348	1902694	1712	366	2001250	1712	385	2105592	1712	403	2203930	1712	421	2302470	1712	439	2401317	1712	458	2505384	1712	
19	104457	1712	37	203221	1712	55	301777	1712	74	405788	1712	92	504298	1712	110	602778	1712	128	701608	1712	146	800640	1712	165	904730	1712	183	1003137	1712	201	1101946	1712	219	1200690	1712	238	1304853	1712	256	1403479	1712	274	1501886	1712	292	1600542	1712	311	1704701	1712	329	1803377	1712	347	1901793	1712	366	2005693	1712	384	2104821	1712	402	2205661	1712	419	2302184	1712	437	2401509	1712	456	2505641	1712	
19	105874	1743	37	205841	1743	55	305825	1743	73	405738	1743	91	505743	1743	109	605509	1743	127	705478	1743	145	805461	1743	163	905455	1743	181	1005501	1743	199	1105580	1743	217	1205496	1743	234	1302607	1743	252	1402502	1743	270	1502325	1743	288	1602442	1743	306	1702440	1743	324	1802402	1743	342	1902276	1743	360	2002379	1743	378	2102567	1743	396	2202795	1743	414	2302372	1743	432	2402342	1743	450	2502387	1743	
19	105900	1684	36	200423	1684	54	302382	1684	72	403415	1684	90	503291	1684	108	603211	1684	126	703176	1684	144	803188	1684	162	903336	1684	180	1003284	1684	198	1103526	1684	216	1203606	1684	234	1303701	1684	252	1403633	1684	270	1503416	1684	288	1603366	1684	306	1703432	1684	324	1803704	1684	342	1903815	1684	360	2003582	1684	378	2103963	1684	396	2204165	1684	414	2304314	1684	432	2404470	1684	450	2504154	1684	
19	102475	1705	38	205032	1705	56	301920	1705	75	404127	1705	93	500738	1705	112	603061	1705	131	705209	1705	149	802114	1705	168	904194	1705	186	1000981	1705	205	1103311	1705	224	1205469	1705	242	1302499	1705	261	1404727	1705	279	1501486	1705	298	1603772	1705	316	1700627	1705	335	1802916	1705	354	1905149	1705	372	2002373	1705	391	2105055	1705	409	2201963	1705	428	2304280	1705	446	2404074	1705	464	2501248	1705	
20	103753	1778	39	201696	1778	59	304965	1778	78	402795	1778	97	500940	1778	117	604187	1778	136	702413	1778	155	800538	1778	175	903762	1778	194	1001907	1778	214	1105429	1778	233	1203765	1778	252	1301866	1778	271	1402310	1778	290	1501947	1778	310	1604966	1778	329	1703066	1778	348	1801377	1778	368	1905335	1778	387	2003557	1778	406	2103131	1778	425	2201268	1778	445	2303911	1778	464	2402180	1778	484	2505366	1778	
19	104200	1776	37	202513	1776	55	301107	1776	74	404975	1776	91	500925	1776	110	605134	1776	128	703590	1776	146	801914	1776	164	900512	1776	183	1004168	1776	201	1102479	1776	219	1201097	1776	238	1304923	1776	256	1403269	1776	274	1501803	1776	293	1605574	1776	311	1704136	1776	329	1802722	1776	347	1900962	1776	366	2005421	1776	384	2103910	1776	402	2202367	1776	420	2300724	1776	439	2404982	1776	457	2503509	1776	
19	101759	1737	38	203431	1737	57	305150	1737	75	401515	1737	94	503304	1737	113	605003	1737	131	701399	1737	150	803275	1737	169	904813	1737	187	1001032	1737	206	1102710	1737	225	1204756	1737	243	1301344	1737	262	1403124	1737	281	1505206	1737	299	1601598	1737	318	1703234	1737	337	1805532	1737	355	1905617	1737	373	2002635	1737	392	2104281	1737	410	2200443	1737	429	2301954	1737	448	2403769	1737	466	2502045	1737	
20	104907	1742	39	204569	1742	58	304177	1742	77	403583	1742	96	503018	1742	115	602481	1742	134	701931	1742	153	801463	1742	172	901030	1742	191	1000504	1742	211	1105326	1742	230	1204940	1742	249	1304203	1742	268	1403880	1742	287	1503549	1742	305	1600731	1742	324	1700596	1742	343	1800571	1742	363	1905351	1742	382	2004539	1742	401	2104301	1742	420	2203533	1742	439	2303201	1742	458	2403065	1742	477	2502691	1742	
20	104560	1764	39	204051	1764	58	303330	1764	77	402735	1764	96	502273	1764	115	604125	1764	134	703723	1764	153	803062	1764	172	902602	1764	191	1001948	1764	210	1101159	1764	229	1200426	1764	249	1304926	1764	268	1404152	1764	287	1503430	1764	306	1603024	1764	325	1702381	1764	344	1801798	1764	363	1901200	1764	383	2005525	1764	402	2104861	1764	421	2203986	1764	440	2303085	1764	459	2402789	1764	478	2502075	1764	
20	102622	1725	40	205230	1725	59	302510	1725	79	404903	1725	98	502470	1725	118	605089	1725	137	702384	1725	157	804971	1725	176	902177	1725	196	1004580	1725	215	1101894	1725	235	1204617	1725	254	1301803	1725	274	1404228	1725	293	1501766	1725	313	1604756	1725	332	1702357	1725	352	1804629	1725	371	1901813	1725	391	2004470	1725	410	2101616	1725	430	2204140	1725	449	2301715	1725	469	2404538	1725	488	2502736	1725	
19	101029	1716	38	201504	1716	57	301791	1716	76	402181	1716	95	502623	1716	114	603022	1716	133	703348	1716	152	803686	1716	171	903899	1716	190	1004071	1716	209	1104415	1716	228	1204556	1716	247	1304835	1716	266	1405290	1716	284	1500674	1716	303	1601367	1716	322	1704466	1716	341	1805003	1716	360	1905513	1716	378	2000808	1716	397	2101320	1716	416	2201590	1716	435	2301629	1716	454	2401864	1716	473	2502441	1716	
20	103274	1725	39	201328	1725	59	304541	1725	78	401874	1725	98	505093	1725	117	602920	1725	135	701091	1725	155	805461	1725	174	903590	1725	193	1001727	1725	213	1104715	1725	232	1202361	1725	251	1300458	1725	271	1404122	1725	290	1502384	1725	310	1605195	1725	329	1703368	1725	348	1801457	1725	368	1904704	1725	387	2002489	1725	407	2105516	1725	426	2203568	1725	445	2301647	1725	465	2404673	1725	484	2502799	1725	
20	102649	1715	40	205493	1715	59	303082	1715	78	400643	1715	98	503093	1715	117	600847	1715	137	703683	1715	156	801479	1715	176	903894	1715	195	1001459	1715	215	1104059	1715	234	1201967	1715	254	1305285	1715	273	1405283	1715	292	1503715	1715	311	1601525	1715	331	1704165	1715	350	1801872	1715	370	1904892	1715	389	2002744	1715	408	2100386	1715	428	2202846	1715	447	2300503	1715	467	2403259	1715	486	2501108	1715	
236	100066	100	464	200114	88	500	215957	87	691	300357	83	919	400398	76	1000	435751	74	1147	500168	74	1375	600118	73	1500	654874	73	1603	700101	71	1831	800404	71	2000	874650	71	2059	900448	71	2284	1000094	71	2500	1094806	71	2512	1100090	71	2740	1200120	71	2967	1300138	71	3000	1314741	71	3194	1400390	71	3422	1500305	71	3500	1534770	71	3648	1600206	71	3874	1700168	71	4000	1755992	71	4097	1800325	71	4322	1900173	71	4500	1978255	71	4550	2000097	71	4778	2100308	71	5000	2197734	71	5006	2200383	71	5233	2300179	71	5461	2400147	71	5500	2417196	71	5689	2500452	71	
244	100373	113	480	200387	113	500	208851	113	716	300315	108	952	400391	104	1000	420714	104	1188	500064	97	1425	600369	91	1500	632126	91	1661	700270	91	1897	800196	92	2000	843860	92	2130	900135	89	2362	1000089	89	2500	1058609	89	2598	1100324	89	2833	1200197	89	3000	1271550	89	3068	1300413	89	3302	1400112	89	3500	1484344	82	3537	1500136	82	3773	1600250	82	4000	1696542	82	4009	1700380	82	4244	1800241	82	4478	1900078	82	4500	1909454	82	4713	2000158	82	4948	2100202	82	5000	2122301	82	5184	2200388	82	5419	2300090	82	5500	2334553	82	5654	2400193	82	5889	2500197	82	
230	100399	138	456	200287	79	500	219827	78	681	300466	69	906	400346	67	1000	442156	67	1131	500101	67	1358	600264	67	1500	663602	66	1583	700415	66	1808	800284	66	2000	885257	66	2034	900295	66	2259	1000247	66	2485	1100167	66	2500	1106831	66	2710	1200034	64	2937	1300319	60	3000	1328234	60	3161	1400118	60	3388	1500314	60	3500	1549742	59	3614	1600161	57	3841	1700356	57	4000	1770770	57	4067	1800346	57	4294	1900375	55	4500	1991542	55	4520	2000461	55	4746	2100370	55	4972	2200260	55	5000	2212580	55	5198	2300140	54	5424	2400188	53	5500	2433789	53	5650	2500121	53	
239	100459	124	467	200307	99	500	214734	99	695	300120	98	925	400330	98	1000	433070	94	1153	500244	93	1382	600178	93	1500	652066	93	1610	700452	93	1836	800293	93	2000	872012	88	2065	900277	88	2295	1000443	83	2500	1089965	81	2523	1100051	81	2751	1200098	74	2980	1300023	74	3000	1308703	74	3210	1400135	74	3441	1500439	74	3500	1526015	74	3671	1600184	74	3901	1700344	74	4000	1743554	74	4130	1800404	74	4359	1900230	74	4500	1961704	74	4588	2000355	74	4817	2100146	74	5000	2182680	74	5040	2200382	74	5270	2300439	74	5500	2400412	74	5500	2400436	74	5730	2500290	74	
238	100116	125	467	200349	112	500	214800	112	695	300426	112	923	400369	112	1000	434171	112	1151	500216	112	1379	600103	112	1500	652949	112	1608	700363	112	1835	800416	112	2000	872721	112	2063	900445	112	2290	1000077	112	2500	1092189	112	2518	1100068	112	2746	1200327	112	2970	1300335	112	3000	1313514	112	3197	1400241	112	3424	1500393	112	3500	1533804	112	3651	1600304	112	3879	1700320	112	4000	1753188	109	4107	1800188	105	4335	1900212	102	4500	1972986	102	4562	2000340	95	4790	2100136	95	5000	2192157	95	5019	2200422	95	5247	2300287	95	5475	2400086	95	5500	2411105	95	5703	2500234	92	
231	100466	121	452	200250	113	500	221938	111	674	300299	111	878	400434	111	1000	455403	109	1099	500051	109	1321	600264	99	1500	681098	99	1542	700144	99	1764	800335	99	1985	900027	99	2000	906809	99	2206	1000095	99	2427	1100480	99	2500	1133712	99	2646	1200298	99	2867	1300191	99	3000	1363113	99	3082	1400084	99	3303	1500359	99	3500	1589297	99	3524	1600198	99	3745	1700193	99	3967	1800077	99	4000	1814956	99	4188	1900152	99	4410	2000224	99	4500	2040920	99	4631	2100164	99	4852	2200318	99	5000	2267083	99	5074	2300364	99	5295	2400457	99	5500	2493113	99	5516	2500354	99	
232	100118	201	457	200371	150	500	219462	150	682	300367	138	905	400259	138	1000	442922	138	1128	500132	134	1352	600061	134	1500	666034	134	1577	700335	134	1801	800342	134	2000	889174	134	2025	900345	134	2249	1000413	129	2473	1100297	119	2500	1112272	119	2696	1200110	119	2920	1300267	119	3000	1336265	119	3143	1400034	119	3367	1500098	119	3500	1560012	119	3589	1600225	119	3812	1700225	119	4000	1784335	119	4035	1800027	119	4258	1900163	119	4482	2000443	119	4500	2008598	119	4705	2100397	119	4929	2200409	119	5000	2232304	119	5152	2300428	119	5376	2400413	119	5500	2457831	119	5593	2500345	119	
232	100174	135	455	200447	120	500	220747	120	677	300165	109	901	400131	106	1000	444762	104	1123	500463	104	1346	600248	99	1500	668999	99	1570	700399	97	1793	800469	90	2000	893290	81	2016	900396	81	2239	1000135	77	2463	1100148	76	2500	1116719	76	2686	1200142	75	2909	1300163	69	3000	1341004	69	3133	1400355	69	3356	1500058	69	3500	1566171	69	3574	1600203	69	3797	1700245	69	4000	1791136	66	4020	1800156	66	4242	1900190	66	4465	2000117	66	4500	2015902	66	4689	2100436	66	4911	2200054	66	5000	2240098	66	5134	2300092	66	5357	2400187	66	5500	2464257	65	5580	2500110	65	
236	100270	124	463	200346	105	500	216763	105	688	300116	105	915	400142	105	1000	437701	105	1142	500410	101	1369	600126	101	1500	657529	96	1593	700393	96	1817	800039	96	2000	880546	96	2045	900424	96	2271	1000430	94	2496	1100082	94	2500	1101831	94	2723	1200258	92	2950	1300330	92	3000	1322208	88	3178	1400129	88	3406	1500402	88	3500	1542326	88	3632	1600186	86	3860	1700255	86	4000	1761789	86	4087	1800459	86	4313	1900065	86	4500	1982651	86	4540	2000184	86	4769	2100200	85	4998	2200257	85	5000	2201150	85	5227	2300324	85	5456	2400292	85	5500	2419615	85	5684	2500088	85	
230	100404	147	452	200377	146	500	221913	142	674	300344	135	897	400431	122	1000	446470	120	1120	500243	120	1343	600130	120	1500	670324	120	1567	700211	120	1790	800393	120	2000	894907	115	2012	900319	115	2234	1000323	114	2454	1100189	114	2500	1120986	114	2675	1200164	114	2896	1300339	114	3000	1347164	114	3118	1400214	114	3339	1500114	114	3500	1572429	114	3562	1600313	114	3783	1700103	114	4000	1798108	110	4005	1800389	110	4225	1900308	107	4448	2000396	100	4500	2023726	98	4670	2100338	98	4892	2200299	98	5000	2248748	98	5115	2300469	98	5337	2400215	97	5500	2473792	93	5559	2500279	93	
76	100648	6661	152	200439	2689	225	300122	1524	297	401240	1257	368	501238	1257	439	600959	1225	500	687003	1225	510	701164	1225	580	800245	1225	651	900986	1225	722	1000898	1225	793	1100772	1225	864	1200973	1225	935	1301180	1225	1000	1392655	1225	1006	1401167	1225	1077	1501395	1225	1148	1601410	1225	1219	1701258	1225	1290	1801125	1225	1360	1901424	1225	1430	2000141	1225	1500	2098505	1225	1502	2101426	1225	1573	2201310	1225	1643	2300132	1225	1714	2400333	1225	1785	2500446	1225	
78	100117	5959	157	200936	2204	230	300388	1829	303	400120	1829	377	501208	1787	449	600161	1787	500	670471	1723	522	700577	1657	595	800635	1611	668	900390	1577	737	1001465	1577	808	1100370	1577	881	1200781	1577	952	1300360	1546	1000	1366009	1546	1025	1400304	1546	1098	1500343	1546	1172	1601398	1546	1245	1701079	1517	1318	1800750	1517	1391	1900458	1517	1465	2001385	1517	1500	2049428	1517	1537	2100372	1517	1610	2200313	1517	1683	2300565	1517	1756	2400480	1517	1829	2500336	1517	
77	100785	5995	155	200621	1823	228	300163	1439	301	401122	1423	373	500658	1376	446	601422	1353	500	675868	1353	518	700580	1353	591	801225	1300	663	900624	1300	736	1001105	1213	809	1100756	1120	882	1201423	1120	954	1300093	1112	1000	1363517	1112	1027	1400446	1112	1100	1500161	1112	1173	1600473	1112	1246	1700538	1112	1319	1800409	1112	1392	1900639	1112	1465	2000546	1112	1500	2048655	1112	1538	2100742	1112	1611	2200966	1112	1684	2301071	1112	1757	2401247	1112	1830	2501107	1112	
78	100888	5462	154	200193	1754	226	300112	1417	298	400672	1417	369	500110	1417	441	601072	1363	500	684083	1363	512	700979	1330	583	800517	1330	654	900600	1285	726	1001399	1285	797	1101005	1285	869	1201485	1256	940	1301455	1256	1000	1385672	1241	1011	1401295	1241	1081	1500184	1241	1153	1600668	1241	1224	1701152	1241	1295	1800552	1241	1366	1900598	1241	1437	2000284	1241	1500	2088442	1241	1509	2101096	1241	1579	2200754	1241	1650	2300611	1241	1721	2400650	1241	1792	2500846	1241	
77	100206	6343	155	201018	1983	227	300494	1435	299	400950	1391	371	501443	1383	442	600749	1383	500	681639	1383	514	701270	1383	585	800492	1383	657	900929	1383	729	1001348	1356	800	1101299	1356	871	1200972	1356	941	1300520	1356	1000	1383857	1356	1012	1400699	1356	1084	1500937	1289	1155	1600260	1260	1227	1700548	1260	1299	1801322	1180	1370	1901092	1180	1441	2000184	1180	1500	2082584	1180	1513	2100804	1180	1584	2200279	1180	1656	2300719	1180	1728	2401163	1153	1799	2500416	1153	
77	100116	6243	155	201324	2372	226	300090	1947	297	400791	1834	368	501203	1786	439	601331	1778	500	687180	1722	510	701278	1722	581	800715	1722	652	900934	1693	723	1000952	1618	794	1101343	1584	865	1200796	1584	937	1301368	1584	1000	1389437	1553	1008	1400715	1553	1080	1501275	1553	1151	1600706	1553	1223	1701222	1540	1294	1801151	1540	1365	1900405	1540	1437	2001074	1540	1500	2088954	1502	1508	2100204	1502	1580	2200836	1502	1652	2301456	1502	1723	2400466	1502	1795	2500926	1502	
77	100885	5926	153	200299	2086	225	301119	1885	296	400293	1761	368	501157	1627	439	600504	1577	500	686624	1577	510	700848	1554	581	800419	1531	653	901224	1531	724	1001092	1510	795	1100981	1510	866	1200521	1510	938	1301171	1492	1000	1387522	1422	1009	1400176	1422	1081	1500713	1422	1152	1600130	1422	1224	1700906	1333	1295	1800483	1333	1367	1901307	1307	1438	2000772	1307	1500	2087641	1307	1509	2100453	1307	1581	2201395	1307	1652	2300942	1307	1723	2400524	1307	1793	2500999	1288	
77	100093	6438	155	201167	2677	229	300384	1400	302	401277	1292	374	500858	1256	446	600507	1227	500	675529	1227	518	700529	1227	590	800528	1227	662	900982	1178	734	1000553	1178	805	1100692	1178	876	1200281	1178	949	1301141	1178	1000	1371914	1178	1021	1401034	1178	1093	1500533	1178	1164	1600654	1178	1235	1700496	1178	1307	1800236	1178	1379	1900292	1178	1452	2000988	1178	1500	2067445	1178	1524	2100940	1178	1596	2200505	1148	1668	2300191	1124	1741	2401461	1124	1813	2501297	1124	
78	101127	6033	155	200540	1939	228	300311	1088	300	401345	1057	371	501190	994	442	600935	994	500	688576	994	508	700234	994	579	800549	994	650	900130	994	722	1001473	994	793	1101326	994	864	1201464	994	935	1301236	994	1000	1392153	994	1006	1400637	994	1077	1500826	994	1148	1600882	994	1219	1701271	994	1290	1801279	994	1361	1900887	971	1432	2000509	971	1500	2095736	971	1504	2101397	971	1575	2200812	964	1647	2301195	964	1718	2400810	964	1790	2501253	944	
79	100463	5587	158	200622	1584	231	300570	1454	304	401003	1334	377	501423	1265	449	601028	1211	500	671518	1211	521	700639	1211	594	801111	1177	667	901345	1177	739	1000311	1146	812	1100498	1138	885	1200835	1069	958	1301172	1023	1000	1358968	1023	1030	1400125	1023	1103	1500146	1023	1176	1600207	1023	1249	1700479	1023	1322	1800537	1023	1395	1901097	1023	1468	2001183	1023	1500	2045099	990	1540	2100225	990	1613	2200627	990	1686	2301169	936	1758	2400464	936	1831	2501334	912	
16	103556	50387	32	206755	50387	47	303657	50387	63	406855	50387	78	503467	50387	94	606755	50387	109	703409	50387	125	806636	50387	140	903260	50387	155	1000701	50387	171	1103698	50387	187	1206836	50387	202	1303812	50387	217	1400536	50387	233	1503498	50387	249	1606584	50387	264	1702939	50387	280	1806063	50387	294	1903605	50387	310	2006756	50387	325	2103621	50387	341	2206511	50387	356	2303345	50387	372	2406573	50387	387	2503155	50387	
16	103414	49956	31	200692	49956	47	304196	49956	62	400852	49956	78	504182	49956	93	601111	49956	109	704424	49956	124	801315	49956	139	901233	49956	155	1004820	49956	170	1101569	49956	186	1205104	49956	201	1301852	49956	217	1405457	49956	232	1502794	49956	248	1606078	49956	263	1702816	49956	279	1806256	49956	294	1903251	49956	310	2006735	49956	325	2104018	49956	340	2201004	49956	356	2304121	49956	371	2401259	49956	387	2505025	49956	
16	102862	50094	32	205384	50094	47	301388	50094	63	403590	50094	79	505913	50094	94	602207	50094	110	704866	50094	125	801233	50094	141	903639	50094	157	1005494	50094	172	1101498	50094	188	1203963	50094	204	1306050	50094	219	1402012	50094	235	1504146	50094	251	1606373	50094	266	1702169	50094	282	1804323	50094	297	1900541	50094	313	2002944	50094	329	2105612	50094	344	2201374	50094	360	2304026	50094	376	2406231	50094	391	2502401	50094	
16	103193	50271	32	206378	50271	47	303172	50271	63	405766	50271	78	502549	50271	94	605685	50271	109	702943	50271	124	802946	50271	139	900598	50271	155	1003649	50271	171	1106807	50271	186	1203288	50271	202	1306546	50271	217	1403210	50271	233	1506239	50271	248	1602737	50271	264	1705799	50271	279	1802636	50271	295	1906730	50271	310	2005328	50271	325	2102040	50271	341	2205095	50271	356	2302025	50271	372	2405481	50271	387	2502199	50271	
16	103217	49591	32	205757	49591	47	302153	49591	63	404519	49591	78	501114	49591	94	604181	49591	110	706900	49591	125	803395	49591	141	906054	49591	156	1005525	49591	171	1102353	49591	187	1205030	49591	202	1301420	49591	218	1404039	49591	234	1506630	49591	249	1602764	49591	265	1705539	49591	280	1802070	49591	296	1904771	49591	311	2000862	49591	327	2103536	49591	343	2206361	49591	358	2303161	49591	374	2405811	49591	389	2502166	49591	
16	104903	50128	31	202470	50128	47	306572	50128	62	404136	50128	77	502107	50128	93	606162	50128	108	703720	50128	123	801276	50128	139	904923	50128	154	1001950	50128	170	1105866	50128	185	1203681	50128	200	1300958	50128	216	1405264	50128	231	1502614	50128	247	1606168	50128	262	1703480	50128	277	1801129	50128	293	1905056	50128	308	2002483	50128	324	2106539	50128	339	2203813	50128	354	2300853	50128	370	2404547	50128	385	2501863	50128	
16	102824	50437	32	206629	50437	47	303213	50437	62	400530	50437	78	503670	50437	93	600594	50437	109	703225	50437	125	806131	50437	140	902388	50437	156	1005084	50437	171	1101477	50437	187	1204442	50437	202	1300776	50437	218	1403876	50437	234	1506738	50437	249	1603241	50437	265	1705988	50437	280	1802188	50437	296	1904713	50437	311	2002884	50437	327	2106345	50437	342	2202621	50437	358	2305405	50437	373	2401578	50437	389	2504495	50437	
16	103121	50327	31	200780	50327	47	304672	50327	62	401685	50327	78	505430	50327	93	603133	50327	109	706712	50327	124	803834	50327	139	900778	50327	155	1005136	50327	170	1104684	50327	185	1201699	50327	201	1305835	50327	216	1402601	50327	232	1506170	50327	247	1602901	50327	263	1706453	50327	278	1803584	50327	294	1906776	50327	309	2004056	50327	324	2101315	50327	340	2204813	50327	355	2301804	50327	371	2405482	50327	386	2502688	50327	
16	106938	50194	31	204611	50194	46	301603	50194	62	405342	50194	77	502104	50194	93	605807	50194	108	702883	50194	124	806442	50194	139	903613	50194	155	1006760	50194	170	1103588	50194	186	1206841	50194	201	1303923	50194	216	1401111	50194	232	1504537	50194	247	1601359	50194	263	1704207	50194	278	1800891	50194	294	1904046	50194	309	2000882	50194	325	2104163	50194	340	2201175	50194	356	2304729	50194	371	2401995	50194	387	2505570	50194	
16	103523	50329	31	200465	50329	47	306070	50329	62	402429	50329	78	505023	50329	93	601447	50329	109	703970	50329	125	806781	50329	140	903038	50329	156	1005937	50329	171	1102240	50329	187	1204543	50329	202	1300732	50096	218	1403794	50096	233	1500508	50096	249	1603556	50096	265	1706482	50096	280	1802985	50096	296	1905866	50096	311	2002206	50096	326	2101788	50096	342	2205014	50096	357	2301893	50096	373	2404794	50096	388	2501889	50096	
