versja nr 3;wspolczynnik mutacji 2.100000;wielkosc populacji 75
162	100068	472	324	200356	472	485	300041	472	500	309302	472	647	400623	472	809	500465	472	970	600273	472	1000	618844	472	1131	700140	472	1293	800411	472	1455	900621	472	1500	928480	472	1616	1000314	472	1778	1100604	472	1939	1200255	472	2000	1238140	472	2100	1300121	472	2261	1400180	472	2423	1500355	472	2500	1548213	472	2584	1600197	472	2746	1700561	472	2907	1800077	472	3000	1857710	472	3069	1900658	472	3227	2000211	472	3387	2100133	472	3500	2170175	472	3549	2200590	472	3706	2300170	472	3867	2400199	472	4000	2482593	472	4029	2500582	472	
162	100066	568	324	200561	568	484	300075	568	500	310072	568	645	400384	568	805	500229	568	966	600242	568	1000	621384	568	1127	700315	568	1288	800618	568	1447	900171	568	1500	933174	568	1608	1000084	568	1769	1100321	568	1930	1200323	568	2000	1245051	568	2089	1300366	568	2249	1400145	568	2405	1500169	568	2500	1559262	568	2566	1600402	568	2727	1700630	568	2888	1800631	568	3000	1870265	568	3048	1900056	568	3209	2000088	568	3370	2100555	568	3500	2181330	568	3531	2200577	568	3691	2300639	568	3849	2400276	568	4000	2494192	568	4010	2500429	568	
166	100589	615	329	200239	615	493	300320	615	500	304641	615	657	400578	615	821	500348	615	984	600557	615	1000	610949	615	1144	700153	615	1308	800098	615	1473	900420	615	1500	916926	615	1636	1000052	615	1800	1100181	615	1964	1200458	615	2000	1222447	615	2128	1300618	615	2292	1400451	615	2456	1500593	615	2500	1527752	615	2619	1600165	615	2784	1700497	615	2948	1800436	615	3000	1832111	615	3112	1900364	615	3276	2000298	615	3440	2100368	615	3500	2136920	615	3604	2200375	615	3768	2300343	615	3932	2400400	615	4000	2441697	615	4097	2500625	615	
164	100585	628	324	200293	628	485	300626	628	500	310052	628	644	400407	628	804	500137	628	966	600663	628	1000	621733	628	1127	700366	628	1288	800552	628	1448	900069	628	1500	932318	628	1610	1000496	628	1770	1100230	628	1930	1200073	628	2000	1243542	628	2092	1300564	628	2253	1400580	628	2414	1500386	628	2500	1553871	628	2575	1600650	628	2735	1700078	628	2897	1800426	628	3000	1864438	628	3058	1900393	628	3219	2000590	628	3380	2100657	628	3500	2175247	628	3540	2200042	628	3701	2300213	628	3862	2400412	628	4000	2486174	628	4023	2500468	628	
164	100213	703	326	200132	703	488	300277	703	500	307877	703	650	400272	703	812	500113	703	974	600029	703	1000	616049	703	1136	700038	703	1299	800601	703	1461	900507	703	1500	924494	703	1623	1000441	703	1784	1100077	703	1946	1200153	703	2000	1233279	703	2108	1300100	703	2270	1400330	703	2433	1500617	703	2500	1541944	703	2595	1600574	703	2757	1700362	703	2919	1800369	703	3000	1850357	703	3081	1900195	703	3238	2000050	703	3399	2100379	703	3500	2162506	703	3561	2200198	703	3723	2300437	703	3885	2400433	703	4000	2471000	703	4048	2500612	703	
161	100384	692	321	200549	692	480	300403	692	500	312915	692	639	400246	692	798	500079	692	958	600395	692	1000	626767	692	1118	700554	692	1278	800639	692	1437	900565	692	1500	939986	692	1596	1000416	692	1754	1100211	692	1909	1200220	692	2000	1257869	692	2067	1300106	692	2227	1400347	692	2387	1500220	692	2500	1571088	692	2547	1600558	692	2705	1700161	692	2865	1800357	692	3000	1884973	692	3024	1900060	692	3184	2000485	692	3343	2100295	692	3500	2199122	692	3502	2200399	692	3661	2300317	692	3821	2400331	692	3981	2500315	692	
166	100403	617	329	200279	617	493	300527	617	500	304869	617	652	400391	617	816	500626	617	979	600179	617	1000	613168	617	1142	700141	617	1306	800443	617	1470	900590	617	1500	918882	617	1633	1000276	617	1795	1100286	617	1958	1200283	617	2000	1226130	617	2122	1300529	617	2285	1400331	617	2448	1500220	617	2500	1531881	617	2612	1600281	617	2776	1700552	617	2939	1800432	617	3000	1837525	617	3102	1900192	617	3265	2000584	617	3428	2100454	617	3500	2145037	617	3590	2200562	617	3753	2300315	617	3917	2400429	617	4000	2451203	617	4081	2500545	617	
161	100563	476	318	200650	476	476	300510	476	500	315707	476	634	400335	476	792	500346	476	950	600458	476	1000	632622	476	1106	700498	476	1262	800413	476	1420	900496	476	1500	951338	476	1578	1000641	476	1736	1100420	476	1893	1200292	476	2000	1267971	476	2051	1300261	476	2208	1400205	476	2365	1500314	476	2500	1585572	476	2523	1600177	476	2681	1700109	476	2839	1800235	476	2997	1900421	476	3000	1902331	476	3155	2000428	476	3313	2100378	476	3470	2200339	476	3500	2219348	476	3628	2300473	476	3786	2400067	476	3944	2500053	476	
169	100058	619	337	200381	619	500	298127	619	504	300522	619	671	400546	619	838	500295	619	1000	597482	619	1005	600492	619	1172	700044	619	1340	800419	619	1500	896167	619	1507	900386	619	1674	1000134	619	1842	1100610	619	2000	1196063	619	2007	1200317	619	2173	1300128	619	2341	1400524	619	2500	1495641	619	2508	1500480	619	2675	1600536	619	2841	1700132	619	2995	1800219	619	3000	1803205	619	3163	1900408	619	3330	2000290	619	3497	2100522	619	3500	2102314	619	3663	2200114	619	3830	2300139	619	3997	2400149	619	4000	2401996	619	4163	2500228	619	
160	100070	762	319	200180	762	478	300600	762	500	314354	762	637	400622	762	795	500118	762	954	600459	762	1000	629546	762	1113	700467	762	1272	800465	762	1429	900516	762	1500	946568	762	1585	1000105	762	1743	1100365	762	1903	1200614	762	2000	1261679	762	2062	1300634	762	2221	1400619	762	2380	1500643	762	2500	1575955	762	2539	1600472	762	2698	1700575	762	2857	1800432	762	3000	1890072	762	3016	1900120	762	3176	2000260	762	3335	2100495	762	3493	2200046	762	3500	2204581	762	3652	2300245	762	3812	2400642	762	3971	2500242	762	
170	100253	259	339	200322	259	500	294450	259	510	300309	259	681	400530	259	852	500297	259	1000	586641	259	1023	600029	259	1195	700434	259	1366	800027	259	1500	878079	259	1538	900306	259	1709	1000432	259	1880	1100143	259	2000	1170197	259	2052	1200607	259	2223	1300372	259	2394	1400237	259	2500	1462393	259	2565	1500250	259	2736	1600387	259	2907	1700284	259	3000	1754584	259	3079	1800536	259	3250	1900172	259	3421	2000059	259	3500	2046278	259	3590	2100106	259	3761	2200489	259	3931	2300572	259	4000	2340915	259	4102	2400601	259	4273	2500414	259	
164	100056	184	326	200385	184	488	300207	184	500	307618	184	650	400189	184	813	500597	184	975	600384	184	1000	615839	184	1137	700560	184	1299	800462	184	1461	900529	184	1500	924496	184	1623	1000500	184	1783	1100146	184	1945	1200143	184	2000	1234117	184	2108	1300602	184	2270	1400536	184	2432	1500264	184	2500	1542163	184	2594	1600116	184	2757	1700450	184	2919	1800515	184	3000	1850505	184	3081	1900405	184	3243	2000233	184	3405	2100182	184	3500	2158991	184	3567	2200629	184	3725	2300333	184	3886	2400052	184	4000	2470354	184	4048	2500078	184	
164	100157	207	325	200140	207	486	300202	207	500	308927	207	647	400257	207	808	500348	207	969	600422	207	1000	619645	207	1130	700542	207	1290	800043	207	1451	900044	207	1500	930421	207	1613	1000605	207	1773	1100371	207	1933	1200254	207	2000	1241976	207	2094	1300476	207	2254	1400364	207	2411	1500580	207	2500	1556675	207	2570	1600205	207	2731	1700061	207	2892	1800570	207	3000	1867544	207	3053	1900553	207	3214	2000489	207	3375	2100415	207	3500	2177971	207	3536	2200214	207	3698	2300632	207	3859	2400408	207	4000	2487824	207	4020	2500358	207	
170	100071	203	338	200150	203	500	296651	203	506	300267	203	674	400346	203	842	500413	203	1000	594722	203	1009	600088	203	1172	700233	203	1340	800333	203	1500	895640	203	1508	900487	203	1675	1000698	203	1842	1100617	203	2000	1194864	203	2009	1200231	203	2177	1300216	203	2346	1400612	203	2500	1492304	203	2513	1500052	203	2682	1600479	203	2850	1700505	203	3000	1789676	203	3018	1800447	203	3186	1900477	203	3353	2000512	203	3500	2089163	203	3519	2100472	203	3686	2200621	203	3853	2300132	203	4000	2387655	203	4021	2400214	203	4189	2500238	203	
164	100527	283	325	200432	283	487	300493	283	500	308527	283	649	400425	283	811	500429	283	973	600206	283	1000	616921	283	1135	700353	283	1297	800080	283	1460	900594	283	1500	925302	283	1622	1000602	283	1784	1100623	283	1942	1200597	283	2000	1236339	283	2104	1300583	283	2266	1400544	283	2428	1500418	283	2500	1544777	283	2590	1600312	283	2752	1700062	283	2913	1800135	283	3000	1853832	283	3074	1900132	283	3237	2000605	283	3398	2100142	283	3500	2163123	283	3561	2200573	283	3723	2300594	283	3885	2400304	283	4000	2471202	283	4047	2500088	283	
171	100344	157	339	200325	157	500	296562	157	506	300146	157	673	400254	157	841	500369	157	1000	594845	157	1009	600198	157	1177	700055	157	1346	800122	157	1500	892426	157	1513	900216	157	1681	1000081	157	1850	1100479	157	2000	1189698	157	2018	1200410	157	2187	1300561	157	2355	1400254	157	2500	1486335	157	2524	1500622	157	2692	1600493	157	2860	1700202	157	3000	1783522	157	3028	1800238	157	3197	1900515	157	3365	2000595	157	3500	2083835	157	3528	2100543	157	3696	2200314	157	3864	2300220	157	4000	2380969	157	4032	2400048	157	4201	2500265	157	
168	100071	304	335	200478	304	500	299391	304	502	300612	304	668	400026	304	835	500486	304	1000	599848	304	1001	600478	304	1168	700513	304	1334	800103	304	1500	899674	304	1501	900304	304	1667	1000183	304	1834	1100256	304	1999	1200073	304	2000	1200795	304	2163	1300580	304	2330	1400618	304	2496	1500231	304	2500	1502663	304	2660	1600357	304	2827	1700311	304	2994	1800434	304	3000	1804014	304	3161	1900591	304	3327	2000211	304	3493	2100274	304	3500	2104463	304	3660	2200531	304	3827	2300430	304	3993	2400253	304	4000	2404493	304	4159	2500251	304	
164	100264	142	325	200272	142	486	300418	142	500	309213	142	643	400271	142	803	500321	142	963	600331	142	1000	623320	142	1124	700467	142	1284	800191	142	1445	900125	142	1500	934730	142	1606	1000498	142	1766	1100571	142	1926	1200251	142	2000	1246290	142	2087	1300456	142	2248	1400523	142	2409	1500501	142	2500	1556788	142	2570	1600243	142	2731	1700338	142	2892	1800283	142	3000	1867567	142	3053	1900386	142	3213	2000074	142	3374	2100527	142	3500	2179429	142	3533	2200132	142	3694	2300392	142	3855	2400354	142	4000	2490419	142	4016	2500388	142	
170	100356	127	337	200123	127	500	297486	127	505	300477	127	672	400452	127	839	500596	127	1000	597016	127	1005	600046	127	1173	700216	127	1341	800407	127	1500	895275	127	1508	900097	127	1675	1000133	127	1843	1100582	127	2000	1194510	127	2010	1200518	127	2177	1300308	127	2345	1400511	127	2500	1492966	127	2512	1500144	127	2680	1600492	127	2847	1700396	127	3000	1791698	127	3014	1800080	127	3182	1900571	127	3349	2000450	127	3500	2090701	127	3516	2100227	127	3683	2200271	127	3850	2300345	127	4000	2390422	127	4016	2400046	127	4184	2500570	127	
164	100603	216	326	200590	216	488	300208	216	500	307629	216	650	400257	216	812	500123	216	974	600250	216	1000	616244	216	1137	700491	216	1299	800417	216	1459	900243	216	1500	925555	216	1621	1000086	216	1783	1100060	216	1946	1200643	216	2000	1234070	216	2107	1300147	216	2270	1400602	216	2432	1500417	216	2500	1542591	216	2594	1600604	216	2756	1700289	216	2915	1800138	216	3000	1852922	216	3077	1900584	216	3238	2000446	216	3400	2100317	216	3500	2161936	216	3562	2200178	216	3724	2300150	216	3886	2400527	216	4000	2470837	216	4048	2500540	216	
54	101397	4344	106	200225	4344	159	301914	4344	211	400678	4344	264	501814	4344	316	601173	4344	368	700345	4344	421	801259	4344	473	900708	4344	500	954966	4344	524	1001405	4344	577	1101978	4344	629	1200990	4344	682	1301893	4344	734	1400420	4344	787	1501113	4344	839	1600512	4344	892	1701361	4344	944	1800820	4344	997	1901878	4344	1000	1907669	4344	1049	2000720	4344	1101	2100504	4344	1154	2201271	4344	1207	2301925	4344	1259	2401353	4344	1312	2501918	4344	
52	100565	4287	104	200533	4287	157	301794	4287	209	401443	4287	261	501258	4287	313	601389	4287	365	700754	4287	417	800474	4287	469	900150	4287	500	959465	4287	522	1001741	4287	574	1101670	4287	626	1201217	4287	678	1300841	4287	730	1400947	4287	782	1500337	4287	835	1601647	4287	887	1701015	4287	939	1800892	4287	991	1900129	4287	1000	1917651	4287	1044	2001963	4287	1096	2101606	4287	1148	2201759	4287	1200	2301432	4287	1252	2401464	4287	1304	2501239	4287	
54	101214	4611	107	201315	4611	160	301244	4611	213	401386	4611	265	500339	4611	318	600545	4611	371	701038	4611	424	801174	4611	477	901238	4611	500	944925	4611	530	1001758	4611	582	1100535	4611	635	1200556	4611	688	1300408	4611	741	1400478	4611	794	1501266	4611	846	1600150	4611	899	1700256	4611	952	1800639	4611	1000	1891809	4611	1005	1901339	4611	1058	2001408	4611	1111	2101308	4611	1164	2201798	4611	1215	2300388	4611	1268	2400952	4611	1321	2500977	4611	
55	101884	3405	107	200835	3405	160	301647	3405	212	400409	3405	265	500899	3405	318	601462	3405	370	700272	3405	423	801100	3405	476	901827	3405	500	947257	3405	528	1000643	3405	581	1101024	3405	634	1201827	3405	686	1300409	3405	738	1401416	3405	790	1500346	3405	843	1600861	3405	896	1701424	3405	948	1800554	3405	1000	1899444	3405	1001	1901458	3405	1053	2001152	3405	1106	2101818	3405	1159	2201928	3405	1211	2300344	3405	1264	2401010	3405	1317	2501636	3405	
53	100539	3508	105	201403	3508	157	301974	3508	208	400899	3508	259	501894	3508	310	600980	3508	362	701670	3508	413	800516	3508	465	901426	3508	500	969620	3508	516	1001162	3508	567	1100573	3508	619	1201231	3508	671	1301780	3508	722	1400334	3508	774	1500646	3508	826	1601770	3508	877	1700293	3508	929	1800665	3508	981	1901619	3508	1000	1938555	3508	1032	2000578	3508	1084	2101360	3508	1135	2200253	3508	1187	2300717	3508	1239	2401684	3508	1290	2500460	3508	
53	100539	4460	105	200122	4460	157	300801	4460	209	400138	4460	261	500389	4460	313	601162	4460	365	700926	4460	417	800961	4460	469	901545	4460	500	960916	4460	521	1001269	4460	573	1100750	4460	625	1200313	4460	678	1301727	4460	730	1401371	4460	782	1500822	4460	834	1600901	4460	886	1700620	4460	939	1802015	4460	991	1901537	4460	1000	1918821	4460	1043	2001120	4460	1095	2100863	4460	1147	2200403	4460	1199	2300648	4460	1251	2400594	4460	1303	2500261	4460	
54	100600	3515	106	200441	3515	159	301929	3515	210	400165	3515	262	500428	3515	314	600543	3515	366	700396	3515	419	801778	3515	471	901726	3515	500	957139	3515	523	1001642	3515	575	1101324	3515	627	1201392	3515	679	1301317	3515	731	1401674	3515	783	1500951	3515	835	1600556	3515	887	1700421	3515	939	1801985	3515	991	1901810	3515	1000	1919067	3515	1043	2001732	3515	1095	2101453	3515	1147	2201149	3515	1199	2301117	3515	1251	2400439	3515	1303	2500348	3515	
54	101030	3504	106	201177	3504	158	301894	3504	209	400291	3504	261	500479	3504	313	600455	3504	365	701169	3504	417	801234	3504	469	901261	3504	500	963526	3504	519	1000233	3504	571	1100857	3504	623	1201807	3504	674	1300595	3504	726	1400672	3504	778	1501259	3504	830	1601925	3504	881	1700236	3504	933	1800906	3504	985	1901355	3504	1000	1930494	3504	1036	2000139	3504	1088	2100790	3504	1140	2200998	3504	1192	2301339	3504	1244	2402014	3504	1295	2500284	3504	
53	100674	4079	106	201289	4079	159	301267	4079	212	401226	4079	265	500995	4079	318	601128	4079	371	700941	4079	424	800795	4079	477	900684	4079	500	944061	4079	530	1000619	4079	583	1100488	4079	637	1201851	4079	689	1300740	4079	742	1400890	4079	795	1501069	4079	848	1600899	4079	901	1700628	4079	954	1800995	4079	1000	1887895	4079	1007	1901126	4079	1060	2001230	4079	1113	2101639	4079	1166	2201346	4079	1219	2301261	4079	1272	2400988	4079	1325	2500729	4079	
54	101316	4092	106	200769	4092	158	300325	4092	210	400622	4092	263	501887	4092	315	601266	4092	367	701020	4092	419	801144	4092	471	900671	4092	500	956311	4092	523	1000600	4092	575	1100511	4092	628	1201933	4092	680	1301680	4092	732	1401320	4092	784	1501305	4092	836	1601028	4092	888	1701057	4092	940	1800468	4092	993	1901426	4092	1000	1914905	4092	1045	2000635	4092	1098	2101903	4092	1149	2200497	4092	1201	2300277	4092	1254	2401623	4092	1306	2501045	4092	
55	100328	1316	108	201396	1316	161	301711	1316	213	400382	1316	266	500619	1316	319	601140	1316	372	701933	1316	424	800522	1316	477	900845	1316	500	944536	1316	530	1001148	1316	583	1101900	1316	635	1200354	1316	688	1300781	1316	739	1400418	1316	792	1500736	1316	845	1601034	1316	898	1701203	1316	950	1800358	1316	1000	1895036	1316	1003	1900908	1316	1056	2001579	1316	1108	2100166	1316	1161	2200551	1316	1214	2301605	1316	1266	2400273	1316	1319	2500345	1316	
56	101028	1300	109	201585	1300	161	300821	1300	214	401863	1300	265	500290	1300	318	601306	1300	370	700366	1300	423	801467	1300	475	900356	1300	500	948111	1300	528	1001491	1300	580	1100291	1300	633	1201001	1300	686	1301730	1300	738	1400488	1300	791	1501018	1300	844	1601973	1300	896	1700920	1300	949	1801899	1300	1000	1899106	1300	1001	1901121	1300	1054	2001963	1300	1106	2100603	1300	1159	2201825	1300	1211	2300911	1300	1264	2401684	1300	1316	2500731	1300	
56	101295	1661	108	200630	1661	161	301791	1661	213	400646	1661	266	501316	1661	318	600136	1661	371	700786	1661	424	801634	1661	476	901118	1661	500	946996	1661	528	1000141	1661	581	1101204	1661	633	1200473	1661	686	1301755	1661	738	1400437	1661	791	1501147	1661	843	1600169	1661	896	1701037	1661	949	1801511	1661	1000	1898063	1661	1002	1901958	1661	1054	2000884	1661	1107	2101316	1661	1159	2200361	1661	1212	2301251	1661	1264	2400324	1661	1317	2500893	1661	
56	100148	1836	110	200729	1836	164	300915	1836	218	400925	1836	272	501551	1836	325	600232	1836	379	700641	1836	433	801141	1836	486	900550	1836	500	926607	1836	540	1000974	1836	594	1101852	1836	647	1200385	1836	701	1300965	1836	755	1401011	1836	809	1501287	1836	863	1601355	1836	917	1701824	1836	969	1800696	1836	1000	1859708	1836	1022	1900509	1836	1076	2000654	1836	1130	2101479	1836	1184	2201855	1836	1237	2300450	1836	1291	2400566	1836	1345	2501519	1836	
58	101533	1303	112	201103	1303	167	301807	1303	221	400940	1303	276	501852	1303	330	600871	1303	384	700373	1303	439	801542	1303	493	901272	1303	500	914381	1303	545	1000169	1303	599	1100478	1303	654	1201644	1303	708	1300897	1303	762	1400372	1303	817	1501434	1303	871	1600857	1303	925	1700334	1303	980	1801960	1303	1000	1838981	1303	1034	1901358	1303	1088	2000786	1303	1142	2100709	1303	1196	2200553	1303	1251	2301594	1303	1305	2400685	1303	1360	2501869	1303	
55	100207	1311	108	201531	1311	161	301831	1311	213	400783	1311	266	501607	1311	318	600836	1311	371	701293	1311	423	800805	1311	476	901493	1311	500	947054	1311	528	1000499	1311	581	1100913	1311	634	1201050	1311	687	1301528	1311	740	1401977	1311	792	1500218	1311	845	1600337	1311	898	1700408	1311	951	1800459	1311	1000	1893225	1311	1004	1900963	1311	1057	2001666	1311	1109	2100117	1311	1162	2200375	1311	1215	2300508	1311	1268	2401484	1311	1320	2500172	1311	
57	101528	3701	114	201063	1217	169	300379	1217	225	401524	1217	280	500709	1217	335	600146	1217	391	700990	1217	446	800634	1217	500	898309	1217	501	900232	1217	556	1000653	1217	611	1100219	1217	667	1201450	1217	722	1300899	1217	777	1400346	1217	833	1501804	1217	888	1601463	1217	943	1701078	1217	998	1800451	1217	1000	1804150	1217	1053	1900592	1217	1108	2000251	1217	1164	2101819	1217	1219	2201249	1217	1273	2301342	1217	1328	2401375	1217	1383	2500646	1217	
55	101149	1882	108	201658	1264	160	301858	1264	211	400257	1264	263	500337	1264	315	600757	1264	367	701081	1264	419	801592	1264	470	900279	1264	500	958485	1264	522	1001444	1264	574	1101753	1264	625	1200165	1264	677	1300355	1264	728	1400603	1264	780	1501441	1264	831	1600113	1264	883	1700178	1264	935	1800568	1264	987	1900822	1264	1000	1926020	1264	1039	2001495	1264	1090	2100412	1264	1142	2201468	1264	1193	2300352	1264	1245	2400842	1264	1297	2501005	1264	
56	101399	1324	108	200567	1324	161	301501	1324	213	400252	1324	266	501305	1324	318	601750	1324	370	700881	1324	423	801635	1324	475	900719	1324	500	948485	1324	527	1000679	1324	580	1101719	1324	632	1200534	1324	685	1301370	1324	737	1400233	1324	790	1501104	1324	842	1600352	1324	895	1701780	1324	947	1800856	1324	1000	1901249	1324	1000	1901368	1324	1052	2000860	1324	1105	2101633	1324	1157	2200414	1324	1210	2301305	1324	1263	2401937	1324	1315	2500917	1324	
58	101341	1429	113	201724	1429	168	301791	1429	223	401578	1429	278	501456	1429	333	601523	1429	387	700244	1429	442	800475	1429	497	900291	1429	500	905809	1429	552	1000468	1429	607	1100774	1429	662	1201152	1429	717	1301681	1429	772	1401748	1429	826	1500282	1429	881	1601236	1429	936	1700845	1429	991	1800905	1429	1000	1817432	1429	1046	1900972	1429	1101	2000814	1429	1156	2100967	1429	1211	2200965	1429	1266	2300875	1429	1321	2401309	1429	1375	2500638	1429	
12	106018	24226	23	202059	23147	35	305632	22108	46	402457	22108	58	507972	22108	69	604660	22108	80	701710	22108	92	807406	22108	103	904345	22108	114	1001306	22108	126	1106878	22108	137	1204165	22108	148	1301179	22108	160	1406937	22108	171	1503789	22108	182	1600842	22108	194	1708946	22108	205	1806666	22108	216	1903675	22108	228	2009088	22108	239	2106132	22108	250	2203004	22108	262	2308669	22108	273	2405459	22108	284	2502739	22108	
12	105868	25248	23	201838	24167	35	308185	24167	46	405185	24167	57	502120	24167	68	606423	24167	79	704053	24167	90	800677	24167	102	906255	24167	113	1002721	24167	125	1108187	24167	136	1205563	24167	147	1302208	24167	159	1407685	24167	170	1504296	24167	181	1600860	24167	193	1706088	24167	204	1803286	24167	215	1901361	24167	227	2006408	24167	238	2103295	24167	249	2201098	24167	261	2306462	24167	272	2403551	24167	283	2500639	24167	
12	103957	23556	24	209175	22525	35	305167	22525	46	401787	22525	58	507424	22525	69	604339	22525	80	701304	22525	92	806904	22525	103	904153	22525	114	1001641	22525	126	1107810	22525	137	1204884	22525	148	1301816	22525	160	1407367	22525	171	1504235	22525	182	1601141	22525	194	1706895	22525	205	1803658	22525	217	1909323	22525	228	2006369	22525	239	2103233	22525	251	2209072	22525	262	2305949	22525	273	2402851	22525	285	2509683	22525	
12	104977	25212	23	200845	25212	35	305502	25212	46	401546	25212	58	506246	25212	69	602402	25212	81	707185	25212	92	803335	25212	104	907986	25212	115	1004196	25212	127	1109101	25212	138	1205097	25212	149	1301158	25212	161	1406466	25212	172	1505121	25212	183	1601556	25212	195	1706814	25212	206	1803277	25212	218	1908249	25212	229	2004213	25212	241	2108919	25212	252	2204910	25212	263	2300899	25212	275	2405708	25212	286	2501899	25212	
12	105850	24590	23	203013	24590	35	308360	23552	46	408758	23552	57	506053	23552	68	603494	23552	79	700816	23552	91	807133	23552	102	904600	22507	113	1001366	22507	125	1107820	22507	136	1205383	22507	147	1302801	22507	158	1400669	22507	170	1507064	22507	181	1604519	22507	192	1702007	22507	204	1808308	22507	215	1906076	22507	226	2003459	22507	237	2101253	22507	249	2207732	22507	260	2305086	22507	271	2402883	22507	283	2509320	22507	
12	104407	23137	23	200834	23137	35	305411	23137	46	401796	23137	58	506557	23137	69	602596	23137	81	707513	23137	92	803715	23137	104	908609	23137	115	1004562	23137	126	1100727	23137	138	1205761	23137	149	1301971	23137	161	1406810	23137	172	1502856	23137	184	1607540	23137	195	1703921	23137	207	1808854	23137	218	1904958	23137	229	2001198	23137	241	2106004	23137	252	2202156	23137	264	2308612	23137	275	2405299	23137	286	2501404	23137	
12	104576	24565	23	201035	24565	35	306323	24565	46	402622	24565	58	507809	24565	69	604486	24565	80	700917	24565	92	806320	24565	103	903672	24565	115	1008896	24565	126	1105700	24565	137	1203556	24565	148	1302031	24565	160	1407347	24565	171	1504311	24565	182	1600870	24565	194	1705981	24565	205	1802272	24565	217	1907564	24565	228	2004203	24565	239	2100670	24565	251	2205850	24565	262	2302092	24565	274	2407245	24565	285	2503918	24565	
12	104334	25425	23	203396	25425	35	307754	25425	46	403319	25425	58	507989	25425	69	604256	25425	81	708797	25425	92	804523	25425	104	908797	25425	115	1004756	25425	127	1109090	25425	138	1204813	25425	150	1309127	25425	161	1404948	25425	172	1500918	25425	184	1605548	25425	195	1701286	25425	207	1805478	25425	218	1901214	25425	230	2005575	25425	241	2101906	25425	253	2206285	25425	264	2301831	25425	276	2405985	25425	287	2501548	25425	
12	105025	24450	23	202370	24450	35	308697	24450	46	406308	24450	57	503793	24450	68	601297	24450	80	707502	24450	91	804613	24450	102	902264	24450	114	1009376	24450	125	1107496	24450	136	1204888	24450	147	1302685	24450	159	1409073	24450	170	1507220	24450	181	1604679	24450	192	1702153	24450	204	1808927	24450	215	1907459	24450	226	2005268	24450	237	2104347	24450	248	2202944	24450	259	2300969	24450	271	2407365	24450	282	2504914	24450	
12	106273	26332	23	201637	25239	35	307360	25239	46	404053	25239	57	501072	25239	69	606636	25239	80	703388	25239	92	809020	25239	103	906158	25239	114	1003000	25239	125	1102428	25239	137	1208362	25239	148	1305292	25239	159	1402293	25239	171	1507674	25239	182	1604370	25239	193	1701344	25239	205	1807063	25239	216	1903763	25239	228	2009216	25239	239	2106747	25239	250	2204314	25239	261	2301102	25239	273	2406788	25239	284	2503755	25239	
12	104296	25565	24	208229	25565	35	303268	25565	47	406817	25565	58	501757	25565	70	605563	25565	82	709265	25565	93	804483	25565	105	908699	25565	116	1003942	25565	128	1108114	25565	139	1203311	25565	151	1306890	25565	162	1401930	25565	174	1505752	25565	185	1600625	25565	197	1704388	25565	208	1800735	25565	220	1904663	25565	232	2008393	25565	243	2103420	25565	255	2207102	25565	266	2302219	25565	278	2406130	25565	289	2501450	25565	
12	101232	25100	24	202515	25100	36	303945	25100	48	404915	25100	60	505987	25100	72	606995	25100	84	708338	25100	95	801075	25100	107	902260	25100	119	1003312	25100	131	1104175	25100	143	1205341	25100	155	1306542	25100	167	1407748	25100	179	1508871	25100	190	1601704	25100	202	1702624	25100	214	1803448	25100	226	1906744	25100	237	2000732	25100	249	2101858	25100	261	2203158	25100	273	2304133	25100	285	2405338	25100	297	2506398	25100	
12	104371	25298	24	208877	25298	35	305132	25298	46	401185	25298	58	505343	25298	69	600998	25298	81	705263	25298	92	801673	25298	104	908024	25298	115	1003911	25298	127	1108344	25298	138	1204545	25298	150	1308949	25298	161	1404824	25298	173	1509158	25298	184	1605136	25298	195	1700809	25298	207	1805194	25298	218	1900962	25298	230	2005595	25298	241	2101118	25298	253	2205336	25298	264	2301735	25298	276	2405921	25298	287	2501771	25298	
12	103752	25129	24	206892	25129	35	301604	25129	47	404853	25129	59	507926	25129	70	602575	25129	82	706083	25129	93	800891	25129	105	904156	25129	117	1007671	25129	128	1102326	25129	140	1205340	25129	152	1308625	25129	163	1402911	25129	175	1505942	25129	186	1600587	25129	198	1703538	25129	210	1806505	25129	221	1901214	25129	233	2004676	25129	245	2108288	25129	256	2202940	25129	268	2306003	25129	279	2400915	25129	291	2504371	25129	
12	102620	25094	24	205010	25094	36	307726	25094	47	401603	25094	59	504008	25094	71	606686	25094	82	701087	25094	94	803687	25094	106	906374	25094	118	1008814	25094	129	1102856	25094	141	1205517	25094	153	1308069	25094	164	1402283	25094	176	1504771	25094	188	1606989	25094	199	1703146	25094	211	1807263	25094	222	1901677	25094	234	2004046	25094	246	2106816	25094	257	2200868	25094	269	2303486	25094	281	2405829	25094	293	2508273	25094	
12	102517	25616	24	204926	25616	36	307594	25616	47	401464	25616	59	503820	25616	70	604026	25616	82	708236	25616	93	802132	25616	105	904679	25616	117	1007039	25616	128	1101178	25616	140	1203563	25616	152	1307047	25616	163	1400816	25616	175	1503445	25616	187	1605970	25616	199	1708140	25616	210	1801839	25616	222	1904063	25616	234	2006412	25616	246	2109091	25616	257	2203008	25616	269	2305538	25616	281	2408124	25616	292	2502228	25616	
12	104487	25347	24	209273	25347	35	305083	25347	47	409212	25347	58	504682	25347	70	608939	25347	81	704336	25347	93	808527	25347	104	904016	25347	116	1008466	25347	127	1104217	25347	139	1209221	25347	150	1304702	25347	162	1409104	25347	173	1505013	25347	184	1600915	25347	196	1705500	25347	207	1801080	25347	219	1905222	25347	230	2000682	25347	242	2105309	25347	253	2201092	25347	265	2305541	25347	276	2400992	25347	288	2505290	25347	
12	103387	25118	24	206954	25118	35	301809	25118	47	405111	25118	59	508677	25118	70	603627	25118	82	707037	25118	93	801693	25118	105	905049	25118	117	1008387	25118	128	1103558	25118	140	1207020	25118	151	1301863	25118	163	1405704	25118	174	1502586	25118	186	1605829	25118	198	1709228	25118	209	1803806	25118	221	1907563	25118	232	2002409	25118	244	2105843	25118	255	2200859	25118	267	2304223	25118	279	2407459	25118	290	2502106	25118	
12	101688	25350	24	203559	25350	36	305734	25350	47	400727	25350	59	503268	25350	71	605394	25350	83	707927	25350	94	801651	25350	106	903575	25350	118	1005320	25350	130	1106974	25350	142	1208751	25350	153	1302066	25350	165	1403688	25350	177	1505547	25350	189	1607302	25350	200	1700970	25350	212	1802686	25350	224	1904487	25350	236	2006853	25350	248	2108847	25350	259	2201998	25350	271	2303943	25350	283	2406059	25350	295	2508351	25350	
12	102872	25265	24	205705	25265	36	308346	25265	47	402327	25265	59	504751	25265	71	607156	25265	82	701316	25265	94	804062	25265	106	906909	25265	117	1000919	25265	129	1103395	25265	141	1206148	25265	152	1300999	25265	164	1403859	25265	176	1506642	25265	187	1601165	25265	199	1703971	25265	211	1806527	25265	222	1901227	25265	234	2004020	25265	246	2106629	25265	257	2200970	25265	269	2304166	25265	281	2408827	25265	292	2503172	25265	
177	100370	78	353	200484	78	500	284633	78	528	300562	78	704	400547	78	879	500087	78	1000	568740	78	1056	600448	78	1233	700427	78	1409	800050	78	1500	851693	78	1585	900038	78	1761	1000110	78	1937	1100182	78	2000	1135880	78	2112	1200317	78	2288	1300425	78	2464	1400502	78	2500	1423050	78	2635	1500571	78	2810	1600093	78	2987	1700418	78	3000	1707870	78	3163	1800159	78	3339	1900469	78	3500	1991992	78	3515	2000556	78	3691	2100454	78	3867	2200482	78	4000	2275808	78	4043	2300182	78	4219	2400334	78	4395	2500421	78	
172	100187	66	344	200130	66	500	290875	66	516	300248	66	688	400463	66	860	500416	66	1000	581503	66	1032	600721	66	1201	700552	66	1372	800113	66	1500	874329	66	1544	900074	66	1717	1000348	66	1889	1100340	66	2000	1164771	66	2061	1200260	66	2233	1300247	66	2404	1400409	66	2500	1456380	66	2576	1500337	66	2748	1600261	66	2920	1700326	66	3000	1746840	66	3092	1800235	66	3265	1900407	66	3437	2000471	66	3500	2037120	66	3609	2100410	66	3780	2200110	66	3953	2300446	66	4000	2327774	66	4125	2400434	66	4297	2500202	66	
177	100225	86	353	200058	86	500	283511	86	529	300455	86	704	400438	86	879	500326	86	1000	569142	86	1054	600163	86	1231	700371	86	1408	800581	86	1500	852482	86	1584	900109	86	1761	1000192	86	1938	1100446	86	2000	1135438	86	2115	1200557	86	2292	1300566	86	2468	1400075	86	2500	1418166	86	2645	1500109	86	2821	1600193	86	2996	1700044	86	3000	1702353	86	3173	1800088	86	3349	1900115	86	3500	1985783	86	3526	2000481	86	3703	2100394	86	3877	2200490	86	4000	2270615	86	4052	2300280	86	4229	2400326	86	4406	2500552	86	
179	100384	88	356	200298	62	500	281543	62	533	300110	62	711	400381	62	888	500399	62	1000	563262	62	1066	600367	62	1244	700571	62	1421	800379	62	1500	844728	62	1598	900037	62	1775	1000104	62	1952	1100027	62	2000	1127049	62	2129	1200445	62	2306	1300501	62	2483	1400344	62	2500	1409985	62	2661	1500531	62	2838	1600193	62	3000	1691308	62	3016	1700331	62	3193	1800205	62	3371	1900396	62	3500	1973089	62	3544	2000150	62	3720	2100268	62	3898	2200329	62	4000	2257812	62	4075	2300134	62	4253	2400375	62	4430	2500250	62	
166	100288	87	332	200042	87	499	300352	87	500	300977	87	665	400436	87	832	500199	87	999	600142	87	1000	600767	87	1166	700089	87	1333	800190	87	1500	900193	87	1500	900224	87	1667	1000208	87	1834	1100344	87	1996	1200059	87	2000	1202446	87	2163	1300618	87	2330	1400539	87	2496	1500032	87	2500	1502460	87	2663	1600085	87	2829	1700117	87	2995	1800178	87	3000	1803180	87	3160	1900508	87	3327	2000525	87	3493	2100090	87	3500	2104272	87	3660	2200459	87	3826	2300630	87	3992	2400400	87	4000	2405192	87	4159	2500622	87	
190	100053	88	379	200045	88	500	264083	88	569	300275	88	755	400321	88	944	500136	88	1000	529780	88	1134	600436	88	1324	700533	88	1500	793378	88	1513	800269	88	1704	900483	88	1894	1000391	88	2000	1056276	88	2084	1100490	88	2273	1200196	88	2463	1300381	88	2500	1319804	88	2652	1400050	88	2841	1500393	88	3000	1584022	88	3031	1600428	88	3221	1700388	88	3411	1800551	88	3500	1847362	88	3600	1900192	88	3790	2000107	88	3981	2100543	88	4000	2110544	88	4170	2200439	88	4359	2300076	88	4500	2374472	88	4549	2400275	88	4739	2500163	88	
168	100582	86	335	200491	86	500	299489	86	501	300124	86	669	400139	86	837	500495	86	1000	597750	86	1004	600162	86	1171	700051	86	1339	800307	86	1500	896190	86	1507	900466	86	1675	1000513	86	1842	1100219	86	2000	1194412	86	2010	1200365	86	2178	1300452	86	2345	1400142	86	2500	1492370	86	2513	1500125	86	2681	1600326	86	2849	1700486	86	3000	1790463	86	3017	1800575	86	3185	1900371	86	3353	2000307	86	3500	2087862	86	3521	2100338	86	3688	2200070	86	3855	2300053	86	4000	2386431	86	4023	2400149	86	4191	2500249	86	
183	100480	61	365	200082	61	500	274004	61	548	300272	61	731	400514	61	913	500281	61	1000	547934	61	1096	600471	61	1278	700309	61	1461	800310	61	1500	821673	61	1644	900483	61	1826	1000466	61	2000	1096064	61	2008	1100512	61	2189	1200362	61	2369	1300212	61	2500	1372522	61	2551	1400516	61	2733	1500346	61	2915	1600539	61	3000	1647290	61	3096	1700071	61	3274	1800039	61	3457	1900381	61	3500	1923911	61	3639	2000047	61	3821	2100176	61	4000	2199021	61	4002	2200152	61	4185	2300307	61	4368	2400489	61	4500	2472661	61	4551	2500523	61	
172	100520	88	342	200248	88	500	292430	88	513	300084	88	685	400319	88	856	500121	88	1000	584115	88	1028	600451	88	1197	700187	88	1368	800324	88	1500	877459	88	1539	900405	88	1706	1000541	88	1877	1100475	88	2000	1172257	88	2048	1200349	88	2218	1300336	88	2389	1400439	88	2500	1466410	88	2558	1500356	88	2729	1600573	88	2900	1700297	88	3000	1758715	88	3072	1800458	88	3243	1900237	88	3414	2000258	88	3500	2051095	88	3584	2100255	88	3754	2200085	88	3924	2300339	88	4000	2344894	88	4095	2400402	88	4265	2500395	88	
172	100196	94	341	200126	94	500	292201	94	514	300358	94	687	400374	94	859	500164	94	1000	581845	94	1032	600358	94	1204	700551	94	1376	800284	94	1500	872485	94	1548	900433	94	1721	1000582	94	1892	1100028	94	2000	1162682	94	2065	1200557	94	2237	1300213	94	2409	1400105	94	2500	1453210	94	2581	1500228	94	2753	1600458	94	2925	1700493	94	3000	1744074	94	3097	1800187	94	3270	1900258	94	3443	2000488	94	3500	2033599	94	3614	2100372	94	3787	2200512	94	3958	2300258	94	4000	2324742	94	4130	2400162	94	4303	2500401	94	
203	100229	84	407	200100	84	500	245462	84	612	300118	84	818	400465	84	1000	489455	84	1022	500196	84	1228	600382	84	1432	700108	84	1500	733254	84	1636	800286	84	1841	900436	84	2000	977935	84	2046	1000400	84	2251	1100375	84	2455	1200040	84	2500	1222041	84	2660	1300056	84	2866	1400291	84	3000	1465741	84	3071	1500333	84	3276	1600435	84	3480	1700202	84	3500	1709956	84	3685	1800274	84	3890	1900326	84	4000	1954003	84	4095	2000325	84	4299	2100154	84	4500	2198239	84	4504	2200211	84	4708	2300299	84	4908	2400217	84	5000	2446014	84	5111	2500250	84	
183	100251	82	365	200282	82	500	274821	82	546	300344	82	727	400076	82	910	500176	82	1000	549504	82	1092	600122	82	1274	700297	82	1456	800167	82	1500	824291	82	1638	900251	82	1820	1000257	82	2000	1099171	82	2002	1100303	82	2184	1200483	82	2366	1300431	82	2500	1373999	82	2548	1400311	82	2727	1500155	82	2908	1600247	82	3000	1650778	82	3090	1700246	82	3272	1800162	82	3454	1900552	82	3500	1925884	82	3635	2000145	82	3818	2100265	82	4000	2199945	82	4001	2200521	82	4183	2300046	82	4366	2400518	82	4500	2473915	82	4548	2500211	82	
191	100355	55	382	200501	55	500	262795	55	572	300458	55	763	400341	55	954	500361	55	1000	524308	55	1144	600065	55	1332	700435	55	1500	789040	55	1522	800551	55	1711	900062	55	1899	1000455	55	2000	1053358	55	2090	1100505	55	2281	1200271	55	2472	1300515	55	2500	1315216	55	2663	1400318	55	2854	1500424	55	3000	1577102	55	3044	1600038	55	3233	1700090	55	3422	1800289	55	3500	1841561	55	3612	1900275	55	3802	2000024	55	3994	2100498	55	4000	2103666	55	4184	2200428	55	4375	2300328	55	4500	2365642	55	4566	2400106	55	4757	2500200	55	
200	100496	56	397	200148	56	500	251980	56	596	300409	56	792	400181	56	989	500446	56	1000	506000	56	1188	600377	56	1387	700168	56	1500	756815	56	1587	800424	56	1785	900056	56	1984	1000423	56	2000	1008493	56	2183	1100370	56	2383	1200526	56	2500	1259187	56	2580	1300134	56	2777	1400487	56	2976	1500318	56	3000	1512317	56	3175	1600330	56	3373	1700173	56	3500	1764038	56	3572	1800321	56	3771	1900406	56	3969	2000187	56	4000	2015840	56	4168	2100422	56	4367	2200450	56	4500	2267159	56	4566	2300301	56	4765	2400224	56	4965	2500428	56	
177	100351	62	352	200429	62	500	284445	62	528	300367	62	704	400168	62	881	500578	62	1000	567816	62	1057	600217	62	1233	700360	62	1410	800564	62	1500	851631	62	1586	900472	62	1763	1000567	62	1934	1100233	62	2000	1137898	62	2110	1200259	62	2287	1300570	62	2461	1400033	62	2500	1422312	62	2637	1500528	62	2811	1600236	62	2988	1700228	62	3000	1707005	62	3165	1800325	62	3341	1900442	62	3500	1990336	62	3518	2000562	62	3690	2100198	62	3866	2200299	62	4000	2276065	62	4043	2300411	62	4220	2400466	62	4396	2500057	62	
197	100024	61	395	200447	61	500	253445	61	593	300480	61	790	400022	61	989	500441	61	1000	506096	61	1186	600334	61	1383	700169	61	1500	759546	61	1580	800256	61	1776	900428	61	1972	1000101	61	2000	1014234	61	2170	1100423	61	2368	1200432	61	2500	1269263	61	2560	1300069	61	2758	1400206	61	2956	1500454	61	3000	1522761	61	3153	1600373	61	3351	1700307	61	3500	1775355	61	3549	1800057	61	3747	1900133	61	3944	2000337	61	4000	2028605	61	4142	2100455	61	4339	2200378	61	4500	2281555	61	4537	2300255	61	4735	2400317	61	4932	2500447	61	
193	100184	51	386	200517	51	500	259828	51	578	300269	51	771	400289	51	959	500478	51	1000	521736	51	1150	600032	51	1343	700098	51	1500	781606	51	1536	800336	51	1728	900224	51	1921	1000395	51	2000	1041352	51	2114	1100495	51	2307	1200359	51	2499	1300023	51	2500	1300557	51	2692	1400232	51	2885	1500150	51	3000	1559759	51	3078	1600398	51	3268	1700354	51	3461	1800343	51	3500	1820749	51	3653	1900151	51	3846	2000524	51	4000	2080647	51	4038	2100384	51	4231	2200532	51	4424	2300527	51	4500	2340024	51	4616	2400493	51	4809	2500505	51	
182	100233	58	364	200562	58	500	275496	58	545	300341	58	727	400252	58	909	500460	58	1000	550320	58	1091	600310	58	1273	700390	58	1455	800446	58	1500	825457	58	1636	900284	58	1818	1000313	58	2000	1100419	58	2000	1100446	58	2182	1200531	58	2363	1300244	58	2500	1375872	58	2544	1400260	58	2725	1500133	58	2907	1600125	58	3000	1651272	58	3089	1700313	58	3271	1800307	58	3453	1900532	58	3500	1926362	58	3634	2000249	58	3815	2100023	58	3997	2200415	58	4000	2202085	58	4178	2300265	58	4359	2400171	58	4500	2477776	58	4541	2500325	58	
197	100181	61	394	200091	61	500	253869	61	591	300030	61	788	400138	61	986	500321	61	1000	507401	61	1183	600129	61	1381	700342	61	1500	760586	61	1578	800338	61	1775	900089	61	1972	1000402	61	2000	1014560	61	2169	1100398	61	2367	1200482	61	2500	1267838	61	2564	1300240	61	2761	1400059	61	2959	1500304	61	3000	1521106	61	3156	1600169	61	3353	1700396	61	3500	1775068	61	3549	1800156	61	3741	1900122	61	3937	2000264	61	4000	2032460	61	4133	2100047	61	4330	2200139	61	4500	2286238	61	4528	2300446	61	4725	2400292	61	4922	2500201	61	
179	100375	87	356	200533	87	500	281482	87	534	300537	87	712	400517	87	890	500350	87	1000	562079	87	1068	600155	87	1246	700035	87	1425	800192	87	1500	842067	87	1603	900230	87	1778	1000223	87	1953	1100208	87	2000	1126573	87	2131	1200187	87	2309	1300154	87	2487	1400203	87	2500	1407622	87	2665	1500042	87	2843	1600398	87	3000	1688745	87	3021	1700532	87	3199	1800335	87	3377	1900197	87	3500	1969329	87	3555	2000173	87	3733	2100316	87	3911	2200303	87	4000	2250287	87	4089	2300266	87	4268	2400582	87	4445	2500135	87	
65	100236	337	129	201684	337	192	300194	337	257	400615	337	322	500720	337	387	600791	337	451	700434	337	500	776340	337	516	801118	337	581	901456	337	645	1000432	337	710	1100727	337	775	1200826	337	839	1301266	337	903	1400111	337	968	1500444	337	1000	1549884	337	1033	1601057	337	1098	1701471	337	1162	1800379	337	1227	1901481	337	1291	2001005	337	1355	2100356	337	1420	2200771	337	1485	2301461	337	1500	2324717	337	1549	2400542	337	1614	2501545	337	
57	101472	351	113	201297	351	169	300809	351	225	400549	351	281	500191	351	338	601187	351	394	700710	351	450	800844	351	500	889756	351	506	900475	351	563	1001596	351	619	1101449	351	675	1200877	351	731	1301522	351	787	1401206	351	843	1500560	351	900	1601639	351	955	1700278	351	1000	1780524	351	1011	1800152	351	1068	1901616	351	1124	2000819	351	1180	2100309	351	1237	2201794	351	1293	2301483	351	1347	2400474	351	1403	2500524	351	
59	101721	339	117	201618	339	175	301562	339	233	401565	339	290	500120	339	348	600526	339	406	700553	339	464	800788	339	500	862890	339	522	901112	339	580	1000748	339	638	1100612	339	696	1200360	339	754	1300182	339	813	1401643	339	869	1500386	339	927	1600954	339	985	1701193	339	1000	1726936	339	1043	1801638	339	1101	1901392	339	1159	2001427	339	1217	2101025	339	1275	2201060	339	1333	2300875	339	1391	2401219	339	1449	2501618	339	
63	100549	325	126	200740	325	189	301342	325	251	400207	325	314	501170	325	375	600268	325	437	700411	325	500	801233	325	500	801332	325	563	901561	325	625	1000536	325	688	1101134	325	751	1201610	325	813	1301057	325	875	1400383	325	938	1501060	325	1000	1599954	325	1001	1601642	325	1063	1700413	325	1126	1800662	325	1189	1901581	325	1251	2000245	325	1314	2100759	325	1376	2200137	325	1439	2301078	325	1500	2398637	325	1501	2400344	325	1564	2501057	325	
62	100820	355	123	200358	355	185	301489	355	246	400712	355	307	500100	355	369	600992	355	430	700497	355	492	801542	355	500	814565	355	553	900739	355	614	1000352	355	675	1100170	355	737	1201244	355	798	1300921	355	859	1400294	355	921	1501469	355	982	1601445	355	1000	1631088	355	1043	1701013	355	1104	1800846	355	1165	1900417	355	1227	2001202	355	1288	2101369	355	1346	2200151	355	1402	2301874	355	1457	2401775	355	1500	2480424	355	1511	2500490	355	
58	101008	339	115	200264	339	173	301612	339	230	400869	339	288	501529	339	345	600111	339	403	701120	339	461	801775	339	500	869486	339	518	901272	339	576	1001826	339	633	1101023	339	690	1200131	339	748	1301497	339	805	1400476	339	863	1501290	339	921	1601626	339	978	1700512	339	1000	1738686	339	1036	1801135	339	1094	1901743	339	1151	2000484	339	1209	2100885	339	1265	2201305	339	1322	2300288	339	1380	2401026	339	1437	2500241	339	
63	100626	385	126	200442	385	189	300503	385	252	401464	385	315	501302	385	378	601413	385	440	700426	385	500	796102	385	503	800900	385	566	901124	385	629	1001003	385	692	1101033	385	755	1201341	385	816	1300356	385	878	1400104	385	941	1500427	385	1000	1594596	385	1004	1601029	385	1067	1701159	385	1129	1800181	385	1192	1900447	385	1255	2000282	385	1318	2100451	385	1381	2200964	385	1444	2301411	385	1500	2390348	385	1507	2401528	385	1568	2501487	385	
66	100556	345	132	201104	345	197	300258	345	263	401162	345	327	500920	345	393	601439	345	458	700590	345	500	764710	345	524	801232	345	590	901592	345	655	1000371	345	721	1100495	345	787	1200957	345	853	1301500	345	918	1401108	345	984	1501422	345	1000	1525767	345	1049	1600366	345	1115	1700998	345	1181	1801514	345	1246	1900843	345	1311	2000218	345	1377	2100613	345	1442	2200552	345	1500	2289114	345	1508	2301283	345	1573	2400284	345	1639	2501373	345	
62	100651	369	124	201219	369	186	301076	369	247	400750	369	309	501274	369	370	600338	369	432	700947	369	493	800471	369	500	812000	369	555	901291	369	617	1001670	369	678	1100667	369	740	1201442	369	801	1300215	369	863	1400472	369	925	1500740	369	987	1601221	369	1000	1622420	369	1048	1700297	369	1110	1800849	369	1172	1901326	369	1233	2000127	369	1295	2100409	369	1357	2200911	369	1419	2300977	369	1481	2401151	369	1500	2432125	369	1542	2500205	369	
61	100432	358	122	201454	358	182	300729	358	242	400208	358	303	500159	358	364	600387	358	425	701019	358	485	800597	358	500	825388	358	546	901000	358	607	1001425	358	668	1101777	358	728	1200905	358	789	1301255	358	850	1401640	358	910	1500187	358	971	1600535	358	1000	1648287	358	1032	1701064	358	1090	1800610	358	1151	1901608	358	1212	2001726	358	1272	2100655	358	1333	2200732	358	1394	2300968	358	1455	2401427	358	1500	2475686	358	1515	2500381	358	
63	101141	376	125	200451	376	187	300273	376	249	400152	376	312	500948	376	375	601506	376	436	700667	376	498	800110	376	500	803378	376	561	901500	376	621	1000318	376	684	1101353	376	746	1201005	376	808	1300425	376	871	1401093	376	933	1500762	376	996	1601634	376	1000	1608199	376	1058	1701051	376	1121	1801499	376	1183	1900576	376	1245	2000372	376	1308	2100903	376	1370	2200268	376	1433	2300876	376	1495	2400280	376	1500	2408359	376	1558	2501167	376	
59	101128	333	118	200994	333	177	300190	333	237	400619	333	297	501070	333	357	601525	333	416	700414	333	476	800758	333	500	840951	333	536	901467	333	595	1000694	333	655	1101374	333	714	1200534	333	773	1300895	333	833	1401751	333	892	1501038	333	951	1600141	333	1000	1682642	333	1010	1700252	333	1070	1801114	333	1130	1901511	333	1189	2000457	333	1249	2101065	333	1308	2200136	333	1368	2301410	333	1427	2400361	333	1487	2501258	333	
63	100873	357	125	200120	357	188	301342	357	250	401307	357	312	500180	357	375	601069	357	437	701105	357	500	801652	357	500	801751	357	562	901056	357	625	1001505	357	687	1100353	357	750	1201571	357	812	1300938	357	875	1401480	357	937	1500175	357	999	1600254	357	1000	1601947	357	1062	1701034	357	1124	1800195	357	1187	1900671	357	1249	2000319	357	1312	2101322	357	1373	2200434	357	1435	2300796	357	1497	2400318	357	1500	2405197	357	1560	2500696	357	
64	100746	337	128	201535	337	191	300797	337	255	401347	337	319	501627	337	381	600624	337	445	701355	337	500	787731	337	508	800499	337	572	901133	337	635	1000430	337	699	1101135	337	762	1200486	337	826	1300996	337	888	1400481	337	952	1500957	337	1000	1576720	337	1015	1600338	337	1079	1701015	337	1143	1801528	337	1206	1900400	337	1270	2001165	337	1333	2100303	337	1397	2200854	337	1460	2300183	337	1500	2363128	337	1524	2401211	337	1587	2500941	337	
65	101133	349	129	200927	349	193	300354	349	258	400913	349	322	501008	349	386	601074	349	451	701528	349	500	777553	349	515	800832	349	580	901557	349	644	1000875	349	709	1101537	349	773	1200959	349	837	1300561	349	902	1401411	349	966	1500618	349	1000	1553312	349	1031	1601348	349	1095	1700779	349	1160	1801468	349	1224	1901064	349	1288	2000643	349	1353	2101133	349	1418	2201572	349	1482	2301260	349	1500	2329221	349	1546	2400441	349	1611	2501271	349	
60	100497	355	120	200513	355	180	300680	355	240	401427	355	299	500282	355	359	601545	355	417	701086	355	477	801573	355	500	840475	355	536	900540	355	596	1000673	355	656	1101053	355	716	1201607	355	776	1301555	355	835	1400174	355	895	1501251	355	954	1600348	355	1000	1677010	355	1014	1700501	355	1074	1800558	355	1133	1900882	355	1193	2001017	355	1253	2101292	355	1313	2201623	355	1372	2300131	355	1432	2400406	355	1492	2501164	355	
63	100576	349	126	201007	349	189	301299	349	252	401465	349	314	500364	349	377	600521	349	440	701498	349	500	797003	349	502	800311	349	565	901244	349	627	1000262	349	690	1100221	349	753	1200757	349	816	1301358	349	878	1400176	349	941	1500354	349	1000	1593806	349	1004	1600257	349	1067	1700784	349	1130	1800999	349	1191	1900746	349	1254	2001027	349	1317	2100924	349	1380	2201184	349	1443	2301187	349	1500	2392170	349	1505	2400260	349	1568	2500678	349	
64	101108	375	127	200396	375	191	301375	375	254	400574	375	317	500114	375	380	600369	375	444	701309	375	500	789833	375	507	801073	375	570	900715	375	632	1000758	375	695	1101099	375	758	1200231	375	821	1300122	375	885	1401488	375	948	1501093	375	1000	1583426	375	1011	1600967	375	1074	1700618	375	1138	1801478	375	1201	1901026	375	1264	2000306	375	1327	2100251	375	1390	2200205	375	1454	2301271	375	1500	2373821	375	1517	2400547	375	1581	2501422	375	
65	101032	332	124	200633	332	188	300631	332	253	401558	332	317	501155	332	381	600983	332	445	700698	332	500	786390	332	509	800462	332	573	900094	332	638	1001078	332	702	1101316	332	766	1201174	332	830	1301083	332	894	1400869	332	958	1500743	332	1000	1566287	332	1022	1600613	332	1086	1700575	332	1150	1800689	332	1214	1900502	332	1279	2001594	332	1343	2100820	332	1407	2200653	332	1471	2300454	332	1500	2346253	332	1535	2400844	332	1599	2500446	332	
68	101342	340	135	201366	340	201	300496	340	268	400385	340	335	501222	340	402	601231	340	469	701433	340	500	747662	340	536	801397	340	603	901020	340	670	1000681	340	737	1100489	340	804	1200353	340	871	1300695	340	938	1400467	340	1000	1492574	340	1005	1500215	340	1073	1601499	340	1140	1700906	340	1207	1800513	340	1274	1900373	340	1342	2001194	340	1409	2101223	340	1476	2200959	340	1500	2236766	340	1539	2300647	340	1606	2400995	340	1673	2501548	340	
14	107779	1669	27	207346	1669	40	306920	1669	53	406568	1669	66	506146	1669	79	605900	1669	92	705987	1669	105	805657	1669	118	905401	1669	131	1005321	1669	144	1105261	1669	157	1205332	1669	170	1304916	1669	183	1406491	1669	196	1506707	1669	209	1606385	1669	222	1706173	1669	235	1805824	1669	248	1905416	1669	261	2005423	1669	274	2105411	1669	287	2205732	1669	300	2305553	1669	313	2405296	1669	326	2504957	1669	
14	106187	1769	27	204816	1769	40	304411	1769	53	404990	1769	66	503446	1769	79	602053	1769	92	700824	1769	106	807020	1769	119	905665	1769	132	1004249	1769	145	1102466	1769	158	1200873	1769	172	1306995	1769	185	1405508	1769	198	1503988	1769	211	1602161	1769	224	1700649	1769	238	1806865	1769	251	1905245	1769	264	2004233	1769	277	2102697	1769	290	2201385	1769	304	2307703	1769	317	2406450	1769	330	2504943	1769	
14	105047	1800	27	202665	1800	41	307577	1800	54	405112	1800	67	502481	1800	80	601108	1800	94	706174	1800	107	803970	1800	120	901543	1800	134	1006533	1800	147	1103887	1800	160	1201752	1800	174	1306991	1800	187	1404474	1800	200	1502565	1800	214	1607389	1800	227	1705353	1800	240	1802934	1800	254	1907704	1800	267	2005367	1800	280	2102772	1800	294	2207764	1800	307	2307689	1800	320	2405842	1800	333	2503834	1800	
14	104824	1759	27	201854	1759	41	306639	1759	54	404323	1759	67	501824	1759	81	606408	1759	94	703780	1759	107	801250	1759	121	905975	1759	134	1003324	1759	148	1107867	1759	161	1205290	1759	174	1304929	1759	187	1402635	1759	201	1507518	1759	214	1604843	1759	227	1702177	1759	241	1806699	1759	254	1904128	1759	267	2002559	1759	281	2107402	1759	294	2204944	1759	307	2302114	1759	321	2407446	1759	334	2505094	1759	
14	106558	1726	27	207670	1726	40	307405	1726	53	406163	1726	66	504717	1726	79	603109	1726	92	701868	1726	105	800683	1726	119	906754	1726	132	1005077	1726	145	1103624	1726	158	1202760	1726	171	1301492	1726	185	1407519	1726	198	1506282	1726	211	1604975	1726	224	1703810	1726	237	1802166	1726	251	1908020	1726	264	2006662	1726	277	2104928	1726	290	2203224	1726	303	2301748	1726	316	2400672	1726	330	2506943	1726	
14	105358	1758	27	202983	1758	40	300837	1758	54	405634	1758	67	503300	1758	80	601135	1758	94	706232	1758	107	803942	1758	120	901666	1758	134	1006622	1758	147	1104448	1758	160	1202058	1758	174	1307273	1758	187	1405065	1758	200	1502930	1758	213	1600624	1758	227	1705905	1758	240	1803433	1758	253	1901052	1758	267	2006467	1758	280	2103887	1758	293	2204263	1758	306	2302609	1758	319	2400782	1758	333	2506167	1758	
14	104950	1712	27	202696	1712	41	307662	1712	54	405049	1712	67	502259	1712	81	607064	1712	94	704666	1712	107	802224	1712	121	907184	1712	134	1004688	1712	147	1102115	1712	160	1201656	1712	174	1306730	1712	187	1404429	1712	200	1501969	1712	214	1606827	1712	227	1704195	1712	240	1801638	1712	254	1906723	1712	267	2004661	1712	280	2102419	1712	294	2207973	1712	307	2305476	1712	320	2403157	1712	333	2500617	1712	
14	107367	1712	27	205450	1712	40	302892	1712	53	400564	1712	67	505629	1712	80	603567	1712	93	701171	1712	107	806355	1712	120	903983	1712	133	1002109	1712	147	1107336	1712	160	1204864	1712	173	1303118	1712	186	1400861	1712	200	1506335	1712	213	1604081	1712	226	1701756	1712	240	1806950	1712	253	1904997	1712	266	2002692	1712	280	2107732	1712	293	2205420	1712	306	2303243	1712	319	2400950	1712	333	2506298	1712	
14	106640	1743	27	206285	1743	40	305525	1743	53	404521	1743	66	503707	1743	79	602771	1743	92	702012	1743	105	801551	1743	118	900764	1743	132	1007799	1743	145	1107174	1743	158	1206489	1743	171	1306124	1743	184	1405281	1743	197	1504230	1743	210	1603340	1743	223	1702157	1743	236	1801274	1743	250	1908010	1743	263	2007154	1743	275	2104331	1743	288	2204575	1743	301	2304092	1743	314	2403131	1743	327	2502119	1743	
14	107036	1684	27	206244	1684	40	305537	1684	53	404516	1684	66	503433	1684	79	602483	1684	92	701515	1684	105	800872	1684	119	907549	1684	132	1007126	1684	145	1108045	1684	158	1207081	1684	171	1306157	1684	184	1405334	1684	197	1504436	1684	210	1603666	1684	223	1702865	1684	236	1801684	1684	249	1900657	1684	263	2007615	1684	276	2106531	1684	289	2206308	1684	302	2305252	1684	315	2404254	1684	328	2503572	1684	
14	106298	1705	27	202685	1705	41	305991	1705	54	401910	1705	68	505049	1705	81	601127	1705	95	704667	1705	108	800794	1705	122	904222	1705	136	1007769	1705	149	1103820	1705	163	1207322	1705	176	1303222	1705	190	1406598	1705	203	1502753	1705	217	1605925	1705	230	1702078	1705	244	1806234	1705	257	1902598	1705	271	2006029	1705	284	2102266	1705	298	2206125	1705	311	2302419	1705	325	2406013	1705	338	2502011	1705	
15	106767	1778	29	206036	1778	43	305443	1778	57	404642	1778	71	503783	1778	85	602939	1778	99	702614	1778	113	801465	1778	128	907336	1778	142	1006326	1778	156	1105893	1778	170	1205065	1778	184	1304124	1778	198	1403027	1778	212	1502035	1778	226	1600908	1778	241	1707048	1778	255	1806021	1778	269	1905209	1778	283	2004636	1778	297	2105637	1778	311	2204576	1778	325	2303488	1778	339	2402587	1778	353	2502043	1778	
14	105061	1776	27	202287	1776	41	307108	1776	54	404554	1776	67	502140	1776	81	606837	1776	94	704118	1776	107	801948	1776	121	907092	1776	134	1005805	1776	147	1104536	1776	160	1201875	1776	174	1306869	1776	187	1404681	1776	200	1502187	1776	214	1607264	1776	227	1704648	1776	240	1801970	1776	254	1906623	1776	267	2004384	1776	280	2101487	1776	294	2206603	1776	307	2303728	1776	320	2400973	1776	334	2505912	1776	
14	103916	1737	28	207208	1737	41	302666	1737	55	405558	1737	68	500621	1737	82	603490	1737	96	706247	1737	109	801581	1737	123	904305	1737	137	1007353	1737	150	1103015	1737	164	1205942	1737	177	1301364	1737	191	1404092	1737	205	1506669	1737	218	1602316	1737	232	1705276	1737	245	1800687	1737	259	1903354	1737	273	2006605	1737	286	2102099	1737	300	2204829	1737	314	2307476	1737	327	2402802	1737	341	2505570	1737	
14	101135	1742	28	201554	1742	42	302282	1742	56	402824	1742	70	503371	1742	84	604267	1742	98	705317	1742	112	806455	1742	126	907712	1742	139	1001558	1742	153	1102249	1742	167	1202864	1742	181	1303584	1742	195	1404153	1742	209	1504886	1742	223	1605178	1742	237	1705712	1742	251	1806146	1742	264	1901608	1742	278	2002945	1742	292	2103498	1742	306	2204476	1742	320	2305077	1742	334	2405968	1742	348	2506722	1742	
15	107557	1764	28	200806	1764	42	301630	1764	56	401819	1764	70	502244	1764	84	602312	1764	98	702458	1764	112	802980	1764	126	905568	1764	140	1006118	1764	154	1106335	1764	168	1206918	1764	182	1307287	1764	196	1407557	1764	209	1500986	1764	223	1601787	1764	237	1702486	1764	251	1802876	1764	265	1903597	1764	279	2004005	1764	293	2104221	1764	307	2204625	1764	321	2305328	1764	335	2405584	1764	349	2506016	1764	
15	105537	1725	29	203931	1725	43	302203	1725	57	401094	1725	72	506458	1725	86	604557	1725	100	702852	1725	114	801434	1725	129	906938	1725	143	1005485	1725	157	1103534	1725	171	1201432	1725	186	1306671	1725	200	1404857	1725	214	1503201	1725	228	1601346	1725	243	1706726	1725	257	1804823	1725	271	1903593	1725	285	2002314	1725	299	2100820	1725	314	2205950	1725	328	2304363	1725	342	2403261	1725	356	2501684	1725	
14	101818	1716	28	203613	1716	42	305530	1716	56	406735	1716	69	500753	1716	83	602548	1716	97	704951	1716	111	806462	1716	124	902688	1716	138	1004347	1716	152	1106205	1716	166	1207407	1716	179	1302323	1716	193	1404122	1716	207	1505868	1716	221	1607233	1716	234	1701526	1716	248	1803282	1716	262	1907426	1716	275	2002662	1716	289	2103846	1716	303	2207035	1716	316	2301364	1716	330	2402763	1716	344	2504259	1716	
15	106580	1725	29	205769	1725	43	304783	1725	57	403748	1725	71	503023	1725	85	601943	1725	99	701032	1725	114	807216	1725	127	902299	1725	141	1001473	1725	155	1100917	1725	170	1207117	1725	184	1306017	1725	198	1405274	1725	212	1504541	1725	226	1603505	1725	240	1702480	1725	254	1801475	1725	268	1900491	1725	283	2006988	1725	297	2106179	1725	311	2205302	1725	325	2304426	1725	339	2403516	1725	353	2502297	1725	
15	106532	1715	29	205390	1715	43	303994	1715	57	402385	1715	71	501321	1715	86	606807	1715	100	705742	1715	114	804740	1715	128	903183	1715	142	1001825	1715	156	1100715	1715	171	1206403	1715	185	1304846	1715	199	1403419	1715	213	1502253	1715	227	1600812	1715	242	1706372	1715	256	1804907	1715	270	1903624	1715	284	2002332	1715	298	2100589	1715	313	2206096	1715	327	2304953	1715	341	2403888	1715	355	2502645	1715	
169	100207	236	333	200558	236	495	300027	236	500	303127	236	659	400543	236	822	500401	236	985	600060	236	1000	609268	236	1149	700356	236	1312	800122	236	1475	900514	236	1500	915828	236	1638	1000336	236	1801	1100360	236	1965	1200503	236	2000	1221985	236	2128	1300406	236	2292	1400468	236	2455	1500264	236	2500	1527746	236	2618	1600175	236	2780	1700327	236	2943	1800349	236	3000	1835302	236	3106	1900347	236	3266	2000539	236	3429	2100244	236	3500	2143627	236	3592	2200123	236	3756	2300542	236	3919	2400310	236	4000	2449909	236	4082	2500285	236	
176	100076	233	347	200181	233	500	289383	233	519	300437	233	691	400539	233	862	500201	233	1000	580680	233	1034	600528	233	1205	700075	233	1377	800443	233	1500	872031	233	1548	900136	233	1719	1000076	233	1889	1100482	233	2000	1167346	233	2055	1200101	233	2226	1300332	233	2397	1400575	233	2500	1460652	233	2568	1500059	233	2740	1600585	233	2910	1700133	233	3000	1753095	233	3081	1800254	233	3253	1900542	233	3424	2000484	233	3500	2045404	233	3594	2100207	233	3765	2200035	233	3936	2300211	233	4000	2337632	233	4107	2400268	233	4278	2500241	233	
170	100632	246	334	200628	246	498	300505	246	500	301731	246	658	400264	246	823	500614	246	987	600208	246	1000	608115	246	1151	700284	246	1315	800119	246	1479	900030	246	1500	912951	246	1643	1000205	246	1808	1100324	246	1972	1200452	246	2000	1217551	246	2136	1300208	246	2301	1400445	246	2466	1500491	246	2500	1521154	246	2630	1600162	246	2794	1700381	246	2958	1800330	246	3000	1826050	246	3121	1900171	246	3285	2000094	246	3450	2100501	246	3500	2130866	246	3614	2200342	246	3777	2300492	246	3940	2400100	246	4000	2436824	246	4104	2500088	246	
171	100366	319	337	200250	319	500	298360	319	503	300181	319	668	400089	319	834	500157	319	1000	600369	319	1000	600399	319	1166	700392	319	1332	800342	319	1498	900509	319	1500	901727	319	1664	1000405	319	1830	1100461	319	1995	1200182	319	2000	1203188	319	2161	1300033	319	2328	1400518	319	2494	1500333	319	2500	1503960	319	2660	1600335	319	2826	1700226	319	2992	1800389	319	3000	1805236	319	3157	1900136	319	3323	2000578	319	3489	2100616	319	3500	2107324	319	3654	2200229	319	3820	2300293	319	3986	2400463	319	4000	2409031	319	4150	2500272	319	
169	100120	340	335	200173	340	500	300019	340	500	300050	340	667	400564	340	833	500491	340	999	600339	340	1000	600960	340	1163	700177	340	1329	800538	340	1494	900069	340	1500	903687	340	1660	1000195	340	1826	1100164	340	1992	1200182	340	2000	1204986	340	2158	1300379	340	2324	1400459	340	2488	1500339	340	2500	1507702	340	2651	1600142	340	2815	1700096	340	2978	1800475	340	3000	1813740	340	3144	1900558	340	3310	2000501	340	3476	2100556	340	3500	2115075	340	3642	2200583	340	3807	2300314	340	3973	2400612	340	4000	2416863	340	4139	2500601	340	
167	100490	316	329	200599	316	491	300618	316	500	306161	316	653	400535	316	815	500124	316	978	600516	316	1000	614129	316	1140	700500	316	1302	800388	316	1461	900242	316	1500	924797	316	1622	1000274	316	1785	1100444	316	1947	1200315	316	2000	1233055	316	2109	1300458	316	2270	1400069	316	2431	1500246	316	2500	1543492	316	2592	1600157	316	2755	1700381	316	2917	1800076	316	3000	1851014	316	3080	1900323	316	3243	2000595	316	3405	2100346	316	3500	2158930	316	3567	2200230	316	3730	2300639	316	3892	2400635	316	4000	2467660	316	4053	2500289	316	
165	100483	320	327	200250	320	490	300237	320	500	306354	320	653	400266	320	816	500136	320	980	600500	320	1000	612704	320	1142	700404	320	1303	800236	320	1464	900595	320	1500	922910	320	1626	1000293	320	1789	1100331	320	1952	1200481	320	2000	1229864	320	2115	1300383	320	2278	1400139	320	2441	1500417	320	2500	1536667	320	2604	1600470	320	2767	1700359	320	2930	1800249	320	3000	1843152	320	3094	1900548	320	3257	2000471	320	3420	2100569	320	3500	2149804	320	3583	2200592	320	3746	2300405	320	3908	2400149	320	4000	2457068	320	4070	2500111	320	
166	100544	400	326	200351	400	487	300145	400	500	308229	400	648	400097	400	809	500572	400	969	600153	400	1000	619554	400	1130	700297	400	1291	800347	400	1452	900471	400	1500	930364	400	1612	1000316	400	1772	1100499	400	1932	1200272	400	2000	1242475	400	2093	1300228	400	2254	1400199	400	2415	1500229	400	2500	1553047	400	2576	1600162	400	2737	1700092	400	2898	1800283	400	3000	1863846	400	3058	1900034	400	3220	2000501	400	3379	2100043	400	3500	2175144	400	3541	2200597	400	3698	2300448	400	3857	2400322	400	4000	2489456	400	4017	2500060	400	
171	100220	509	337	200132	509	500	298032	509	504	300470	509	669	400261	509	836	500191	509	1000	598439	509	1003	600274	509	1170	700302	509	1336	800049	509	1500	898644	509	1503	900491	509	1669	1000590	509	1834	1100279	509	2000	1199669	509	2001	1200305	509	2168	1300515	509	2334	1400166	509	2496	1500538	509	2500	1502940	509	2661	1600489	509	2827	1700160	509	2993	1800221	509	3000	1804448	509	3158	1900043	509	3325	2000270	509	3491	2100074	509	3500	2105510	509	3657	2200076	509	3823	2300245	509	3990	2400449	509	4000	2406529	509	4157	2500559	509	
166	100197	535	326	200087	535	487	300078	535	500	308088	535	649	400115	535	812	500611	535	972	600211	535	1000	617782	535	1130	700184	535	1292	800320	535	1454	900496	535	1500	928976	535	1615	1000251	535	1777	1100478	535	1939	1200357	535	2000	1238185	535	2101	1300594	535	2263	1400618	535	2422	1500151	535	2500	1548275	535	2584	1600251	535	2746	1700620	535	2908	1800514	535	3000	1857240	535	3070	1900368	535	3232	2000481	535	3392	2100315	535	3500	2166930	535	3554	2200378	535	3716	2300378	535	3877	2400068	535	4000	2476200	535	4039	2500206	535	
57	100452	2226	110	201975	2226	162	301509	2226	214	401254	2226	266	501366	2226	318	601596	2226	370	701089	2226	422	800391	2226	475	901803	2226	500	950126	2226	527	1001755	2226	579	1101585	2226	631	1201408	2226	683	1301154	2226	735	1400732	2226	787	1500329	2226	840	1601995	2226	891	1700121	2226	944	1801431	2226	996	1900990	2226	1000	1908818	2226	1048	2000700	2226	1100	2100699	2226	1152	2200202	2226	1205	2301744	2226	1257	2401728	2226	1309	2501307	2226	
59	101620	2441	112	200598	2441	166	301692	2441	219	401476	2441	272	500627	2441	326	601592	2441	379	701528	2441	432	800642	2441	485	900317	2441	500	928624	2441	539	1001437	2441	592	1100426	2441	646	1201643	2441	699	1301146	2441	752	1400600	2441	805	1500851	2441	858	1600142	2441	912	1701899	2441	965	1801495	2441	1000	1867685	2441	1018	1901770	2441	1070	2001560	2441	1123	2100964	2441	1176	2200523	2441	1229	2300320	2441	1282	2400381	2441	1335	2500121	2441	
59	100719	1676	112	201164	1676	165	301154	1676	218	401165	1676	269	500121	1676	322	600449	1676	375	700829	1676	428	801097	1676	481	901431	1676	500	937703	1676	533	1000478	1676	584	1100145	1676	637	1201106	1676	690	1301920	1676	743	1401946	1676	795	1500407	1676	848	1600450	1676	901	1700763	1676	954	1800760	1676	1000	1887782	1676	1007	1901093	1676	1060	2001190	1676	1113	2101769	1676	1165	2201063	1676	1218	2301657	1676	1271	2401972	1676	1323	2500532	1676	
58	101978	2136	109	201049	2136	160	301415	2136	212	401241	2136	264	501219	2136	316	600841	2136	368	701046	2136	420	801184	2136	472	901731	2136	500	955448	2136	524	1001821	2136	575	1100206	2136	627	1200226	2136	679	1300448	2136	731	1401210	2136	783	1501325	2136	835	1600935	2136	887	1700946	2136	939	1800813	2136	991	1900598	2136	1000	1917958	2136	1043	2000323	2136	1095	2100542	2136	1147	2200484	2136	1199	2301153	2136	1251	2401117	2136	1303	2501105	2136	
58	101084	2153	110	201394	2153	162	301825	2153	214	401742	2153	266	501364	2153	318	601584	2153	370	701659	2153	422	801910	2153	473	900314	2153	500	952590	2153	525	1001269	2153	577	1101811	2153	628	1200291	2153	680	1300422	2153	732	1400376	2153	784	1500719	2153	836	1601219	2153	888	1701349	2153	940	1801975	2153	991	1900805	2153	1000	1918240	2153	1043	2001103	2153	1095	2101603	2153	1147	2201632	2153	1199	2301743	2153	1247	2401927	2153	1298	2500764	2153	
57	100657	2286	110	201850	2286	162	301315	2286	214	400923	2286	267	502003	2286	319	601030	2286	372	701972	2286	424	800988	2286	476	900302	2286	500	945943	2286	529	1001271	2286	581	1101017	2286	633	1200418	2286	685	1300388	2286	737	1400137	2286	789	1501425	2286	841	1600765	2286	894	1701945	2286	946	1800979	2286	999	1901803	2286	1000	1903810	2286	1051	2001615	2286	1103	2101081	2286	1155	2200480	2286	1208	2301725	2286	1260	2400984	2286	1313	2501781	2286	
57	100135	2289	110	200473	2289	163	301199	2289	216	401357	2289	269	501834	2289	321	600394	2289	373	701803	2289	425	800287	2289	478	900814	2289	500	942543	2289	531	1001221	2289	583	1100292	2289	636	1201046	2289	688	1300312	2289	741	1400748	2289	794	1501367	2289	847	1601789	2289	899	1700154	2289	952	1800798	2289	1000	1891702	2289	1005	1901202	2289	1057	2000260	2289	1110	2100855	2289	1163	2201030	2289	1216	2301564	2289	1268	2400616	2289	1321	2500577	2289	
58	100419	1954	112	201414	1909	165	301114	1909	218	401231	1909	271	501441	1909	324	601473	1909	377	701934	1909	429	800970	1909	482	900863	1909	500	935135	1909	534	1000274	1909	587	1100217	1909	640	1200444	1909	693	1300562	1909	746	1400622	1909	799	1501023	1909	852	1601038	1909	905	1700898	1909	958	1800872	1909	1000	1879873	1909	1011	1900774	1909	1064	2001321	1909	1117	2101368	1909	1170	2201383	1909	1223	2301291	1909	1276	2401344	1909	1329	2501430	1909	
58	101486	1579	110	200708	1579	163	301820	1579	215	401228	1579	267	500743	1579	320	601617	1579	372	700887	1579	424	800239	1579	477	901536	1579	500	945569	1579	529	1000939	1579	581	1100136	1579	634	1201226	1579	686	1300350	1579	739	1401194	1579	791	1500347	1579	844	1601691	1579	896	1700932	1579	949	1801819	1579	1000	1899150	1579	1001	1901152	1579	1052	2000683	1579	1105	2101848	1579	1157	2201285	1579	1209	2300270	1579	1262	2401608	1579	1314	2500666	1579	
58	100176	1401	111	201364	1401	163	300774	1401	216	401999	1401	268	501362	1401	320	600627	1401	373	701887	1401	425	801553	1401	477	901348	1401	500	945381	1401	529	1000848	1401	581	1101775	1401	633	1201606	1401	685	1300806	1401	737	1400134	1401	790	1501528	1401	842	1600953	1401	894	1700220	1401	947	1801346	1401	999	1900241	1401	1000	1902242	1401	1052	2001553	1401	1104	2100785	1401	1156	2200179	1401	1209	2301028	1401	1261	2400283	1401	1314	2501608	1401	
12	105804	50387	23	201876	50387	35	305986	50387	46	401485	50387	58	505608	50387	69	601026	50387	81	705925	50387	92	801706	50387	104	906200	50387	115	1001488	50387	127	1106109	50387	138	1201565	50387	150	1305680	50387	161	1401211	50387	173	1505671	50387	184	1601145	50387	196	1705576	50387	207	1801128	50387	219	1905346	50387	230	2001069	50387	242	2105275	50387	253	2200745	50387	265	2305067	50387	276	2400661	50387	288	2504758	50387	
12	105248	49956	23	201072	49956	35	305642	49956	46	401451	49956	58	506982	49956	69	603168	49956	81	707718	49956	92	803540	49956	104	908203	49956	115	1004114	49956	127	1108817	49956	138	1204690	49956	149	1300653	49956	161	1405458	49956	172	1502336	49956	184	1607550	49956	195	1703350	49956	207	1808055	49956	218	1903638	49956	230	2008018	49956	241	2106015	49956	252	2202581	49956	264	2307040	49956	275	2403661	49956	287	2508883	49956	
12	103743	50094	24	207551	50094	35	302802	50094	47	406650	50094	58	501573	50094	70	605402	50094	82	709042	50094	93	804004	50094	105	907562	50094	116	1003904	50094	128	1108996	50094	139	1203802	50094	151	1307149	50094	162	1402695	50094	174	1506183	50094	185	1601368	50094	197	1704679	50094	209	1808118	50094	220	1903215	50094	232	2007001	50094	243	2101798	50094	255	2206015	50094	266	2301040	50094	278	2404840	50094	290	2508495	50094	
12	104631	50271	24	208857	50271	35	304415	50271	47	408546	50271	58	504375	50271	70	608717	50271	81	704347	50271	93	808297	50271	104	904042	50271	116	1008252	50271	127	1103923	50271	139	1208419	50271	150	1304078	50271	162	1408345	50271	173	1504057	50271	185	1608427	50271	196	1703925	50271	208	1808037	50271	219	1903852	50271	231	2008232	50271	242	2103794	50271	254	2208001	50271	265	2303890	50271	277	2408489	50271	288	2504359	50271	
12	104381	49591	24	208291	49591	35	303621	49591	47	407211	49591	58	502071	49591	70	605934	49591	81	701291	49591	93	804855	49591	105	908492	49591	116	1003532	49591	128	1107137	49591	139	1202426	49591	151	1306327	49591	162	1401665	49591	174	1505323	49591	186	1608937	49591	197	1704017	49591	209	1807754	49591	220	1905323	49591	232	2008967	49591	243	2103951	49591	255	2207746	49591	266	2302959	49591	278	2406917	49591	289	2502126	49591	
12	105044	50128	23	201212	50128	35	306188	50128	46	402545	50128	58	507378	50128	69	603674	50128	81	708758	50128	92	804687	50128	103	903800	50128	115	1008728	50128	126	1104804	50128	137	1201067	50128	149	1306108	50128	160	1402488	50128	172	1507638	50128	183	1603510	50128	195	1708314	50128	206	1804590	50128	217	1900873	50128	229	2006006	50128	240	2102233	50128	252	2207199	50128	263	2303622	50128	275	2408583	50128	286	2505326	50128	
12	104305	50437	24	208334	50437	35	304086	50437	47	407818	50437	58	502991	50437	70	607098	50437	81	702459	50437	93	806760	50437	104	902010	50437	116	1005630	50437	127	1101395	50437	139	1205486	50437	150	1301330	50437	162	1405052	50437	174	1508895	50437	185	1604285	50437	197	1707906	50437	208	1803257	50437	220	1907839	50437	231	2002955	50437	243	2106576	50437	254	2202482	50437	266	2306620	50437	277	2401839	50437	289	2505780	50437	
12	104915	50327	23	201005	50327	35	305419	50327	46	401309	50327	58	505971	50327	69	602235	50327	81	706832	50327	92	802899	50327	104	907613	50327	115	1003754	50327	127	1108367	50327	138	1204463	50327	150	1308927	50327	161	1405438	50327	172	1501458	50327	184	1606081	50327	195	1702403	50327	207	1809225	50327	218	1905885	50327	229	2002029	50327	241	2106880	50327	252	2203412	50327	264	2308423	50327	275	2404427	50327	286	2500636	50327	
12	104833	50194	23	200902	50194	35	305507	50194	46	401192	50194	58	506007	50194	69	602193	50194	80	700825	50194	92	805454	50194	103	901063	50194	115	1005557	50194	126	1101119	50194	138	1205681	50194	149	1301468	50194	161	1406215	50194	172	1502249	50194	184	1606840	50194	195	1702935	50194	207	1807708	50194	218	1903366	50194	230	2007578	50194	241	2103272	50194	253	2207976	50194	264	2303654	50194	276	2408168	50194	287	2504267	50194	
12	103927	50329	24	207941	50329	35	303417	50329	47	407135	50329	58	502704	50329	70	607143	50329	81	702597	50329	93	806363	50329	104	902024	50329	116	1006054	50329	127	1101195	50329	139	1205214	50329	151	1309040	50329	162	1404642	50329	174	1508618	50329	185	1604015	50329	197	1708285	50329	208	1803702	50329	220	1907520	50329	231	2002659	50329	243	2106532	50329	254	2202230	50329	266	2306248	50329	277	2401276	50329	289	2505201	50329	
