wersja nr 2;wspolczynnik mutacji 6.400000;wielkosc populacji 10
1539	100060	286	3069	200015	271	4612	300035	271	6151	400024	268	7693	500039	263	9231	600035	221	10771	700057	216	12309	800033	216	13848	900057	216	15382	1000034	203	16923	1100030	203	18459	1200009	203	20004	1300009	203	21553	1400060	203	23103	1500019	203	24646	1600013	195	26185	1700054	189	27716	1800012	189	29262	1900022	189	30798	2000030	180	32341	2100023	180	33874	2200014	180	35404	2300036	180	36946	2400004	180	38493	2500050	180	40035	2600069	180	41582	2700027	180	43116	2800056	180	44651	2900012	180	46200	3000005	180	47739	3100060	180	49268	3200023	180	50772	3300048	180	52314	3400027	180	53857	3500029	180	
1546	100049	368	3074	200038	292	4621	300055	292	6172	400006	277	7719	500066	277	9272	600021	277	10823	700039	203	12370	800051	201	13916	900011	201	15470	1000059	201	17024	1100043	201	18575	1200027	201	20122	1300066	201	21669	1400028	201	23205	1500058	201	24754	1600057	201	26304	1700032	201	27861	1800011	201	29408	1900040	201	30951	2000019	201	32497	2100051	201	34040	2200008	201	35598	2300048	201	37149	2400054	201	38686	2500061	201	40232	2600042	193	41785	2700006	189	43324	2800063	189	44860	2900050	189	46393	3000023	188	47943	3100061	188	49493	3200060	188	51027	3300041	188	52559	3400013	188	54099	3500006	188	
1531	100033	353	3068	200062	301	4601	300004	241	6134	400013	238	7657	500040	222	9191	600026	222	10727	700018	222	12266	800053	222	13796	900021	222	15333	1000053	222	16868	1100007	222	18398	1200023	222	19930	1300034	219	21465	1400016	215	23004	1500068	215	24535	1600017	215	26078	1700036	215	27617	1800008	211	29159	1900038	182	30709	2000051	168	32255	2100048	168	33795	2200057	168	35339	2300040	168	36868	2400035	168	38409	2500039	168	39954	2600057	168	41498	2700035	168	43041	2800005	168	44583	2900020	168	46125	3000019	168	47672	3100034	168	49218	3200058	168	50764	3300057	164	52304	3400004	164	53845	3500044	164	
1552	100051	321	3104	200019	279	4651	300039	223	6189	400033	208	7708	500049	208	9243	600034	189	10783	700009	189	12309	800062	189	13840	900060	189	15375	1000010	189	16914	1100068	189	18451	1200040	189	19990	1300031	178	21529	1400070	178	23066	1500049	178	24605	1600015	178	26130	1700013	178	27676	1800035	178	29218	1900035	178	30758	2000070	178	32295	2100020	178	33845	2200038	178	35381	2300030	178	36918	2400022	178	38447	2500013	178	39992	2600037	178	41525	2700036	178	43063	2800015	178	44611	2900019	178	46160	3000065	178	47699	3100042	178	49231	3200040	178	50759	3300008	178	52304	3400044	178	53846	3500053	178	
1543	100024	405	3071	200014	401	4602	300036	343	6145	400018	342	7680	500045	342	9221	600009	342	10765	700004	331	12307	800035	325	13856	900033	291	15400	1000004	263	16937	1100064	263	18482	1200026	263	20029	1300019	263	21583	1400006	254	23140	1500028	253	24683	1600037	249	26234	1700028	249	27779	1800022	249	29327	1900051	235	30859	2000040	235	32406	2100064	231	33958	2200015	231	35507	2300042	231	37035	2400058	231	38566	2500049	231	40109	2600064	231	41652	2700011	231	43173	2800020	231	44709	2900026	231	46259	3000023	231	47812	3100049	219	49349	3200042	219	50892	3300046	219	52441	3400055	219	53987	3500043	219	
1619	100053	276	3236	200015	250	4847	300017	250	6466	400009	240	8088	500018	219	9711	600061	219	11316	700063	219	12928	800035	206	14539	900062	206	16146	1000041	206	17763	1100054	206	19373	1200057	206	20979	1300008	206	22593	1400040	212	24214	1500027	212	25817	1600045	212	27428	1700023	212	29051	1800011	212	30667	1900046	212	32273	2000059	212	33888	2100042	212	35505	2200037	212	37119	2300009	212	38734	2400063	206	40345	2500042	206	41960	2600005	206	43578	2700012	206	45194	2800055	206	46802	2900005	206	48417	3000056	206	50029	3100038	206	51654	3200038	206	53272	3300041	206	54888	3400037	206	56503	3500052	206	
1631	100065	265	3250	200025	229	4863	300042	219	6460	400058	219	8082	500057	219	9691	600015	219	11293	700045	219	12903	800021	224	14510	900059	213	16112	1000019	204	17726	1100046	204	19341	1200011	205	20955	1300036	205	22556	1400013	205	24177	1500022	205	25797	1600016	205	27423	1700039	205	29037	1800042	205	30644	1900031	205	32267	2000017	205	33877	2100057	203	35487	2200050	203	37100	2300037	203	38719	2400036	203	40326	2500032	203	41939	2600054	203	43548	2700023	203	45153	2800041	203	46761	2900007	203	48377	3000029	203	49986	3100033	203	51593	3200034	203	53202	3300010	203	54816	3400013	203	56423	3500034	203	
1625	100008	375	3248	200013	369	4868	300037	339	6465	400025	310	8072	500040	269	9688	600063	269	11303	700024	269	12921	800023	269	14529	900051	269	16142	1000058	269	17759	1100014	266	19381	1200051	260	20998	1300064	249	22611	1400027	226	24232	1500011	217	25845	1600017	191	27454	1700038	187	29069	1800054	187	30673	1900026	187	32290	2000044	187	33902	2100023	187	35522	2200017	187	37143	2300057	187	38758	2400055	187	40362	2500010	187	41968	2600058	187	43582	2700007	187	45191	2800008	187	46796	2900006	187	48406	3000057	187	50025	3100052	187	51639	3200054	187	53237	3300063	187	54856	3400038	187	56478	3500030	187	
1617	100034	309	3214	200010	309	4818	300038	284	6438	400027	284	8063	500020	209	9672	600066	189	11273	700026	189	12875	800035	189	14472	900045	189	16069	1000013	189	17676	1100017	189	19283	1200019	189	20891	1300014	189	22488	1400059	189	24102	1500019	189	25711	1600017	189	27317	1700005	189	28934	1800010	189	30538	1900004	189	32149	2000023	189	33748	2100029	189	35340	2200035	189	36950	2300011	189	38546	2400010	189	40158	2500008	189	41771	2600035	189	43381	2700053	189	44988	2800024	189	46566	2900058	189	48169	3000061	189	49786	3100053	189	51392	3200040	189	53005	3300019	189	54613	3400024	189	56216	3500014	189	
1622	100016	329	3231	200045	232	4825	300062	232	6446	400012	237	8066	500014	232	9684	600007	225	11296	700005	216	12903	800021	216	14508	900040	216	16117	1000053	216	17731	1100060	217	19342	1200049	217	20949	1300045	217	22547	1400013	217	24154	1500028	217	25765	1600042	205	27373	1700039	205	28982	1800013	205	30596	1900033	194	32204	2000063	194	33817	2100022	194	35433	2200018	194	37046	2300052	194	38658	2400010	194	40269	2500023	194	41880	2600023	194	43485	2700052	194	45091	2800037	194	46699	2900023	194	48306	3000031	194	49922	3100067	194	51525	3200055	194	53136	3300063	194	54752	3400036	194	56357	3500068	194	
513	100165	5153	1028	200064	5153	1535	300046	4927	2044	400187	4834	2557	500091	4730	3069	600018	4730	3588	700046	4730	4108	800192	4730	4621	900017	4730	5137	1000039	4730	5653	1100163	4730	6167	1200174	4712	6677	1300106	4669	7193	1400155	4669	7699	1500151	4669	8213	1600177	4668	8724	1700173	4668	9237	1800085	4638	9752	1900153	4638	10256	2000037	4364	10768	2100197	4364	11282	2200121	4340	11793	2300198	4340	12303	2400046	4340	12819	2500090	4340	13331	2600099	4340	13843	2700095	4243	14349	2800035	4209	14864	2900173	4177	15376	3000193	4177	15886	3100178	4177	16400	3200208	4177	16909	3300022	4177	17414	3400035	4169	17930	3500200	4169	
515	100079	5140	1029	200112	4820	1540	300076	4693	2048	400051	4656	2560	500028	4641	3062	600045	4641	3574	700106	4641	4080	800106	4583	4590	900068	4466	5099	1000174	4213	5598	1100106	3946	6104	1200082	3772	6616	1300032	3772	7125	1400168	3772	7639	1500046	3772	8149	1600052	3772	8661	1700186	3772	9174	1800163	3772	9685	1900152	3772	10194	2000195	3772	10705	2100095	3772	11215	2200051	3772	11728	2300126	3772	12243	2400181	3772	12752	2500039	3772	13263	2600020	3772	13774	2700181	3686	14282	2800088	3686	14791	2900054	3686	15305	3000212	3652	15814	3100045	3652	16328	3200055	3652	16841	3300052	3652	17349	3400190	3629	17862	3500059	3629	
513	100197	5189	1030	200170	5002	1542	300066	5002	2056	400111	4924	2564	500079	4924	3082	600074	4924	3600	700156	4924	4115	800115	4880	4629	900192	4873	5144	1000183	4857	5647	1100046	4767	6154	1200193	4767	6660	1300083	4767	7173	1400208	4767	7687	1500149	4767	8201	1600090	4574	8711	1700191	4516	9224	1800054	4221	9734	1900107	4122	10248	2000058	3978	10762	2100124	3911	11273	2200071	3911	11781	2300067	3911	12293	2400163	3874	12804	2500147	3874	13317	2600142	3874	13834	2700105	3874	14346	2800190	3874	14850	2900029	3874	15365	3000188	3874	15876	3100094	3874	16391	3200171	3874	16907	3300198	3874	17419	3400142	3874	17925	3500166	3874	
517	100204	5100	1032	200160	5066	1544	300152	5064	2057	400052	4943	2571	500187	4943	3078	600168	4943	3589	700054	4936	4103	800188	4936	4601	900105	4896	5110	1000169	4886	5621	1100063	4575	6136	1200025	4565	6641	1300085	4565	7151	1400210	4542	7664	1500178	4542	8180	1600189	4542	8699	1700158	4542	9216	1800087	4542	9733	1900122	4542	10245	2000117	4542	10750	2100017	4542	11267	2200210	4542	11783	2300138	4542	12297	2400207	4542	12813	2500205	4542	13323	2600162	4469	13834	2700197	4469	14348	2800161	4469	14860	2900173	4469	15369	3000019	4469	15886	3100128	4446	16402	3200163	4446	16914	3300196	4446	17426	3400101	4446	17939	3500099	4446	
515	100115	5054	1019	200194	5054	1534	300020	5054	2053	400183	5054	2568	500157	5028	3073	600186	4915	3586	700112	4811	4103	800107	4768	4617	900197	4768	5133	1000199	4768	5650	1100134	4768	6155	1200061	4705	6670	1300136	4666	7179	1400051	4666	7692	1500147	4567	8203	1600204	4567	8719	1700049	4552	9236	1800019	4534	9748	1900117	4365	10260	2000140	4279	10777	2100090	4279	11290	2200123	4216	11796	2300131	4216	12301	2400107	4214	12818	2500166	4199	13335	2600069	4167	13847	2700196	3983	14359	2800151	3983	14871	2900108	3983	15384	3000083	3983	15898	3100137	3983	16410	3200056	3983	16925	3300074	3883	17441	3400128	3883	17946	3500073	3883	
527	100147	5037	1053	200171	5037	1573	300131	5037	2092	400165	5037	2608	500048	5037	3139	600198	5037	3649	700048	5037	4174	800168	5037	4701	900168	5037	5229	1000175	5037	5755	1100203	5037	6279	1200158	5037	6798	1300075	5037	7321	1400026	5037	7847	1500140	5037	8371	1600148	5037	8899	1700171	5037	9424	1800103	5037	9952	1900143	5037	10474	2000129	5037	10996	2100121	5037	11518	2200054	5037	12046	2300125	5037	12576	2400100	5037	13105	2500093	5037	13633	2600146	5037	14158	2700144	5037	14683	2800115	5037	15208	2900112	5037	15735	3000033	5037	16264	3100204	5037	16783	3200071	5037	17301	3300184	5037	17823	3400149	5037	18345	3500155	5037	
530	100032	5037	1057	200101	5037	1578	300066	5037	2099	400159	5037	2626	500095	5037	3140	600051	5037	3660	700171	5037	4183	800030	5037	4709	900109	5037	5234	1000143	5037	5755	1100127	5037	6280	1200166	5037	6801	1300140	5037	7326	1400155	5037	7849	1500201	5037	8377	1600178	5037	8903	1700102	5037	9428	1800032	5037	9956	1900147	5037	10478	2000185	5037	10999	2100136	5037	11522	2200187	5037	12043	2300126	5037	12563	2400126	5037	13086	2500065	5037	13609	2600070	5037	14130	2700153	5037	14647	2800070	5037	15172	2900040	5037	15699	3000019	5037	16226	3100160	5037	16751	3200077	5037	17278	3300029	5037	17801	3400159	5037	18324	3500022	5037	
517	100042	5037	1043	200072	5037	1572	300038	5037	2102	400125	5037	2627	500136	5037	3137	600109	5037	3659	700045	5037	4179	800119	5037	4698	900177	5037	5212	1000070	5037	5741	1100180	5037	6265	1200015	5037	6790	1300164	5037	7314	1400122	5037	7842	1500069	5037	8359	1600083	5037	8884	1700077	5037	9410	1800073	5037	9935	1900186	5037	10464	2000119	5037	10990	2100184	5037	11513	2200077	5037	12038	2300038	5037	12560	2400175	5037	13082	2500180	5037	13609	2600204	5037	14135	2700076	5037	14661	2800024	5037	15187	2900161	5037	15709	3000093	5037	16231	3100091	5037	16754	3200055	5037	17279	3300105	5037	17806	3400141	5037	18327	3500046	5037	
526	100154	5037	1046	200142	5037	1562	300041	5037	2087	400142	5037	2608	500126	5037	3134	600172	5037	3660	700170	5037	4179	800175	5037	4701	900191	5037	5223	1000096	5037	5750	1100093	5037	6273	1200146	5037	6793	1300136	5037	7316	1400186	5037	7842	1500046	5037	8368	1600061	5037	8887	1700016	5037	9405	1800043	5037	9927	1900194	5037	10445	2000126	5037	10969	2100097	5037	11495	2200151	5037	12019	2300082	5037	12543	2400069	5037	13071	2500037	5037	13599	2600080	5037	14125	2700209	5037	14647	2800116	5037	15166	2900091	5037	15689	3000048	5037	16203	3100096	5037	16724	3200159	5037	17250	3300037	5037	17768	3400113	5037	18282	3500184	5037	
528	100195	5037	1049	200124	5037	1577	300077	5037	2105	400154	5037	2633	500090	5037	3152	600045	5037	3680	700188	5037	4203	800073	5037	4726	900106	5037	5245	1000180	5037	5765	1100183	5037	6288	1200178	5037	6811	1300131	5037	7324	1400184	5037	7847	1500092	5037	8373	1600178	5037	8898	1700019	5037	9421	1800128	5037	9945	1900084	5037	10469	2000113	5037	10998	2100164	5037	11519	2200035	5037	12047	2300101	5037	12569	2400145	5037	13094	2500044	5037	13621	2600087	5037	14143	2700053	5037	14664	2800104	5037	15189	2900022	5037	15717	3000157	5037	16239	3100032	5037	16767	3200071	5037	17295	3300166	5037	17823	3400040	5037	18350	3500073	5037	
112	100581	25272	223	200226	25272	335	300804	25272	446	400584	25272	557	500614	25272	669	600783	25272	782	700777	25272	893	800572	25272	1005	900639	25272	1116	1000604	25272	1227	1100190	25272	1339	1200734	25272	1450	1300278	25272	1562	1400338	25272	1673	1500270	25272	1784	1601007	25272	1894	1700589	25272	2005	1800956	25272	2115	1900862	25272	2226	2000412	25272	2337	2100186	25272	2447	2200328	25272	2556	2300260	25272	2667	2400158	25272	2778	2500974	25272	2888	2600368	25272	2999	2700196	25272	3111	2800696	25272	3223	2900258	25272	3336	3000805	25272	3447	3100566	25272	3558	3200771	25272	3670	3300922	25272	3781	3400874	25272	3893	3500670	25272	
112	100483	25272	224	200695	25272	335	300267	25272	446	400111	25272	558	500640	25272	669	600566	25272	780	700536	25272	892	800293	25272	1004	900299	25272	1116	1000430	25272	1227	1100353	25272	1338	1200412	25272	1450	1300312	25272	1561	1400092	25272	1673	1500777	25272	1785	1600631	25272	1897	1700519	25272	2008	1800853	25272	2119	1900348	25272	2231	2000758	25272	2343	2100652	25272	2455	2200935	25272	2567	2300852	25272	2678	2400568	25272	2788	2500449	25272	2901	2600608	25272	3014	2700726	25272	3126	2800161	25272	3239	2900829	25272	3350	3000594	25272	3462	3100098	25272	3573	3200142	25272	3685	3300248	25272	3797	3400953	25272	3908	3500381	25272	
111	100882	25272	223	200612	25272	335	300966	25272	446	400475	25272	557	500506	25272	668	600365	25272	781	700843	25272	892	800182	25272	1004	900954	25272	1114	1000424	25272	1225	1100228	25272	1336	1200092	25272	1446	1300871	25272	1556	1400264	25272	1668	1500605	25272	1778	1600721	25272	1889	1700345	25272	2001	1800603	25272	2112	1900930	25272	2223	2000968	25272	2335	2100435	25272	2447	2200700	25272	2557	2300164	25272	2668	2400540	25272	2779	2500372	25272	2891	2600130	25272	3003	2700472	25272	3115	2800473	25272	3227	2900702	25272	3339	3000602	25272	3450	3100854	25272	3561	3200308	25272	3672	3300676	25272	3782	3400528	25272	3893	3500694	25272	
111	100601	25272	221	200266	25272	333	300454	25272	444	400667	25272	555	500732	25272	666	600848	25272	777	700739	25272	888	800183	25272	1000	900555	25272	1111	1000466	25272	1223	1100470	25272	1335	1200298	25272	1447	1300423	25272	1559	1400977	25272	1671	1500424	25272	1782	1600465	25272	1893	1700467	25272	2002	1800205	25272	2112	1900116	25272	2224	2000409	25272	2335	2100368	25272	2447	2200854	25272	2558	2300941	25272	2670	2400852	25272	2782	2500745	25272	2894	2600288	25272	3005	2700119	25272	3117	2800215	25272	3228	2900145	25272	3338	3000580	25272	3450	3100333	25272	3562	3200464	25272	3673	3300658	25272	3783	3400344	25272	3895	3500534	25272	
112	100849	25272	223	200366	25272	335	300599	25272	446	400206	25272	558	500152	25272	670	600360	25272	781	700817	25272	893	800583	25272	1003	900394	25272	1114	1000427	25272	1225	1100986	25272	1336	1200174	25272	1447	1300207	25272	1560	1400850	25272	1672	1500792	25272	1784	1600693	25272	1895	1700353	25272	2007	1800482	25272	2119	1900591	25272	2231	2000822	25272	2341	2100459	25272	2450	2200264	25272	2562	2300287	25272	2674	2400283	25272	2786	2500457	25272	2897	2600440	25272	3009	2700628	25272	3122	2800982	25272	3234	2900745	25272	3345	3000888	25272	3455	3100172	25272	3566	3200236	25272	3678	3300212	25272	3790	3400250	25272	3902	3500835	25272	
114	100564	25176	228	200274	25176	343	300937	25176	454	400723	25176	567	500127	25176	682	600789	25176	795	700170	25176	909	800754	25176	1022	900486	25176	1137	1000695	25176	1250	1100295	25176	1363	1200315	25176	1476	1300644	25176	1590	1400863	25176	1704	1500883	25176	1816	1600140	25176	1926	1700347	25176	2037	1800271	25176	2151	1900631	25176	2265	2000605	25176	2379	2100874	25176	2492	2200729	25176	2606	2300544	25176	2720	2400135	25176	2835	2500673	25176	2948	2600864	25176	3061	2700705	25176	3174	2800631	25176	3287	2900129	25176	3401	3000687	25176	3514	3100102	25176	3628	3200859	25176	3742	3300818	25176	3855	3400546	25176	3969	3500657	25176	
110	100780	25176	220	200136	25176	334	300689	25176	448	400604	25176	561	500526	25176	673	600372	25176	788	700669	25176	902	800513	25176	1016	900517	25176	1129	1000584	25176	1243	1100162	25176	1356	1200445	25176	1470	1300252	25176	1584	1400835	25176	1696	1500102	25176	1810	1600093	25176	1923	1700498	25176	2037	1800143	25176	2152	1900897	25176	2263	2000236	25176	2376	2100376	25176	2488	2200178	25176	2602	2300532	25176	2716	2400617	25176	2830	2500932	25176	2943	2600183	25176	3056	2700687	25176	3168	2800396	25176	3282	2900663	25176	3396	3000323	25176	3508	3100132	25176	3622	3200183	25176	3737	3300539	25176	3851	3400681	25176	3963	3500175	25176	
115	100654	25176	229	200115	25176	343	300197	25176	458	400617	25176	572	500776	25176	685	600325	25176	798	700551	25176	910	800907	25176	1024	900823	25176	1138	1000673	25176	1251	1100089	25176	1366	1200496	25176	1479	1300212	25176	1593	1400568	25176	1708	1500870	25176	1821	1600117	25176	1933	1700925	25176	2046	1800646	25176	2160	1900843	25176	2273	2000700	25176	2386	2100785	25176	2500	2200846	25176	2613	2300417	25176	2727	2400473	25176	2840	2500325	25176	2954	2600292	25176	3068	2700302	25176	3181	2800805	25176	3294	2900262	25176	3408	3000262	25176	3522	3100613	25176	3635	3200135	25176	3748	3300215	25176	3863	3400894	25176	3976	3500412	25176	
114	100253	25176	228	200424	25176	341	300502	25176	455	400569	25176	569	500686	25176	682	600082	25176	797	700260	25176	910	800138	25176	1024	900148	25176	1138	1000322	25176	1251	1100117	25176	1365	1200318	25176	1479	1300264	25176	1593	1400316	25176	1707	1500603	25176	1821	1600720	25176	1934	1700155	25176	2048	1800938	25176	2161	1900209	25176	2275	2000825	25176	2387	2100593	25176	2500	2200139	25176	2614	2300501	25176	2728	2400331	25176	2842	2500874	25176	2956	2600613	25176	3070	2700347	25176	3184	2800622	25176	3298	2900388	25176	3412	3000430	25176	3525	3100333	25176	3639	3200732	25176	3752	3300715	25176	3866	3400438	25176	3979	3500215	25176	
115	100981	25176	227	200374	25176	341	300237	25176	456	400851	25176	570	500815	25176	683	600932	25176	796	700255	25176	911	800814	25176	1025	900588	25176	1139	1000490	25176	1253	1100514	25176	1366	1200148	25176	1481	1300595	25176	1595	1400802	25176	1709	1500365	25176	1823	1600539	25176	1937	1700857	25176	2049	1800787	25176	2162	1900584	25176	2275	2000106	25176	2389	2100640	25176	2503	2200879	25176	2616	2300299	25176	2730	2400156	25176	2844	2500240	25176	2959	2600688	25176	3072	2700607	25176	3185	2800095	25176	3300	2900454	25176	3414	3000849	25176	3526	3100115	25176	3640	3200127	25176	3754	3300353	25176	3868	3400906	25176	3982	3500539	25176	
1827	100050	87	3656	200031	87	5494	300046	87	7330	400043	87	9166	500021	87	11012	600028	87	12855	700009	87	14685	800038	87	16518	900005	87	18353	1000056	87	20195	1100039	87	22036	1200010	87	23880	1300034	87	25712	1400015	87	27551	1500039	87	29391	1600005	87	31236	1700044	87	33073	1800016	87	34896	1900036	87	36738	2000010	87	38582	2100011	87	40421	2200048	87	42250	2300054	87	44082	2400042	87	45907	2500046	87	47745	2600013	87	49590	2700058	87	51431	2800003	87	53273	2900005	87	55115	3000040	87	56945	3100018	87	58786	3200045	87	60632	3300016	87	62466	3400061	87	64311	3500054	87	
1843	100008	87	3664	200005	87	5493	300026	87	7331	400052	87	9168	500047	87	10997	600031	87	12836	700025	87	14672	800030	87	16506	900055	87	18345	1000023	87	20181	1100003	87	22032	1200031	87	23863	1300008	87	25700	1400002	87	27532	1500029	87	29361	1600010	87	31194	1700035	87	33018	1800032	87	34857	1900004	87	36702	2000041	87	38525	2100030	87	40367	2200044	87	42212	2300054	87	44037	2400052	87	45879	2500032	87	47712	2600047	87	49545	2700028	87	51389	2800044	87	53230	2900053	87	55060	3000030	87	56889	3100013	87	58730	3200032	87	60561	3300042	87	62397	3400035	87	64242	3500031	87	
1845	100050	87	3680	200035	87	5508	300045	87	7344	400007	87	9186	500028	87	11028	600023	87	12870	700052	87	14704	800032	87	16544	900035	87	18382	1000027	87	20212	1100052	87	22042	1200034	87	23890	1300049	87	25725	1400007	87	27574	1500019	87	29416	1600018	87	31256	1700050	87	33084	1800053	87	34924	1900035	87	36766	2000044	87	38612	2100044	87	40447	2200038	87	42287	2300046	87	44126	2400020	87	45966	2500043	87	47814	2600037	87	49650	2700021	87	51487	2800022	87	53313	2900039	87	55156	3000055	87	56988	3100035	87	58826	3200028	87	60674	3300043	87	62508	3400020	87	64350	3500028	87	
1835	100029	87	3663	200059	87	5506	300023	87	7335	400038	87	9175	500024	87	11009	600033	87	12848	700003	87	14673	800023	87	16524	900006	87	18367	1000035	87	20205	1100031	87	22037	1200053	87	23868	1300011	87	25699	1400041	87	27537	1500037	87	29351	1600048	87	31182	1700044	87	33009	1800041	87	34841	1900026	87	36682	2000027	87	38530	2100006	87	40369	2200026	87	42206	2300021	87	44045	2400028	87	45878	2500050	87	47721	2600045	87	49550	2700058	87	51385	2800021	87	53222	2900051	87	55063	3000005	87	56903	3100047	87	58740	3200031	87	60574	3300017	87	62419	3400114	87	64255	3500054	87	
1833	100027	87	3670	200044	87	5520	300028	87	7365	400027	87	9209	500003	87	11059	600047	87	12907	700030	87	14749	800042	87	16589	900055	87	18423	1000003	87	20267	1100041	87	22099	1200046	87	23927	1300050	87	25760	1400046	87	27603	1500049	87	29427	1600035	87	31255	1700033	87	33083	1800040	87	34928	1900048	87	36771	2000030	87	38596	2100026	87	40439	2200010	87	42278	2300007	87	44106	2400021	87	45949	2500003	87	47785	2600004	87	49629	2700081	87	51462	2800049	87	53304	2900034	87	55142	3000018	87	56981	3100010	87	58829	3200021	87	60670	3300036	87	62500	3400041	87	64333	3500048	87	
2054	100008	92	4103	200010	92	6154	300004	92	8179	400022	92	10219	500031	92	12260	600008	92	14299	700005	92	16327	800042	92	18359	900041	92	20393	1000027	92	22437	1100022	92	24478	1200030	92	26515	1300041	92	28561	1400033	92	30614	1500030	92	32659	1600046	92	34700	1700016	92	36747	1800002	92	38786	1900017	92	40835	2000038	92	42873	2100037	92	44920	2200018	92	46950	2300020	92	48996	2400005	92	51031	2500031	92	53045	2600042	92	55078	2700008	92	57111	2800036	92	59132	2900005	92	61176	3000015	92	63190	3100013	92	65226	3200037	92	67270	3300007	92	69305	3400028	92	71337	3500039	92	
2035	100029	92	4080	200049	92	6114	300047	92	8152	400044	92	10185	500043	92	12227	600012	92	14272	700035	92	16312	800005	92	18356	900019	92	20382	1000034	92	22417	1100033	92	24456	1200006	92	26500	1300029	92	28534	1400030	92	30579	1500009	92	32619	1600012	92	34664	1700033	92	36692	1800010	92	38732	1900036	92	40769	2000019	92	42814	2100012	92	44847	2200048	92	46874	2300052	92	48896	2400013	92	50921	2500019	92	52963	2600041	92	55008	2700041	92	57051	2800046	92	59084	2900038	92	61121	3000044	92	63147	3100004	92	65186	3200049	92	67231	3300031	92	69261	3400025	92	71295	3500022	92	
2043	100003	92	4079	200018	92	6107	300028	92	8144	400029	92	10184	500033	92	12229	600011	92	14272	700045	92	16307	800006	92	18354	900041	92	20395	1000040	92	22441	1100018	92	24485	1200046	92	26529	1300041	92	28564	1400034	92	30608	1500006	92	32645	1600007	92	34697	1700021	92	36734	1800044	92	38776	1900002	92	40816	2000011	92	42846	2100021	92	44885	2200035	92	46923	2300026	92	48954	2400012	92	50995	2500024	92	53036	2600042	92	55075	2700006	92	57105	2800025	92	59142	2900016	92	61185	3000010	92	63219	3100024	92	65261	3200031	92	67301	3300019	92	69351	3400048	92	71386	3500027	92	
2048	100044	92	4070	200018	92	6075	300029	92	8097	400032	92	10143	500029	92	12183	600039	92	14219	700047	92	16260	800005	92	18297	900016	92	20326	1000048	92	22372	1100035	92	24410	1200016	92	26429	1300046	92	28459	1400039	92	30497	1500043	92	32538	1600032	92	34568	1700044	92	36599	1800033	92	38625	1900033	92	40657	2000002	92	42702	2100038	92	44733	2200038	92	46754	2300051	92	48779	2400014	92	50814	2500004	92	52848	2600011	92	54878	2700045	92	56903	2800026	92	58944	2900041	92	60959	3000021	92	62997	3100047	92	65025	3200034	92	67065	3300004	92	69101	3400047	92	71148	3500027	92	
2045	100025	92	4089	200014	92	6132	300026	92	8171	400022	92	10205	500039	92	12230	600020	92	14269	700047	92	16318	800004	92	18372	900043	92	20413	1000012	92	22456	1100012	92	24501	1200027	92	26533	1300012	92	28577	1400006	92	30615	1500038	92	32654	1600024	92	34701	1700014	92	36739	1800002	92	38785	1900013	92	40823	2000002	92	42868	2100018	92	44911	2200016	92	46953	2300049	92	48972	2400048	92	51019	2500004	92	53060	2600045	92	55092	2700023	92	57121	2800028	92	59155	2900007	92	61201	3000010	92	63242	3100030	92	65293	3200004	92	67328	3300007	92	69363	3400044	92	71402	3500042	92	
550	100100	355	1092	200045	355	1631	300107	355	2168	400171	355	2714	500098	355	3262	600184	355	3808	700085	355	4351	800028	355	4900	900146	355	5445	1000187	355	5988	1100020	355	6538	1200125	355	7086	1300173	355	7628	1400110	355	8174	1500099	355	8724	1600039	355	9272	1700098	355	9822	1800195	355	10365	1900037	355	10911	2000157	355	11453	2100046	355	12002	2200188	355	12546	2300131	355	13090	2400033	355	13640	2500104	355	14190	2600157	355	14733	2700122	355	15279	2800013	355	15828	2900117	355	16377	3000153	355	16924	3100093	355	17463	3200182	355	18007	3300081	355	18555	3400091	355	19103	3500032	355	
549	100181	355	1096	200174	355	1644	300107	355	2191	400039	355	2738	500037	355	3287	600167	355	3834	700148	355	4380	800101	355	4919	900111	355	5471	1000124	355	6016	1100107	355	6565	1200079	355	7112	1300118	355	7662	1400164	355	8212	1500036	355	8756	1600020	355	9300	1700036	355	9848	1800135	355	10396	1900117	355	10945	2000159	355	11487	2100108	355	12034	2200030	355	12581	2300073	355	13128	2400098	355	13677	2500140	355	14223	2600055	355	14771	2700048	355	15320	2800051	355	15864	2900137	355	16405	3000173	355	16948	3100166	355	17492	3200018	355	18036	3300043	355	18581	3400167	355	19126	3500110	355	
549	100035	355	1096	200073	355	1638	300114	355	2179	400033	355	2722	500060	355	3263	600034	355	3812	700141	355	4356	800091	355	4902	900176	355	5451	1000142	355	6002	1100044	355	6548	1200054	355	7095	1300111	355	7638	1400187	355	8183	1500134	355	8730	1600036	355	9277	1700037	355	9824	1800022	355	10372	1900101	355	10920	2000064	355	11469	2100121	355	12015	2200144	355	12559	2300100	355	13104	2400133	355	13648	2500035	355	14194	2600088	355	14731	2700016	355	15270	2800175	355	15815	2900029	355	16363	3000140	355	16910	3100182	355	17459	3200051	355	18008	3300110	355	18555	3400014	355	19103	3500138	355	
543	100090	355	1083	200075	355	1633	300094	355	2182	400056	355	2731	500187	355	3274	600182	355	3814	700028	355	4363	800120	355	4912	900049	355	5460	1000058	355	5998	1100023	355	6537	1200073	355	7083	1300023	355	7626	1400178	355	8173	1500065	355	8713	1600142	355	9262	1700047	355	9806	1800144	355	10353	1900084	355	10905	2000193	355	11449	2100019	355	11998	2200060	355	12544	2300177	355	13095	2400138	355	13640	2500173	355	14181	2600113	355	14726	2700033	355	15277	2800164	355	15827	2900115	355	16372	3000023	355	16921	3100138	355	17467	3200104	355	18013	3300109	355	18557	3400062	355	19104	3500055	355	
547	100052	355	1096	200124	355	1646	300179	355	2194	400053	355	2747	500128	355	3298	600192	355	3845	700035	355	4394	800068	355	4941	900115	355	5491	1000037	355	6041	1100024	355	6585	1200076	355	7134	1300165	355	7679	1400130	355	8223	1500067	355	8762	1600122	355	9311	1700017	355	9857	1800138	355	10403	1900175	355	10949	2000089	355	11498	2100156	355	12037	2200125	355	12580	2300015	355	13127	2400065	355	13677	2500143	355	14227	2600022	355	14774	2700020	355	15322	2800176	355	15868	2900059	355	16413	3000115	355	16954	3100048	355	17499	3200150	355	18044	3300043	355	18591	3400027	355	19139	3500057	355	
593	100151	365	1175	200062	365	1761	300139	365	2351	400070	365	2944	500083	365	3531	600071	365	4123	700039	365	4714	800091	365	5307	900166	365	5897	1000109	365	6486	1100027	365	7077	1200146	365	7668	1300116	365	8256	1400158	365	8850	1500136	365	9439	1600129	365	10021	1700022	365	10610	1800090	365	11200	1900033	365	11791	2000061	365	12386	2100148	365	12978	2200145	365	13567	2300068	365	14159	2400067	365	14746	2500124	365	15331	2600077	365	15920	2700175	365	16504	2800043	365	17093	2900045	365	17687	3000147	365	18278	3100058	365	18868	3200119	365	19459	3300062	365	20051	3400087	365	20628	3500119	365	
585	100025	365	1171	200079	365	1764	300114	365	2353	400033	365	2945	500113	365	3533	600089	365	4109	700158	365	4695	800138	365	5284	900108	365	5868	1000066	365	6461	1100045	365	7051	1200039	365	7641	1300117	365	8228	1400035	365	8823	1500122	365	9414	1600181	365	10005	1700084	365	10597	1800060	365	11186	1900159	365	11765	2000021	365	12354	2100077	365	12944	2200127	365	13527	2300131	365	14117	2400037	365	14709	2500076	365	15301	2600106	365	15887	2700063	365	16477	2800024	365	17072	2900175	365	17666	3000048	365	18261	3100027	365	18854	3200164	365	19448	3300109	365	20042	3400099	365	20633	3500091	365	
595	100100	365	1189	200109	365	1783	300024	365	2369	400015	365	2954	500037	365	3546	600171	365	4117	700064	365	4707	800017	365	5300	900072	365	5892	1000086	365	6479	1100027	365	7066	1200148	365	7661	1300160	365	8254	1400022	365	8848	1500048	365	9441	1600014	365	10033	1700097	365	10624	1800107	365	11215	1900136	365	11808	2000123	365	12400	2100063	365	12991	2200080	365	13583	2300158	365	14175	2400135	365	14765	2500172	365	15351	2600160	365	15936	2700015	365	16522	2800143	365	17112	2900164	365	17707	3000124	365	18298	3100100	365	18877	3200120	365	19466	3300090	365	20055	3400143	365	20650	3500152	365	
586	100083	365	1177	200130	365	1770	300035	365	2363	400182	365	2951	500075	365	3535	600157	365	4123	700052	365	4711	800035	365	5299	900159	365	5894	1000095	365	6478	1100144	365	7065	1200060	365	7658	1300167	365	8247	1400033	365	8837	1500015	365	9429	1600057	365	10018	1700018	365	10600	1800024	365	11191	1900139	365	11776	2000082	365	12359	2100039	365	12945	2200058	365	13532	2300034	365	14121	2400057	365	14705	2500094	365	15299	2600072	365	15893	2700016	365	16489	2800128	365	17083	2900129	365	17665	3000083	365	18256	3100119	365	18846	3200108	365	19437	3300033	365	20029	3400116	365	20613	3500029	365	
591	100118	365	1169	200026	365	1762	300031	365	2353	400045	365	2945	500092	365	3523	600095	365	4109	700052	365	4701	800090	365	5293	900073	365	5886	1000029	365	6467	1100109	365	7052	1200030	365	7644	1300021	365	8235	1400146	365	8825	1500026	365	9410	1600186	365	9997	1700086	365	10588	1800154	365	11178	1900045	365	11768	2000055	365	12357	2100144	365	12949	2200136	365	13532	2300150	365	14117	2400059	365	14706	2500103	365	15298	2600060	365	15889	2700096	365	16482	2800117	365	17068	2900149	365	17651	3000092	365	18233	3100032	365	18820	3200142	365	19410	3300107	365	19997	3400107	365	20592	3500032	365	
127	100112	1803	255	200795	1803	383	300391	1803	512	400470	1803	640	500416	1803	769	600353	1803	896	700471	1803	1025	800464	1803	1154	900426	1803	1282	1000089	1803	1412	1100758	1803	1541	1200762	1803	1669	1300804	1803	1797	1400111	1803	1926	1500441	1803	2054	1600206	1803	2183	1700455	1803	2311	1800641	1803	2439	1900318	1803	2569	2000719	1803	2697	2100596	1803	2823	2200306	1803	2950	2300590	1803	3077	2400568	1803	3204	2500306	1803	3332	2600866	1803	3461	2700794	1803	3590	2800127	1803	3718	2900202	1803	3846	3000596	1803	3971	3100307	1803	4100	3200637	1803	4226	3300123	1803	4355	3400524	1803	4482	3500234	1803	
128	100392	1803	257	200616	1803	384	300369	1803	512	400611	1803	637	500437	1803	763	600342	1803	891	700478	1803	1019	800257	1803	1147	900123	1803	1275	1000186	1803	1404	1100385	1803	1533	1200658	1803	1661	1300395	1803	1790	1400802	1803	1919	1500628	1803	2047	1600393	1803	2176	1700333	1803	2303	1800333	1803	2430	1900573	1803	2559	2000240	1803	2687	2100146	1803	2816	2200436	1803	2944	2300793	1803	3072	2400752	1803	3201	2500793	1803	3329	2600469	1803	3457	2700296	1803	3584	2800779	1803	3711	2900173	1803	3838	3000370	1803	3966	3100598	1803	4094	3200732	1803	4222	3300333	1803	4351	3400499	1803	4480	3500644	1803	
127	100316	1803	256	200615	1803	384	300693	1803	512	400579	1803	640	500192	1803	770	600830	1803	896	700113	1803	1025	800109	1803	1154	900142	1803	1283	1000504	1803	1413	1100691	1803	1541	1200384	1803	1669	1300375	1803	1798	1400817	1803	1926	1500679	1803	2054	1600080	1803	2182	1700325	1803	2311	1800509	1803	2439	1900280	1803	2568	2000572	1803	2696	2100638	1803	2824	2200505	1803	2953	2300468	1803	3081	2400748	1803	3207	2500076	1803	3334	2600581	1803	3461	2700212	1803	3590	2800600	1803	3719	2900739	1803	3848	3000309	1803	3977	3100549	1803	4105	3200195	1803	4233	3300678	1803	4361	3400136	1803	4490	3500274	1803	
129	100296	1803	257	200586	1803	382	300317	1803	509	400211	1803	637	500297	1803	764	600666	1803	892	700557	1803	1021	800788	1803	1149	900105	1803	1277	1000555	1803	1405	1100271	1803	1532	1200154	1803	1661	1300535	1803	1788	1400115	1803	1917	1500129	1803	2045	1600586	1803	2173	1700698	1803	2301	1800393	1803	2430	1900810	1803	2558	2000760	1803	2686	2100200	1803	2813	2200184	1803	2941	2300267	1803	3070	2400686	1803	3198	2500693	1803	3327	2600328	1803	3456	2700728	1803	3583	2800718	1803	3711	2900372	1803	3840	3000572	1803	3968	3100316	1803	4096	3200448	1803	4224	3300145	1803	4352	3400201	1803	4479	3500382	1803	
129	100618	1803	256	200154	1803	385	300429	1803	513	400314	1803	642	500190	1803	771	600216	1803	901	700649	1803	1029	800642	1803	1157	900440	1803	1285	1000222	1803	1415	1100242	1803	1544	1200823	1803	1672	1300208	1803	1801	1400071	1803	1929	1500280	1803	2058	1600802	1803	2184	1700205	1803	2313	1800243	1803	2443	1900815	1803	2570	2000164	1803	2698	2100715	1803	2825	2200204	1803	2952	2300224	1803	3081	2400383	1803	3209	2500429	1803	3336	2600166	1803	3462	2700320	1803	3591	2800757	1803	3720	2900547	1803	3846	3000360	1803	3973	3100071	1803	4102	3200433	1803	4230	3300832	1803	4358	3400668	1803	4486	3500131	1803	
137	100784	1754	275	200272	1754	414	300613	1754	552	400313	1754	692	500353	1754	831	600466	1754	969	700308	1754	1108	800233	1754	1243	900446	1754	1379	1000260	1754	1518	1100501	1754	1655	1200397	1754	1794	1300413	1754	1933	1400111	1754	2074	1500382	1754	2214	1600548	1754	2353	1700449	1754	2492	1800681	1754	2631	1900182	1754	2770	2000393	1754	2909	2100433	1754	3049	2200760	1754	3188	2300304	1754	3326	2400091	1754	3465	2500499	1754	3602	2600221	1754	3741	2700147	1754	3879	2800102	1754	4019	2900152	1754	4159	3000642	1754	4298	3100234	1754	4437	3200182	1754	4576	3300712	1754	4713	3400364	1754	4852	3500070	1754	
139	100182	1754	278	200296	1754	417	300114	1754	554	400070	1754	693	500344	1754	832	600764	1754	971	700362	1754	1110	800626	1754	1247	900548	1754	1385	1000117	1754	1525	1100161	1754	1664	1200141	1754	1804	1300315	1754	1944	1400493	1754	2083	1500559	1754	2222	1600322	1754	2361	1700702	1754	2498	1800126	1754	2636	1900378	1754	2773	2000526	1754	2913	2100712	1754	3050	2200084	1754	3189	2300593	1754	3328	2400319	1754	3468	2500350	1754	3607	2600247	1754	3748	2700599	1754	3885	2800154	1754	4025	2900381	1754	4164	3000612	1754	4303	3100400	1754	4442	3200515	1754	4580	3300094	1754	4720	3400601	1754	4858	3500258	1754	
140	100416	1754	278	200508	1754	418	300709	1754	555	400070	1754	694	500786	1754	832	600089	1754	972	700708	1754	1112	800560	1754	1248	900211	1754	1388	1000703	1754	1527	1100528	1754	1666	1200582	1754	1806	1300709	1754	1946	1400626	1754	2086	1500737	1754	2223	1600106	1754	2362	1700678	1754	2499	1800389	1754	2638	1900396	1754	2777	2000141	1754	2917	2100531	1754	3054	2200134	1754	3190	2300302	1754	3329	2400473	1754	3467	2500093	1754	3607	2600520	1754	3741	2700522	1754	3880	2800195	1754	4019	2900172	1754	4159	3000466	1754	4298	3100518	1754	4437	3200113	1754	4575	3300298	1754	4715	3400758	1754	4854	3500615	1754	
139	100644	1754	278	200249	1754	419	300586	1754	557	400285	1754	697	500318	1754	834	600308	1754	972	700764	1754	1110	800760	1754	1247	900102	1754	1386	1000503	1754	1523	1100378	1754	1660	1200406	1754	1799	1300454	1754	1939	1400314	1754	2078	1500460	1754	2217	1600635	1754	2356	1700547	1754	2495	1800383	1754	2635	1900826	1754	2774	2000261	1754	2914	2100782	1754	3053	2200476	1754	3191	2300530	1754	3329	2400110	1754	3469	2500076	1754	3610	2600647	1754	3748	2700063	1754	3887	2800433	1754	4025	2900246	1754	4164	3000582	1754	4304	3100647	1754	4443	3200315	1754	4582	3300400	1754	4722	3400470	1754	4861	3500639	1754	
137	100279	1754	274	200558	1754	413	300133	1754	552	400355	1754	689	500530	1754	828	600179	1754	968	700536	1754	1108	800570	1754	1248	900572	1754	1385	1000608	1754	1523	1100417	1754	1663	1200410	1754	1803	1300326	1754	1942	1400096	1754	2081	1500239	1754	2220	1600441	1754	2357	1700124	1754	2496	1800318	1754	2635	1900687	1754	2774	2000234	1754	2914	2100580	1754	3053	2200604	1754	3191	2300704	1754	3329	2400077	1754	3469	2500378	1754	3609	2600209	1754	3749	2700589	1754	3887	2800095	1754	4028	2900654	1754	4166	3000719	1754	4305	3100317	1754	4443	3200674	1754	4580	3300330	1754	4719	3400489	1754	4858	3500432	1754	
1639	100005	394	3277	200030	308	4914	300048	273	6563	400007	268	8199	500021	257	9835	600025	255	11462	700062	255	13101	800037	255	14745	900008	251	16391	1000028	230	18024	1100036	228	19655	1200065	217	21296	1300055	229	22920	1400051	229	24557	1500025	229	26192	1600057	229	27824	1700009	229	29465	1800035	229	31101	1900007	230	32730	2000029	230	34366	2100016	230	36003	2200040	230	37636	2300034	230	39269	2400039	230	40903	2500037	230	42534	2600017	230	44171	2700011	230	45815	2800039	230	47438	2900036	230	49072	3000057	230	50714	3100056	230	52350	3200037	230	53973	3300006	211	55612	3400055	211	57248	3500047	211	
1625	100047	392	3257	200009	301	4887	300008	292	6509	400040	286	8143	500014	286	9763	600038	286	11367	700034	286	12982	800016	286	14620	900056	286	16248	1000016	286	17869	1100050	286	19488	1200006	270	21116	1300061	270	22739	1400049	270	24371	1500051	270	25993	1600028	270	27612	1700014	270	29250	1800024	270	30877	1900045	270	32498	2000024	270	34124	2100064	270	35749	2200015	270	37376	2300033	270	38998	2400032	270	40627	2500059	270	42259	2600048	270	43891	2700023	270	45524	2800033	270	47154	2900018	270	48787	3000015	270	50407	3100056	270	52030	3200006	270	53668	3300033	270	55302	3400016	270	56929	3500059	270	
1644	100057	354	3286	200038	295	4920	300037	262	6552	400018	249	8166	500029	249	9796	600018	249	11426	700052	249	13063	800029	249	14703	900046	249	16325	1000027	249	17963	1100061	249	19591	1200023	249	21229	1300024	249	22864	1400046	249	24487	1500019	249	26110	1600023	239	27725	1700060	239	29355	1800064	237	30991	1900017	229	32639	2000058	229	34285	2100023	229	35930	2200034	229	37578	2300059	229	39205	2400020	229	40845	2500026	229	42477	2600046	229	44117	2700050	220	45747	2800034	220	47375	2900053	211	49007	3000033	211	50636	3100011	211	52265	3200045	211	53891	3300023	211	55521	3400052	211	57141	3500030	203	
1637	100004	307	3272	200026	291	4911	300043	291	6544	400063	261	8168	500012	261	9817	600055	261	11455	700003	261	13094	800057	261	14745	900018	261	16392	1000048	261	18025	1100038	261	19659	1200016	259	21297	1300013	245	22935	1400004	245	24570	1500025	215	26211	1600053	215	27843	1700040	215	29471	1800024	215	31093	1900035	215	32723	2000014	215	34359	2100048	215	35969	2200011	215	37591	2300054	215	39234	2400041	215	40866	2500054	215	42494	2600038	215	44132	2700028	215	45770	2800039	215	47416	2900045	215	49048	3000004	215	50668	3100051	215	52303	3200053	215	53928	3300029	207	55557	3400010	207	57179	3500047	207	
1637	100053	380	3265	200041	380	4892	300039	380	6531	400006	359	8170	500010	357	9808	600040	301	11461	700037	294	13099	800013	281	14747	900054	277	16388	1000050	277	18032	1100051	263	19669	1200004	263	21299	1300050	263	22947	1400032	263	24579	1500008	263	26211	1600050	263	27838	1700022	263	29470	1800056	263	31100	1900022	263	32743	2000029	245	34367	2100060	225	35995	2200014	214	37636	2300035	214	39256	2400015	214	40889	2500027	214	42515	2600043	214	44138	2700011	214	45777	2800051	214	47403	2900053	214	49032	3000010	214	50670	3100063	214	52308	3200030	214	53936	3300031	214	55567	3400021	214	57210	3500062	214	
515	100195	10027	1030	200039	10027	1552	300069	10027	2069	400168	10027	2588	500083	10027	3106	600083	10027	3621	700174	10027	4141	800174	10027	4661	900170	10027	5175	1000144	10027	5694	1100170	10027	6211	1200072	10027	6730	1300198	10027	7248	1400200	10027	7769	1500017	10027	8288	1600040	10027	8791	1700156	10027	9307	1800058	10027	9824	1900018	10027	10347	2000146	10027	10865	2100206	10027	11381	2200052	10027	11899	2300145	10027	12418	2400151	10027	12940	2500070	10027	13460	2600074	10027	13976	2700202	10027	14493	2800195	10027	15013	2900038	10027	15525	3000163	10027	16043	3100100	10027	16562	3200025	10027	17078	3300160	10027	17596	3400021	10027	18116	3500160	10027	
513	100090	10027	1032	200193	10027	1550	300172	10027	2071	400061	10027	2590	500179	10027	3106	600020	10027	3623	700204	10027	4136	800113	10027	4658	900019	10027	5177	1000148	10027	5698	1100205	10027	6217	1200163	10027	6735	1300169	10027	7255	1400168	10027	7774	1500195	10027	8292	1600172	10027	8811	1700043	10027	9328	1800051	10027	9844	1900153	10027	10360	2000090	10027	10880	2100191	10027	11396	2200048	10027	11915	2300106	10027	12432	2400106	10027	12945	2500150	10027	13463	2600119	10027	13983	2700081	10027	14506	2800047	10027	15025	2900060	10027	15541	3000061	10027	16057	3100047	10027	16576	3200179	10027	17097	3300019	10027	17618	3400044	10027	18134	3500057	10027	
514	100132	10027	1027	200120	10027	1544	300147	10027	2064	400199	10027	2579	500052	10027	3098	600129	10027	3614	700176	10027	4134	800199	10027	4646	900179	10027	5165	1000181	10027	5685	1100071	10027	6206	1200119	10027	6720	1300096	10027	7239	1400173	10027	7761	1500073	10027	8282	1600059	10027	8798	1700154	10027	9318	1800028	10027	9839	1900038	10027	10359	2000161	10027	10874	2100124	10027	11387	2200161	10027	11905	2300126	10027	12423	2400150	10027	12937	2500122	10027	13455	2600162	10027	13973	2700186	10027	14488	2800178	10027	15010	2900184	10027	15529	3000054	10027	16043	3100079	10027	16558	3200127	10027	17076	3300063	10027	17597	3400023	10027	18117	3500058	10027	
517	100087	10027	1038	200161	10027	1557	300061	10027	2075	400107	10027	2592	500140	10027	3104	600118	10027	3611	700074	10027	4131	800089	10027	4649	900109	10027	5166	1000032	10027	5685	1100200	10027	6201	1200034	10027	6720	1300057	10027	7239	1400169	10027	7756	1500197	10027	8270	1600172	10027	8790	1700152	10027	9308	1800071	10027	9827	1900048	10027	10342	2000151	10027	10854	2100137	10027	11369	2200051	10027	11884	2300103	10027	12404	2400166	10027	12920	2500076	10027	13438	2600057	10027	13959	2700168	10027	14474	2800109	10027	14989	2900068	10027	15509	3000069	10027	16022	3100159	10027	16538	3200188	10027	17054	3300038	10027	17575	3400029	10027	18096	3500071	10027	
518	100167	10027	1039	200054	10027	1558	300087	10027	2078	400098	10027	2599	500096	10027	3120	600095	10027	3636	700170	10027	4153	800131	10027	4670	900035	10027	5191	1000025	10027	5708	1100158	10027	6226	1200135	10027	6748	1300204	10027	7269	1400082	10027	7789	1500190	10027	8309	1600127	10027	8829	1700156	10027	9343	1800088	10027	9862	1900136	10027	10385	2000177	10027	10905	2100045	10027	11425	2200155	10027	11937	2300082	10027	12453	2400066	10027	12974	2500048	10027	13493	2600031	10027	14013	2700189	10027	14533	2800129	10027	15052	2900103	10027	15572	3000046	10027	16089	3100065	10027	16610	3200145	10027	17125	3300038	10027	17646	3400054	10027	18166	3500199	10027	
114	100547	50414	227	200204	50414	341	300196	50414	456	400332	50414	572	500945	50414	685	600548	50414	799	700230	50414	914	800511	50414	1027	900324	50414	1142	1000464	50414	1257	1100667	50414	1371	1200732	50414	1485	1300892	50414	1599	1400277	50414	1714	1500561	50414	1828	1600531	50414	1941	1700771	50414	2055	1800563	50414	2168	1900399	50414	2282	2000537	50414	2397	2100831	50414	2512	2200336	50414	2627	2300478	50414	2742	2400786	50414	2854	2500191	50414	2968	2600165	50414	3082	2700078	50414	3197	2800135	50414	3312	2900317	50414	3427	3000858	50414	3541	3100240	50414	3655	3200656	50414	3769	3300930	50414	3884	3400921	50414	3997	3500686	50414	
115	100803	50414	230	200798	50414	344	300536	50414	458	400469	50414	573	500961	50414	686	600141	50414	802	700578	50414	917	800844	50414	1031	900963	50414	1145	1000550	50414	1260	1100640	50414	1374	1200622	50414	1489	1300492	50414	1603	1400501	50414	1716	1500389	50414	1830	1600350	50414	1944	1700867	50414	2057	1800306	50414	2172	1900609	50414	2283	2000132	50414	2397	2100305	50414	2511	2200374	50414	2625	2300092	50414	2739	2400292	50414	2854	2500680	50414	2966	2600295	50414	3078	2700109	50414	3194	2800873	50414	3307	2900692	50414	3418	3000191	50414	3532	3100297	50414	3647	3200882	50414	3762	3300492	50414	3874	3400566	50414	3987	3500480	50414	
114	100161	50414	228	200137	50414	343	300864	50414	456	400613	50414	569	500139	50414	683	600551	50414	797	700438	50414	911	800635	50414	1026	900860	50414	1140	1000628	50414	1254	1100155	50414	1367	1200574	50414	1482	1300972	50414	1596	1400720	50414	1710	1500442	50414	1824	1600455	50414	1938	1700674	50414	2052	1800823	50414	2165	1900732	50414	2277	2000135	50414	2391	2100816	50414	2505	2200746	50414	2618	2300191	50414	2732	2400565	50414	2845	2500245	50414	2955	2600297	50414	3068	2700491	50414	3183	2800891	50414	3296	2900105	50414	3409	3000507	50414	3522	3100145	50414	3637	3200873	50414	3750	3300133	50414	3864	3400246	50414	3978	3500761	50414	
114	100299	50414	228	200422	50414	343	300891	50414	457	400911	50414	571	500645	50414	685	600468	50414	800	700749	50414	914	800908	50414	1028	900573	50414	1142	1000321	50414	1256	1100861	50414	1370	1200322	50414	1483	1300622	50414	1598	1400678	50414	1713	1500673	50414	1826	1600096	50414	1942	1700588	50414	2056	1800296	50414	2170	1900307	50414	2285	2000663	50414	2399	2100576	50414	2513	2200344	50414	2626	2300207	50414	2739	2400178	50414	2853	2500895	50414	2966	2600861	50414	3080	2700265	50414	3195	2800795	50414	3310	2900774	50414	3425	3000707	50414	3538	3100683	50414	3652	3200856	50414	3766	3300431	50414	3881	3400643	50414	3993	3500349	50414	
115	100820	50414	229	200505	50414	344	300318	50414	458	400519	50414	571	500474	50414	685	600558	50414	799	700730	50414	913	800967	50414	1027	900909	50414	1141	1000162	50414	1255	1100841	50414	1368	1200427	50414	1482	1300386	50414	1596	1400659	50414	1710	1500119	50414	1824	1600151	50414	1938	1700512	50414	2052	1800262	50414	2166	1900818	50414	2279	2000513	50414	2393	2100802	50414	2507	2200544	50414	2621	2300549	50414	2735	2400722	50414	2850	2500954	50414	2962	2600558	50414	3077	2700793	50414	3191	2800724	50414	3306	2900709	50414	3420	3000097	50414	3535	3100840	50414	3649	3200290	50414	3763	3300243	50414	3878	3400514	50414	3993	3500898	50414	
