wersja nr 1;wspolczynnik mutacji 0.200000;wielkosc populacji 30
676	100133	779	1351	200101	438	2024	300078	165	2702	400087	44	3385	500085	44	4069	600106	44	4752	700080	44	5429	800044	44	6112	900020	44	6797	1000091	44	7480	1100041	44	8160	1200020	44	8843	1300022	44	9525	1400022	44	10209	1500093	44	10893	1600142	44	11578	1700142	44	12261	1800038	44	12943	1900087	44	13626	2000111	44	14309	2100100	44	14992	2200118	44	15677	2300113	44	16360	2400145	44	17042	2500085	44	17726	2600062	44	18408	2700039	44	19093	2800127	44	19778	2900119	44	20463	3000143	44	21146	3100129	44	21826	3200099	44	22508	3300148	44	23191	3400129	44	23874	3500044	44	
675	100154	765	1351	200114	444	2025	300070	186	2701	400114	44	3384	500137	44	4064	600029	44	4746	700082	44	5429	800115	44	6111	900138	44	6794	1000011	44	7478	1100032	44	8163	1200081	44	8844	1300038	44	9529	1400126	44	10212	1500126	44	10896	1600079	44	11576	1700041	44	12259	1800133	44	12940	1900064	44	13623	2000103	44	14304	2100111	44	14987	2200084	44	15671	2300077	44	16348	2400134	44	17025	2500115	44	17709	2600121	44	18391	2700059	44	19075	2800038	44	19757	2900085	44	20441	3000082	44	21124	3100057	44	21806	3200035	44	22491	3300131	44	23173	3400146	44	23854	3500123	44	
674	100026	752	1351	200082	448	2024	300135	175	2699	400043	44	3382	500142	44	4063	600018	44	4748	700063	44	5430	800068	44	6109	900143	44	6792	1000137	44	7476	1100110	44	8160	1200109	44	8843	1300126	44	9526	1400117	44	10209	1500043	44	10893	1600079	44	11577	1700016	44	12261	1800080	44	12945	1900066	44	13629	2000093	44	14313	2100036	44	14994	2200096	44	15677	2300076	44	16358	2400080	44	17038	2500119	44	17721	2600147	44	18404	2700049	44	19089	2800063	44	19771	2900023	44	20454	3000134	44	21136	3100131	44	21819	3200108	44	22502	3300045	44	23184	3400014	44	23868	3500148	44	
677	100050	746	1355	200046	426	2031	300012	150	2705	400091	44	3385	500152	44	4068	600138	44	4749	700014	44	5433	800058	44	6116	900078	44	6798	1000070	44	7481	1100081	44	8165	1200092	44	8850	1300121	44	9531	1400116	44	10213	1500131	44	10897	1600154	44	11579	1700141	44	12262	1800076	44	12944	1900062	44	13629	2000149	44	14312	2100078	44	14997	2200101	44	15679	2300126	44	16362	2400146	44	17041	2500114	44	17721	2600041	44	18401	2700052	44	19071	2800148	44	19751	2900102	44	20432	3000084	44	21115	3100062	44	21798	3200014	44	22481	3300122	44	23163	3400052	44	23845	3500077	44	
676	100115	743	1352	200144	461	2028	300152	209	2704	400101	44	3387	500047	44	4070	600065	44	4753	700014	44	5435	800132	44	6119	900082	44	6802	1000070	44	7485	1100122	44	8169	1200153	44	8849	1300021	44	9533	1400123	44	10213	1500147	44	10890	1600080	44	11574	1700051	44	12258	1800088	44	12940	1900086	44	13623	2000094	44	14306	2100015	44	14988	2200014	44	15671	2300045	44	16353	2400031	44	17038	2500086	44	17721	2600099	44	18404	2700132	44	19086	2800151	44	19768	2900115	44	20452	3000083	44	21135	3100013	44	21815	3200034	44	22494	3300046	44	23175	3400040	44	23857	3500096	44	
663	100029	739	1330	200168	453	1974	300073	156	2671	400150	46	3371	500080	46	4075	600094	46	4780	700112	46	5483	800137	46	6187	900070	46	6888	1000031	46	7593	1100116	46	8291	1200133	46	8988	1300074	46	9690	1400020	46	10375	1500027	46	11040	1600150	46	11715	1700102	46	12391	1800123	46	13094	1900127	46	13798	2000020	46	14502	2100039	46	15208	2200086	46	15910	2300124	46	16612	2400057	46	17317	2500014	46	18022	2600101	46	18721	2700036	46	19426	2800130	46	20129	2900105	46	20829	3000045	46	21533	3100018	46	22233	3200108	46	22928	3300026	46	23633	3400015	46	24338	3500093	46	
666	100045	747	1359	200070	426	2049	300090	140	2747	400036	46	3452	500141	46	4156	600101	46	4861	700101	46	5562	800038	46	6266	900125	46	6970	1000075	46	7675	1100108	46	8380	1200070	46	9086	1300135	46	9789	1400072	46	10494	1500102	46	11199	1600037	46	11900	1700011	46	12603	1800075	46	13303	1900034	46	14008	2000131	46	14711	2100027	46	15417	2200095	46	16122	2300056	46	16824	2400014	46	17530	2500064	46	18234	2600063	46	18936	2700050	46	19639	2800082	46	20344	2900013	46	21049	3000152	46	21753	3100091	46	22455	3200103	46	23159	3300014	46	23863	3400084	46	24566	3500037	46	
689	100024	744	1381	200108	442	2074	300129	153	2774	400095	46	3480	500077	46	4182	600011	46	4883	700027	46	5590	800149	46	6292	900067	46	6997	1000060	46	7702	1100031	46	8407	1200088	46	9110	1300013	46	9816	1400116	46	10522	1500012	46	11226	1600028	46	11925	1700092	46	12620	1800027	46	13324	1900101	46	14021	2000062	46	14722	2100148	46	15422	2200131	46	16122	2300065	46	16828	2400062	46	17534	2500088	46	18237	2600026	46	18942	2700094	46	19649	2800135	46	20351	2900072	46	21058	3000056	46	21763	3100029	46	22460	3200147	46	23164	3300059	46	23869	3400083	46	24572	3500071	46	
689	100118	730	1382	200128	426	2074	300119	130	2771	400061	46	3470	500127	46	4167	600120	46	4865	700113	46	5568	800049	46	6274	900035	46	6980	1000065	46	7686	1100125	46	8389	1200113	46	9091	1300031	46	9794	1400019	46	10499	1500017	46	11204	1600071	46	11909	1700062	46	12577	1800017	46	13279	1900150	46	13981	2000111	46	14684	2100089	46	15387	2200044	46	16091	2300031	46	16792	2400082	46	17495	2500149	46	18198	2600012	46	18898	2700147	46	19600	2800068	46	20304	2900083	46	21010	3000127	46	21717	3100123	46	22423	3200131	46	23126	3300015	46	23830	3400015	46	24533	3500137	46	
692	100035	728	1383	200041	432	2074	300150	154	2770	400085	46	3473	500128	46	4173	600142	46	4875	700042	46	5580	800114	46	6284	900077	46	6986	1000053	46	7681	1100119	46	8375	1200125	46	9072	1300043	46	9776	1400074	46	10477	1500129	46	11157	1600081	46	11859	1700019	46	12565	1800068	46	13270	1900146	46	13971	2000136	46	14674	2100086	46	15380	2200079	46	16081	2300051	46	16785	2400057	46	17490	2500087	46	18194	2600022	46	18899	2700031	46	19604	2800141	46	20308	2900056	46	21010	3000025	46	21713	3100066	46	22414	3200120	46	23115	3300145	46	23819	3400062	46	24525	3500012	46	
249	100138	4970	497	200062	4737	745	300439	4507	992	400330	4283	1241	500332	4052	1488	600073	3829	1733	700209	3627	1979	800204	3420	2226	900349	3219	2471	1000062	3025	2715	1100159	2839	2958	1200228	2666	3203	1300403	2479	3446	1400107	2306	3689	1500328	2134	3931	1600333	1973	4172	1700327	1815	4412	1800080	1660	4654	1900322	1510	4895	2000399	1357	5135	2100373	1204	5376	2200260	1062	5616	2300047	926	5856	2400128	792	6095	2500477	676	6334	2600252	566	6573	2700320	466	6811	2800323	375	7049	2900463	301	7285	3000074	244	7520	3100152	214	7756	3200332	200	7991	3300211	200	8226	3400089	200	8462	3500160	200	
250	100411	4963	498	200444	4736	746	300156	4514	995	400180	4292	1243	500316	4074	1490	600445	3858	1737	700259	3642	1983	800277	3448	2229	900248	3248	2474	1000152	3063	2720	1100360	2867	2966	1200437	2678	3208	1300174	2500	3452	1400411	2328	3695	1500343	2155	3936	1600241	1983	4176	1700223	1827	4417	1800418	1670	4657	1900349	1523	4897	2000377	1383	5138	2100192	1246	5379	2200279	1108	5619	2300349	969	5859	2400219	844	6099	2500212	727	6337	2600171	623	6574	2700093	529	6812	2800219	442	7049	2900230	364	7284	3000075	289	7521	3100385	241	7756	3200355	209	7990	3300105	200	8226	3400137	200	8461	3500200	200	
249	100262	4968	498	200264	4747	747	300369	4521	996	400064	4301	1245	500402	4090	1491	600446	3881	1737	700186	3678	1984	800392	3482	2229	900308	3285	2472	1000051	3098	2716	1100269	2901	2960	1200109	2727	3203	1300120	2542	3447	1400329	2368	3692	1500448	2195	3934	1600173	2034	4176	1700282	1867	4416	1800055	1701	4658	1900362	1546	4895	2000263	1400	5136	2100257	1262	5376	2200407	1120	5617	2300238	978	5858	2400280	852	6098	2500187	728	6336	2600048	619	6575	2700318	510	6813	2800199	416	7052	2900320	323	7290	3000463	258	7526	3100380	211	7760	3200155	205	7995	3300055	200	8232	3400377	200	8468	3500228	200	
249	100089	4972	498	200246	4756	744	300188	4542	993	400406	4317	1240	500126	4103	1486	600184	3897	1732	700368	3673	1976	800222	3464	2222	900133	3267	2467	1000144	3074	2711	1100326	2887	2954	1200380	2699	3197	1300386	2522	3439	1400163	2346	3682	1500241	2176	3923	1600100	2010	4163	1700150	1857	4405	1800451	1698	4646	1900253	1546	4887	2000370	1404	5128	2100098	1264	5368	2200163	1121	5608	2300277	995	5849	2400118	866	6090	2500153	743	6330	2600438	627	6567	2700060	524	6804	2800075	423	7034	2900098	336	7271	3000183	268	7507	3100230	229	7742	3200064	200	7978	3300257	200	8214	3400413	200	8446	3500446	200	
250	100250	4953	498	200233	4731	746	300123	4508	996	400372	4276	1243	500289	4062	1490	600094	3853	1736	700210	3650	1982	800233	3453	2228	900301	3260	2473	1000400	3079	2716	1100124	2905	2960	1200409	2732	3203	1300125	2552	3447	1400375	2372	3689	1500115	2190	3932	1600174	2031	4174	1700345	1878	4415	1800158	1727	4655	1900128	1585	4897	2000406	1439	5138	2100295	1290	5378	2200085	1154	5618	2300132	1021	5858	2400371	893	6097	2500209	767	6337	2600260	652	6575	2700190	542	6814	2800088	443	7051	2900061	357	7288	3000199	288	7523	3100060	232	7757	3200184	203	7992	3300075	200	8228	3400050	200	8461	3500099	200	
255	100411	4801	508	200411	4572	762	300283	4344	1016	400344	4103	1269	500215	3861	1524	600342	3627	1778	700382	3406	2029	800289	3188	2284	900355	2960	2538	1000324	2739	2793	1100398	2505	3045	1200287	2290	3297	1300439	2063	3548	1400129	1849	3799	1500328	1651	4049	1600109	1450	4300	1700340	1255	4547	1800049	1075	4794	1900153	900	5041	2000102	740	5288	2100293	596	5534	2200212	453	5777	2300045	347	6018	2400429	262	6260	2500258	212	6501	2600382	205	6743	2700446	205	6983	2800233	205	7223	2900168	205	7464	3000243	205	7705	3100134	205	7946	3200094	205	8188	3300388	205	8429	3400306	205	8668	3500367	205	
253	100336	4811	504	200114	4579	758	300141	4355	1013	400289	4117	1268	500296	3890	1522	600310	3652	1777	700394	3412	2029	800213	3188	2283	900224	2950	2536	1000317	2725	2789	1100100	2501	3042	1200063	2298	3293	1300046	2086	3545	1400084	1879	3797	1500290	1681	4047	1600260	1483	4296	1700196	1296	4544	1800081	1116	4790	1900238	950	5036	2000196	792	5283	2100253	636	5530	2200228	481	5775	2300398	347	6016	2400136	260	6258	2500345	218	6500	2600431	205	6741	2700363	205	6982	2800228	205	7223	2900305	205	7463	3000144	205	7704	3100258	205	7945	3200199	205	8187	3300337	205	8425	3400114	205	8666	3500078	205	
255	100379	4802	506	200334	4580	760	300338	4344	1014	400431	4108	1269	500228	3873	1522	600262	3652	1775	700259	3435	2029	800063	3212	2282	900147	2993	2537	1000052	2758	2791	1100196	2527	3046	1200340	2303	3299	1300149	2083	3552	1400070	1864	3805	1500390	1654	4057	1600335	1445	4308	1700154	1245	4558	1800068	1048	4806	1900164	878	5054	2000286	704	5300	2100234	552	5544	2200055	415	5789	2300444	301	6029	2400094	240	6268	2500175	209	6510	2600417	205	6751	2700280	205	6990	2800053	205	7230	2900150	205	7471	3000160	205	7712	3100404	205	7952	3200297	205	8192	3300222	205	8434	3400199	205	8675	3500456	205	
254	100127	4801	507	200268	4573	762	300319	4334	1014	400297	4103	1268	500236	3869	1522	600429	3645	1775	700099	3413	2030	800258	3198	2284	900076	2988	2538	1000327	2753	2793	1100358	2524	3047	1200167	2294	3299	1300297	2075	3549	1400202	1862	3801	1500322	1646	4051	1600437	1452	4300	1700331	1262	4548	1800358	1071	4796	1900307	896	5040	2000099	735	5284	2100079	595	5529	2200061	465	5774	2300237	358	6016	2400324	272	6259	2500455	206	6500	2600301	205	6738	2700149	205	6979	2800362	205	7220	2900096	205	7462	3000403	205	7702	3100386	205	7940	3200182	205	8180	3300326	205	8420	3400211	205	8660	3500438	205	
255	100081	4789	509	200318	4565	763	300207	4324	1018	400371	4078	1272	500082	3847	1528	600420	3616	1782	700269	3381	2035	800407	3169	2287	900147	2931	2540	1000400	2717	2793	1100268	2495	3046	1200157	2291	3299	1300255	2071	3552	1400270	1854	3804	1500280	1639	4053	1600067	1431	4303	1700364	1234	4550	1800155	1056	4799	1900103	883	5045	2000075	722	5293	2100429	568	5538	2200099	436	5783	2300254	331	6025	2400074	265	6266	2500192	222	6507	2600258	205	6747	2700275	205	6987	2800189	205	7226	2900202	205	7466	3000183	205	7708	3100405	205	7947	3200248	205	8188	3300102	205	8429	3400185	205	8669	3500392	205	
59	100916	25140	118	201470	24988	176	301229	24849	234	401264	24702	293	500730	24556	352	600998	24426	411	701761	24281	469	800725	24147	528	900566	24007	587	1000534	23878	646	1100390	23752	705	1200889	23622	764	1301479	23491	823	1401343	23362	882	1501473	23228	940	1600413	23091	999	1700357	22971	1058	1801307	22838	1117	1901474	22697	1176	2001529	22572	1235	2101518	22437	1294	2201861	22306	1352	2300897	22174	1410	2401012	22042	1469	2501126	21911	1528	2601437	21781	1587	2701845	21648	1645	2801329	21514	1703	2901102	21378	1762	3001633	21248	1820	3100434	21115	1879	3201708	20984	1937	3300758	20855	1996	3401278	20722	2055	3501690	20584	
59	100689	25132	118	201144	24988	177	301965	24842	236	401576	24705	295	501262	24564	354	601138	24423	413	700850	24291	472	800608	24148	531	901713	24019	590	1001507	23883	649	1101742	23749	707	1200680	23612	766	1301127	23470	825	1401150	23332	884	1501251	23198	943	1601405	23058	1002	1701816	22923	1060	1800277	22791	1119	1900529	22661	1178	2001231	22531	1237	2101694	22402	1295	2201373	22270	1354	2301442	22144	1413	2401870	22009	1471	2500420	21873	1530	2600576	21741	1589	2701203	21614	1647	2800417	21481	1706	2901117	21354	1765	3001481	21233	1823	3100533	21106	1882	3201424	20966	1940	3301063	20829	1998	3400386	20702	2056	3500883	20574	
59	101196	25144	118	201412	25001	176	300434	24856	236	401937	24712	294	501336	24582	353	601276	24443	412	701479	24299	471	801310	24164	529	900759	24026	588	1001119	23893	647	1101005	23756	706	1201591	23627	765	1301463	23491	823	1400508	23354	882	1500715	23211	941	1601410	23080	1000	1701872	22951	1058	1801489	22815	1117	1901698	22677	1176	2001698	22535	1234	2101664	22402	1292	2200590	22279	1351	2300985	22152	1410	2401254	22020	1469	2501228	21890	1528	2601659	21749	1586	2700501	21618	1645	2801727	21486	1704	2901815	21353	1762	3000815	21219	1821	3101593	21088	1879	3200405	20954	1937	3300461	20821	1996	3401243	20694	2054	3500910	20566	
59	100643	25129	118	200705	24990	177	301153	24854	236	401357	24709	295	501120	24571	354	600824	24416	413	700979	24275	472	801445	24142	531	901407	23993	590	1001276	23850	649	1100948	23711	708	1200561	23576	767	1301552	23444	826	1401832	23307	885	1501399	23173	944	1601731	23041	1002	1700753	22916	1061	1801352	22781	1120	1901526	22649	1178	2000261	22516	1237	2100708	22378	1296	2201120	22241	1355	2301815	22105	1413	2400393	21977	1472	2501091	21838	1530	2600332	21703	1589	2700471	21573	1648	2801523	21436	1707	2901771	21296	1765	3000259	21162	1824	3100724	21033	1883	3201354	20910	1941	3300646	20793	2000	3401377	20668	2058	3501621	20548	
60	101841	25130	119	201891	24991	178	301185	24845	237	401246	24698	296	501105	24563	355	601328	24420	413	701001	24294	472	801282	24152	531	901202	24018	590	1001502	23886	649	1101417	23747	708	1201905	23607	767	1301870	23475	825	1400860	23345	884	1501076	23209	943	1601228	23078	1002	1701555	22947	1061	1801907	22806	1119	1900714	22670	1178	2000415	22538	1237	2100616	22405	1296	2201062	22272	1354	2300290	22147	1413	2400272	22007	1472	2500376	21875	1531	2601101	21748	1590	2701680	21612	1649	2801659	21479	1707	2901016	21349	1766	3001655	21222	1824	3100812	21087	1882	3200640	20954	1941	3301758	20826	1999	3400797	20696	2057	3501055	20568	
60	100889	25036	120	200362	24883	180	300383	24748	241	401337	24590	301	500318	24446	362	601684	24318	422	701688	24170	482	801534	24035	541	900947	23900	601	1001001	23757	661	1100873	23616	721	1200714	23477	781	1300439	23349	842	1401684	23209	902	1501358	23079	962	1601045	22943	1022	1700719	22800	1083	1801464	22648	1143	1901181	22500	1203	2000366	22358	1264	2101654	22213	1324	2200388	22074	1384	2300652	21934	1444	2401060	21804	1504	2500596	21670	1564	2600516	21535	1625	2701713	21395	1685	2801522	21260	1745	2901340	21119	1805	3001105	20976	1865	3100681	20847	1926	3201351	20704	1986	3300864	20564	2046	3401373	20430	2106	3501185	20292	
61	101657	25026	121	201477	24882	181	301562	24742	241	400921	24607	301	501242	24470	361	601437	24324	420	700439	24190	480	800626	24047	541	901777	23903	601	1001579	23768	660	1100297	23634	721	1201394	23496	781	1300756	23356	841	1400816	23205	901	1500947	23061	961	1601830	22915	1021	1701145	22780	1081	1801501	22646	1141	1901569	22501	1201	2001131	22358	1261	2101322	22222	1321	2201339	22082	1381	2301195	21935	1441	2400390	21800	1501	2500847	21661	1561	2601093	21524	1621	2701319	21387	1681	2801609	21257	1740	2900463	21110	1801	3001836	20976	1860	3101356	20841	1919	3201309	20699	1978	3300394	20550	2038	3401509	20409	2098	3500661	20263	
61	101721	25044	121	201454	24909	181	300470	24761	242	401427	24627	302	501558	24492	362	601267	24361	422	701226	24215	482	801601	24080	541	900549	23943	602	1001862	23803	662	1101642	23656	722	1201534	23520	782	1300348	23383	843	1401388	23233	903	1500924	23089	964	1601650	22940	1024	1701371	22802	1083	1800372	22664	1144	1901796	22527	1204	2001813	22387	1263	2100408	22251	1323	2201365	22112	1382	2300974	21983	1442	2401591	21839	1502	2501130	21696	1562	2601101	21556	1622	2700590	21421	1683	2801120	21270	1744	2901719	21125	1804	3001209	20990	1864	3101160	20860	1924	3200628	20712	1985	3301515	20576	2045	3401587	20435	2105	3501850	20291	
60	100759	25035	120	201452	24897	179	300925	24759	238	400787	24622	298	500434	24485	359	601652	24342	419	701825	24198	479	801099	24059	539	900384	23916	599	1000651	23769	659	1100380	23624	720	1201155	23484	780	1300745	23346	840	1400589	23210	900	1501008	23077	960	1600605	22942	1020	1701276	22798	1080	1801681	22658	1140	1900884	22517	1200	2000596	22378	1261	2101613	22244	1321	2201142	22095	1381	2300632	21962	1441	2401080	21816	1501	2501067	21682	1561	2601256	21550	1621	2701054	21404	1681	2801008	21263	1741	2900536	21123	1801	3000336	20986	1861	3100563	20859	1922	3201508	20721	1982	3301795	20594	2042	3401312	20449	2102	3500912	20316	
60	100917	25033	120	201032	24898	180	300886	24754	240	400521	24611	300	500602	24469	360	601801	24327	420	701267	24188	480	800876	24045	540	900844	23902	600	1001208	23768	660	1100451	23625	721	1201144	23473	781	1300327	23334	841	1400894	23194	901	1500553	23053	961	1601567	22911	1020	1700317	22787	1081	1801910	22636	1141	1901209	22488	1201	2001300	22347	1261	2100578	22208	1321	2200405	22066	1382	2301686	21937	1442	2400779	21799	1502	2501557	21656	1562	2601415	21515	1622	2701407	21378	1682	2801526	21246	1742	2901583	21111	1802	3001705	20975	1861	3100519	20844	1921	3200729	20713	1982	3301447	20568	2042	3401683	20423	2102	3501429	20287	
806	100110	47	1613	200074	47	2414	300064	47	3218	400103	47	4021	500132	47	4822	600041	47	5628	700045	47	6431	800020	47	7238	900103	47	8039	1000067	47	8845	1100047	47	9653	1200057	47	10459	1300123	47	11265	1400127	47	12068	1500082	47	12875	1600076	47	13682	1700033	47	14490	1800099	47	15297	1900121	47	16099	2000066	47	16907	2100043	47	17716	2200122	47	18523	2300026	47	19331	2400013	47	20135	2500036	47	20940	2600016	47	21747	2700040	47	22554	2800043	47	23359	2900112	47	24158	3000061	47	24963	3100054	47	25770	3200096	47	26577	3300066	47	27384	3400035	47	28188	3500133	47	
804	100026	47	1612	200049	47	2420	300075	47	3224	400091	47	4029	500070	47	4835	600123	47	5640	700077	47	6446	800088	47	7251	900064	47	8056	1000125	47	8858	1100031	47	9667	1200110	47	10469	1300101	47	11273	1400033	47	12078	1500045	47	12884	1600119	47	13690	1700115	47	14493	1800013	47	15297	1900030	47	16100	2000012	47	16907	2100125	47	17714	2200107	47	18521	2300034	47	19328	2400113	47	20135	2500119	47	20938	2600099	47	21743	2700129	47	22548	2800043	47	23354	2900116	47	24151	3000124	47	24956	3100117	47	25756	3200033	47	26558	3300073	47	27365	3400054	47	28173	3500057	47	
803	100126	47	1603	200029	47	2408	300115	47	3215	400121	47	4021	500023	47	4825	600040	47	5632	700105	47	6435	800021	47	7239	900093	47	8046	1000079	47	8849	1100026	47	9656	1200026	47	10462	1300075	47	11267	1400065	47	12072	1500098	47	12872	1600091	47	13674	1700018	47	14462	1800081	47	15267	1900088	47	16073	2000039	47	16879	2100021	47	17684	2200072	47	18488	2300075	47	19295	2400119	47	20101	2500057	47	20902	2600020	47	21711	2700121	47	22518	2800034	47	23326	2900122	47	24132	3000042	47	24938	3100082	47	25743	3200067	47	26550	3300082	47	27355	3400056	47	28161	3500095	47	
802	100108	47	1608	200014	47	2413	300010	47	3221	400121	47	4028	500066	47	4836	600044	47	5641	700123	47	6448	800032	47	7256	900103	47	8062	1000089	47	8865	1100110	47	9673	1200095	47	10480	1300070	47	11286	1400064	47	12093	1500041	47	12901	1600033	47	13709	1700053	47	14514	1800072	47	15321	1900124	47	16128	2000092	47	16931	2100045	47	17737	2200096	47	18539	2300078	47	19339	2400013	47	20138	2500120	47	20940	2600113	47	21747	2700013	47	22553	2800069	47	23359	2900131	47	24168	3000132	47	24973	3100040	47	25779	3200067	47	26586	3300090	47	27393	3400130	47	28200	3500113	47	
805	100080	47	1610	200010	47	2414	300122	47	3221	400124	47	4026	500020	47	4831	600048	47	5634	700087	47	6431	800074	47	7235	900025	47	8041	1000039	47	8848	1100100	47	9655	1200033	47	10453	1300065	47	11258	1400124	47	12064	1500129	47	12869	1600019	47	13672	1700021	47	14480	1800086	47	15285	1900039	47	16089	2000038	47	16896	2100126	47	17700	2200126	47	18505	2300128	47	19309	2400118	47	20115	2500066	47	20919	2600120	47	21721	2700103	47	22525	2800087	47	23328	2900078	47	24136	3000131	47	24939	3100076	47	25743	3200101	47	26547	3300076	47	27352	3400060	47	28159	3500089	47	
864	100008	53	1731	200068	53	2598	300023	53	3467	400113	53	4337	500007	53	5209	600008	53	6077	700012	53	6944	800097	53	7813	900067	53	8678	1000110	53	9544	1100084	53	10417	1200062	53	11288	1300065	53	12159	1400110	53	13030	1500043	53	13897	1600034	53	14766	1700030	53	15636	1800019	53	16507	1900119	53	17378	2000031	53	18249	2100084	53	19121	2200015	53	19995	2300097	53	20865	2400081	53	21735	2500107	53	22604	2600023	53	23472	2700086	53	24341	2800102	53	25208	2900073	53	26078	3000113	53	26948	3100070	53	27815	3200058	53	28683	3300043	53	29547	3400088	53	30415	3500069	53	
871	100045	53	1738	200037	53	2609	300007	53	3480	400109	53	4352	500122	53	5223	600117	53	6094	700091	53	6965	800125	53	7834	900030	53	8706	1000037	53	9576	1100038	53	10446	1200117	53	11312	1300103	53	12182	1400008	53	13050	1500052	53	13918	1600092	53	14776	1700086	53	15635	1800038	53	16507	1900094	53	17376	2000032	53	18236	2100103	53	19104	2200012	53	19973	2300095	53	20844	2400090	53	21714	2500008	53	22586	2600031	53	23456	2700117	53	24328	2800106	53	25200	2900036	53	26070	3000058	53	26937	3100071	53	27805	3200095	53	28672	3300081	53	29544	3400102	53	30414	3500088	53	
869	100063	53	1741	200075	53	2611	300030	53	3482	400021	53	4351	500095	53	5209	600038	53	6075	700020	53	6942	800118	53	7812	900119	53	8683	1000033	53	9556	1100090	53	10427	1200055	53	11297	1300041	53	12165	1400093	53	13036	1500084	53	13909	1600051	53	14779	1700120	53	15641	1800018	53	16514	1900095	53	17378	2000114	53	18247	2100076	53	19117	2200017	53	19988	2300072	53	20859	2400046	53	21731	2500097	53	22602	2600018	53	23474	2700062	53	24343	2800084	53	25214	2900083	53	26084	3000035	53	26955	3100107	53	27826	3200107	53	28687	3300028	53	29554	3400016	53	30425	3500090	53	
869	100019	53	1740	200096	53	2606	300034	53	3475	400007	53	4346	500043	53	5218	600120	53	6090	700072	53	6961	800087	53	7831	900037	53	8701	1000023	53	9574	1100070	53	10447	1200040	53	11315	1300070	53	12179	1400072	53	13049	1500068	53	13919	1600090	53	14790	1700024	53	15662	1800090	53	16532	1900070	53	17404	2000119	53	18273	2100104	53	19144	2200064	53	20008	2300116	53	20868	2400057	53	21737	2500079	53	22601	2600097	53	23473	2700076	53	24344	2800064	53	25212	2900110	53	26081	3000109	53	26937	3100108	53	27806	3200029	53	28676	3300053	53	29543	3400031	53	30415	3500105	53	
870	100091	53	1742	200056	53	2615	300113	53	3483	400060	53	4354	500013	53	5227	600018	53	6098	700023	53	6970	800038	53	7838	900079	53	8709	1000120	53	9581	1100084	53	10452	1200016	53	11323	1300061	53	12195	1400117	53	13065	1500025	53	13934	1600010	53	14807	1700045	53	15681	1800100	53	16543	1900015	53	17412	2000064	53	18283	2100049	53	19152	2200101	53	20016	2300026	53	20888	2400111	53	21759	2500112	53	22630	2600019	53	23503	2700082	53	24370	2800060	53	25238	2900114	53	26108	3000057	53	26972	3100116	53	27843	3200068	53	28712	3300017	53	29581	3400030	53	30454	3500108	53	
261	100414	218	518	200206	191	775	300417	191	1031	400338	191	1287	500074	191	1544	600039	191	1802	700428	191	2057	800277	191	2313	900270	191	2570	1000277	191	2827	1100375	191	3083	1200148	191	3340	1300329	191	3597	1400170	191	3853	1500391	191	4110	1600308	191	4367	1700183	191	4623	1800052	191	4880	1900306	191	5136	2000060	191	5393	2100386	191	5649	2200242	191	5906	2300175	191	6162	2400084	191	6419	2500119	191	6676	2600199	191	6931	2700088	191	7187	2800052	191	7444	2900117	191	7701	3000274	191	7957	3100084	191	8214	3200383	191	8469	3300056	191	8725	3400057	191	8983	3500432	191	
261	100234	219	516	200413	191	771	300430	191	1026	400069	191	1282	500054	191	1539	600259	191	1794	700154	191	2051	800212	191	2307	900322	191	2563	1000312	191	2820	1100423	191	3077	1200428	191	3332	1300396	191	3588	1400343	191	3845	1500456	191	4101	1600215	191	4356	1700180	191	4611	1800091	191	4867	1900069	191	5122	2000060	191	5379	2100346	191	5635	2200239	191	5891	2300159	191	6147	2400110	191	6404	2500318	191	6660	2600238	191	6916	2700417	191	7172	2800080	191	7429	2900408	191	7684	3000221	191	7941	3100267	191	8197	3200070	191	8454	3300305	191	8709	3400083	191	8966	3500293	191	
263	100345	209	520	200440	191	777	300411	191	1032	400236	191	1288	500119	191	1544	600112	191	1801	700160	191	2057	800095	191	2314	900247	191	2569	1000097	191	2825	1100146	191	3081	1200056	191	3338	1300128	191	3595	1400163	191	3853	1500415	191	4108	1600128	191	4364	1700191	191	4616	1800280	191	4872	1900099	191	5130	2000403	191	5384	2100321	191	5639	2200197	191	5895	2300311	191	6150	2400192	191	6406	2500346	191	6663	2600307	191	6919	2700043	191	7177	2800333	191	7433	2900225	191	7689	3000189	191	7946	3100414	191	8201	3200199	191	8458	3300182	191	8715	3400354	191	8971	3500113	191	
262	100430	212	519	200248	191	775	300282	191	1031	400253	191	1288	500326	191	1544	600191	191	1799	700314	191	2055	800363	191	2310	900048	191	2567	1000385	191	2824	1100373	191	3080	1200163	191	3336	1300142	191	3592	1400120	191	3849	1500327	191	4104	1600147	191	4361	1700288	191	4617	1800401	191	4873	1900295	191	5129	2000330	191	5385	2100283	191	5641	2200435	191	5895	2300329	191	6152	2400396	191	6408	2500228	191	6665	2600331	191	6922	2700320	191	7177	2800152	191	7434	2900255	191	7690	3000408	191	7945	3100392	191	8202	3200407	191	8458	3300111	191	8714	3400363	191	8969	3500095	191	
262	100067	210	519	200117	191	775	300381	191	1032	400404	191	1288	500391	191	1544	600092	191	1802	700336	191	2058	800200	191	2315	900333	191	2571	1000229	191	2828	1100161	191	3084	1200270	191	3340	1300358	191	3596	1400116	191	3853	1500126	191	4110	1600373	191	4365	1700123	191	4622	1800231	191	4878	1900314	191	5134	2000377	191	5390	2100340	191	5646	2200181	191	5902	2300223	191	6159	2400428	191	6415	2500404	191	6671	2600304	191	6928	2700274	191	7183	2800207	191	7440	2900294	191	7697	3000284	191	7954	3100280	191	8211	3200363	191	8466	3300065	191	8723	3400382	191	8978	3500073	191	
282	100407	217	560	200069	194	837	300114	194	1115	400255	194	1392	500303	194	1669	600212	194	1945	700154	194	2222	800066	194	2500	900046	194	2778	1000168	194	3057	1100381	194	3333	1200301	194	3608	1300181	194	3885	1400287	194	4163	1500341	194	4440	1600207	194	4718	1700120	194	4997	1800319	194	5273	1900250	194	5551	2000364	194	5827	2100198	194	6105	2200159	194	6383	2300320	194	6661	2400324	194	6939	2500305	194	7216	2600353	194	7492	2700224	194	7769	2800298	194	8047	2900367	194	8324	3000328	194	8602	3100347	194	8879	3200170	194	9157	3300204	194	9433	3400124	194	9711	3500391	194	
282	100369	212	557	200047	194	835	300266	194	1111	400326	194	1388	500343	194	1664	600152	194	1942	700273	194	2219	800134	194	2496	900261	194	2774	1000129	194	3051	1100141	194	3326	1200215	194	3602	1300051	194	3879	1400046	194	4157	1500343	194	4434	1600190	194	4710	1700267	194	4985	1800077	194	5261	1900123	194	5537	2000228	194	5812	2100287	194	6087	2200116	194	6363	2300390	194	6638	2400211	194	6915	2500220	194	7192	2600176	194	7467	2700195	194	7742	2800131	194	8019	2900121	194	8295	3000246	194	8571	3100235	194	8848	3200132	194	9125	3300180	194	9402	3400038	194	9680	3500380	194	
280	100196	208	557	200109	194	835	300132	194	1112	400161	194	1390	500122	194	1668	600250	194	1945	700133	194	2222	800134	194	2499	900168	194	2776	1000197	194	3054	1100361	194	3331	1200287	194	3608	1300384	194	3884	1400333	194	4162	1500358	194	4439	1600053	194	4715	1700296	194	4992	1800116	194	5270	1900355	194	5546	2000117	194	5824	2100357	194	6100	2200142	194	6375	2300207	194	6651	2400261	194	6929	2500127	194	7206	2600056	194	7485	2700367	194	7761	2800147	194	8037	2900191	194	8313	3000122	194	8591	3100305	194	8868	3200378	194	9145	3300274	194	9421	3400292	194	9699	3500321	194	
282	100299	213	559	200234	194	836	300294	194	1113	400368	194	1390	500168	194	1668	600118	194	1946	700304	194	2223	800136	194	2500	900299	194	2777	1000194	194	3055	1100388	194	3332	1200162	194	3609	1300084	194	3886	1400234	194	4164	1500381	194	4441	1600137	194	4718	1700067	194	4995	1800050	194	5273	1900322	194	5549	2000237	194	5826	2100103	194	6103	2200067	194	6379	2300145	194	6657	2400197	194	6935	2500376	194	7209	2600056	194	7486	2700201	194	7762	2800209	194	8038	2900059	194	8314	3000226	194	8592	3100142	194	8870	3200295	194	9147	3300257	194	9423	3400329	194	9701	3500281	194	
281	100089	205	559	200378	194	835	300288	194	1112	400087	194	1390	500324	194	1667	600069	194	1944	700208	194	2222	800214	194	2499	900039	194	2777	1000244	194	3055	1100314	194	3332	1200102	194	3610	1300194	194	3887	1400259	194	4165	1500384	194	4441	1600150	194	4719	1700276	194	4996	1800082	194	5274	1900244	194	5551	2000227	194	5828	2100133	194	6107	2200391	194	6384	2300239	194	6661	2400316	194	6938	2500263	194	7214	2600037	194	7491	2700101	194	7769	2800167	194	8047	2900234	194	8325	3000370	194	8602	3100318	194	8878	3200167	194	9155	3300277	194	9432	3400049	194	9707	3500216	194	
68	100246	1691	135	200651	1594	201	300280	1503	269	401395	1419	336	501601	1342	401	600455	1265	467	700927	1194	532	800470	1128	597	900667	1077	662	1000739	1042	726	1100973	1013	790	1200839	989	853	1300991	973	916	1400950	965	979	1501661	965	1041	1600998	965	1104	1701518	965	1166	1800429	965	1229	1900847	965	1292	2001224	965	1355	2101389	965	1417	2201496	965	1479	2301279	965	1542	2401791	965	1604	2500451	965	1667	2600881	965	1729	2700348	965	1792	2801496	965	1854	2900423	965	1916	3000693	965	1979	3101540	965	2042	3201519	965	2105	3301783	965	2167	3401222	965	2230	3501705	965	
68	101188	1701	135	200408	1604	203	301449	1513	269	400905	1429	336	501640	1341	402	601051	1274	468	700708	1188	534	801611	1137	599	901360	1094	664	1001101	1050	728	1101569	1018	791	1200994	997	854	1300979	977	917	1400825	965	980	1501094	965	1043	1601530	965	1105	1701140	965	1167	1800517	965	1230	1900847	965	1293	2001138	965	1356	2101423	965	1418	2200565	965	1481	2301128	965	1543	2400244	965	1606	2500427	965	1669	2600326	965	1732	2700824	965	1794	2800520	965	1857	2900905	965	1920	3001325	965	1983	3101804	965	2045	3201536	965	2107	3300945	965	2170	3401328	965	2232	3500206	965	
68	100609	1705	136	201383	1614	202	300425	1530	269	401073	1443	336	501294	1355	402	601250	1274	467	700448	1206	533	801202	1137	598	900651	1086	663	1001275	1046	727	1101210	1014	790	1200234	988	854	1301067	974	916	1400321	967	979	1501036	966	1042	1601651	965	1103	1700288	965	1166	1800624	965	1229	1901065	965	1291	2000324	965	1353	2100204	965	1416	2201275	965	1479	2301799	965	1541	2400220	965	1604	2501481	965	1666	2600783	965	1729	2701715	965	1791	2800799	965	1853	2900434	965	1916	3000841	965	1979	3100739	965	2042	3201708	965	2104	3301325	965	2167	3401551	965	2229	3500336	965	
68	100304	1699	135	201139	1607	202	300900	1511	268	400278	1425	334	500395	1342	400	600638	1269	466	701292	1206	531	800615	1150	596	900965	1100	661	1001441	1057	725	1100662	1024	789	1200793	997	853	1301642	982	915	1400320	975	978	1500959	969	1041	1601663	965	1103	1700558	965	1165	1800260	965	1228	1900678	965	1291	2000709	965	1354	2100993	965	1416	2201076	965	1479	2301453	965	1541	2400484	965	1604	2500500	965	1667	2601322	965	1730	2701164	965	1792	2800525	965	1855	2901040	965	1918	3001252	965	1980	3100244	965	2043	3200329	965	2106	3301066	965	2168	3400378	965	2231	3500354	965	
68	100979	1705	136	201607	1608	203	301654	1520	269	400687	1431	336	500899	1340	402	600777	1267	468	701066	1199	533	800497	1144	598	900602	1096	663	1001339	1053	727	1100360	1018	791	1200380	992	855	1301707	974	918	1401450	967	981	1501484	965	1044	1601415	965	1106	1700394	965	1169	1801287	965	1232	1901602	965	1294	2000802	965	1357	2101524	965	1419	2200822	965	1481	2300933	965	1543	2400445	965	1606	2501317	965	1668	2600587	965	1731	2701445	965	1793	2800929	965	1856	2901153	965	1919	3001288	965	1982	3101530	965	2045	3201675	965	2107	3300395	965	2170	3401094	965	2233	3501557	965	
74	100321	1644	148	200617	1530	222	301399	1434	295	401415	1311	366	500588	1220	437	600559	1157	509	701424	1088	579	800516	1033	649	900642	991	719	1001029	961	788	1100622	943	857	1201471	936	924	1301161	932	992	1401187	932	1059	1500470	932	1127	1601060	932	1194	1700475	932	1262	1800412	932	1331	1901613	932	1399	2001431	932	1466	2100205	932	1535	2201649	932	1602	2300623	932	1670	2400984	932	1738	2501528	932	1805	2600723	932	1873	2700746	932	1941	2800820	932	2009	2900999	932	2077	3000985	932	2145	3100917	932	2213	3201069	932	2280	3300254	932	2348	3400314	932	2417	3501300	932	
74	101228	1631	147	200352	1530	220	300642	1435	292	400428	1336	365	501462	1236	436	600858	1166	508	701468	1108	578	800228	1054	648	900705	1017	717	1000449	984	786	1100707	952	855	1201188	938	923	1300548	934	992	1401363	933	1060	1501382	932	1128	1601427	932	1196	1700961	932	1264	1800467	932	1333	1901636	932	1401	2001477	932	1468	2100492	932	1536	2200626	932	1604	2300777	932	1672	2400749	932	1740	2500496	932	1809	2601552	932	1877	2701094	932	1945	2800715	932	2014	2901541	932	2082	3001234	932	2149	3100673	932	2217	3201408	932	2285	3300827	932	2353	3400654	932	2421	3501228	932	
73	100700	1637	146	200292	1531	220	301296	1446	292	401447	1342	363	500487	1264	435	601318	1193	505	700631	1123	576	801430	1066	645	901059	1023	714	1000243	984	784	1101162	961	852	1200649	951	920	1300500	944	989	1401622	932	1056	1500900	932	1124	1600920	932	1192	1701604	932	1259	1800420	932	1327	1900470	932	1395	2000840	932	1463	2100258	932	1531	2200203	932	1599	2300316	932	1667	2400658	932	1735	2500699	932	1803	2601179	932	1871	2701382	932	1939	2800872	932	2007	2901470	932	2074	3001159	932	2142	3101505	932	2210	3201340	932	2277	3300225	932	2346	3401560	932	2413	3500637	932	
75	101417	1651	148	200751	1534	221	300601	1417	294	400575	1343	366	501502	1248	438	600917	1170	509	700475	1106	580	800946	1051	650	900433	1001	720	1000822	966	789	1100582	944	857	1200373	935	925	1301130	932	992	1400676	932	1060	1500724	932	1128	1601201	932	1196	1701122	932	1264	1801569	932	1331	1900700	932	1399	2001114	932	1467	2101228	932	1535	2201580	932	1602	2300489	932	1671	2401596	932	1739	2501429	932	1807	2600746	932	1875	2701225	932	1943	2801099	932	2010	2900239	932	2079	3001339	932	2147	3101178	932	2215	3201180	932	2283	3300927	932	2350	3400891	932	2417	3500782	932	
74	101123	1626	147	200908	1510	220	301052	1414	292	400955	1337	364	501237	1256	435	600651	1181	506	700359	1105	577	800379	1044	648	901468	1001	718	1001029	961	787	1100860	940	855	1200581	935	923	1300352	932	992	1401329	932	1060	1500859	932	1128	1600634	932	1196	1700831	932	1264	1801446	932	1332	1901390	932	1400	2001484	932	1468	2101589	932	1536	2201188	932	1604	2301009	932	1672	2400598	932	1740	2501043	932	1808	2600920	932	1876	2701084	932	1944	2801380	932	2012	2901519	932	2079	3000205	932	2147	3100812	932	2215	3201436	932	2283	3301417	932	2351	3401572	932	2419	3501072	932	
713	100097	1680	1425	200115	856	2137	300050	512	2844	400137	221	3553	500063	50	4276	600033	50	5002	700025	50	5727	800030	50	6449	900125	50	7172	1000092	50	7896	1100087	50	8619	1200082	50	9339	1300013	50	10061	1400071	50	10783	1500088	50	11505	1600115	50	12229	1700114	50	12952	1800118	50	13675	1900029	50	14399	2000094	50	15122	2100122	50	15844	2200103	50	16566	2300131	50	17287	2400106	50	18008	2500010	50	18732	2600018	50	19456	2700096	50	20179	2800092	50	20901	2900078	50	21619	3000089	50	22341	3100104	50	23063	3200050	50	23787	3300022	50	24509	3400109	50	25233	3500118	50	
716	100112	1647	1426	200010	862	2137	300093	499	2847	400069	213	3555	500147	52	4277	600113	50	4998	700031	50	5720	800043	50	6440	900083	50	7161	1000055	50	7886	1100137	50	8609	1200045	50	9333	1300131	50	10056	1400065	50	10779	1500116	50	11504	1600146	50	12228	1700083	50	12951	1800106	50	13671	1900053	50	14394	2000122	50	15116	2100106	50	15837	2200086	50	16559	2300084	50	17283	2400136	50	18007	2500034	50	18732	2600089	50	19455	2700045	50	20179	2800077	50	20899	2900057	50	21622	3000015	50	22346	3100108	50	23070	3200049	50	23793	3300142	50	24516	3400143	50	25236	3500100	50	
717	100136	1636	1429	200090	850	2141	300056	504	2848	400129	217	3563	500147	50	4287	600140	50	5010	700123	50	5732	800144	50	6453	900015	50	7172	1000124	50	7894	1100011	50	8614	1200070	50	9338	1300152	50	10051	1400035	50	10773	1500025	50	11498	1600038	50	12223	1700054	50	12945	1800012	50	13667	1900096	50	14389	2000109	50	15112	2100026	50	15835	2200059	50	16560	2300121	50	17281	2400042	50	18002	2500039	50	18725	2600017	50	19450	2700136	50	20174	2800139	50	20896	2900020	50	21617	3000134	50	22339	3100050	50	23063	3200070	50	23786	3300039	50	24503	3400094	50	25222	3500061	50	
716	100036	1568	1429	200106	822	2139	300129	488	2851	400046	184	3564	500030	50	4286	600014	50	5010	700125	50	5734	800145	50	6457	900037	50	7179	1000132	50	7899	1100027	50	8622	1200124	50	9344	1300024	50	10067	1400059	50	10791	1500053	50	11513	1600118	50	12234	1700071	50	12958	1800015	50	13678	1900117	50	14394	2000112	50	15116	2100033	50	15841	2200132	50	16565	2300032	50	17285	2400023	50	18009	2500113	50	18727	2600052	50	19438	2700160	50	20160	2800065	50	20885	2900126	50	21607	3000097	50	22329	3100063	50	23053	3200120	50	23777	3300137	50	24499	3400034	50	25222	3500012	50	
716	100101	1638	1429	200031	842	2142	300149	511	2854	400077	199	3568	500127	50	4288	600014	50	5008	700137	50	5726	800091	50	6451	900132	50	7170	1000045	50	7890	1100106	50	8614	1200039	50	9338	1300103	50	10062	1400050	50	10783	1500083	50	11507	1600136	50	12230	1700067	50	12953	1800066	50	13676	1900116	50	14399	2000086	50	15122	2100122	50	15846	2200116	50	16569	2300036	50	17290	2400113	50	18009	2500011	50	18733	2600117	50	19456	2700050	50	20180	2800081	50	20903	2900144	50	21625	3000010	50	22348	3100075	50	23071	3200143	50	23794	3300134	50	24517	3400088	50	25238	3500157	50	
250	100316	9801	501	200190	9565	751	300224	9335	1001	400244	9104	1252	500215	8870	1503	600169	8636	1753	700159	8419	2004	800368	8192	2254	900055	7962	2505	1000135	7731	2754	1100095	7495	3005	1200072	7274	3255	1300392	7047	3505	1400100	6820	3756	1500266	6597	4007	1600399	6370	4257	1700124	6147	4507	1800383	5926	4757	1900236	5697	5007	2000450	5467	5256	2100378	5248	5505	2200214	5016	5755	2300222	4793	6005	2400263	4571	6255	2500359	4353	6504	2600152	4135	6754	2700248	3916	7004	2800333	3702	7252	2900154	3484	7501	3000150	3260	7749	3100327	3043	7998	3200256	2825	8246	3300299	2612	8495	3400123	2390	8743	3500239	2180	
251	100230	9797	501	200148	9559	753	300426	9331	1003	400295	9087	1253	500112	8856	1503	600098	8615	1753	700349	8384	2002	800377	8166	2251	900198	7935	2501	1000457	7718	2751	1100263	7475	3000	1200090	7250	3250	1300078	7026	3501	1400116	6796	3752	1500267	6579	4001	1600295	6343	4252	1700312	6120	4502	1800206	5899	4752	1900136	5667	5002	2000224	5451	5251	2100204	5225	5501	2200203	5000	5751	2300261	4772	6000	2400267	4550	6249	2500051	4329	6498	2600326	4111	6747	2700165	3898	6996	2800142	3686	7246	2900428	3462	7495	3000420	3245	7743	3100169	3033	7992	3200280	2817	8240	3300343	2603	8488	3400408	2395	8735	3500426	2192	
250	100431	9805	499	200257	9578	749	300340	9341	998	400140	9115	1248	500111	8882	1497	600057	8654	1747	700410	8436	1997	800250	8209	2248	900298	7973	2498	1000357	7751	2746	1100103	7514	2995	1200356	7280	3245	1300229	7047	3495	1400307	6822	3744	1500414	6600	3994	1600078	6369	4244	1700126	6143	4495	1800322	5893	4746	1900328	5670	4995	2000046	5454	5246	2100241	5222	5496	2200321	4983	5745	2300225	4755	5994	2400089	4534	6243	2500086	4309	6493	2600343	4088	6741	2700321	3878	6989	2800177	3663	7236	2900252	3450	7484	3000349	3239	7731	3100093	3034	7977	3200270	2833	8224	3300150	2628	8472	3400263	2417	8717	3500161	2212	
250	100112	9803	501	200237	9583	751	300081	9359	1003	400430	9126	1254	500401	8905	1503	600066	8682	1753	700425	8443	2001	800113	8219	2252	900376	7999	2503	1000306	7768	2754	1100286	7537	3005	1200243	7303	3256	1300246	7078	3507	1400261	6847	3757	1500204	6618	4007	1600298	6392	4256	1700111	6169	4506	1800073	5949	4754	1900125	5732	5004	2000106	5509	5253	2100225	5287	5504	2200375	5063	5755	2300174	4833	6006	2400344	4613	6257	2500375	4384	6507	2600304	4155	6756	2700047	3935	7007	2800374	3705	7256	2900047	3475	7506	3000449	3254	7755	3100242	3031	8004	3200395	2811	8252	3300200	2597	8500	3400427	2385	8746	3500252	2202	
251	100227	9788	501	200424	9564	751	300263	9335	1003	400290	9091	1251	500151	8865	1502	600197	8638	1753	700239	8405	2002	800075	8186	2254	900384	7943	2504	1000374	7723	2753	1100424	7497	3002	1200193	7278	3251	1300089	7049	3502	1400115	6810	3753	1500343	6579	4003	1600126	6352	4254	1700282	6139	4504	1800092	5918	4754	1900222	5693	5005	2000406	5463	5255	2100144	5235	5506	2200109	5002	5755	2300185	4776	6005	2400204	4542	6256	2500277	4307	6506	2600118	4088	6756	2700191	3869	7007	2800202	3644	7257	2900369	3427	7506	3000071	3204	7755	3100062	2987	8003	3200199	2769	8251	3300251	2558	8499	3400066	2350	8747	3500302	2146	
60	101339	50274	119	200694	50120	180	301780	49983	239	400293	49825	300	501335	49673	360	601423	49533	419	700327	49399	479	801158	49262	539	900549	49124	599	1000433	48986	659	1100258	48837	720	1200971	48684	780	1300550	48541	841	1401237	48384	901	1500589	48231	962	1601649	48089	1022	1701575	47957	1082	1801366	47799	1142	1900717	47654	1202	2000316	47514	1262	2100546	47378	1322	2200263	47236	1383	2301691	47091	1442	2400263	46953	1503	2501129	46819	1563	2601398	46676	1623	2701857	46528	1683	2801505	46380	1743	2901892	46233	1802	3000388	46091	1862	3100721	45948	1923	3201918	45803	1982	3300768	45663	2042	3400791	45524	2102	3500446	45381	
60	100906	50281	120	201841	50148	180	301192	50002	239	400419	49864	299	500408	49714	360	601853	49560	420	701680	49412	479	800377	49269	540	901729	49133	600	1001461	48984	660	1101160	48843	720	1200462	48703	780	1300526	48556	840	1400657	48411	900	1501817	48276	960	1601696	48137	1020	1701538	47994	1080	1801820	47851	1140	1901052	47708	1200	2000913	47569	1260	2100358	47427	1320	2200346	47284	1380	2300546	47147	1440	2400283	47008	1501	2501415	46862	1561	2601047	46716	1621	2700610	46577	1681	2801110	46435	1740	2900386	46291	1800	3000581	46153	1860	3101061	46019	1920	3200540	45870	1980	3300802	45726	2040	3400247	45578	2100	3500466	45440	
61	101834	50274	121	201650	50124	181	301297	49981	241	400903	49835	301	501182	49694	361	601780	49539	421	701280	49389	481	801202	49253	541	901121	49101	601	1000771	48950	661	1100660	48797	721	1201028	48656	781	1300854	48519	841	1400809	48377	901	1501282	48225	961	1600712	48087	1022	1701510	47944	1082	1801197	47798	1142	1900695	47656	1202	2000853	47512	1263	2101836	47367	1323	2201184	47225	1383	2301288	47095	1443	2401456	46953	1503	2501898	46805	1562	2601126	46662	1622	2701415	46521	1681	2800756	46383	1741	2900266	46238	1802	3001548	46091	1862	3101475	45950	1922	3201300	45810	1982	3300818	45668	2042	3401656	45520	2102	3500841	45382	
60	100599	50267	120	200753	50123	180	301507	49982	240	401406	49824	300	501361	49676	360	600442	49531	420	700732	49388	480	800344	49241	541	901465	49090	601	1001191	48936	660	1100354	48799	720	1200396	48659	781	1301680	48514	841	1401621	48381	901	1501598	48240	961	1601703	48099	1021	1701598	47956	1080	1800872	47818	1140	1901496	47672	1200	2001535	47524	1260	2101275	47381	1320	2200823	47236	1380	2300775	47094	1440	2400402	46956	1500	2500712	46811	1560	2601539	46670	1619	2701112	46528	1678	2800566	46386	1739	2901404	46241	1799	3001057	46100	1859	3101098	45961	1919	3200837	45806	1979	3300852	45661	2039	3400805	45512	2099	3500286	45363	
61	101338	50254	121	200422	50117	182	301287	49974	242	400720	49828	302	500484	49688	362	600602	49541	422	701184	49405	481	800476	49267	541	900620	49128	601	1000489	48985	662	1101493	48846	722	1201557	48689	781	1301534	48549	840	1401064	48411	900	1500565	48273	960	1600387	48132	1021	1701794	47993	1081	1801342	47857	1140	1900287	47712	1201	2001644	47570	1261	2101493	47431	1321	2201551	47289	1381	2301532	47140	1441	2401580	46999	1501	2501396	46860	1561	2601253	46711	1621	2701763	46570	1681	2800744	46425	1741	2900251	46285	1801	3000908	46136	1861	3101063	45990	1921	3200952	45856	1981	3300994	45711	2041	3401474	45556	2101	3501541	45414	
