versja nr 3;wspolczynnik mutacji 0.900000;wielkosc populacji 90
137	100760	651	270	200396	651	404	300668	651	500	372222	651	538	400746	651	672	500729	651	805	600367	651	935	700712	651	1000	749700	651	1067	800107	651	1201	900503	651	1335	1000677	651	1469	1100605	651	1500	1123763	651	1602	1200155	651	1737	1300740	651	1871	1400603	651	2000	1496672	651	2005	1500417	651	2139	1600446	651	2272	1700390	651	2405	1800123	651	2500	1871038	651	2539	1900184	651	2673	2000272	651	2807	2100478	651	2941	2200620	651	3000	2244699	651	3075	2300749	651	3208	2400199	651	3342	2500629	651	
138	100130	664	275	200485	664	412	300820	664	500	365023	664	548	400335	664	685	500603	664	821	600173	664	958	700621	664	1000	731490	664	1094	800602	664	1230	900280	664	1367	1000666	664	1500	1098012	664	1503	1100240	664	1640	1200293	664	1777	1300308	664	1914	1400592	664	2000	1464049	664	2049	1500264	664	2185	1600042	664	2322	1700193	664	2459	1800727	664	2500	1830889	664	2594	1900094	664	2731	2000516	664	2867	2100261	664	3000	2197761	664	3004	2200730	664	3140	2300468	664	3277	2400803	664	3413	2500348	664	
139	100268	666	277	200553	666	413	300251	666	500	364348	666	549	400458	666	687	500748	666	824	600197	666	961	700305	666	1000	728621	666	1099	800673	666	1236	900092	666	1373	1000099	666	1500	1092487	666	1511	1100487	666	1649	1200430	666	1786	1300141	666	1924	1400283	666	2000	1455583	666	2062	1500550	666	2199	1600166	666	2336	1700119	666	2474	1800666	666	2500	1819587	666	2611	1900077	666	2749	2000316	666	2883	2100587	666	3000	2185588	666	3020	2200080	666	3158	2300469	666	3296	2400545	666	3433	2500062	666	
137	100129	799	272	200384	799	406	300132	799	500	370168	799	541	400643	799	676	500744	799	811	600706	799	946	700672	799	1000	740609	799	1080	800440	799	1215	900512	799	1349	1000367	799	1484	1100562	799	1500	1112490	799	1618	1200422	799	1750	1300481	799	1885	1400640	799	2000	1486178	799	2019	1500400	799	2153	1600142	799	2288	1700514	799	2422	1800082	799	2500	1858129	799	2557	1900157	799	2692	2000618	799	2825	2100396	799	2959	2200518	799	3000	2230925	799	3094	2300493	799	3229	2400650	799	3364	2500469	799	
138	100711	885	273	200564	885	408	300338	885	500	368534	885	541	400184	885	676	500357	885	812	600239	885	947	700069	885	1000	739072	885	1084	800729	885	1219	900116	885	1356	1000710	885	1492	1100634	885	1500	1106537	885	1628	1200742	885	1764	1300701	885	1899	1400188	885	2000	1474411	885	2035	1500304	885	2171	1600454	885	2307	1700646	885	2443	1800718	885	2500	1842671	885	2578	1900170	885	2714	2000564	885	2850	2100658	885	2986	2200628	885	3000	2210996	885	3122	2300615	885	3258	2400528	885	3394	2500244	885	
135	100052	781	269	200499	781	402	300601	781	500	374173	781	535	400475	781	667	500156	781	801	600441	781	935	700610	781	1000	749443	781	1068	800412	781	1200	900522	781	1333	1000543	781	1465	1100756	781	1500	1127082	781	1598	1200715	781	1731	1300338	781	1865	1400550	781	1997	1500283	781	2000	1502541	781	2131	1600641	781	2264	1700469	781	2397	1800612	781	2500	1877557	781	2531	1900676	781	2664	2000210	781	2798	2100604	781	2931	2200100	781	3000	2251570	781	3065	2300383	781	3199	2400602	781	3332	2500149	781	
139	100407	672	276	200172	672	413	300121	672	500	363603	672	550	400173	672	688	500595	672	825	600520	672	962	700226	672	1000	727903	672	1099	800030	672	1237	900387	672	1375	1000569	672	1500	1091666	672	1512	1100469	672	1649	1200152	672	1787	1300749	672	1924	1400467	672	2000	1455909	672	2061	1500429	672	2198	1600538	672	2335	1700161	672	2469	1800240	672	2500	1823225	672	2605	1900281	672	2742	2000046	672	2880	2100477	672	3000	2187742	672	3017	2200073	672	3154	2300315	672	3291	2400150	672	3429	2500591	672	
135	100058	480	268	200559	480	401	300159	480	500	374545	480	534	400127	480	668	500751	480	801	600607	480	934	700546	480	1000	750117	480	1067	800506	480	1200	900781	480	1329	1000095	480	1463	1100459	480	1500	1128215	480	1596	1200252	480	1729	1300169	480	1863	1400740	480	1996	1500732	480	2000	1503761	480	2128	1600214	480	2261	1700297	480	2394	1800469	480	2500	1880027	480	2527	1900317	480	2659	2000116	480	2791	2100312	480	2924	2200594	480	3000	2257583	480	3057	2300642	480	3190	2400683	480	3322	2500423	480	
142	100050	725	279	200380	725	419	300164	725	500	357982	725	560	400724	725	700	500032	725	841	600270	725	981	700097	725	1000	713614	725	1120	800221	725	1260	900036	725	1401	1000441	725	1500	1070894	725	1541	1100608	725	1681	1200335	725	1822	1300641	725	1962	1400036	725	2000	1427034	725	2103	1500194	725	2244	1600257	725	2385	1700394	725	2500	1782341	725	2525	1800404	725	2666	1900609	725	2806	2000309	725	2947	2100538	725	3000	2138058	725	3087	2200613	725	3226	2300181	725	3366	2400199	725	3500	2495367	725	3507	2500410	725	
135	100769	884	267	200257	884	401	300740	884	500	374968	884	534	400506	884	667	500156	884	801	600642	884	934	700405	884	1000	749933	884	1067	800451	884	1200	900194	884	1333	1000060	884	1467	1100685	884	1500	1125929	884	1599	1200320	884	1732	1300149	884	1865	1400128	884	1999	1500743	884	2000	1501511	884	2131	1600264	884	2264	1700356	884	2397	1800366	884	2500	1877672	884	2530	1900304	884	2663	2000360	884	2796	2100418	884	2929	2200261	884	3000	2253915	884	3062	2300520	884	3191	2400458	884	3324	2500331	884	
146	100658	210	287	200231	210	431	300614	210	500	349006	210	573	400105	210	717	500701	210	860	600612	210	1000	698862	210	1002	700334	210	1145	800038	210	1289	900134	210	1433	1000531	210	1500	1047110	210	1577	1100700	210	1720	1200604	210	1863	1300397	210	2000	1395857	210	2006	1400082	210	2150	1500551	210	2289	1600549	210	2432	1700451	210	2500	1747833	210	2575	1800308	210	2718	1900364	210	2861	2000216	210	3000	2097236	210	3005	2100717	210	3148	2200139	210	3291	2300071	210	3435	2400664	210	3500	2446066	210	3578	2500712	210	
137	100256	230	270	200128	230	404	300536	230	500	372313	230	538	400758	230	671	500135	230	805	600509	230	937	700697	230	1000	749629	230	1067	800213	230	1201	900673	230	1334	1000305	230	1466	1100116	230	1500	1125501	230	1600	1200563	230	1733	1300070	230	1867	1400582	230	2000	1500387	230	2000	1500424	230	2133	1600034	230	2266	1700133	230	2399	1800324	230	2500	1875855	230	2533	1900541	230	2666	2000200	230	2799	2100357	230	2932	2200488	230	3000	2251297	230	3066	2300621	230	3199	2400059	230	3333	2500342	230	
139	100602	145	274	200384	145	410	300624	145	500	367193	145	545	400451	145	681	500571	145	815	600245	145	951	700669	145	1000	737163	145	1086	800623	145	1221	900094	145	1356	1000116	145	1490	1100094	145	1500	1107523	145	1626	1200757	145	1762	1300679	145	1897	1400304	145	2000	1476358	145	2033	1500712	145	2168	1600489	145	2303	1700203	145	2439	1800575	145	2500	1845722	145	2574	1900487	145	2709	2000062	145	2845	2100356	145	2981	2200561	145	3000	2214588	145	3116	2300463	145	3251	2400470	145	3386	2500146	145	
144	100329	200	285	200126	200	426	300149	200	500	352508	200	568	400617	200	709	500455	200	850	600366	200	991	700257	200	1000	706624	200	1132	800123	200	1273	900567	200	1413	1000566	200	1500	1062775	200	1553	1100382	200	1694	1200417	200	1832	1300299	200	1973	1400117	200	2000	1419274	200	2115	1500545	200	2255	1600081	200	2396	1700309	200	2500	1773891	200	2538	1800689	200	2678	1900131	200	2820	2000487	200	2958	2100745	200	3000	2131061	200	3098	2200734	200	3238	2300247	200	3379	2400320	200	3500	2485957	200	3520	2500294	200	
139	100117	294	276	200510	294	412	300245	294	500	364932	294	548	400258	294	684	500033	294	821	600594	294	957	700669	294	1000	732355	294	1093	800588	294	1228	900053	294	1365	1000627	294	1500	1100109	294	1500	1100147	294	1636	1200699	294	1769	1300754	294	1905	1400590	294	2000	1470314	294	2041	1500543	294	2177	1600630	294	2313	1700293	294	2450	1800727	294	2500	1837327	294	2586	1900418	294	2722	2000146	294	2858	2100571	294	2994	2200525	294	3000	2204970	294	3130	2300148	294	3267	2400582	294	3403	2500570	294	
146	100605	212	288	200686	212	430	300717	212	500	349984	212	572	400658	212	710	500504	212	851	600439	212	992	700048	212	1000	705684	212	1134	800245	212	1275	900056	212	1417	1000276	212	1500	1058859	212	1559	1100415	212	1701	1200089	212	1843	1300051	212	1985	1400455	212	2000	1411164	212	2126	1500724	212	2268	1600444	212	2410	1700141	212	2500	1763366	212	2552	1800042	212	2695	1900685	212	2837	2000452	212	2979	2100418	212	3000	2115152	212	3120	2200561	212	3261	2300635	212	3402	2400217	212	3500	2469119	212	3544	2500029	212	
142	100051	458	281	200230	458	420	300231	458	500	357683	458	559	400041	458	697	500196	458	836	600523	458	975	700721	458	1000	718809	458	1113	800208	458	1252	900424	458	1390	1000218	458	1500	1079376	458	1529	1100319	458	1668	1200185	458	1807	1300124	458	1946	1400031	458	2000	1438921	458	2086	1500688	458	2224	1600396	458	2363	1700590	458	2500	1799109	458	2502	1800590	458	2641	1900598	458	2779	2000247	458	2919	2100745	458	3000	2159078	458	3057	2200066	458	3196	2300104	458	3335	2400180	458	3475	2500722	458	
136	100241	296	271	200645	296	404	300221	296	500	371506	296	538	400048	296	673	500098	296	808	600477	296	942	700456	296	1000	743482	296	1077	800674	296	1209	900133	296	1344	1000390	296	1479	1100501	296	1500	1116067	296	1612	1200713	296	1746	1300378	296	1881	1400559	296	2000	1489271	296	2015	1500438	296	2148	1600476	296	2282	1700275	296	2417	1800621	296	2500	1864269	296	2548	1900481	296	2682	2000232	296	2817	2100252	296	2952	2200403	296	3000	2236332	296	3087	2300761	296	3221	2400385	296	3355	2500525	296	
144	100662	256	284	200458	256	424	300615	256	500	354822	256	564	400528	256	704	500649	256	844	600603	256	984	700616	256	1000	712057	256	1123	800125	256	1263	900077	256	1403	1000058	256	1500	1071472	256	1540	1100471	256	1680	1200404	256	1820	1300336	256	1960	1400394	256	2000	1428941	256	2100	1500194	256	2240	1600124	256	2380	1700079	256	2500	1786821	256	2519	1800480	256	2659	1900347	256	2799	2000308	256	2939	2100350	256	3000	2143737	256	3079	2200313	256	3219	2300302	256	3359	2400213	256	3499	2500408	256	
139	100110	256	272	200378	256	406	300067	256	500	368859	256	543	400636	256	679	500186	256	815	600125	256	952	700642	256	1000	735812	256	1088	800140	256	1225	900612	256	1361	1000372	256	1498	1100590	256	1500	1102082	256	1634	1200172	256	1771	1300226	256	1907	1400615	256	2000	1468871	256	2043	1500347	256	2180	1600480	256	2317	1700687	256	2453	1800321	256	2500	1835089	256	2589	1900401	256	2725	2000065	256	2862	2100626	256	2995	2200228	256	3000	2203897	256	3132	2300501	256	3268	2400109	256	3405	2500689	256	
46	102057	4493	90	201494	4493	134	300161	4493	179	401599	4493	223	501282	4493	267	600760	4493	312	701799	4493	356	800843	4493	400	900555	4493	445	1002117	4493	489	1101559	4493	500	1126446	4493	533	1201091	4493	577	1300283	4493	622	1401941	4493	666	1500984	4493	710	1600199	4493	755	1701322	4493	799	1800194	4493	844	1901827	4493	888	2000677	4493	933	2102085	4493	977	2200990	4493	1000	2252812	4493	1022	2302248	4493	1065	2401370	4493	1109	2501173	4493	
45	101088	4501	89	201389	4501	133	302197	4501	176	401206	4501	220	502403	4501	263	600511	4501	307	700965	4501	351	801767	4501	394	900179	4501	438	1000480	4501	482	1101428	4501	500	1143514	4501	525	1201313	4501	569	1301963	4501	613	1402392	4501	656	1501894	4501	699	1602084	4501	742	1700171	4501	786	1800696	4501	830	1901342	4501	874	2001794	4501	918	2102291	4501	961	2200637	4501	1000	2290250	4501	1005	2301840	4501	1049	2402342	4501	1092	2500679	4501	
45	100968	4790	89	200907	4790	133	300488	4790	177	400306	4790	221	500235	4790	266	601923	4790	309	702283	4790	353	802400	4790	397	901962	4790	441	1001420	4790	485	1100970	4790	500	1134905	4790	529	1200396	4790	574	1302149	4790	618	1401944	4790	662	1501395	4790	706	1600580	4790	750	1700371	4790	795	1801958	4790	839	1901743	4790	883	2001232	4790	927	2100368	4790	972	2201930	4790	1000	2265691	4790	1016	2301967	4790	1060	2402334	4790	1104	2501999	4790	
45	100184	3752	89	202265	3752	132	302170	3752	175	401945	3752	218	501687	3752	261	601824	3752	304	702409	3752	347	802201	3752	390	902396	3752	433	1002210	3752	476	1101805	3752	500	1157610	3752	519	1202177	3752	562	1302055	3752	605	1401708	3752	648	1501685	3752	691	1601524	3752	733	1700341	3752	776	1800762	3752	819	1900702	3752	862	2000742	3752	905	2100487	3752	948	2200173	3752	992	2301923	3752	1000	2320463	3752	1035	2401806	3752	1078	2501786	3752	
45	101738	3929	88	201146	3929	131	300583	3929	175	401793	3929	218	500940	3929	262	601804	3929	305	701502	3929	348	801122	3929	392	902268	3929	435	1001820	3929	478	1100798	3929	500	1151369	3929	522	1202175	3929	565	1301473	3929	608	1401075	3929	651	1500503	3929	694	1600431	3929	737	1700542	3929	780	1800231	3929	824	1902183	3929	866	2000906	3929	909	2100197	3929	953	2201904	3929	996	2301419	3929	1000	2310693	3929	1039	2400963	3929	1082	2500929	3929	
44	100644	4655	88	202306	4655	131	301446	4655	174	400526	4655	218	501486	4655	261	600550	4655	305	702062	4655	348	801691	4655	391	902061	4655	434	1001134	4655	477	1102456	4655	500	1156013	4655	520	1202156	4655	563	1301535	4655	606	1400288	4655	650	1501751	4655	693	1601189	4655	736	1700152	4655	780	1801366	4655	823	1900681	4655	867	2001844	4655	910	2101461	4655	953	2200783	4655	996	2300363	4655	1000	2309611	4655	1040	2402150	4655	1083	2501307	4655	
45	100306	3791	89	201672	3791	131	301085	3791	174	400796	3791	218	502435	3791	261	601446	3791	304	700564	3791	347	800253	3791	391	901928	3791	434	1001059	3791	477	1100707	3791	500	1154006	3791	520	1200229	3791	564	1301813	3791	607	1402094	3791	650	1501120	3791	693	1600447	3791	737	1702294	3791	780	1801358	3791	823	1900584	3791	867	2002233	3791	910	2101514	3791	953	2200776	3791	997	2302032	3791	1000	2309011	3791	1040	2401079	3791	1083	2500500	3791	
45	100973	4062	88	201287	4062	130	300465	4062	173	400887	4062	216	501031	4062	259	601619	4062	302	702101	4062	344	800161	4062	387	900886	4062	430	1001048	4062	473	1101398	4062	500	1164558	4062	516	1202063	4062	558	1300369	4062	601	1400847	4062	644	1501250	4062	687	1601984	4062	729	1700691	4062	772	1801196	4062	815	1901719	4062	858	2002029	4062	900	2100245	4062	943	2200781	4062	986	2301333	4062	1000	2334269	4062	1028	2402043	4062	1070	2500614	4062	
46	101333	4523	91	202259	4523	135	301378	4523	179	400253	4523	224	501469	4523	268	600771	4523	313	702158	4523	357	800761	4523	402	901633	4523	446	1000936	4523	491	1101871	4523	500	1122246	4523	535	1201661	4523	579	1300751	4523	624	1401801	4523	668	1500714	4523	712	1601615	4523	756	1700159	4523	801	1800920	4523	846	1901978	4523	890	2000453	4523	935	2101200	4523	980	2201536	4523	1000	2246739	4523	1024	2300179	4523	1069	2400824	4523	1114	2501556	4523	
45	101381	4355	88	201061	4355	131	301238	4355	174	400271	4355	218	501608	4355	261	600766	4355	303	700598	4355	347	801998	4355	390	902060	4355	433	1001318	4355	476	1100273	4355	500	1155528	4355	520	1201939	4355	563	1301134	4355	607	1402302	4355	650	1501317	4355	693	1600526	4355	737	1701935	4355	780	1801984	4355	823	1900999	4355	866	2000188	4355	910	2101457	4355	953	2200585	4355	996	2300338	4355	1000	2309732	4355	1039	2400519	4355	1083	2501808	4355	
48	101803	1572	92	201081	1572	136	300747	1572	180	400524	1572	224	500401	1572	268	600236	1572	313	701743	1572	357	801202	1572	401	900865	1572	445	1000479	1572	490	1102336	1572	500	1125219	1572	534	1202191	1572	578	1301397	1572	622	1400873	1572	666	1500289	1572	711	1601732	1572	755	1701275	1572	799	1801166	1572	843	1900639	1572	887	2000466	1572	931	2100263	1572	976	2202084	1572	1000	2256306	1572	1020	2301409	1572	1064	2400821	1572	1109	2502075	1572	
48	100572	1481	92	200455	1481	137	301490	1481	181	400251	1481	226	501699	1481	271	602363	1481	315	701165	1481	359	800402	1481	404	901602	1481	448	1000241	1481	493	1102108	1481	500	1117932	1481	537	1201556	1481	581	1300248	1481	626	1401296	1481	670	1500160	1481	715	1601808	1481	759	1700453	1481	804	1801099	1481	849	1902379	1481	892	2001640	1481	936	2100454	1481	981	2201646	1481	1000	2244391	1481	1025	2300541	1481	1070	2401589	1481	1114	2500554	1481	
47	101358	1850	90	200509	1850	134	301868	1850	177	401406	1850	220	500930	1850	263	600310	1850	307	701667	1850	350	800776	1850	393	900208	1850	437	1001991	1850	479	1100585	1850	500	1149604	1850	522	1200479	1850	566	1302082	1850	609	1401094	1850	652	1500242	1850	696	1602393	1850	739	1701639	1850	782	1801180	1850	825	1900757	1850	869	2002345	1850	912	2101283	1850	955	2200853	1850	998	2300402	1850	1000	2305144	1850	1041	2401031	1850	1084	2500379	1850	
49	101752	1306	94	201914	1306	138	301915	1306	183	402294	1306	228	502165	1306	273	602209	1306	317	700166	1306	362	800699	1306	407	900784	1306	452	1000976	1306	497	1101340	1306	500	1108117	1306	542	1201426	1306	587	1301423	1306	632	1401926	1306	677	1502054	1306	722	1602154	1306	766	1701071	1306	811	1801333	1306	856	1901779	1306	900	2000409	1306	945	2100959	1306	990	2201146	1306	1000	2223440	1306	1035	2301620	1306	1079	2400512	1306	1124	2501177	1306	
49	100569	1356	94	200744	1356	139	300757	1356	184	400692	1356	229	500982	1356	274	600819	1356	319	700693	1356	364	800176	1356	410	902177	1356	455	1001697	1356	500	1101372	1356	500	1101506	1356	545	1201193	1356	590	1300853	1356	635	1400923	1356	680	1501035	1356	725	1601115	1356	770	1701023	1356	815	1800470	1356	860	1900303	1356	905	2000239	1356	951	2102211	1356	996	2201749	1356	1000	2210678	1356	1041	2301228	1356	1085	2400762	1356	1130	2500997	1356	
48	102264	1369	91	201720	1369	134	301242	1369	178	402425	1369	221	501523	1369	264	600657	1369	308	701844	1369	351	801315	1369	395	902391	1369	438	1001182	1369	481	1100143	1369	500	1144051	1369	525	1201546	1369	568	1300819	1369	612	1402457	1369	655	1501891	1369	697	1600713	1369	741	1702009	1369	784	1800975	1369	828	1902269	1369	871	2001236	1369	915	2102015	1369	958	2200957	1369	1000	2297978	1369	1001	2300428	1369	1045	2401553	1369	1088	2501077	1369	
50	100729	1141	96	201310	1141	142	302289	1141	187	400580	1141	233	500874	1141	279	601964	1141	323	700141	1141	369	800524	1141	415	900777	1141	461	1001642	1141	500	1087322	1141	506	1100462	1141	552	1200805	1141	598	1301171	1141	644	1402157	1141	689	1500778	1141	735	1601177	1141	781	1702022	1141	826	1800437	1141	872	1900629	1141	918	2001597	1141	963	2100475	1141	1000	2181438	1141	1009	2201335	1141	1054	2300683	1141	1100	2401405	1141	1145	2500936	1141	
47	101074	1432	90	200534	1432	134	301947	1432	177	401399	1432	220	501168	1432	263	600320	1432	307	701781	1432	350	801285	1432	393	900792	1432	436	1000202	1432	480	1102136	1432	500	1148323	1432	523	1201650	1432	566	1301669	1432	609	1401859	1432	652	1501937	1432	695	1601499	1432	738	1700875	1432	782	1802335	1432	825	1902134	1432	868	2001791	1432	911	2101775	1432	954	2201317	1432	997	2301013	1432	1000	2308085	1432	1040	2400457	1432	1084	2502363	1432	
47	100489	1544	90	201175	1544	133	301824	1544	175	400595	1544	218	500738	1544	261	600684	1544	304	701070	1544	347	800972	1544	390	901360	1544	433	1001899	1544	476	1102207	1544	500	1158062	1544	519	1202161	1544	561	1300142	1544	604	1400703	1544	647	1501119	1544	690	1601124	1544	733	1701432	1544	776	1802051	1544	818	1900212	1544	860	2000353	1544	903	2100956	1544	946	2201120	1544	989	2301079	1544	1000	2326779	1544	1032	2401354	1544	1075	2501608	1544	
49	100550	1170	94	200728	1170	139	301912	1170	183	400216	1170	228	500759	1170	273	601226	1170	318	701925	1170	363	802384	1170	407	901320	1170	452	1002034	1170	496	1101637	1170	500	1110788	1170	540	1200486	1170	585	1301302	1170	630	1401784	1170	675	1502179	1170	719	1600358	1170	764	1700712	1170	809	1801077	1170	854	1901403	1170	899	2001580	1170	944	2102112	1170	988	2200406	1170	1000	2227266	1170	1033	2301358	1170	1078	2402124	1170	1122	2500263	1170	
11	110467	22815	20	207521	22815	29	302921	22815	39	408590	22815	48	503701	22815	58	609525	22815	67	705333	22815	76	800927	22815	86	906833	22815	95	1001816	22815	105	1107276	22815	114	1202510	22815	124	1308914	22815	133	1404354	22815	143	1510010	22815	152	1604992	22815	162	1710822	22815	171	1806000	22815	180	1901110	22815	190	2006554	22815	199	2101740	22815	209	2207514	22815	218	2302792	22815	228	2408399	22815	237	2503577	22815	
10	105062	24595	19	201707	24595	29	309144	24595	38	405714	24595	47	502179	24595	57	609363	24595	66	706138	24595	75	803265	24595	84	900905	24595	94	1007936	24595	103	1104495	24595	112	1201156	24595	122	1308404	24595	131	1405138	24595	140	1501924	24595	150	1609184	24595	159	1705809	24595	168	1803377	24595	178	1910986	24595	187	2007974	24595	196	2111154	24595	205	2209567	24595	214	2306586	24595	223	2403500	24595	233	2511033	24595	
10	101997	22709	20	207749	22709	29	303306	22709	39	409085	22709	48	504615	22709	58	610791	22709	67	706571	22709	76	802067	22709	86	907794	22709	95	1002650	22709	104	1101190	22709	114	1207282	22709	123	1302612	22709	133	1408338	22709	142	1503915	22709	152	1609630	22709	161	1705008	22709	171	1810720	22709	180	1905919	22709	189	2001107	22709	199	2106984	22709	208	2202575	22709	218	2308224	22709	227	2403305	22709	237	2509426	22709	
10	104533	23940	20	211253	23940	29	307443	23940	38	403144	23940	48	509606	23940	57	605233	23940	66	701263	23940	76	807365	23940	85	902999	23940	95	1009719	23940	104	1105319	23940	113	1201191	23940	123	1307912	23940	132	1404137	23940	142	1511107	23940	151	1606846	23940	160	1702657	23940	170	1809655	23940	179	1905118	23940	188	2000782	23940	198	2106887	23940	207	2202693	23940	217	2309117	23940	226	2406219	23940	235	2501909	23940	
10	100786	23134	20	207883	23134	29	304650	23134	39	411279	23134	48	507442	23134	57	603727	23134	67	710793	23134	76	807002	23134	85	903207	23134	95	1010620	23134	104	1107025	23134	113	1203331	23134	123	1310187	23134	132	1406457	23134	141	1502608	23134	151	1609441	23134	160	1705588	23134	169	1801773	23134	178	1900870	23134	188	2008417	23134	197	2105204	23134	206	2201813	23134	216	2308616	23134	225	2405052	23134	234	2500985	23134	
10	102110	23326	20	208260	23326	29	304070	23326	39	410531	23326	48	506118	23326	57	602188	23326	67	708456	23326	76	805435	23326	85	902626	23326	95	1009001	23326	104	1104544	23326	114	1210782	23326	123	1306941	23326	132	1402851	23326	142	1509003	23326	151	1604862	23326	161	1711187	23326	170	1806797	23326	179	1902559	23326	189	2008870	23326	198	2104570	23326	208	2210962	23326	217	2306853	23326	226	2402535	23326	236	2508818	23326	
10	100720	23736	20	205418	23736	30	310579	23736	39	405373	23736	48	500928	23736	58	606316	23736	67	701101	23736	77	806305	23736	86	901000	23736	96	1006654	23736	105	1101497	23736	115	1206813	23736	124	1301753	23736	134	1407235	23736	143	1502157	23736	153	1607604	23736	162	1702560	23736	172	1807776	23736	181	1902544	23736	191	2007585	23736	200	2102248	23736	210	2208274	23736	219	2303081	23736	229	2408694	23736	238	2503602	23736	
10	104472	25425	20	209323	25425	29	303523	25425	39	407977	25425	48	501923	25425	58	606362	25425	68	710714	25425	77	804659	25425	87	909433	25425	96	1003272	25425	106	1107678	25425	115	1201657	25425	125	1305983	25425	135	1410467	25425	144	1504381	25425	154	1608786	25425	163	1705400	25425	173	1810107	25425	182	1904385	25425	192	2008725	25425	201	2102855	25425	211	2207131	25425	220	2301469	25425	230	2406018	25425	240	2510350	25425	
10	106109	24873	19	203265	24873	29	310955	24873	38	407919	24873	47	504912	24873	56	602137	24873	65	702724	24873	75	810996	24873	84	908222	24873	93	1005896	24873	102	1103132	24873	112	1210852	24873	121	1307846	24873	130	1405038	24873	139	1502099	24873	149	1609897	24873	158	1707157	24873	167	1804561	24873	176	1901205	24873	186	2009591	24873	195	2106694	24873	204	2203688	24873	213	2300845	24873	223	2408711	24873	232	2505649	24873	
10	101595	24409	20	209168	24409	29	306121	24409	38	402717	24409	48	510138	24409	57	606735	24409	66	704031	24409	75	800996	24409	85	908593	24409	94	1005134	24409	103	1101994	24409	113	1209377	24409	122	1306127	24409	131	1402845	24409	141	1510256	24409	150	1607042	24409	159	1703945	24409	168	1801008	24409	178	1908570	24409	187	2005497	24409	196	2102350	24409	206	2209724	24409	215	2306437	24409	224	2403145	24409	234	2510814	24409	
10	101495	22967	20	202552	21018	30	303735	18469	40	402212	15819	50	502257	13837	60	601636	11273	70	704290	10004	80	806323	9386	89	900798	9386	99	1005992	9386	109	1110610	9386	118	1204875	9386	128	1309390	9386	137	1403660	9386	147	1510668	9386	156	1605750	9386	166	1710684	9386	175	1805360	9386	185	1910446	9386	194	2004880	9386	204	2110930	9386	213	2205414	9386	223	2310623	9386	232	2405328	9386	242	2510211	9386	
10	101945	25100	20	203591	25100	30	305784	25100	40	408862	24466	49	500694	23184	59	600834	22533	69	701873	22533	79	803142	21902	89	904426	21902	99	1005796	21902	109	1107213	21902	119	1208472	21902	129	1309746	21902	138	1401242	21902	148	1502639	21902	158	1603536	21269	168	1703772	19376	178	1805305	19376	188	1906877	19376	198	2008595	19376	208	2110129	18735	217	2201875	18735	227	2302557	18088	237	2404294	18088	247	2505740	18088	
10	105136	25298	20	210320	25298	29	304851	25298	39	409794	25298	48	504207	25298	58	609249	25298	67	703970	25298	77	808967	25298	86	903784	25298	96	1008911	25298	105	1103545	25298	115	1207895	24654	124	1302253	24654	134	1407157	24654	143	1501601	24654	153	1606380	24654	162	1700941	24654	172	1805577	24019	182	1910215	24019	191	2004735	24019	201	2109278	24019	210	2202346	22738	220	2306792	22738	229	2403637	21470	239	2507434	19552	
10	104082	25129	20	207977	25129	29	301502	25129	39	405068	25129	49	508921	25129	58	602691	25129	68	706932	25129	78	810811	25129	87	904352	25129	97	1008239	25129	106	1101862	25129	116	1205450	24475	126	1310769	23841	135	1403980	23841	145	1507961	23841	154	1601627	23841	164	1705643	23841	174	1809246	23841	183	1902980	23841	193	2006709	23841	203	2110272	23212	212	2204200	23212	222	2308376	23212	231	2401114	22560	241	2504797	22560	
10	102885	23170	20	210392	22536	29	304051	21876	39	405377	20612	49	508598	20612	58	601658	20612	68	704861	19975	78	807808	18694	87	900918	18049	97	1003722	16750	107	1103479	15476	117	1204803	13552	127	1305474	11637	137	1406354	9767	146	1500832	9767	156	1604974	9767	166	1709541	9767	175	1803418	9767	185	1907321	9767	194	2001135	9767	204	2105570	9767	214	2209686	9767	223	2303668	9767	233	2407848	9767	242	2501745	9767	
10	103244	24332	20	205072	24332	30	307651	23046	40	410442	21759	49	503629	21759	59	607356	21111	69	709602	20456	78	802370	20456	88	904947	19797	98	1008280	19797	107	1101554	19797	117	1204981	19797	127	1308078	19797	137	1410721	19151	146	1503285	17875	156	1605523	16588	166	1706109	15940	176	1808721	15304	186	1908470	12693	196	2006939	10158	206	2107331	8878	215	2202755	8878	225	2306366	8878	235	2409807	8878	244	2503023	8878	
10	103586	24086	20	206611	22801	30	310047	22801	39	404491	22801	49	507545	21529	59	610065	19555	68	703009	18909	78	806637	17608	88	908689	15643	98	1007928	13059	107	1101040	9838	117	1202575	8620	127	1307931	8620	136	1402989	8620	146	1508454	8620	155	1603753	8620	165	1709773	8620	174	1804990	8620	184	1911141	8620	193	2006077	8620	202	2101020	8620	212	2206775	8620	221	2301808	8620	231	2407342	8620	240	2502642	8620	
10	104050	23806	20	206717	23164	30	309487	20615	40	410100	18684	50	509081	15469	60	608878	13557	70	709356	12242	80	810204	10996	89	903176	9735	99	1005731	9101	109	1108414	8494	118	1202258	8494	128	1306854	8494	137	1401049	8494	147	1505610	8494	157	1610243	8494	166	1704314	8494	176	1808564	8494	185	1902400	8494	195	2006435	8494	205	2110937	8494	214	2205249	8494	224	2309352	8494	233	2403078	8494	243	2507746	8494	
10	102698	25350	20	205069	24714	30	307541	24084	40	409255	22790	50	509940	22134	59	602452	21491	69	703827	20872	79	805901	19579	89	907231	18294	99	1008761	16396	109	1109794	15100	119	1210384	14439	128	1301551	12468	138	1401516	11165	148	1503616	11165	158	1606742	11165	168	1710184	11165	177	1803345	11165	187	1908601	11165	196	2002518	11165	206	2105695	11165	216	2209025	11165	225	2301998	11165	235	2405310	11165	245	2508531	11165	
10	102528	23990	20	205002	23990	30	308242	23990	39	401257	23360	49	503406	22714	59	606553	22714	69	710135	22714	78	803704	22064	88	909823	22064	97	1002651	20769	107	1104922	19479	117	1206404	18842	127	1307686	16923	137	1409275	16278	146	1501320	15627	156	1604303	15023	166	1706109	14399	176	1809245	14399	186	1910553	12445	195	2002507	11812	205	2105097	11812	215	2208357	11812	224	2301817	11812	234	2404993	11812	244	2508492	11812	
149	100678	78	296	200322	78	445	300496	78	500	337570	78	592	400084	78	741	500625	78	889	600584	78	1000	675159	78	1037	700068	78	1186	800515	78	1334	900571	78	1482	1000299	78	1500	1012426	78	1630	1100149	78	1778	1200068	78	1926	1300574	78	2000	1350422	78	2074	1400297	78	2223	1500505	78	2371	1600189	78	2500	1686955	78	2519	1700028	78	2668	1800563	78	2816	1900450	78	2964	2000194	78	3000	2024406	78	3113	2100579	78	3261	2200105	78	3410	2300438	78	3500	2361217	78	3558	2400327	78	3706	2500109	78	
145	100397	64	289	200038	64	434	300319	64	500	346217	64	578	400408	64	722	500546	64	866	600716	64	1000	693521	64	1010	700454	64	1155	800609	64	1299	900521	64	1444	1000694	64	1500	1039272	64	1588	1100152	64	1733	1200230	64	1875	1300070	64	2000	1386239	64	2020	1400087	64	2165	1500156	64	2309	1600417	64	2454	1700576	64	2500	1732507	64	2598	1800216	64	2741	1900102	64	2885	2000128	64	3000	2082599	64	3026	2100627	64	3170	2200138	64	3315	2300240	64	3459	2400409	64	3500	2428880	64	3604	2500665	64	
150	100185	86	300	200211	86	450	300629	86	500	334052	86	599	400123	86	749	500205	86	899	600508	86	1000	667952	86	1048	700224	86	1197	800462	86	1347	900634	86	1497	1000691	86	1500	1002711	86	1646	1100585	86	1794	1200124	86	1932	1300478	86	2000	1346145	86	2081	1400645	86	2230	1500083	86	2380	1600234	86	2500	1680304	86	2530	1700398	86	2679	1800070	86	2829	1900441	86	2978	2000027	86	3000	2014799	86	3126	2100189	86	3276	2200574	86	3426	2300443	86	3500	2349718	86	3576	2400530	86	3726	2500577	86	
150	100564	64	299	200597	64	446	300228	64	500	336760	64	594	400386	64	740	500627	64	888	600142	64	1000	675828	64	1036	700316	64	1184	800061	64	1334	900518	64	1482	1000172	64	1500	1012234	64	1631	1100225	64	1780	1200531	64	1929	1300478	64	2000	1348086	64	2078	1400533	64	2226	1500228	64	2375	1600502	64	2500	1685159	64	2523	1700590	64	2671	1800328	64	2819	1900551	64	2967	2000329	64	3000	2022714	64	3116	2100677	64	3264	2200077	64	3413	2300309	64	3500	2358504	64	3562	2400142	64	3711	2500055	64	
140	100256	87	280	200371	87	420	300627	87	500	357987	87	559	400405	87	698	500287	87	838	600362	87	978	700484	87	1000	716283	87	1117	800261	87	1257	900340	87	1397	1000334	87	1500	1074558	87	1536	1100288	87	1676	1200502	87	1815	1300171	87	1955	1400607	87	2000	1432832	87	2094	1500278	87	2234	1600691	87	2372	1700074	87	2500	1792095	87	2512	1800658	87	2652	1900705	87	2791	2000075	87	2931	2100327	87	3000	2149715	87	3071	2200476	87	3210	2300202	87	3350	2400409	87	3490	2500494	87	
161	100271	88	321	200228	88	480	300053	88	500	312550	88	641	400637	88	801	500368	88	962	600584	88	1000	624223	88	1122	700165	88	1283	800604	88	1443	900492	88	1500	935964	88	1603	1000164	88	1764	1100546	88	1925	1200630	88	2000	1247304	88	2086	1300625	88	2246	1400259	88	2407	1500607	88	2500	1558474	88	2567	1600205	88	2728	1700614	88	2886	1800615	88	3000	1871822	88	3046	1900412	88	3207	2000459	88	3367	2100100	88	3500	2183122	88	3528	2200645	88	3688	2300519	88	3848	2400190	88	4000	2494860	88	4009	2500651	88	
142	100584	86	283	200419	86	423	300103	86	500	354790	86	564	400193	86	706	500399	86	847	600099	86	989	700530	86	1000	708375	86	1130	800313	86	1271	900281	86	1410	1000701	86	1500	1064436	86	1550	1100566	86	1690	1200282	86	1831	1300124	86	1973	1400458	86	2000	1419577	86	2114	1500359	86	2256	1600685	86	2395	1700035	86	2500	1774332	86	2537	1800508	86	2679	1900711	86	2820	2000508	86	2961	2100222	86	3000	2127975	86	3102	2200218	86	3243	2300541	86	3384	2400282	86	3500	2482709	86	3525	2500560	86	
154	100432	61	303	200248	61	456	300606	61	500	329409	61	609	400588	61	761	500038	61	914	600596	61	1000	656901	61	1066	700217	61	1218	800169	61	1371	900654	61	1500	985109	61	1523	1000164	61	1676	1100251	61	1829	1200343	61	1982	1300382	61	2000	1312110	61	2134	1400661	61	2286	1500507	61	2438	1600312	61	2500	1640947	61	2590	1700269	61	2742	1800404	61	2895	1900317	61	3000	1969290	61	3048	2000680	61	3200	2100117	61	3353	2200081	61	3500	2296006	61	3507	2300614	61	3660	2400619	61	3813	2500510	61	
144	100316	88	288	200530	88	432	300649	88	500	347865	88	575	400056	88	720	500726	88	864	600562	88	1000	695091	88	1008	700665	88	1152	800571	88	1295	900163	88	1439	1000049	88	1500	1042418	88	1584	1100661	88	1728	1200606	88	1871	1300034	88	2000	1389825	88	2015	1400229	88	2159	1500211	88	2303	1600289	88	2447	1700566	88	2500	1738165	88	2589	1800033	88	2733	1900367	88	2877	2000703	88	3000	2086952	88	3019	2100443	88	3162	2200547	88	3306	2300545	88	3446	2400704	88	3500	2438734	88	3588	2500237	88	
145	100181	94	290	200144	94	435	300154	94	500	345046	94	580	400307	94	725	500466	94	870	600395	94	1000	691033	94	1013	700043	94	1158	800045	94	1303	900098	94	1448	1000056	94	1500	1036216	94	1593	1100692	94	1736	1200039	94	1881	1300097	94	2000	1382064	94	2027	1400699	94	2171	1500239	94	2311	1600091	94	2456	1700590	94	2500	1730869	94	2601	1800705	94	2746	1900586	94	2890	2000171	94	3000	2076310	94	3035	2100527	94	3180	2200660	94	3325	2300683	94	3470	2400702	94	3500	2421328	94	3615	2500467	94	
170	100234	84	342	200554	84	500	292587	84	513	300149	84	686	400460	84	858	500378	84	1000	583013	84	1030	600589	84	1201	700533	84	1367	800176	84	1500	877768	84	1539	900484	84	1710	1000024	84	1881	1100106	84	2000	1169668	84	2053	1200360	84	2224	1300087	84	2397	1400586	84	2500	1460628	84	2568	1500117	84	2740	1600544	84	2910	1700092	84	3000	1752365	84	3081	1800247	84	3253	1900435	84	3424	2000151	84	3500	2044541	84	3596	2100528	84	3768	2200526	84	3939	2300179	84	4000	2335751	84	4111	2400266	84	4282	2500025	84	
154	100229	82	307	200542	82	461	300137	82	500	325331	82	615	400090	82	769	500141	82	923	600579	82	1000	650753	82	1076	700180	82	1231	800349	82	1385	900424	82	1500	975318	82	1539	1000663	82	1693	1100470	82	1847	1200482	82	1999	1300409	82	2000	1301095	82	2153	1400458	82	2306	1500106	82	2460	1600224	82	2500	1626149	82	2614	1700105	82	2769	1800645	82	2923	1900295	82	3000	1950140	82	3078	2000529	82	3231	2100178	82	3385	2200136	82	3500	2274545	82	3540	2300611	82	3694	2400586	82	3848	2500450	82	
160	100431	59	319	200286	59	479	300643	59	500	313783	59	638	400404	59	797	500316	59	957	600423	59	1000	627494	59	1116	700232	59	1276	800520	59	1435	900334	59	1500	941128	59	1595	1000592	59	1755	1100610	59	1914	1200338	59	2000	1254481	59	2073	1300377	59	2232	1400074	59	2392	1500458	59	2500	1568834	59	2550	1600418	59	2708	1700201	59	2868	1800394	59	3000	1883135	59	3026	1900113	59	3186	2000430	59	3345	2100256	59	3500	2200205	59	3500	2200238	59	3659	2300072	59	3818	2400087	59	3978	2500564	59	
168	100402	59	334	200468	59	500	299579	59	501	300212	59	668	400411	59	835	500543	59	1000	599137	59	1002	600365	59	1169	700080	59	1337	800310	59	1500	898003	59	1504	900439	59	1671	1000357	59	1838	1100066	59	2000	1196909	59	2006	1200516	59	2173	1300640	59	2336	1400468	59	2500	1499626	59	2501	1500261	59	2668	1600040	59	2835	1700213	59	3000	1798685	59	3003	1800479	59	3170	1900181	59	3338	2000417	59	3500	2097004	59	3505	2100026	59	3673	2200284	59	3841	2300354	59	4000	2395248	59	4008	2400054	59	4176	2500465	59	
150	100593	55	297	200451	55	446	300441	55	500	336608	55	595	400205	55	742	500560	55	890	600162	55	1000	674041	55	1039	700332	55	1187	800060	55	1336	900106	55	1485	1000133	55	1500	1010205	55	1634	1100125	55	1783	1200489	55	1932	1300549	55	2000	1346143	55	2081	1400378	55	2230	1500323	55	2379	1600352	55	2500	1681339	55	2528	1700102	55	2677	1800233	55	2826	1900394	55	2975	2000152	55	3000	2016894	55	3124	2100280	55	3273	2200074	55	3423	2300541	55	3500	2351967	55	3572	2400354	55	3721	2500098	55	
167	100131	50	335	200549	50	500	299237	50	502	300462	50	669	400058	50	837	500608	50	1000	597842	50	1004	600256	50	1172	700220	50	1340	800522	50	1500	896202	50	1507	900376	50	1675	1000520	50	1842	1100300	50	2000	1194419	50	2010	1200424	50	2177	1300180	50	2345	1400262	50	2500	1492764	50	2513	1500544	50	2680	1600499	50	2847	1700099	50	3000	1791547	50	3015	1800537	50	3182	1900394	50	3348	2000225	50	3500	2091443	50	3515	2100609	50	3678	2200623	50	3843	2300556	50	4000	2395535	50	4008	2400334	50	4175	2500095	50	
162	100146	59	324	200620	59	485	300098	59	500	309416	59	647	400173	59	809	500427	59	970	600190	59	1000	618701	59	1132	700389	59	1293	800493	59	1454	900068	59	1500	928692	59	1616	1000469	59	1777	1100260	59	1939	1200593	59	2000	1238252	59	2100	1300304	59	2262	1400517	59	2423	1500598	59	2500	1548322	59	2584	1600624	59	2745	1700615	59	2906	1800097	59	3000	1858352	59	3064	1900476	59	3224	2000111	59	3385	2100136	59	3500	2171409	59	3547	2200559	59	3708	2300283	59	3868	2400081	59	4000	2481677	59	4030	2500276	59	
153	100209	61	305	200117	61	457	300633	61	500	328962	61	609	400480	61	761	500071	61	914	600382	61	1000	656759	61	1066	700049	61	1219	800391	61	1371	900234	61	1500	984640	61	1524	1000367	61	1673	1100423	61	1824	1200109	61	1977	1300193	61	2000	1315288	61	2129	1400253	61	2281	1500070	61	2434	1600513	61	2500	1643670	61	2587	1700633	61	2740	1800581	61	2892	1900098	61	3000	1970626	61	3045	2000123	61	3197	2100136	61	3350	2200595	61	3500	2298992	61	3502	2300342	61	3655	2400722	61	3806	2500139	61	
166	100093	53	330	200076	53	490	300137	53	500	306220	53	656	400166	53	823	500593	53	989	600427	53	1000	607122	53	1152	700247	53	1316	800617	53	1479	900269	53	1500	913035	53	1644	1000157	53	1810	1100113	53	1976	1200236	53	2000	1214642	53	2142	1300247	53	2308	1400383	53	2473	1500340	53	2500	1516608	53	2639	1600186	53	2806	1700545	53	2972	1800362	53	3000	1817256	53	3138	1900436	53	3304	2000435	53	3469	2100274	53	3500	2119270	53	3633	2200127	53	3798	2300039	53	3964	2400505	53	4000	2422136	53	4130	2500407	53	
150	100559	87	299	200702	87	447	300266	87	500	335884	87	596	400062	87	747	500249	87	898	600636	87	1000	668208	87	1048	700131	87	1199	800347	87	1349	900210	87	1500	1000639	87	1500	1000674	87	1650	1100509	87	1800	1200076	87	1951	1300389	87	2000	1333088	87	2101	1400221	87	2252	1500574	87	2402	1600122	87	2500	1665144	87	2553	1700185	87	2703	1800182	87	2854	1900478	87	3000	1997197	87	3005	2000570	87	3155	2100426	87	3305	2200203	87	3455	2300329	87	3500	2330125	87	3606	2400543	87	3752	2500303	87	
55	100790	337	110	201695	337	164	301051	337	218	400529	337	273	501541	337	327	600893	337	382	701678	337	436	801005	337	490	900113	337	500	918574	337	545	1001254	337	599	1100729	337	653	1200804	337	707	1300478	337	762	1401831	337	816	1501471	337	870	1601699	337	923	1700718	337	978	1801713	337	1000	1842149	337	1032	1900839	337	1087	2001638	337	1140	2100722	337	1195	2201669	337	1249	2300803	337	1303	2400141	337	1358	2501835	337	
48	101180	351	95	200363	351	143	301362	351	190	400423	351	238	501421	351	285	600375	351	333	701649	351	379	801329	351	426	900905	351	474	1001865	351	500	1056363	351	521	1100519	351	569	1201709	351	616	1300798	351	664	1401519	351	711	1500462	351	759	1601444	351	806	1700366	351	854	1801461	351	902	1901701	351	949	2000400	351	997	2101429	351	1000	2107866	351	1044	2200589	351	1092	2301559	351	1139	2400714	351	1187	2501597	351	
49	101131	339	98	201426	339	147	301897	339	196	402088	339	244	500571	339	293	600822	339	342	701294	339	391	801264	339	440	901655	339	489	1001718	339	500	1024267	339	538	1102053	339	586	1200813	339	635	1300972	339	684	1401399	339	733	1501682	339	782	1602088	339	830	1700293	339	879	1800810	339	928	1901030	339	977	2001357	339	1000	2048379	339	1026	2101810	339	1074	2200259	339	1123	2301256	339	1172	2401517	339	1220	2500390	339	
53	100111	325	106	201303	325	159	301353	325	212	401772	325	265	501856	325	317	600611	325	370	701172	325	422	800145	325	475	900598	325	500	947900	325	528	1000970	325	581	1101062	325	634	1201630	325	686	1300328	325	739	1400687	325	792	1501026	325	845	1601786	325	897	1700240	325	950	1800554	325	1000	1895645	325	1003	1901392	325	1056	2001962	325	1107	2100886	325	1160	2201252	325	1213	2302003	325	1265	2400763	325	1318	2501066	325	
52	100928	355	104	201977	355	155	300698	355	207	401265	355	258	500218	355	310	600943	355	362	701864	355	413	800713	355	465	901650	355	500	969552	355	516	1000682	355	568	1101561	355	619	1201990	355	670	1301280	355	722	1402071	355	773	1500746	355	825	1601146	355	877	1701681	355	928	1800327	355	980	1900631	355	1000	1939262	355	1032	2001442	355	1083	2100187	355	1135	2200789	355	1187	2301128	355	1238	2400160	355	1290	2500696	355	
49	101546	339	97	200661	339	146	301970	339	194	401038	339	242	500398	339	290	601570	339	338	700740	339	387	802145	339	435	901436	339	483	1000509	339	500	1035597	339	532	1101871	339	580	1201049	339	628	1300259	339	677	1401083	339	726	1501940	339	774	1601164	339	822	1700154	339	871	1801398	339	919	1900206	339	968	2001466	339	1000	2067349	339	1016	2100392	339	1065	2201614	339	1113	2300537	339	1162	2401992	339	1210	2501154	339	
53	100588	385	106	201165	385	159	301803	385	211	400894	385	264	501023	385	317	601307	385	370	701765	385	422	800433	385	475	900343	385	500	947701	385	528	1000846	385	581	1101583	385	634	1201958	385	687	1301962	385	739	1400362	385	792	1500726	385	845	1601097	385	898	1701711	385	950	1800648	385	1000	1895207	385	1003	1901002	385	1056	2001174	385	1109	2101436	385	1162	2201730	385	1214	2300271	385	1267	2400144	385	1320	2500485	385	
56	101202	345	111	200678	345	167	301108	345	223	401829	345	278	500761	345	334	601659	345	389	700675	345	445	801766	345	500	900810	345	500	900921	345	556	1001723	345	611	1101347	345	666	1201779	345	721	1301208	345	776	1401009	345	831	1500249	345	887	1601224	345	942	1700944	345	997	1800792	345	1000	1806299	345	1052	1901888	345	1107	2001102	345	1162	2100388	345	1218	2201413	345	1273	2300689	345	1329	2401707	345	1384	2500922	345	
52	100404	369	104	200553	369	156	300356	369	209	401845	369	261	501354	369	313	601111	369	365	700988	369	417	801133	369	469	900989	369	500	960672	369	521	1001181	369	572	1101856	369	624	1201923	369	675	1300271	369	727	1400484	369	779	1500486	369	831	1600599	369	883	1700656	369	935	1800775	369	987	1900662	369	1000	1925840	369	1039	2001297	369	1091	2101848	369	1142	2200312	369	1194	2300259	369	1246	2400365	369	1298	2500477	369	
52	101900	358	102	201333	358	152	300274	358	203	400181	358	255	501832	358	306	601792	358	357	701865	358	408	801452	358	459	901122	358	500	981468	358	510	1001107	358	561	1100535	358	612	1200327	358	663	1300409	358	715	1401868	358	766	1502055	358	817	1601568	358	868	1701531	358	919	1801134	358	970	1900585	358	1000	1959520	358	1021	2000703	358	1072	2101236	358	1123	2201247	358	1174	2300919	358	1225	2400480	358	1276	2500245	358	
53	100970	376	105	200270	376	158	301142	376	210	400123	376	263	500492	376	316	601178	376	368	700295	376	421	801907	376	473	900835	376	500	952075	376	526	1001606	376	578	1100405	376	631	1201288	376	684	1301711	376	736	1400112	376	789	1500376	376	842	1601198	376	895	1701698	376	947	1800383	376	1000	1900942	376	1000	1901066	376	1053	2001372	376	1105	2100211	376	1158	2200765	376	1211	2301306	376	1262	2400431	376	1315	2501398	376	
51	101301	333	101	200624	333	152	301791	333	202	400919	333	252	500582	333	303	601904	333	353	702038	333	403	800926	333	454	902059	333	500	993252	333	504	1001268	333	554	1100198	333	605	1201754	333	655	1301228	333	705	1400464	333	755	1500997	333	805	1601132	333	855	1700205	333	906	1801302	333	956	1900356	333	1000	1987635	333	1007	2001611	333	1057	2100842	333	1108	2201929	333	1158	2301107	333	1208	2400588	333	1259	2501698	333	
53	100422	357	106	200867	357	159	301133	357	212	401495	357	265	501745	357	318	601964	357	369	700723	357	422	801187	357	475	901453	357	500	948751	357	528	1001652	357	580	1100599	357	633	1201027	357	686	1301611	357	739	1401610	357	792	1501797	357	844	1600665	357	897	1701376	357	949	1800182	357	1000	1896689	357	1002	1900589	357	1055	2001019	357	1107	2100222	357	1160	2200542	357	1213	2300872	357	1266	2401077	357	1319	2501802	357	
54	100684	337	108	201624	337	161	300169	337	215	401270	337	269	501707	337	322	600813	337	376	701254	337	430	801789	337	483	900824	337	500	932868	337	536	1000145	337	590	1100701	337	644	1201614	337	697	1300254	337	751	1401252	337	805	1501965	337	858	1601233	337	912	1701717	337	965	1800450	337	1000	1865633	337	1019	1901121	337	1073	2001733	337	1126	2100702	337	1180	2201458	337	1233	2301107	337	1286	2400366	337	1340	2501170	337	
55	101180	349	110	201500	349	164	300358	349	219	401163	349	274	501631	349	328	600678	349	383	701612	349	437	800515	349	492	900817	349	500	915674	349	546	1000329	349	601	1101411	349	655	1200375	349	710	1300946	349	765	1401325	349	820	1501868	349	874	1600949	349	929	1701582	349	984	1801780	349	1000	1831054	349	1038	1900415	349	1092	2001465	349	1146	2100406	349	1201	2200845	349	1256	2301302	349	1310	2400184	349	1365	2500953	349	
51	101554	355	101	200604	355	152	301529	355	202	401053	355	253	502008	355	303	601308	355	353	700417	355	404	801678	355	454	900915	355	500	992500	355	504	1000557	355	554	1101500	355	604	1201569	355	654	1300923	355	704	1400241	355	755	1501787	355	805	1600899	355	855	1700686	355	905	1800290	355	956	1901207	355	1000	1988474	355	1006	2000442	355	1057	2101958	355	1107	2200751	355	1158	2301798	355	1208	2401678	355	1258	2501663	355	
54	101879	349	107	201842	349	158	300224	349	211	401350	349	264	500913	349	317	600531	349	370	700489	349	423	800435	349	476	900534	349	500	945992	349	529	1000640	349	582	1100596	349	635	1200493	349	688	1300958	349	741	1401066	349	794	1500669	349	847	1600496	349	900	1700437	349	953	1800594	349	1000	1889754	349	1006	1901204	349	1059	2001378	349	1112	2101596	349	1165	2201581	349	1218	2301591	349	1271	2401839	349	1324	2501711	349	
54	101536	375	107	201025	375	160	300893	375	213	400392	375	267	501445	375	320	601045	375	373	700655	375	426	800232	375	480	901440	375	500	939055	375	533	1001384	375	586	1101081	375	639	1200626	375	693	1301539	375	746	1400845	375	799	1500532	375	853	1601739	375	906	1701185	375	959	1800817	375	1000	1877766	375	1012	1900297	375	1066	2001571	375	1119	2101047	375	1172	2200181	375	1226	2301587	375	1279	2401183	375	1331	2501357	375	
55	101500	332	109	200983	332	163	300768	332	217	400412	332	272	501890	332	326	601456	332	380	700794	332	434	800327	332	488	900310	332	500	922607	332	543	1001616	332	597	1100884	332	651	1200773	332	706	1301889	332	760	1401552	332	814	1501369	332	864	1600269	332	918	1700361	332	972	1800403	332	1000	1852316	332	1026	1900274	332	1081	2001607	332	1135	2100992	332	1189	2200666	332	1243	2300181	332	1298	2401507	332	1352	2501258	332	
57	100932	340	114	201781	340	170	300441	340	227	401261	340	283	500932	340	340	601549	340	396	700603	340	448	800426	340	500	892593	340	505	901570	340	561	1000822	340	618	1101663	340	674	1200853	340	730	1300139	340	787	1400413	340	844	1501532	340	900	1600592	340	957	1701437	340	1000	1777556	340	1013	1800579	340	1070	1901632	340	1126	2000879	340	1182	2100407	340	1239	2201184	340	1295	2300420	340	1352	2401369	340	1408	2500376	340	
12	109303	1669	23	209407	1669	34	309421	1669	45	409291	1669	56	509254	1669	67	609554	1669	78	709723	1669	88	800977	1669	99	901267	1669	110	1001280	1669	121	1101441	1669	132	1201396	1669	143	1301412	1669	154	1401613	1669	165	1501815	1669	176	1602188	1669	187	1703244	1669	198	1803701	1669	209	1903929	1669	220	2004408	1669	231	2104896	1669	242	2205471	1669	253	2306434	1669	264	2406395	1669	275	2506384	1669	
12	108417	1769	23	207505	1769	34	306628	1769	45	405482	1769	56	504317	1769	67	603201	1769	78	702599	1769	89	801688	1769	101	909399	1769	112	1008287	1769	123	1107187	1769	134	1206100	1769	145	1305332	1769	156	1404118	1769	167	1503074	1769	178	1602046	1769	189	1700747	1769	201	1809848	1769	211	1901000	1769	223	2008854	1769	234	2107919	1769	245	2206951	1769	256	2305898	1769	267	2405050	1769	278	2504771	1769	
12	106673	1800	23	204271	1800	34	302645	1800	45	400786	1800	57	507422	1800	68	605094	1800	79	702547	1800	90	803097	1800	101	901968	1800	113	1009017	1800	124	1106856	1800	135	1205166	1800	146	1303401	1800	157	1401184	1800	169	1507788	1800	180	1605476	1800	191	1703221	1800	202	1801100	1800	214	1907636	1800	225	2005253	1800	236	2103135	1800	247	2200901	1800	259	2307424	1800	270	2405354	1800	281	2503422	1800	
12	106824	1759	23	204634	1759	34	302307	1759	46	408577	1759	57	506542	1759	68	604465	1759	79	702603	1759	91	809118	1759	102	907362	1759	113	1005565	1759	124	1103434	1759	135	1201226	1759	147	1307631	1759	158	1405278	1759	169	1502984	1759	180	1601085	1759	192	1708898	1759	203	1807331	1759	214	1905159	1759	225	2004055	1759	236	2101650	1759	248	2208312	1759	259	2305949	1759	270	2403545	1759	281	2500924	1759	
12	107904	1726	23	207274	1726	34	306435	1726	45	405294	1726	56	504345	1726	67	603288	1726	78	702132	1726	89	802066	1726	100	901476	1726	112	1009486	1726	123	1108541	1726	134	1207268	1726	145	1306175	1726	156	1405383	1726	167	1504431	1726	178	1603521	1726	189	1702659	1726	200	1804371	1726	211	1903334	1726	222	2002275	1726	233	2101356	1726	244	2200864	1726	256	2309176	1726	267	2408394	1726	278	2507339	1726	
12	107338	1758	23	205644	1758	34	304105	1758	45	402072	1758	57	509176	1758	68	607358	1758	79	708208	1758	90	807401	1758	101	906117	1758	112	1004273	1758	123	1102644	1758	134	1201053	1758	146	1308190	1758	157	1406395	1758	168	1505257	1758	179	1603520	1758	190	1701792	1758	202	1808745	1758	213	1906915	1758	224	2005077	1758	235	2103218	1758	246	2201532	1758	258	2309121	1758	269	2407048	1758	280	2505168	1758	
12	107464	1712	23	205517	1712	34	303511	1712	45	401694	1712	57	508581	1712	68	606816	1712	79	704778	1712	90	802561	1712	102	909093	1712	113	1007167	1712	124	1104864	1712	135	1203238	1712	146	1301257	1712	158	1408114	1712	169	1505846	1712	180	1603873	1712	191	1701676	1712	203	1808272	1712	214	1906136	1712	225	2004110	1712	236	2102357	1712	248	2209257	1712	259	2307607	1712	270	2405792	1712	281	2503866	1712	
12	107295	1712	23	205543	1712	34	303883	1712	45	401871	1712	57	508678	1712	68	607344	1712	79	705770	1712	90	804445	1712	101	902893	1712	112	1001032	1712	124	1108260	1712	135	1206899	1712	146	1305118	1712	157	1403165	1712	168	1501401	1712	179	1600716	1712	191	1708474	1712	202	1807664	1712	213	1905793	1712	224	2004470	1712	235	2102764	1712	246	2201027	1712	258	2307989	1712	269	2406296	1712	280	2504615	1712	
12	108976	1743	23	208809	1743	34	308236	1743	45	407425	1743	56	507300	1743	67	608921	1743	77	700633	1743	89	808885	1743	100	908457	1743	111	1007969	1743	122	1107441	1743	133	1206919	1743	144	1306558	1743	155	1407187	1743	166	1507163	1743	177	1606556	1743	188	1706110	1743	199	1805646	1743	210	1905302	1743	221	2004982	1743	232	2104504	1743	243	2204197	1743	254	2303818	1743	265	2403189	1743	276	2502667	1743	
12	108652	1684	23	208330	1684	34	307887	1684	45	407216	1684	56	507254	1684	67	607350	1684	78	707466	1684	89	807226	1684	100	906850	1684	111	1006538	1684	122	1106352	1684	133	1206659	1684	144	1306339	1684	155	1405650	1684	166	1505434	1684	177	1604950	1684	188	1705007	1684	199	1804358	1684	210	1903930	1684	221	2003536	1684	232	2103316	1684	243	2203319	1684	254	2303013	1684	265	2402843	1684	276	2502977	1684	
12	105188	1705	23	201389	1705	35	306072	1705	46	402410	1705	58	507500	1705	69	604018	1705	81	709186	1705	92	805458	1705	103	901754	1705	115	1007008	1705	126	1103240	1705	138	1208037	1705	149	1305081	1705	160	1401743	1705	172	1506794	1705	183	1605474	1705	194	1702229	1705	206	1807333	1705	217	1903674	1705	229	2008648	1705	240	2104861	1705	251	2201062	1705	263	2306088	1705	274	2403268	1705	286	2508260	1705	
13	108856	1778	24	201061	1778	36	301808	1778	48	402149	1778	60	502854	1778	72	606397	1778	84	707230	1778	96	807554	1778	108	908468	1778	119	1001011	1778	131	1102168	1778	143	1202933	1778	155	1303451	1778	167	1404710	1778	179	1506777	1778	191	1607527	1778	203	1708354	1778	214	1800669	1778	226	1901180	1778	238	2001678	1778	250	2102695	1778	262	2203327	1778	274	2303898	1778	286	2404497	1778	298	2504784	1778	
12	106928	1776	23	204195	1776	34	302012	1776	46	408490	1776	57	506086	1776	68	603539	1776	79	701129	1776	91	807900	1776	102	905914	1776	113	1003494	1776	124	1100973	1776	136	1207774	1776	147	1305148	1776	158	1403132	1776	169	1500940	1776	181	1607108	1776	192	1704768	1776	203	1802511	1776	215	1908714	1776	226	2006308	1776	237	2104157	1776	248	2201615	1776	260	2308210	1776	271	2405716	1776	282	2503723	1776	
12	104080	1737	24	208579	1737	35	304690	1737	47	408709	1737	58	504336	1737	70	608482	1737	81	704321	1737	93	808940	1737	104	904341	1737	116	1008528	1737	127	1103859	1737	139	1208404	1737	150	1303839	1737	162	1407929	1737	172	1502019	1737	184	1607164	1737	195	1702717	1737	207	1806913	1737	218	1902468	1737	230	2006659	1737	241	2102344	1737	253	2206447	1737	264	2301944	1737	276	2406154	1737	287	2501663	1737	
12	102296	1742	24	204249	1742	36	306436	1742	47	400853	1742	59	505728	1742	71	607910	1742	82	701816	1742	94	803691	1742	106	905354	1742	118	1007452	1742	129	1101101	1742	141	1203212	1742	153	1305338	1742	165	1407762	1742	176	1501606	1742	188	1603646	1742	200	1706028	1742	212	1808302	1742	223	1901818	1742	235	2004557	1742	247	2106748	1742	259	2208782	1742	270	2302378	1742	282	2404548	1742	294	2506912	1742	
12	102114	1764	24	205262	1764	36	307419	1764	47	400651	1764	59	502700	1764	71	604715	1764	83	707074	1764	94	800585	1764	106	902655	1764	118	1004442	1764	130	1106399	1764	142	1208999	1764	153	1302136	1764	165	1404318	1764	177	1506930	1764	189	1608849	1764	200	1702280	1764	212	1804474	1764	224	1906409	1764	236	2008499	1764	247	2102023	1764	259	2203909	1764	271	2306129	1764	282	2401702	1764	294	2503711	1764	
13	108362	1725	25	208023	1725	37	308240	1725	49	407764	1725	61	507619	1725	73	607240	1725	85	706832	1725	97	806673	1725	109	906682	1725	121	1006275	1725	133	1105735	1725	145	1205909	1725	157	1305449	1725	169	1407522	1725	181	1508102	1725	193	1607708	1725	205	1707625	1725	217	1807545	1725	229	1907317	1725	241	2008023	1725	253	2107665	1725	265	2207288	1725	277	2307108	1725	289	2406408	1725	301	2505809	1725	
12	103208	1716	24	206031	1716	35	300710	1716	47	406946	1716	58	501750	1716	70	604694	1716	82	707760	1716	93	802366	1716	105	905643	1716	117	1008644	1716	128	1102962	1716	140	1205916	1716	152	1308621	1716	163	1403084	1716	175	1505803	1716	187	1608693	1716	198	1703642	1716	210	1806635	1716	221	1901349	1716	233	2004526	1716	245	2107376	1716	256	2202313	1716	268	2305389	1716	280	2408684	1716	291	2503400	1716	
13	108780	1725	24	201044	1725	36	301849	1725	48	402334	1725	60	502873	1725	72	603753	1725	84	704856	1725	96	805891	1725	108	906444	1725	120	1006930	1725	132	1108080	1725	143	1200926	1725	155	1301401	1725	167	1401795	1725	179	1502458	1725	191	1603142	1725	203	1703524	1725	215	1804133	1725	227	1904624	1725	239	2005338	1725	251	2105738	1725	263	2206351	1725	275	2306897	1725	286	2401444	1725	298	2501917	1725	
13	108903	1715	24	200779	1715	36	300685	1715	48	400732	1715	60	500557	1715	72	600593	1715	84	700671	1715	96	800796	1715	109	908726	1715	121	1008528	1715	133	1108142	1715	145	1208606	1715	157	1308642	1715	168	1403047	1715	180	1503382	1715	192	1603305	1715	204	1703160	1715	216	1802963	1715	228	1903801	1715	240	2003849	1715	252	2103634	1715	264	2203917	1715	276	2303721	1715	288	2403935	1715	300	2504044	1715	
143	100513	658	279	200174	658	415	300123	658	500	362538	658	548	400122	658	684	500573	658	819	600475	658	955	700205	658	1000	733040	658	1092	800629	658	1228	900555	658	1364	1000098	658	1500	1099833	658	1501	1100603	658	1636	1200213	658	1773	1300626	658	1909	1400237	658	2000	1467158	658	2045	1500212	658	2181	1600256	658	2318	1700443	658	2455	1800625	658	2500	1833547	658	2591	1900244	658	2728	2000592	658	2865	2100728	658	3000	2199825	658	3001	2200583	658	3137	2300455	658	3273	2400271	658	3410	2500469	658	
149	100174	242	290	200207	242	432	300635	242	500	348531	242	574	400727	242	715	500112	242	857	600352	242	999	700444	242	1000	701177	242	1140	800297	242	1282	900523	242	1423	1000560	242	1500	1054775	242	1564	1100101	242	1706	1200418	242	1847	1300073	242	1989	1400401	242	2000	1408112	242	2130	1500090	242	2272	1600535	242	2414	1700596	242	2500	1761441	242	2555	1800111	242	2697	1900192	242	2838	2000058	242	2980	2100690	242	3000	2115076	242	3120	2200148	242	3262	2300374	242	3404	2400394	242	3500	2468198	242	3546	2500701	242	
144	100098	372	282	200585	372	419	300412	372	500	359431	372	556	400297	372	694	500692	372	831	600388	372	968	700142	372	1000	723381	372	1105	800078	372	1242	900367	372	1379	1000137	372	1500	1088097	372	1517	1100466	372	1653	1200144	372	1790	1300127	372	1926	1400220	372	2000	1454193	372	2063	1500147	372	2201	1600695	372	2338	1700266	372	2471	1800168	372	2500	1821773	372	2607	1900216	372	2745	2000467	372	2881	2100243	372	3000	2186847	372	3019	2200663	372	3155	2300558	372	3292	2400085	372	3429	2500186	372	
145	100101	262	284	200520	262	423	300371	262	500	355739	262	561	400292	262	700	500100	262	840	600630	262	979	700606	262	1000	715733	262	1117	800284	262	1255	900264	262	1391	1000662	262	1500	1079183	262	1530	1100715	262	1668	1200472	262	1807	1300275	262	1946	1400264	262	2000	1439049	262	2085	1500277	262	2224	1600509	262	2361	1700296	262	2500	1800177	262	2500	1800214	262	2639	1900066	262	2777	2000183	262	2915	2100658	262	3000	2162511	262	3053	2200643	262	3192	2300623	262	3330	2400294	262	3469	2500335	262	
144	100040	461	279	200681	461	416	300386	461	500	361204	461	554	400314	461	693	500602	461	831	600479	461	969	700495	461	1000	722921	461	1107	800455	461	1245	900593	461	1382	1000201	461	1500	1086028	461	1520	1100575	461	1658	1200713	461	1796	1300721	461	1933	1400387	461	2000	1448970	461	2071	1500500	461	2208	1600436	461	2346	1700232	461	2484	1800338	461	2500	1811911	461	2622	1900276	461	2760	2000333	461	2898	2100356	461	3000	2174307	461	3036	2200528	461	3173	2300100	461	3312	2400649	461	3450	2500597	461	
142	100208	559	278	200119	559	415	300172	559	500	362542	559	552	400602	559	688	500220	559	825	600685	559	961	700544	559	1000	729155	559	1097	800483	559	1233	900363	559	1369	1000464	559	1500	1097036	559	1505	1100741	559	1641	1200556	559	1777	1300522	559	1912	1400204	559	2000	1464838	559	2048	1500099	559	2184	1600293	559	2320	1700256	559	2456	1800055	559	2500	1832229	559	2593	1900314	559	2729	2000221	559	2864	2100092	559	3000	2200440	559	3000	2200477	559	3136	2300196	559	3269	2400519	559	3405	2500255	559	
143	100604	322	280	200614	322	417	300552	322	500	361210	322	553	400354	322	690	500134	322	827	600095	322	964	700118	322	1000	726613	322	1101	800204	322	1239	900741	322	1375	1000088	322	1500	1091857	322	1511	1100044	322	1646	1200289	322	1783	1300168	322	1920	1400043	322	2000	1458178	322	2057	1500648	322	2191	1600529	322	2328	1700226	322	2466	1800579	322	2500	1825273	322	2603	1900178	322	2740	2000106	322	2877	2100054	322	3000	2189607	322	3015	2200519	322	3153	2300680	322	3290	2400617	322	3427	2500395	322	
141	100353	408	275	200063	408	410	300597	408	500	367724	408	544	400719	408	677	500069	408	812	600715	408	944	700281	408	1000	743903	408	1076	800640	408	1209	900761	408	1343	1000570	408	1477	1100622	408	1500	1117816	408	1611	1200420	408	1746	1300724	408	1880	1400710	408	2000	1489991	408	2014	1500437	408	2148	1600452	408	2282	1700554	408	2416	1800575	408	2500	1863127	408	2550	1900202	408	2684	2000212	408	2818	2100161	408	2953	2200745	408	3000	2235788	408	3087	2300532	408	3221	2400514	408	3355	2500251	408	
145	100108	396	285	200580	396	424	300263	396	500	354991	396	563	400220	396	702	500359	396	842	600644	396	981	700285	396	1000	713874	396	1121	800460	396	1260	900220	396	1399	1000376	396	1500	1072720	396	1539	1100682	396	1678	1200589	396	1816	1300114	396	1956	1400426	396	2000	1432011	396	2095	1500308	396	2234	1600212	396	2373	1700334	396	2500	1791671	396	2512	1800356	396	2651	1900181	396	2790	2000172	396	2930	2100592	396	3000	2151045	396	3069	2200605	396	3208	2300507	396	3347	2400634	396	3486	2500605	396	
141	100389	477	276	200268	477	411	300099	477	500	366035	477	546	400048	477	681	500204	477	816	600209	477	951	700240	477	1000	736494	477	1086	800370	477	1221	900325	477	1356	1000387	477	1491	1100569	477	1500	1107275	477	1626	1200550	477	1761	1300549	477	1896	1400704	477	2000	1477888	477	2030	1500246	477	2165	1600043	477	2301	1700670	477	2436	1800777	477	2500	1848230	477	2571	1900727	477	2705	2000742	477	2836	2100051	477	2972	2200721	477	3000	2221590	477	3106	2300119	477	3241	2400497	477	3375	2500286	477	
49	100382	3376	94	201702	2088	137	302317	2088	179	400799	2088	222	501051	2088	265	601445	2088	308	701928	2088	351	802252	2088	394	902377	2088	436	1000617	2088	479	1101450	2088	500	1150714	2088	522	1202231	2088	561	1300618	2088	604	1400935	2088	647	1501121	2088	690	1601735	2088	733	1702096	2088	776	1802277	2088	818	1900452	2088	861	2000741	2088	904	2101226	2088	947	2201586	2088	990	2302221	2088	1000	2325644	2088	1032	2400729	2088	1075	2500966	2088	
51	101397	2994	96	202076	2621	140	301566	2621	181	401130	2621	225	501165	2621	269	600877	2621	313	700770	2621	357	800673	2621	401	900689	2621	445	1000872	2621	489	1101614	2621	500	1126528	2621	533	1201792	2621	576	1300830	2621	620	1402021	2621	663	1500282	2621	707	1600393	2621	751	1700926	2621	795	1800776	2621	839	1900933	2621	883	2001010	2621	927	2100860	2621	971	2200474	2621	1000	2266575	2621	1015	2300845	2621	1059	2401134	2621	1103	2501025	2621	
51	102109	3167	96	200683	2654	141	301417	2654	186	402003	2654	230	500153	2654	275	601197	2654	320	702046	2654	364	800773	2654	409	901751	2654	453	1000342	2654	498	1101009	2654	500	1105540	2654	543	1201807	2654	588	1302231	2654	632	1400723	2654	677	1501608	2654	722	1602303	2654	766	1700532	2654	811	1801281	2654	856	1902027	2654	900	2000667	2654	945	2101304	2654	989	2200719	2654	1000	2225450	2654	1034	2301384	2654	1079	2402084	2654	1123	2500971	2654	
49	100166	3470	94	201506	2693	137	300405	2693	181	401861	2693	224	500691	2693	268	601919	2693	311	701174	2693	354	800561	2693	397	900191	2693	441	1001509	2693	484	1100396	2693	500	1137258	2693	528	1202009	2693	571	1300924	2693	615	1402370	2693	658	1501404	2693	701	1600314	2693	744	1701403	2693	787	1800468	2693	831	1902010	2693	874	2000919	2693	918	2102226	2693	961	2201377	2693	1000	2291796	2693	1004	2301215	2693	1047	2400847	2693	1090	2501528	2693	
50	101717	3577	95	200809	1567	138	300728	1567	182	402148	1567	225	501996	1567	268	601349	1567	311	701107	1567	353	800379	1567	397	902364	1567	440	1001504	1567	483	1101034	1567	500	1140427	1567	526	1200529	1567	570	1301823	1567	613	1401256	1567	656	1500745	1567	699	1600142	1567	743	1701592	1567	786	1801349	1567	829	1900887	1567	872	2000181	1567	916	2102059	1567	958	2200358	1567	1000	2297813	1567	1001	2300238	1567	1045	2401874	1567	1088	2501394	1567	
50	101401	3255	95	201408	2392	139	301694	2392	183	402252	2392	227	502278	2392	270	600372	2392	314	701082	2392	358	801750	2392	402	902109	2392	445	1000579	2392	489	1100988	2392	500	1126172	2392	533	1201637	2392	577	1301966	2392	621	1402069	2392	664	1500160	2392	708	1600686	2392	752	1701786	2392	796	1802060	2392	839	1900208	2392	883	2000980	2392	927	2101500	2392	971	2201875	2392	1000	2268531	2392	1014	2300693	2392	1058	2401332	2392	1102	2501887	2392	
49	100159	3514	94	200543	2768	138	300379	2768	183	402268	2768	226	500210	2768	270	600452	2768	315	702243	2768	359	801563	2768	403	901621	2768	447	1001223	2768	491	1100416	2768	500	1120808	2768	536	1202339	2768	580	1301689	2768	624	1400701	2768	668	1500831	2768	712	1600374	2768	756	1700654	2768	801	1801831	2768	845	1901113	2768	889	2000946	2768	932	2100917	2768	976	2200756	2768	1000	2255043	2768	1020	2300445	2768	1065	2402339	2768	1109	2501864	2768	
50	100730	3275	96	201867	2002	140	301410	2002	184	401062	2002	228	500666	2002	273	602176	2002	317	701487	2002	361	800592	2002	405	900374	2002	450	1001856	2002	494	1100961	2002	500	1114528	2002	538	1200274	2002	582	1301943	2002	626	1401453	2002	670	1500948	2002	714	1600715	2002	759	1702088	2002	803	1801194	2002	847	1900481	2002	892	2001721	2002	936	2101000	2002	980	2200619	2002	1000	2245836	2002	1024	2300147	2002	1069	2401901	2002	1113	2501112	2002	
50	101926	3500	94	200877	1725	136	300675	1725	178	401951	1725	220	501596	1725	262	600968	1725	305	702373	1725	347	801941	1725	389	901399	1725	431	1001092	1725	473	1100682	1725	500	1164710	1725	515	1200699	1725	557	1300278	1725	599	1400361	1725	641	1500134	1725	684	1602344	1725	726	1702357	1725	768	1801914	1725	810	1901503	1725	852	2001348	1725	894	2100674	1725	936	2200346	1725	979	2302390	1725	1000	2352152	1725	1021	2401652	1725	1063	2501906	1725	
51	101512	2999	97	202229	1433	140	300981	1433	184	401571	1433	227	500187	1433	271	600905	1433	315	702115	1433	358	800663	1433	402	901920	1433	445	1000536	1433	489	1101483	1433	500	1127006	1433	532	1200749	1433	576	1301686	1433	619	1400479	1433	663	1501018	1433	707	1601498	1433	751	1702124	1433	794	1800439	1433	838	1901483	1433	882	2002239	1433	925	2100806	1433	969	2201812	1433	1000	2272785	1433	1012	2300440	1433	1056	2401274	1433	1100	2501939	1433	
10	101771	48427	21	210324	44508	31	307866	41233	41	405109	37334	51	502085	33414	62	610552	29511	72	708396	26283	82	805509	22355	92	902803	18462	102	1004175	16561	112	1107581	16561	121	1202875	16561	131	1308579	16561	140	1403662	16561	150	1509415	16561	159	1604715	16561	168	1701829	16561	178	1807948	16561	187	1903469	16561	197	2009486	16561	206	2106527	16561	215	2201812	16561	225	2308325	16561	234	2403620	16561	244	2509419	16561	
10	102177	46775	21	209580	42874	31	307713	39592	41	405464	35734	51	502329	31168	61	601160	26681	72	707605	20937	82	805402	18349	92	905111	15211	102	1006397	13994	111	1102689	13994	121	1209059	13994	130	1304241	13994	140	1410319	13994	149	1505473	13994	158	1600740	13994	168	1707070	13994	177	1802921	13994	187	1909130	13994	196	2004957	13994	206	2110854	13994	215	2206447	13994	224	2301466	13994	234	2407575	13994	243	2503044	13994	
10	101646	47494	21	208803	44248	31	305654	41018	41	404070	38392	51	504119	35831	61	601976	32560	71	701284	29985	81	801772	28053	91	901841	25444	101	1002254	24165	111	1107075	24165	120	1201708	24165	130	1306574	24165	139	1401042	24165	149	1505630	24165	159	1610465	24165	168	1704669	24165	178	1810041	24165	187	1904857	24165	197	2009331	24165	206	2104204	24165	216	2209161	24165	225	2303436	24165	235	2408074	24165	244	2502787	24165	
10	101864	47651	20	202754	45733	30	305970	43792	40	405267	41207	50	506675	39213	60	606676	36608	70	705569	33399	80	802663	30790	91	909766	26892	101	1005487	22925	111	1101810	19038	122	1208380	13989	131	1301343	13989	141	1407480	13989	150	1505537	13989	159	1601261	13989	169	1707443	13989	178	1803151	13989	188	1909750	13989	197	2005420	13989	206	2101040	13989	216	2207206	13989	225	2303036	13989	235	2409304	13989	244	2505675	13989	
10	103168	47636	20	201411	44359	31	308746	41092	41	409850	38492	51	509032	35202	61	607846	32582	71	705877	29302	81	807998	26077	91	905637	21633	101	1002785	18370	111	1100848	15799	121	1203005	15768	131	1308457	15768	140	1403682	15768	150	1509636	15768	159	1605064	15768	169	1710648	15768	178	1805953	15768	187	1901014	15768	197	2006616	15768	206	2101509	15768	216	2207195	15768	225	2302400	15768	235	2408222	15768	244	2503355	15768	
10	101427	45585	21	207788	41089	31	305892	37846	41	404805	34594	51	501916	30672	62	606847	24258	72	702916	19734	82	801438	16536	92	907886	16536	101	1004204	16536	111	1110727	16536	120	1207209	16536	129	1303404	16536	139	1410352	16536	148	1506204	16536	157	1602407	16536	167	1709339	16536	176	1805327	16536	185	1901449	16536	195	2008534	16536	204	2104667	16536	213	2200859	16536	223	2307686	16536	232	2406450	16536	241	2502662	16536	
10	103069	49122	20	202886	46486	31	309510	43242	41	408667	41260	51	510816	39310	61	608371	36034	71	705873	32104	81	804744	29525	91	905297	27579	101	1005893	25002	111	1104878	21106	121	1204273	18522	131	1304691	15325	141	1404820	14682	151	1509756	14682	160	1604409	14682	170	1710280	14682	179	1804692	14682	189	1909478	14682	198	2004011	14682	208	2109074	14682	217	2203810	14682	227	2308966	14682	236	2403418	14682	246	2508319	14682	
10	102418	47719	20	203521	44480	30	304303	40569	40	404366	38628	50	502928	35355	60	601666	31461	71	708805	28210	81	806720	23711	91	904114	20449	101	1002500	16553	111	1101326	12812	121	1201671	11057	131	1307969	11057	140	1403663	11057	150	1510368	11057	159	1605970	11057	168	1701369	11057	178	1807493	11057	187	1902921	11057	197	2008872	11057	206	2104716	11057	216	2210535	11057	225	2306157	11057	234	2401826	11057	244	2508156	11057	
10	103719	47604	20	203311	45614	30	301508	42425	40	400822	39839	51	510175	36569	61	608922	33984	71	707825	30142	81	806612	26237	91	904231	22971	101	1001458	19710	112	1109130	16508	122	1207960	12878	132	1308550	12272	141	1403702	12272	151	1509099	12272	160	1604749	12272	170	1710694	12272	179	1806044	12272	188	1901653	12272	198	2007543	12272	207	2102805	12272	217	2211235	12272	226	2307253	12272	235	2402378	12272	245	2508199	12272	
11	110284	46442	21	206732	42505	31	303007	37325	42	408737	31535	52	505028	27627	62	602390	23079	73	707994	19199	83	803637	14124	94	910916	12231	103	1005574	12231	112	1100826	12231	122	1208421	12231	131	1303402	12231	141	1408534	12231	150	1503411	12231	160	1608956	12231	169	1703563	12231	179	1808834	12231	188	1903834	12231	198	2009176	12231	207	2104038	12231	217	2209125	12231	226	2303797	12231	236	2408921	12231	245	2503878	12231	
