versja nr 3;wspolczynnik mutacji 1.200000;wielkosc populacji 60
214	100305	611	421	200097	611	500	237679	611	632	300293	611	843	400198	611	1000	474230	611	1055	500265	611	1267	600333	611	1479	700367	611	1500	710282	611	1691	800262	611	1903	900352	611	2000	946217	611	2114	1000090	611	2326	1100246	611	2500	1182616	611	2537	1200262	611	2747	1300488	611	2958	1400371	611	3000	1420178	611	3169	1500037	611	3381	1600069	611	3500	1656124	611	3593	1700279	611	3805	1800396	611	4000	1892240	611	4017	1900325	611	4229	2000111	611	4441	2100064	611	4500	2127939	611	4652	2200267	611	4864	2300433	611	5000	2364653	611	5075	2400115	611	5285	2500135	611	
218	100415	647	435	200471	647	500	230373	647	652	300313	647	869	400296	647	1000	461011	647	1085	500131	647	1302	600023	647	1500	691116	647	1520	700372	647	1737	800242	647	1954	900316	647	2000	921505	647	2171	1000202	647	2388	1100220	647	2500	1151809	647	2605	1200174	647	2821	1300115	647	3000	1382784	647	3038	1400345	647	3255	1500431	647	3471	1600318	647	3500	1613830	647	3686	1700045	647	3903	1800078	647	4000	1845141	647	4119	1900389	647	4336	2000238	647	4500	2075474	647	4554	2100406	647	4771	2200335	647	4988	2300455	647	5000	2306015	647	5199	2400319	647	5416	2500431	647	
221	100395	701	440	200198	701	500	227607	701	660	300406	701	879	400442	701	1000	455978	701	1096	500160	701	1316	600257	701	1500	683871	701	1536	700376	701	1755	800087	701	1974	900039	701	2000	911923	701	2194	1000235	701	2414	1100258	701	2500	1139359	701	2634	1200382	701	2851	1300474	701	3000	1368275	701	3070	1400234	701	3290	1500377	701	3500	1598460	701	3504	1600280	701	3723	1700061	701	3943	1800152	701	4000	1826099	701	4163	1900192	701	4384	2000435	701	4500	2052947	701	4604	2100316	701	4824	2200247	701	5000	2280964	701	5042	2300152	701	5261	2400088	701	5482	2500406	701	
216	100306	787	430	200318	787	500	232958	787	644	300108	787	858	400074	787	1000	466305	787	1073	500372	787	1287	600243	787	1500	699774	787	1501	700262	787	1709	800437	787	1922	900074	787	2000	936472	787	2136	1000145	787	2350	1100314	787	2500	1170310	787	2564	1200292	787	2778	1300182	787	2993	1400477	787	3000	1403748	787	3207	1500428	787	3421	1600072	787	3500	1637285	787	3635	1700448	787	3849	1800294	787	4000	1870743	787	4063	1900257	787	4277	2000227	787	4491	2100020	787	4500	2104270	787	4705	2200386	787	4919	2300021	787	5000	2337923	787	5134	2400343	787	5348	2500313	787	
218	100264	882	434	200348	882	500	230813	882	650	300051	882	866	400034	882	1000	461866	882	1082	500212	882	1298	600050	882	1500	693412	882	1515	700350	882	1731	800179	882	1946	900166	882	2000	925009	882	2163	1000447	882	2380	1100433	882	2500	1155834	882	2596	1200427	882	2812	1300322	882	3000	1387261	882	3028	1400339	882	3243	1500472	882	3459	1600084	882	3500	1619020	882	3676	1700346	882	3892	1800028	882	4000	1849859	882	4109	1900267	882	4325	2000194	882	4500	2080869	882	4542	2100268	882	4758	2200265	882	4973	2300093	882	5000	2312598	882	5190	2400401	882	5407	2500361	882	
216	100351	787	429	200034	787	500	233097	787	644	300302	787	859	400357	787	1000	466016	787	1074	500438	787	1288	600235	787	1500	699413	787	1502	700370	787	1716	800100	787	1930	900161	787	2000	932753	787	2145	1000326	787	2360	1100341	787	2500	1166104	787	2573	1200231	787	2788	1300407	787	3000	1399125	787	3002	1400076	787	3217	1500202	787	3432	1600313	787	3500	1631855	787	3646	1700055	787	3861	1800197	787	4000	1864913	787	4075	1900280	787	4289	2000068	787	4494	2100645	787	4500	2104872	787	4701	2200385	787	4916	2300273	787	5000	2339500	787	5130	2400064	787	5345	2500321	787	
220	100169	654	438	200156	654	500	228502	654	657	300182	654	875	400059	654	1000	457421	654	1093	500418	654	1310	600182	654	1500	687677	654	1527	700213	654	1744	800162	654	1964	900344	654	2000	916689	654	2183	1000114	654	2402	1100228	654	2500	1145771	654	2619	1200038	654	2834	1300081	654	3000	1376338	654	3052	1400069	654	3272	1500412	654	3491	1600142	654	3500	1604246	654	3711	1700408	654	3930	1800350	654	4000	1832332	654	4149	1900467	654	4368	2000339	654	4500	2060499	654	4587	2100153	654	4806	2200118	654	5000	2288905	654	5025	2300353	654	5244	2400291	654	5463	2500325	654	
213	100366	503	424	200240	503	500	236509	503	634	300186	503	845	400166	503	1000	474947	503	1052	500265	503	1261	600343	503	1471	700327	503	1500	714169	503	1681	800053	503	1892	900036	503	2000	951138	503	2103	1000078	503	2314	1100314	503	2500	1188634	503	2525	1200491	503	2735	1300160	503	2946	1400297	503	3000	1425828	503	3157	1500330	503	3368	1600353	503	3500	1663015	503	3578	1700063	503	3789	1800047	503	4000	1900059	503	4000	1900085	503	4211	2000051	503	4422	2100156	503	4500	2137099	503	4633	2200268	503	4843	2300092	503	5000	2374435	503	5055	2400409	503	5266	2500354	503	
223	100407	722	446	200264	722	500	224625	722	668	300054	722	892	400218	722	1000	448465	722	1116	500365	722	1339	600095	722	1500	672044	722	1563	700159	722	1787	800413	722	2000	896291	722	2009	900381	722	2231	1000325	722	2454	1100367	722	2500	1120983	722	2677	1200161	722	2900	1300041	722	3000	1344992	722	3123	1400390	722	3345	1500129	722	3500	1569472	722	3568	1600024	722	3792	1700196	722	4000	1793186	722	4016	1800348	722	4239	1900397	722	4462	2000427	722	4500	2017455	722	4685	2100395	722	4908	2200364	722	5000	2241591	722	5131	2300166	722	5354	2400278	722	5500	2465469	722	5578	2500264	722	
213	100368	833	424	200227	833	500	236137	833	636	300313	833	847	400133	833	1000	472204	833	1059	500116	833	1271	600314	833	1482	700299	833	1500	708773	833	1694	800188	833	1906	900325	833	2000	944891	833	2117	1000138	833	2328	1100244	833	2500	1181668	833	2539	1200134	833	2750	1300117	833	2963	1400474	833	3000	1417976	833	3175	1500442	833	3385	1600123	833	3500	1654304	833	3597	1700191	833	3809	1800394	833	4000	1893155	833	4015	1900433	833	4224	2000081	833	4436	2100261	833	4500	2130540	833	4648	2200301	833	4859	2300036	833	5000	2366488	833	5072	2400376	833	5284	2500207	833	
229	100120	187	456	200039	187	500	219362	187	684	300255	187	912	400437	187	1000	439207	187	1138	500063	187	1365	600065	187	1500	659409	187	1593	700225	187	1821	800280	187	2000	878988	187	2048	900098	187	2276	1000364	187	2497	1100139	187	2500	1101481	187	2724	1200355	187	2951	1300149	187	3000	1321895	187	3178	1400354	187	3404	1500055	187	3500	1542436	187	3631	1600082	187	3859	1700236	187	4000	1762176	187	4086	1800372	187	4313	1900158	187	4500	1982735	187	4540	2000288	187	4767	2100374	187	4993	2200402	187	5000	2203461	187	5220	2300379	187	5448	2400366	187	5500	2423213	187	5675	2500198	187	
217	100031	149	433	200241	149	500	233385	149	644	300332	149	860	400282	149	1000	465666	149	1075	500422	149	1290	600061	149	1500	697440	149	1506	700290	149	1722	800306	149	1937	900268	149	2000	929504	149	2153	1000455	149	2368	1100289	149	2500	1161733	149	2583	1200305	149	2798	1300143	149	3000	1393847	149	3014	1400434	149	3229	1500120	149	3445	1600191	149	3500	1625620	149	3660	1700228	149	3876	1800331	149	4000	1858030	149	4091	1900136	149	4307	2000162	149	4500	2089760	149	4522	2100128	149	4738	2200420	149	4953	2300223	149	5000	2322071	149	5169	2400316	149	5385	2500437	149	
216	100281	191	428	200382	191	500	233902	191	642	300431	191	855	400373	191	1000	467940	191	1069	500176	191	1283	600158	191	1498	700402	191	1500	701353	191	1712	800237	191	1926	900351	191	2000	934859	191	2139	1000034	191	2353	1100080	191	2500	1168595	191	2567	1200062	191	2782	1300349	191	2996	1400177	191	3000	1402046	191	3210	1500290	191	3424	1600227	191	3500	1635609	191	3638	1700264	191	3853	1800482	191	4000	1869072	191	4067	1900351	191	4281	2000122	191	4495	2100284	191	4500	2102667	191	4709	2200263	191	4924	2300371	191	5000	2336260	191	5133	2400040	191	5344	2500293	191	
228	100134	271	455	200111	271	500	219952	271	682	300343	271	908	400033	271	1000	440708	271	1134	500138	271	1361	600427	271	1500	662099	271	1586	700143	271	1813	800302	271	2000	882823	271	2039	900112	271	2265	1000032	271	2491	1100270	271	2500	1104294	271	2717	1200355	271	2943	1300207	271	3000	1325472	271	3170	1400319	271	3396	1500188	271	3500	1546031	271	3617	1600037	271	3843	1700420	271	4000	1769782	271	4069	1800213	271	4296	1900358	271	4500	1990517	271	4522	2000251	271	4749	2100424	271	4974	2200167	271	5000	2211686	271	5201	2300339	271	5428	2400311	271	5500	2431953	271	5654	2500260	271	
219	100041	315	437	200285	315	500	229190	315	655	300257	315	872	400356	315	1000	459641	315	1088	500090	315	1307	600385	315	1500	689324	315	1524	700346	315	1737	800475	315	1954	900434	315	2000	921541	315	2162	1000162	315	2380	1100255	315	2500	1155165	315	2598	1200047	315	2817	1300361	315	3000	1384023	315	3035	1400149	315	3253	1500076	315	3472	1600161	315	3500	1612992	315	3691	1700368	315	3909	1800089	315	4000	1841839	315	4127	1900143	315	4344	2000328	315	4500	2072122	315	4561	2100160	315	4779	2200132	315	4998	2300371	315	5000	2301298	315	5216	2400409	315	5433	2500089	315	
229	100451	264	455	200336	264	500	220194	264	681	300211	264	908	400327	264	1000	440767	264	1135	500242	264	1362	600405	264	1500	661122	264	1588	700067	264	1816	800415	264	2000	881795	264	2042	900419	264	2267	1000041	264	2494	1100177	264	2500	1102858	264	2715	1200333	264	2942	1300215	264	3000	1325682	264	3169	1400273	264	3396	1500296	264	3500	1546206	264	3621	1600075	264	3848	1700341	264	4000	1767325	264	4075	1800431	264	4301	1900360	264	4500	1988564	264	4526	2000155	264	4753	2100250	264	4979	2200034	264	5000	2209363	264	5205	2300259	264	5432	2400358	264	5500	2430410	264	5658	2500188	264	
222	100033	364	442	200380	364	500	227047	364	661	300180	364	882	400230	364	1000	453659	364	1102	500061	364	1323	600104	364	1500	680569	364	1543	700226	364	1762	800137	364	1982	900346	364	2000	908510	364	2202	1000157	364	2423	1100327	364	2500	1135225	364	2643	1200059	364	2865	1300296	364	3000	1361345	364	3086	1400392	364	3306	1500219	364	3500	1587938	364	3527	1600117	364	3748	1700474	364	3968	1800287	364	4000	1814784	364	4189	1900041	364	4410	2000108	364	4500	2041121	364	4630	2100094	364	4845	2200196	364	5000	2270518	364	5066	2300475	364	5287	2400398	364	5500	2496841	364	5507	2500044	364	
220	100320	230	438	200351	230	500	228692	230	656	300242	230	874	400066	230	1000	457606	230	1093	500243	230	1309	600375	230	1500	687973	230	1527	700348	230	1746	800422	230	1964	900357	230	2000	917031	230	2181	1000470	230	2399	1100423	230	2500	1146487	230	2618	1200246	230	2837	1300271	230	3000	1377226	230	3050	1400390	230	3268	1500447	230	3487	1600449	230	3500	1606375	230	3705	1700155	230	3923	1800216	230	4000	1835322	230	4142	1900173	230	4361	2000380	230	4500	2064027	230	4579	2100349	230	4797	2200377	230	5000	2293188	230	5016	2300473	230	5235	2400464	230	5453	2500206	230	
225	100335	244	447	200062	244	500	223885	244	670	300203	244	893	400286	244	1000	448161	244	1116	500102	244	1333	600196	244	1500	675215	244	1556	700450	244	1778	800203	244	2000	899665	244	2001	900134	244	2223	1000466	244	2446	1100414	244	2500	1124657	244	2668	1200213	244	2890	1300329	244	3000	1349791	244	3113	1400366	244	3335	1500345	244	3500	1574516	244	3557	1600197	244	3780	1700194	244	4000	1798840	244	4003	1800208	244	4226	1900335	244	4447	2000197	244	4500	2024034	244	4669	2100063	244	4892	2200275	244	5000	2248892	244	5114	2300400	244	5336	2400353	244	5500	2473902	244	5558	2500064	244	
219	100032	251	437	200452	251	500	229661	251	653	300156	251	870	400355	251	1000	459970	251	1087	500097	251	1305	600143	251	1500	689561	251	1523	700191	251	1740	800205	251	1957	900418	251	2000	920199	251	2173	1000211	251	2391	1100412	251	2500	1150572	251	2608	1200351	251	2823	1300322	251	3000	1382321	251	3039	1400398	251	3255	1500376	251	3472	1600321	251	3500	1613231	251	3689	1700227	251	3907	1800415	251	4000	1843174	251	4124	1900170	251	4342	2000140	251	4500	2072677	251	4560	2100263	251	4778	2200035	251	4995	2300051	251	5000	2302352	251	5214	2400384	251	5431	2500190	251	
71	101227	4406	141	201367	4406	211	301296	4406	281	401350	4406	351	501297	4406	421	601479	4406	490	700667	4406	500	715201	4406	560	801312	4406	630	901477	4406	699	1000132	4406	769	1100442	4406	839	1200322	4406	909	1301287	4406	978	1400294	4406	1000	1431841	4406	1048	1500624	4406	1118	1600251	4406	1189	1701500	4406	1258	1800118	4406	1327	1901290	4406	1396	2000932	4406	1466	2101084	4406	1500	2149766	4406	1536	2201462	4406	1605	2300303	4406	1675	2400640	4406	1745	2500590	4406	
70	100713	4382	139	201129	4382	208	301417	4382	277	401367	4382	345	500331	4382	414	600933	4382	483	700928	4382	500	725499	4382	552	801259	4382	620	900512	4382	689	1000889	4382	756	1100173	4382	825	1200835	4382	894	1301235	4382	963	1401500	4382	1000	1455338	4382	1031	1500255	4382	1100	1601141	4382	1169	1701407	4382	1237	1800386	4382	1306	1900588	4382	1375	2001066	4382	1444	2101517	4382	1500	2182814	4382	1512	2200474	4382	1581	2300676	4382	1650	2400644	4382	1719	2500941	4382	
70	100130	4756	139	200655	4756	209	301436	4756	278	400601	4756	348	501084	4756	417	600134	4756	487	700327	4756	500	719046	4756	557	801065	4756	626	900370	4756	696	1001011	4756	765	1100141	4756	835	1200763	4756	905	1301525	4756	974	1400379	4756	1000	1437773	4756	1044	1500895	4756	1114	1601147	4756	1183	1700454	4756	1253	1800922	4756	1322	1900171	4756	1392	2000627	4756	1462	2100678	4756	1500	2155227	4756	1532	2201268	4756	1602	2301470	4756	1671	2400266	4756	1741	2500827	4756	
71	100599	3527	141	201186	3527	210	300289	3527	280	400663	3527	350	501173	3527	419	600337	3527	489	700743	3527	500	716878	3527	558	800313	3527	628	901024	3527	698	1001360	3527	767	1100098	3527	837	1200799	3527	907	1301484	3527	976	1400454	3527	1000	1434931	3527	1046	1501139	3527	1115	1600748	3527	1185	1701186	3527	1254	1800181	3527	1324	1901021	3527	1394	2001422	3527	1463	2100422	3527	1500	2153631	3527	1533	2200963	3527	1602	2301304	3527	1670	2400269	3527	1740	2501098	3527	
69	100796	3761	137	200773	3761	205	300924	3761	272	400234	3761	340	500655	3761	408	600753	3761	476	700922	3761	500	736145	3761	544	800883	3761	612	901109	3761	680	1000838	3761	748	1100366	3761	816	1200259	3761	884	1300276	3761	953	1401415	3761	1000	1472110	3761	1019	1500357	3761	1087	1600322	3761	1155	1700374	3761	1224	1801204	3761	1292	1900994	3761	1360	2000407	3761	1428	2100102	3761	1497	2201448	3761	1500	2205899	3761	1565	2301105	3761	1633	2400569	3761	1702	2501512	3761	
69	100745	4602	138	201216	4602	206	300530	4602	275	400972	4602	344	501393	4602	411	601449	4602	478	700507	4602	500	732649	4602	547	801111	4602	616	901458	4602	684	1000199	4602	753	1100188	4602	822	1200469	4602	891	1301291	4602	960	1401255	4602	1000	1459392	4602	1028	1500236	4602	1097	1600755	4602	1165	1700390	4602	1234	1801040	4602	1302	1900494	4602	1371	2001022	4602	1440	2101541	4602	1500	2189614	4602	1508	2201398	4602	1575	2300163	4602	1644	2401322	4602	1712	2500182	4602	
70	100959	3733	138	200556	3733	206	300280	3733	274	400097	3733	343	501311	3733	410	600691	3733	478	700373	3733	500	732695	3733	546	800210	3733	614	900555	3733	682	1000118	3733	751	1101078	3733	819	1200632	3733	888	1301238	3733	956	1400188	3733	1000	1464644	3733	1025	1501438	3733	1092	1600375	3733	1160	1700141	3733	1229	1801303	3733	1296	1900101	3733	1365	2001436	3733	1433	2100786	3733	1500	2199384	3733	1501	2200941	3733	1569	2300692	3733	1637	2400460	3733	1705	2500510	3733	
69	100504	4229	137	201157	4229	204	300357	4229	272	400949	4229	339	500587	4229	407	601396	4229	474	700812	4229	500	739326	4229	541	800277	4229	609	901041	4229	676	1000189	4229	744	1101114	4229	811	1200460	4229	879	1301002	4229	947	1401173	4229	1000	1479562	4229	1014	1500359	4229	1082	1600937	4229	1149	1700149	4229	1217	1800655	4229	1283	1900394	4229	1351	2001283	4229	1418	2100436	4229	1486	2200920	4229	1500	2221611	4229	1554	2301495	4229	1621	2401124	4229	1688	2500498	4229	
71	100636	4402	141	200774	4402	211	300418	4402	281	400386	4402	351	500134	4402	422	600999	4402	492	700297	4402	500	711678	4402	563	801314	4402	633	901233	4402	703	1000983	4402	772	1101351	4402	842	1201239	4402	912	1300972	4402	982	1400921	4402	1000	1426493	4402	1052	1500714	4402	1122	1600119	4402	1193	1701152	4402	1263	1801120	4402	1333	1900910	4402	1403	2001117	4402	1473	2101447	4402	1500	2139689	4402	1542	2200173	4402	1613	2301362	4402	1683	2401058	4402	1753	2500595	4402	
70	101146	4363	137	201158	4363	205	300245	4363	274	400727	4363	343	500783	4363	412	601125	4363	481	701439	4363	500	729187	4363	549	800424	4363	618	900782	4363	687	1001304	4363	755	1100355	4363	824	1200834	4363	892	1300542	4363	961	1401003	4363	1000	1457593	4363	1030	1501427	4363	1098	1600523	4363	1167	1700903	4363	1236	1800817	4363	1305	1900704	4363	1374	2001107	4363	1442	2100184	4363	1500	2184389	4363	1511	2200504	4363	1580	2301460	4363	1648	2400718	4363	1717	2501435	4363	
72	100448	1497	142	200376	1497	212	301050	1497	281	400208	1497	351	501270	1497	420	600441	1497	490	700742	1497	500	715163	1497	560	800638	1497	630	900517	1497	700	1001067	1497	770	1101137	1497	840	1201204	1497	909	1300240	1497	979	1400679	1497	1000	1430861	1497	1049	1501003	1497	1119	1601048	1497	1189	1701375	1497	1258	1800199	1497	1328	1900496	1497	1398	2000839	1497	1468	2100662	1497	1500	2146351	1497	1538	2201066	1497	1606	2300368	1497	1676	2401218	1497	1745	2500114	1497	
73	100653	1427	144	200948	1427	215	301397	1427	285	400367	1427	356	500483	1427	427	600489	1427	498	700804	1427	500	703725	1427	569	801069	1427	640	901236	1427	711	1001037	1427	782	1100890	1427	853	1200797	1427	924	1300486	1427	995	1400740	1427	1000	1407840	1427	1064	1500567	1427	1135	1600719	1427	1206	1701094	1427	1277	1801483	1427	1347	1900203	1427	1418	2000313	1427	1489	2100184	1427	1500	2115671	1427	1560	2200272	1427	1631	2300599	1427	1702	2401227	1427	1773	2501210	1427	
71	100943	1658	139	200706	1658	208	301462	1658	276	400853	1658	345	501487	1658	413	601994	1658	480	700797	1658	500	730140	1658	548	800417	1658	617	900907	1658	685	1000315	1658	754	1100895	1658	822	1200425	1658	891	1301044	1658	960	1401320	1658	1000	1459621	1658	1028	1500634	1658	1097	1601189	1658	1165	1700108	1658	1234	1801028	1658	1302	1900387	1658	1370	2000402	1658	1438	2100521	1658	1500	2190630	1658	1507	2200933	1658	1575	2300199	1658	1644	2400523	1658	1713	2501011	1658	
73	100817	1390	143	201295	1390	213	301352	1390	283	401004	1390	353	500571	1390	423	600482	1390	493	700695	1390	500	710767	1390	563	800745	1390	633	900582	1390	703	1000567	1390	773	1100264	1390	844	1201243	1390	914	1300761	1390	984	1400451	1390	1000	1423240	1390	1055	1501320	1390	1125	1600826	1390	1195	1700488	1390	1265	1800256	1390	1336	1901285	1390	1406	2001131	1390	1476	2100741	1390	1500	2134869	1390	1546	2200345	1390	1617	2301319	1390	1687	2400836	1390	1757	2500518	1390	
74	100876	1106	145	200186	1106	217	300891	1106	289	401441	1106	360	501200	1106	431	600765	1106	500	697262	1106	502	700183	1106	574	801180	1106	645	900731	1106	716	1000543	1106	788	1101429	1106	859	1201173	1106	930	1300433	1106	1000	1398303	1106	1002	1401174	1106	1073	1500423	1106	1144	1600211	1106	1216	1701009	1106	1287	1800337	1106	1357	1900119	1106	1428	2000628	1106	1500	2101472	1106	1500	2101563	1106	1571	2200794	1106	1643	2301327	1106	1714	2400445	1106	1786	2501321	1106	
72	100489	1583	141	200219	1583	211	300848	1583	281	400797	1583	351	500842	1583	421	600994	1583	490	700155	1583	500	714494	1583	560	800280	1583	630	900428	1583	700	1000630	1583	768	1100493	1583	838	1200889	1583	908	1301524	1583	977	1400835	1583	1000	1434115	1583	1046	1500674	1583	1116	1600721	1583	1186	1701058	1583	1255	1800165	1583	1325	1901005	1583	1395	2001424	1583	1464	2101191	1583	1500	2152963	1583	1533	2200195	1583	1603	2300765	1583	1673	2401491	1583	1742	2500809	1583	
75	100871	1512	146	201215	1512	218	300865	1512	291	401413	1512	363	500813	1512	436	601454	1512	500	689977	1512	508	701053	1512	580	800233	1512	653	901063	1512	725	1000452	1512	798	1101326	1512	870	1200668	1512	943	1301216	1512	1000	1379711	1512	1015	1400432	1512	1088	1501122	1512	1160	1600732	1512	1233	1701405	1512	1305	1800311	1512	1378	1901070	1512	1450	2000526	1512	1500	2069412	1512	1523	2101105	1512	1595	2200392	1512	1668	2301363	1512	1740	2400520	1512	1812	2500289	1512	
71	100465	1445	140	201275	1445	208	300465	1445	276	400188	1445	345	501468	1445	413	600836	1445	481	700287	1445	500	728209	1445	550	801283	1445	618	900533	1445	687	1001265	1445	755	1100782	1445	823	1200601	1445	891	1300131	1445	960	1401005	1445	1000	1459484	1445	1028	1500542	1445	1097	1601252	1445	1165	1700661	1445	1233	1800619	1445	1302	1901367	1445	1370	2001093	1445	1438	2100421	1445	1500	2190823	1445	1507	2201164	1445	1575	2300781	1445	1642	2400900	1445	1711	2501478	1445	
71	100953	1317	139	201452	1317	206	300528	1317	274	401019	1317	341	500336	1317	409	601154	1317	476	700334	1317	500	736164	1317	544	801415	1317	611	901373	1317	678	1000560	1317	746	1100895	1317	813	1200166	1317	881	1301035	1317	949	1401398	1317	1000	1478650	1317	1015	1501265	1317	1082	1600539	1317	1150	1701003	1317	1218	1801326	1317	1286	1901518	1317	1351	2000303	1317	1417	2101396	1317	1484	2200683	1317	1500	2224343	1317	1551	2300125	1317	1619	2400767	1317	1687	2501349	1317	
74	100509	1255	146	200854	1255	217	300370	1255	289	401019	1255	360	500294	1255	432	601339	1255	500	698980	1255	501	700486	1255	573	801447	1255	644	901069	1255	715	1000405	1255	787	1101161	1255	858	1200763	1255	930	1301467	1255	1000	1399651	1255	1001	1401150	1255	1072	1500363	1255	1144	1601425	1255	1215	1700987	1255	1286	1800643	1255	1357	1900217	1255	1429	2000912	1255	1500	2100234	1255	1500	2100324	1255	1572	2200953	1255	1643	2301059	1255	1714	2400425	1255	1786	2501282	1255	
16	105714	22319	31	206980	22319	45	301437	22319	60	402041	22319	75	502762	22319	90	603412	22319	105	704465	22319	120	805434	22319	135	905937	22319	150	1006479	22319	165	1107047	22319	179	1201029	22319	194	1302061	22319	209	1402683	22319	224	1503617	22319	239	1604464	22319	254	1705066	22319	269	1805948	22319	284	1907011	22319	298	2001021	22319	313	2101683	22319	328	2202239	22319	343	2303202	22319	358	2405166	22319	373	2505858	22319	
15	100740	24494	30	201650	24494	45	302421	24494	60	403147	24494	75	503926	24494	90	604782	24494	105	705945	24494	120	806583	24494	134	900833	24494	149	1001568	24494	164	1102679	24494	179	1203791	24494	194	1304436	24494	209	1405430	24494	224	1506356	24494	238	1607286	24494	252	1702371	24494	267	1803331	24494	282	1904302	24494	297	2005324	24494	312	2106327	24494	326	2200663	24494	341	2301315	24494	356	2402823	24494	371	2503889	24494	
15	100983	23121	30	202691	23121	45	303665	23121	60	404453	23121	75	505697	23121	89	602886	23121	104	703860	23121	119	804712	23121	134	905486	23121	149	1006381	23121	163	1100746	23121	178	1202056	23121	193	1303076	23121	208	1404000	23121	223	1504810	23121	238	1605340	23121	253	1706006	23121	268	1806858	23121	282	1900969	23121	297	2001779	23121	312	2103165	23121	327	2203908	23121	342	2305001	23121	357	2405848	23121	372	2506841	23121	
16	106507	23723	30	201582	23723	45	302437	23723	60	403085	23723	75	503675	23723	90	604600	23723	105	705318	23723	120	806489	23723	134	901065	23723	149	1002253	23723	164	1103233	23723	179	1203875	23723	194	1304738	23723	209	1405655	23723	224	1506240	23723	239	1607031	23723	253	1700836	23723	268	1801833	23723	283	1902765	23723	298	2003370	23723	313	2103936	23723	328	2204586	23723	343	2305276	23723	358	2405989	23723	372	2502537	23723	
16	107010	22704	30	202088	22704	45	303790	22704	60	405360	22704	75	506807	22704	89	602108	22704	104	704143	22704	119	805973	22704	133	900987	22704	148	1002597	22704	163	1104405	22704	178	1206385	22704	192	1301267	22704	207	1405187	22704	221	1500548	22704	236	1602388	22704	251	1704129	22704	266	1805837	22704	280	1901226	22704	295	2002689	22704	310	2104357	22704	325	2206527	22704	339	2301658	22704	354	2403276	22704	369	2505077	22704	
16	107080	23022	30	202195	23022	45	305220	23022	59	400833	23022	74	502534	23022	89	604262	23022	104	706454	23022	118	802026	23022	133	904440	23022	148	1006364	23022	162	1101462	23022	177	1203230	23022	192	1305157	23022	207	1406926	23022	221	1501757	23022	236	1603475	23022	251	1705134	23022	266	1806966	23022	280	1902079	23022	295	2003985	23022	310	2105867	23022	324	2201069	23022	339	2303047	23022	354	2405371	23022	368	2500483	23022	
16	106684	23373	31	206865	23373	45	300902	23373	60	401081	23373	75	501145	23373	90	601309	23373	105	701549	23373	120	801686	23373	135	901937	23373	150	1002264	23373	165	1102398	23373	180	1202829	23373	195	1302792	23373	210	1403010	23373	225	1502998	23373	240	1603718	23373	255	1704372	23373	270	1804489	23373	285	1905093	23373	300	2005421	23373	315	2105976	23373	330	2205855	23373	344	2301617	23373	359	2401624	23373	374	2502088	23373	
16	106062	25425	31	205689	25425	46	305369	25425	61	404567	25425	76	503904	25425	91	603605	25425	106	703090	25425	121	802492	25425	136	902097	25425	151	1001635	25425	166	1101037	25425	181	1203403	25425	196	1304286	25425	211	1403807	25425	226	1503015	25425	241	1602901	25425	256	1702418	25425	271	1802003	25425	286	1901277	25425	302	2007077	25425	317	2106375	25425	332	2205975	25425	347	2305426	25425	362	2405032	25425	377	2504578	25425	
15	102337	24783	29	200980	24783	44	303890	24783	59	406231	24783	73	502302	24783	88	605151	24783	102	700697	24783	117	803017	24783	132	905831	24783	146	1001409	24783	161	1103919	24783	176	1206063	24783	190	1301462	24783	205	1403870	24783	220	1506361	24783	234	1602254	24783	249	1704418	24783	264	1806715	24783	278	1902551	24783	293	2004701	24783	307	2100614	24783	322	2203028	24783	337	2305894	24783	351	2401585	24783	366	2504187	24783	
15	101195	24090	30	203144	24090	45	305201	24090	60	406635	24090	74	501660	24090	89	603603	24090	104	705386	24090	119	807056	24090	133	902478	24090	148	1004248	24090	163	1106465	24090	177	1201860	24090	192	1304005	24090	207	1405822	24090	221	1500853	24090	236	1602678	24090	251	1704141	24090	266	1806038	24090	280	1901173	24090	295	2003006	24090	310	2106847	24090	324	2202458	24090	339	2304447	24090	354	2406098	24090	368	2501488	24090	
16	106470	25565	31	206863	25565	46	306558	25565	61	406156	25565	76	505798	25565	91	605646	25565	106	705477	25565	121	805113	25565	136	905889	25565	150	1001632	25565	165	1101414	25565	180	1201088	25565	195	1300859	25565	211	1407065	25565	226	1506630	24810	241	1606072	24810	256	1705627	24810	271	1805170	24810	286	1905254	24810	301	2005142	24810	316	2104605	24065	331	2204259	24065	346	2303406	22555	361	2402492	21807	376	2502069	21807	
16	103272	25100	32	206487	25100	47	303181	25100	63	406158	25100	78	502722	25100	94	606307	25100	109	703142	25100	125	806200	25100	140	902913	25100	156	1006481	25100	171	1103083	25100	187	1206389	25100	202	1303168	25100	218	1405996	25100	233	1502416	25100	249	1606569	25100	264	1703372	25100	280	1806449	25100	295	1903205	25100	311	2006335	25100	326	2102948	25100	342	2206192	25100	357	2302879	25100	373	2405975	25100	388	2502440	25100	
16	106594	25298	31	206377	25298	46	306434	25298	61	406433	25298	76	506352	25298	91	606389	25298	106	707054	25298	121	806793	25298	136	906720	25298	151	1006688	25298	166	1106697	25298	181	1206632	25298	196	1306637	25298	211	1406910	25298	226	1506971	25298	241	1606827	25298	256	1706852	25298	271	1806393	24561	285	1902871	24561	300	2003009	24561	315	2103077	24561	330	2203041	24561	345	2302771	24561	360	2402358	24561	375	2502166	24561	
16	106403	25129	31	205486	25129	46	304276	25129	61	402834	25129	76	501245	25129	92	606454	25129	107	705172	25129	122	806219	25129	137	905110	25129	152	1003937	25129	167	1102565	25129	182	1201677	25129	198	1306702	25129	213	1405237	25129	228	1503582	25129	243	1602686	25129	258	1701241	25129	274	1806351	25129	289	1905434	25129	304	2004255	25129	319	2103231	25129	334	2201963	25129	350	2307070	25129	365	2405742	25129	380	2504448	25129	
16	105139	25094	31	203678	25094	46	301934	25094	62	406590	25094	77	505156	25094	92	603426	25094	107	701596	25094	123	806868	25094	138	905277	25094	153	1003826	25094	168	1102234	24350	184	1206900	24350	199	1305146	24350	214	1403355	24350	229	1501742	24350	245	1606330	24350	260	1704650	23594	275	1803268	23594	290	1902037	23594	305	2000676	23594	321	2106008	23594	336	2204909	23594	351	2303439	23594	366	2402155	23594	381	2501067	23594	
16	104765	25616	31	202606	25616	47	306879	25616	62	404754	25616	77	502793	25616	92	600850	25616	108	705475	25616	123	803560	25616	138	901472	25616	154	1006099	25616	169	1103930	25616	184	1202040	25616	200	1306758	25616	215	1404485	25616	230	1502738	25616	245	1601017	25616	260	1701827	25616	276	1806145	25616	291	1903979	25616	306	2001869	25616	322	2106164	25616	337	2204179	25616	352	2302377	25616	368	2406888	25616	383	2505146	25616	
16	106581	25347	31	206281	25347	46	306322	25347	61	406119	25347	76	505693	25347	90	601052	25347	105	700682	25347	121	806908	25347	136	906714	25347	151	1006310	25347	166	1105796	25347	181	1205429	25347	196	1305362	25347	211	1405003	25347	226	1505018	25347	241	1604612	25347	256	1704228	25347	271	1804046	25347	286	1903735	25347	301	2003470	25347	316	2103178	25347	331	2203193	24575	346	2303565	23817	361	2403723	23817	376	2503278	23817	
16	106264	25118	31	205358	25118	46	304735	25118	61	403880	25118	76	503103	24372	91	602167	23609	106	701204	23609	122	806737	23609	137	905949	23609	152	1005395	23609	167	1104913	23609	182	1203746	23609	197	1303000	23609	212	1402108	23609	227	1501150	23609	243	1606267	22115	258	1705290	22115	273	1803892	22115	288	1902752	22115	303	2001339	22115	319	2106745	22115	334	2205568	22115	349	2304319	22115	364	2402697	22115	379	2503856	22115	
16	104118	25350	31	201479	25350	47	305302	25350	62	402982	25350	77	500642	25350	93	604280	25350	108	701591	25350	124	805431	25350	139	902846	25350	155	1006575	25350	170	1103777	25350	185	1201049	25350	201	1304958	25350	216	1403624	25350	231	1501353	25350	247	1605210	25350	262	1702494	25350	278	1806460	25350	293	1904046	25350	308	2001250	25350	324	2105101	25350	339	2202263	25350	355	2305876	25350	370	2403865	25350	385	2500925	25350	
16	105036	25265	31	203283	25265	46	301389	25265	61	402247	25265	76	501148	25265	92	606264	25265	107	704593	25265	122	802913	25265	137	901320	25265	153	1006537	24511	168	1104710	24511	183	1202937	24511	198	1301393	24511	214	1406203	24511	229	1504566	24511	244	1602590	24511	259	1700935	24511	275	1805584	24511	290	1904103	24511	305	2002489	24511	321	2106943	24511	336	2205244	24511	351	2303219	24511	366	2401690	24511	382	2506298	24511	
236	100100	78	472	200116	78	500	211976	78	708	300348	78	943	400362	78	1000	424644	78	1179	500296	78	1415	600354	78	1500	636658	78	1650	700234	78	1885	800378	78	2000	849135	78	2120	900433	78	2354	1000237	78	2500	1062082	78	2590	1100114	78	2826	1200244	78	3000	1274030	78	3062	1300218	78	3298	1400293	78	3500	1486047	78	3533	1500029	78	3770	1600207	78	4000	1697500	78	4006	1700068	78	4242	1800252	78	4479	1900392	78	4500	1909283	78	4713	2000202	78	4949	2100240	78	5000	2121901	78	5185	2200276	78	5421	2300421	78	5500	2333798	78	5651	2400267	78	5886	2500141	78	
229	100256	63	459	200321	63	500	218230	63	688	300245	63	918	400155	63	1000	435949	63	1148	500123	63	1378	600027	63	1500	653058	63	1609	700288	63	1839	800115	63	2000	870703	63	2068	900227	63	2296	1000087	63	2500	1089199	63	2525	1100089	63	2755	1200080	63	2985	1300167	63	3000	1306678	63	3215	1400151	63	3445	1500150	63	3500	1524013	63	3669	1600083	63	3899	1700077	63	4000	1743917	63	4130	1800280	63	4360	1900362	63	4500	1961350	63	4590	2000283	63	4820	2100037	63	5000	2178427	63	5049	2200095	63	5279	2300092	63	5500	2396289	63	5509	2400274	63	5738	2500094	63	
236	100121	86	472	200117	86	500	211875	86	709	300422	86	945	400045	86	1000	423154	86	1184	500284	86	1422	600232	86	1500	633040	86	1660	700232	86	1879	800371	86	2000	851154	86	2117	900285	86	2355	1000135	86	2500	1060960	86	2594	1100440	86	2832	1200289	86	3000	1270797	86	3070	1300235	86	3308	1400220	86	3500	1480962	86	3546	1500273	86	3783	1600135	86	4000	1691390	86	4021	1700296	86	4259	1800308	86	4497	1900207	86	4500	1901477	86	4735	2000310	86	4973	2100029	86	5000	2111375	86	5212	2200417	86	5448	2300120	86	5500	2322027	86	5687	2400399	86	5925	2500377	86	
238	100331	63	474	200021	63	500	211082	63	711	300322	63	948	400419	63	1000	422369	63	1185	500279	63	1423	600025	63	1500	632452	63	1661	700312	63	1898	800237	63	2000	843026	63	2136	900363	63	2373	1000330	63	2500	1053853	63	2611	1100402	63	2848	1200035	63	3000	1263832	63	3086	1300023	63	3325	1400145	63	3500	1473646	63	3563	1500141	63	3802	1600382	63	4000	1683400	63	4040	1700254	63	4277	1800243	63	4500	1894091	63	4514	1900059	63	4752	2000212	63	4991	2100413	63	5000	2104215	63	5218	2200291	63	5456	2300213	63	5500	2318595	63	5694	2400116	63	5932	2500131	63	
221	100023	87	444	200067	87	500	225275	87	667	300141	87	890	400346	87	1000	449671	87	1113	500283	87	1335	600246	87	1500	674005	87	1558	700055	87	1780	800093	87	2000	899218	87	2002	900140	87	2225	1000103	87	2447	1100078	87	2500	1124070	87	2669	1200287	87	2891	1300095	87	3000	1349173	87	3114	1400345	87	3336	1500419	87	3500	1574023	87	3558	1600200	87	3781	1700349	87	4000	1798565	87	4004	1800380	87	4227	1900344	87	4450	2000240	87	4500	2022597	87	4667	2100381	87	4877	2200387	87	5000	2255429	87	5100	2300365	87	5323	2400404	87	5500	2479542	87	5546	2500226	87	
254	100193	88	500	196759	88	509	200316	88	763	300037	88	1000	393179	88	1018	400212	88	1273	500106	88	1500	588989	88	1529	600308	88	1784	700159	88	2000	784604	88	2040	800405	88	2295	900283	88	2500	980793	88	2549	1000032	88	2805	1100275	88	3000	1176793	88	3060	1200315	88	3310	1300199	88	3500	1375535	88	3563	1400401	88	3818	1500336	88	4000	1571622	88	4072	1600211	88	4327	1700089	88	4500	1768115	88	4582	1800285	88	4834	1900026	88	5000	1965000	88	5090	2000357	88	5345	2100349	88	5500	2161031	88	5600	2200283	88	5854	2300225	88	6000	2357409	88	6110	2400362	88	6365	2500187	88	
225	100290	86	450	200274	86	500	222528	86	673	300120	86	896	400218	86	1000	446976	86	1115	500498	86	1337	600376	86	1500	672906	86	1561	700090	86	1786	800308	86	2000	896055	86	2009	900100	86	2234	1000390	86	2457	1100246	86	2500	1119401	86	2682	1200439	86	2907	1300418	86	3000	1342003	86	3131	1400240	86	3356	1500154	86	3500	1564086	86	3581	1600114	86	3806	1700179	86	4000	1786307	86	4031	1800057	86	4256	1900062	86	4480	2000201	86	4500	2009126	86	4705	2100239	86	4930	2200454	86	5000	2231650	86	5154	2300219	86	5379	2400381	86	5500	2454307	86	5603	2500130	86	
244	100121	58	488	200045	58	500	205065	58	733	300341	58	977	400064	58	1000	409564	58	1222	500243	58	1466	600285	58	1500	614166	58	1711	700152	58	1956	800325	58	2000	818322	58	2200	900067	58	2445	1000050	58	2500	1022487	58	2690	1100099	58	2935	1200074	58	3000	1226628	58	3180	1300176	58	3425	1400372	58	3500	1431094	58	3669	1500191	58	3914	1600238	58	4000	1635237	58	4158	1700204	58	4402	1800184	58	4500	1840261	58	4647	1900084	58	4892	2000277	58	5000	2044378	58	5137	2100324	58	5381	2200295	58	5500	2249088	58	5625	2300157	58	5870	2400061	58	6000	2453089	58	6116	2500306	58	
230	100328	88	459	200033	88	500	217904	88	688	300273	88	918	400276	88	1000	436042	88	1147	500204	88	1376	600133	88	1500	654430	88	1605	700270	88	1834	800392	88	2000	872917	88	2063	900436	88	2292	1000078	88	2500	1090989	88	2521	1100153	88	2749	1200075	88	2977	1300306	88	3000	1310346	88	3206	1400027	88	3436	1500387	88	3500	1528177	88	3666	1600218	88	3894	1700031	88	4000	1746383	88	4124	1800277	88	4347	1900026	88	4500	1967171	88	4576	2000304	88	4806	2100336	88	5000	2184955	88	5035	2200219	88	5264	2300047	88	5494	2400323	88	5500	2402952	88	5723	2500203	88	
231	100324	94	461	200037	94	500	216834	94	692	300190	94	923	400269	94	1000	433749	94	1154	500389	94	1384	600124	94	1500	650099	94	1616	700402	94	1847	800149	94	2000	866242	94	2078	900099	94	2309	1000146	94	2500	1085143	94	2534	1100179	94	2765	1200030	94	2996	1300071	94	3000	1301794	94	3227	1400170	94	3459	1500446	94	3500	1518067	94	3690	1600393	94	3920	1700427	94	4000	1735432	94	4148	1800450	94	4377	1900105	94	4500	1953319	94	4609	2000438	94	4840	2100425	94	5000	2169884	94	5070	2200310	94	5300	2300427	94	5500	2386970	94	5531	2400408	94	5761	2500349	94	
273	100061	84	500	182798	84	548	200296	84	815	300237	84	1000	367808	84	1089	400122	84	1364	500022	84	1500	549404	84	1640	600195	84	1914	700021	84	2000	731468	84	2187	800018	84	2461	900158	84	2500	914400	84	2735	1000094	84	3000	1096684	84	3010	1100335	84	3283	1200060	84	3500	1279256	84	3557	1300096	84	3831	1400250	84	4000	1462009	84	4105	1500163	84	4380	1600209	84	4500	1643971	84	4654	1700071	84	4930	1800323	84	5000	1825768	84	5205	1900213	84	5480	2000184	84	5500	2007632	84	5753	2100187	84	6000	2190040	84	6028	2200268	84	6301	2300180	84	6500	2372420	84	6576	2400093	84	6850	2500257	84	
246	100323	82	492	200406	82	500	203689	82	738	300401	82	983	400048	82	1000	407067	82	1229	500338	82	1474	600056	82	1500	610610	82	1720	700322	82	1965	800272	82	2000	814456	82	2210	900173	82	2455	1000215	82	2500	1018479	82	2701	1100103	82	2947	1200140	82	3000	1221695	82	3193	1300217	82	3438	1400068	82	3500	1425276	82	3684	1500108	82	3930	1600145	82	4000	1628472	82	4177	1700392	82	4423	1800163	82	4500	1831442	82	4669	1900082	82	4914	2000082	82	5000	2035112	82	5160	2100045	82	5407	2200411	82	5500	2238149	82	5653	2300402	82	5899	2400355	82	6000	2443076	82	6139	2500429	82	
257	100338	54	500	195013	54	513	200180	54	770	300246	54	1000	389668	54	1027	400199	54	1282	500169	54	1500	585225	54	1538	600056	54	1794	700192	54	2000	780644	54	2050	800193	54	2306	900179	54	2500	975788	54	2562	1000062	54	2818	1100155	54	3000	1171194	54	3075	1200382	54	3332	1300184	54	3500	1365584	54	3588	1400082	54	3845	1500162	54	4000	1560511	54	4102	1600200	54	4350	1700251	54	4500	1758664	54	4607	1800261	54	4864	1900213	54	5000	1953657	54	5119	2000093	54	5376	2100091	54	5500	2148415	54	5633	2200282	54	5890	2300121	54	6000	2343240	54	6145	2400053	54	6400	2500026	54	
265	100199	60	500	188632	60	531	200260	60	797	300345	60	1000	376680	60	1062	400038	60	1328	500369	60	1500	565243	60	1593	600276	60	1859	700321	60	2000	753623	60	2124	800354	60	2380	900110	60	2500	945340	60	2642	1000282	60	2908	1100299	60	3000	1134972	60	3173	1200137	60	3439	1300122	60	3500	1323329	60	3704	1400292	60	3969	1500034	60	4000	1511669	60	4236	1600318	60	4500	1699810	60	4501	1700206	60	4767	1800176	60	5000	1887909	60	5033	1900272	60	5297	2000100	60	5500	2076571	60	5562	2100101	60	5827	2200131	60	6000	2265282	60	6093	2300224	60	6359	2400304	60	6500	2453249	60	6625	2500389	60	
234	100048	73	471	200426	73	500	212884	73	706	300385	73	942	400303	73	1000	424906	73	1177	500032	73	1414	600386	73	1500	636696	73	1650	700284	73	1886	800226	73	2000	848576	73	2122	900353	73	2357	1000059	73	2500	1060581	73	2593	1100121	73	2830	1200404	73	3000	1272420	73	3066	1300350	73	3303	1400432	73	3500	1483609	73	3539	1500107	73	3776	1600284	73	4000	1694975	73	4012	1700286	73	4248	1800099	73	4485	1900316	73	4500	1906655	73	4720	2000179	73	4956	2100040	73	5000	2118624	73	5192	2200155	73	5425	2300047	73	5500	2332362	73	5660	2400411	73	5897	2500380	73	
266	100342	59	500	188526	59	531	200179	59	797	300214	59	1000	376751	59	1062	400331	59	1327	500293	59	1500	565364	59	1593	600307	59	1859	700349	59	2000	753300	59	2125	800307	59	2391	900218	59	2500	941218	59	2657	1000199	59	2917	1100231	59	3000	1131746	59	3182	1200186	59	3448	1300116	59	3500	1319592	59	3715	1400343	59	3981	1500276	59	4000	1507406	59	4246	1600074	59	4500	1696546	59	4510	1700352	59	4773	1800399	59	5000	1886038	59	5038	1900362	59	5304	2000352	59	5500	2074057	59	5570	2100292	59	5831	2200297	59	6000	2264388	59	6095	2300147	59	6362	2400237	59	6500	2452049	59	6628	2500178	59	
255	100070	61	500	196001	61	511	200302	61	763	300058	61	1000	393229	61	1018	400312	61	1273	500204	61	1500	588893	61	1529	600261	61	1784	700255	61	2000	784976	61	2039	800283	61	2293	900103	61	2500	981597	61	2548	1000346	61	2801	1100321	61	3000	1178393	61	3055	1200026	61	3311	1300355	61	3500	1375103	61	3560	1400347	61	3812	1500044	61	4000	1573925	61	4067	1600187	61	4321	1700032	61	4500	1770018	61	4577	1800262	61	4832	1900132	61	5000	1966426	61	5086	2000380	61	5340	2100312	61	5500	2162888	61	5596	2200397	61	5851	2300182	61	6000	2358330	61	6107	2400195	61	6362	2500271	61	
243	100197	58	485	200318	58	500	206499	58	727	300224	58	969	400018	58	1000	412901	58	1212	500197	58	1450	600302	58	1500	621290	58	1691	700058	58	1935	800284	58	2000	827126	58	2178	900335	58	2420	1000068	58	2500	1032928	58	2664	1100400	58	2907	1200413	58	3000	1238743	58	3149	1300124	58	3393	1400303	58	3500	1444622	58	3634	1500166	58	3877	1600124	58	4000	1651690	58	4118	1700092	58	4362	1800402	58	4500	1857433	58	4604	1900281	58	4846	2000247	58	5000	2063802	58	5089	2100384	58	5331	2200111	58	5500	2269467	58	5575	2300323	58	5817	2400122	58	6000	2475311	58	6061	2500385	58	
265	100231	58	500	189408	58	529	200386	58	793	300342	58	1000	378703	58	1057	400188	58	1321	500257	58	1500	567866	58	1585	600114	58	1849	700025	58	2000	757082	58	2114	800103	58	2378	900119	58	2500	946581	58	2641	1000254	58	2905	1100314	58	3000	1136110	58	3170	1200394	58	3434	1300291	58	3500	1325228	58	3698	1400232	58	3961	1500094	58	4000	1514847	58	4225	1600372	58	4488	1700053	58	4500	1704591	58	4753	1800022	58	5000	1893414	58	5018	1900234	58	5282	2000305	58	5500	2083092	58	5545	2100229	58	5810	2200362	58	6000	2272630	58	6073	2300327	58	6337	2400265	58	6500	2462010	58	6601	2500105	58	
239	100412	87	478	200366	87	500	209519	87	717	300103	87	956	400076	87	1000	418470	87	1195	500330	87	1435	600415	87	1500	627588	87	1674	700262	87	1914	800410	87	2000	836283	87	2153	900181	87	2393	1000142	87	2500	1044868	87	2633	1100309	87	2873	1200305	87	3000	1253443	87	3111	1300269	87	3349	1400078	87	3500	1463145	87	3588	1500202	87	3826	1600023	87	4000	1673053	87	4065	1700219	87	4304	1800149	87	4500	1881996	87	4543	1900027	87	4777	2000399	87	5000	2093691	87	5016	2100420	87	5255	2200181	87	5495	2300252	87	5500	2302349	87	5734	2400433	87	5971	2500061	87	
86	100237	337	172	200542	337	258	300713	337	343	400121	337	428	500229	337	500	583646	337	515	601155	337	601	701128	337	686	800481	337	772	900559	337	858	1001004	337	944	1100848	337	1000	1168232	337	1028	1200824	337	1114	1300677	337	1199	1400108	337	1285	1500321	337	1371	1600722	337	1457	1700269	337	1500	1750078	337	1544	1801231	337	1629	1900217	337	1715	2000427	337	1801	2100630	337	1887	2200894	337	1972	2300165	337	2000	2332817	337	2058	2400734	337	2144	2500850	337	
75	100098	351	150	200279	351	224	301199	351	298	400741	351	373	501000	351	447	600232	351	500	671014	351	522	700511	351	597	800933	351	672	901116	351	747	1001360	351	821	1100138	351	896	1200426	351	971	1300683	351	1000	1339614	351	1046	1401149	351	1120	1500898	351	1194	1600121	351	1269	1700141	351	1343	1800539	351	1418	1900797	351	1493	2001131	351	1500	2010603	351	1568	2101347	351	1642	2200215	351	1717	2300303	351	1792	2400715	351	1867	2501302	351	
77	100264	339	154	200112	339	231	300139	339	308	401100	339	385	500806	339	462	600555	339	500	649983	339	539	700769	339	616	801054	339	693	901099	339	770	1001060	339	846	1100197	339	923	1200180	339	1000	1300412	339	1000	1300493	339	1077	1400424	339	1154	1500642	339	1231	1600506	339	1308	1700453	339	1385	1800442	339	1462	1900908	339	1500	1950225	339	1539	2000843	339	1616	2101013	339	1693	2201117	339	1770	2301252	339	1846	2400758	339	1921	2500769	339	
84	101014	325	167	200782	325	250	300364	325	333	400234	325	416	500775	325	499	600534	325	500	601801	325	582	700632	325	665	800556	325	748	900378	325	831	1000462	325	914	1100815	325	997	1200785	325	1000	1204434	325	1080	1300612	325	1163	1400392	325	1246	1500297	325	1328	1600707	325	1411	1700722	325	1494	1800315	325	1500	1807614	325	1577	1900474	325	1660	2000635	325	1743	2100493	325	1826	2200133	325	1909	2300186	325	1993	2401261	325	2000	2409812	325	2075	2500385	325	
82	101148	355	163	201123	355	244	300954	355	325	400857	355	406	501192	355	487	600756	355	500	616629	355	568	701170	355	644	800715	355	721	900810	355	799	1000188	355	880	1100271	355	961	1200230	355	1000	1248244	355	1043	1301070	355	1124	1400548	355	1205	1500243	355	1287	1600988	355	1368	1700790	355	1449	1800515	355	1500	1863336	355	1530	1900237	355	1611	2000178	355	1693	2101057	355	1774	2200310	355	1855	2300500	355	1937	2401277	355	2000	2478543	355	2018	2500858	355	
75	100122	339	151	200451	339	227	300190	339	304	400743	339	380	500196	339	457	601173	339	500	657627	339	533	701079	339	609	800623	339	685	900118	339	762	1000812	339	838	1100365	339	915	1201096	339	991	1300561	339	1000	1312477	339	1068	1401378	339	1144	1500974	339	1220	1600654	339	1296	1700656	339	1372	1800372	339	1448	1900223	339	1500	1968607	339	1524	2000288	339	1601	2101349	339	1677	2201216	339	1753	2301058	339	1829	2400571	339	1906	2501326	339	
83	100197	385	167	201107	385	250	300817	385	333	400343	385	416	500357	385	500	601234	385	500	601309	385	583	701042	385	666	800487	385	749	900468	385	833	1001228	385	916	1100693	385	999	1200623	385	1000	1201897	385	1082	1300562	385	1165	1400283	385	1249	1501048	385	1332	1600891	385	1415	1700593	385	1498	1800493	385	1500	1802980	385	1581	1901030	385	1664	2000681	385	1747	2100463	385	1830	2200269	385	1911	2300148	385	1995	2401113	385	2000	2407218	385	2078	2501234	385	
87	100474	345	174	200382	345	262	301147	345	349	400482	345	436	500066	345	500	573125	345	524	600712	345	611	700580	345	698	800271	345	785	900633	345	872	1000116	345	960	1100392	345	1000	1146148	345	1047	1200085	345	1134	1300071	345	1221	1401161	345	1307	1500432	345	1395	1600940	345	1482	1700608	345	1500	1721562	345	1569	1800727	345	1656	1900554	345	1743	2000639	345	1831	2101199	345	1918	2201099	345	2000	2294901	345	2005	2300682	345	2092	2400623	345	2179	2500450	345	
82	100266	369	163	200113	369	245	300974	369	326	400206	369	409	501238	369	489	600967	369	500	614630	369	570	700818	369	652	800666	369	734	900612	369	816	1000636	369	898	1100255	369	981	1201255	369	1000	1224390	369	1062	1300201	369	1144	1400379	369	1226	1500851	369	1307	1600407	369	1389	1700579	369	1471	1800862	369	1500	1836493	369	1553	1901220	369	1634	2000171	369	1716	2100135	369	1799	2201118	369	1881	2301039	369	1963	2400608	369	2000	2445872	369	2045	2500777	369	
81	101072	358	161	200257	358	242	300992	358	322	400353	358	403	500969	358	483	600343	358	500	621470	358	564	701270	358	644	800326	358	725	900868	358	805	1000227	358	886	1100990	358	966	1200192	358	1000	1243305	358	1046	1300613	358	1126	1400178	358	1207	1500750	358	1287	1600349	358	1368	1701231	358	1448	1801024	358	1500	1865516	358	1528	1900338	358	1609	2001062	358	1689	2100454	358	1770	2201076	358	1850	2300602	358	1931	2401217	358	2000	2486829	358	2011	2500464	358	
83	100225	376	166	200489	376	249	301058	376	331	400420	376	414	500610	376	497	601233	376	500	605014	376	579	700950	376	661	800559	376	744	901112	376	827	1001243	376	909	1100525	376	992	1201135	376	1000	1210925	376	1073	1300130	376	1156	1400346	376	1239	1500602	376	1322	1600541	376	1402	1701245	376	1484	1800133	376	1500	1819507	376	1565	1901091	376	1647	2000593	376	1730	2100620	376	1813	2200753	376	1896	2300799	376	1979	2400963	376	2000	2426434	376	2061	2500130	376	
80	100736	333	159	200220	333	238	300176	333	318	400591	333	397	500852	333	476	600684	333	500	631652	333	554	701124	333	633	801132	333	712	900970	333	790	1000094	333	868	1101215	333	947	1201163	333	1000	1267876	333	1026	1300755	333	1105	1400212	333	1185	1501312	333	1264	1601264	333	1343	1701116	333	1422	1800820	333	1500	1899014	333	1501	1900332	333	1580	2000078	333	1660	2100810	333	1739	2200570	333	1819	2301258	333	1898	2401021	333	1977	2500088	333	
84	101080	357	165	200794	357	247	300510	357	330	400499	357	413	500249	357	496	600623	357	500	605534	357	579	700656	357	662	800324	357	745	900117	357	828	1000097	357	911	1100282	357	994	1200332	357	1000	1207653	357	1077	1300957	357	1160	1400887	357	1243	1500767	357	1326	1601150	357	1408	1700177	357	1492	1801262	357	1500	1810984	357	1574	1900458	357	1657	2000125	357	1740	2100415	357	1823	2200608	357	1906	2300649	357	1989	2400906	357	2000	2414231	357	2072	2500849	357	
84	100740	337	168	200811	337	251	300431	337	335	400109	337	420	500745	337	500	595764	337	504	600603	337	588	700667	337	672	800935	337	756	900412	337	841	1000984	337	925	1100782	337	1000	1189849	337	1009	1200491	337	1094	1300920	337	1178	1400259	337	1263	1500942	337	1346	1600863	337	1430	1700506	337	1500	1783228	337	1515	1800974	337	1599	1900352	337	1683	2000404	337	1768	2101056	337	1852	2200157	337	1937	2301057	337	2000	2377453	337	2019	2400135	337	2104	2500739	337	
87	101215	349	172	200256	349	258	300729	349	344	400744	349	429	500411	349	500	583002	349	515	600575	349	601	701028	349	686	800068	349	772	900530	349	858	1000612	349	944	1101046	349	1000	1166428	349	1029	1200187	349	1115	1300195	349	1201	1400667	349	1281	1500603	349	1367	1600939	349	1452	1700243	349	1500	1756039	349	1538	1800485	349	1624	1900756	349	1710	2001036	349	1796	2101203	349	1881	2200190	349	1967	2300290	349	2000	2338806	349	2053	2401140	349	2138	2500076	349	
80	100624	355	160	201164	355	239	300676	355	318	400112	355	398	501331	355	477	601146	355	500	632058	355	554	700758	355	634	801264	355	713	900468	355	793	1000987	355	872	1100603	355	951	1200456	355	1000	1262320	355	1030	1300340	355	1110	1400935	355	1189	1500222	355	1269	1601204	355	1348	1701040	355	1427	1800378	355	1500	1892610	355	1506	1900233	355	1586	2001170	355	1665	2100740	355	1745	2201231	355	1824	2300843	355	1903	2400413	355	1983	2501058	355	
84	101189	349	167	200570	349	251	301203	349	334	400664	349	418	501047	349	498	600719	349	500	603174	349	581	700367	349	665	801163	349	748	900610	349	831	1000216	349	915	1100679	349	999	1201283	349	1000	1202577	349	1082	1300980	349	1165	1401049	349	1248	1500401	349	1332	1601064	349	1415	1700467	349	1499	1801090	349	1500	1802351	349	1582	1900576	349	1666	2001113	349	1749	2100393	349	1832	2200099	349	1915	2300218	349	1999	2400840	349	2000	2402080	349	2082	2500105	349	
84	100246	375	168	200654	375	252	300520	375	336	400583	375	420	500825	375	500	596309	375	504	601148	375	587	700832	375	670	800553	375	754	900886	375	837	1000740	375	921	1100995	375	1000	1195443	375	1004	1200325	375	1087	1300094	375	1171	1400843	375	1255	1500822	375	1339	1601165	375	1422	1700409	375	1500	1793422	375	1506	1800741	375	1590	1900840	375	1672	2001216	375	1755	2100404	375	1839	2200294	375	1923	2300762	375	2000	2393122	375	2006	2400433	375	2090	2500697	375	
86	100635	332	171	200393	332	257	301047	332	342	400480	332	428	501158	332	500	585103	332	513	600391	332	599	700819	332	685	801153	332	770	900845	332	855	1000089	332	936	1100658	332	1000	1175858	332	1021	1200438	332	1107	1300659	332	1192	1400147	332	1278	1500614	332	1364	1601026	332	1449	1700337	332	1500	1760219	332	1534	1800118	332	1620	1900111	332	1706	2000578	332	1792	2100757	332	1877	2201239	332	1962	2300413	332	2000	2345211	332	2047	2400249	332	2133	2500863	332	
89	100085	340	179	201031	340	266	300889	340	355	400476	340	444	500577	340	500	563356	340	533	600453	340	622	700254	340	711	800237	340	800	900158	340	890	1001042	340	979	1100832	340	1000	1124473	340	1068	1200840	340	1157	1300785	340	1246	1400910	340	1335	1501046	340	1424	1600804	340	1500	1685949	340	1513	1700598	340	1602	1800516	340	1691	1900184	340	1780	2000078	340	1870	2100696	340	1959	2200482	340	2000	2246590	340	2048	2300441	340	2137	2400221	340	2226	2500113	340	
18	104681	1669	35	203387	1669	52	302481	1669	69	401046	1669	87	505467	1669	104	604128	1669	121	702973	1669	138	801512	1669	155	900461	1669	173	1004858	1669	190	1103829	1669	207	1203345	1669	224	1302287	1669	241	1401073	1669	259	1505512	1669	276	1604754	1669	293	1703454	1669	310	1802105	1669	327	1900946	1669	345	2005244	1669	362	2103974	1669	379	2203021	1669	396	2301978	1669	413	2402477	1669	430	2501074	1669	
18	103429	1769	35	200783	1769	53	303852	1769	70	401492	1769	88	504387	1769	105	601935	1769	123	705186	1769	140	802505	1769	158	905427	1769	175	1002781	1769	193	1105805	1769	210	1203037	1769	227	1300472	1769	244	1400753	1769	262	1503954	1769	279	1601344	1769	297	1704201	1769	314	1801589	1769	332	1904949	1769	349	2002482	1769	367	2105497	1769	384	2202922	1769	402	2306040	1769	419	2403284	1769	436	2500683	1769	
18	102274	1800	36	204321	1800	53	302868	1800	71	405899	1800	88	502284	1800	106	604401	1800	123	700780	1800	141	803047	1800	159	905177	1800	176	1001329	1800	194	1103212	1800	212	1205102	1800	229	1301592	1800	247	1403891	1800	265	1505840	1800	282	1602194	1800	300	1704071	1800	317	1800523	1800	335	1902616	1800	353	2004590	1800	370	2100961	1800	388	2202943	1800	406	2304959	1800	423	2401428	1800	441	2503777	1800	
18	101854	1759	36	203649	1759	54	305519	1759	71	401807	1759	89	503929	1759	107	605716	1759	124	701904	1759	142	803786	1759	160	905791	1759	177	1002100	1759	195	1104198	1759	213	1205913	1759	230	1302039	1759	248	1403855	1759	266	1505561	1759	283	1601834	1759	301	1703569	1759	319	1805435	1759	336	1901406	1759	354	2002842	1759	372	2104614	1759	389	2200876	1759	407	2304969	1759	424	2401241	1759	442	2503411	1759	
18	103304	1726	35	200873	1726	53	304597	1726	70	402141	1726	88	505104	1726	105	602335	1726	122	700519	1726	140	803992	1726	157	901420	1726	175	1004330	1726	192	1101744	1726	210	1204893	1726	227	1305562	1726	244	1403190	1726	261	1500635	1726	279	1603841	1726	296	1701461	1726	314	1804946	1726	331	1902850	1726	349	2006143	1726	366	2103679	1726	383	2201112	1726	401	2304392	1726	418	2401954	1726	436	2505108	1726	
18	102511	1758	35	201459	1758	53	304180	1758	70	400896	1758	88	503243	1758	106	605758	1758	123	702202	1758	141	804384	1758	158	901065	1758	176	1003715	1758	193	1100499	1758	211	1202757	1758	229	1304691	1758	246	1401768	1758	264	1504057	1758	281	1600504	1758	299	1702591	1758	317	1804675	1758	334	1901275	1758	352	2003515	1758	370	2106003	1758	387	2202568	1758	405	2304586	1758	422	2401446	1758	440	2503799	1758	
18	102211	1712	36	204259	1712	54	306016	1712	71	402256	1712	89	504227	1712	106	600470	1712	124	702513	1712	142	804476	1712	159	901061	1712	177	1002822	1712	195	1104601	1712	212	1200647	1712	230	1302785	1712	248	1404992	1712	265	1501170	1712	283	1603307	1712	301	1705690	1712	318	1802404	1712	336	1904479	1712	353	2000783	1712	371	2102742	1712	388	2201809	1712	406	2303752	1712	423	2400599	1712	441	2502863	1712	
18	102840	1712	36	205752	1712	53	302257	1712	71	404503	1712	88	501113	1712	106	603267	1712	124	705902	1712	141	802699	1712	159	904977	1712	176	1001360	1712	194	1104989	1712	211	1202398	1712	229	1305029	1712	246	1401918	1712	264	1504242	1712	281	1600977	1712	299	1703596	1712	317	1805965	1712	334	1902991	1712	352	2005959	1712	369	2102896	1712	387	2205315	1712	404	2302131	1712	422	2404519	1712	439	2502008	1712	
18	105486	1743	35	204201	1743	52	302286	1743	70	406118	1743	87	504084	1743	104	602091	1743	122	705665	1743	139	803682	1743	156	901677	1743	174	1005417	1743	191	1103314	1743	208	1201261	1743	226	1304809	1743	243	1402972	1743	260	1500827	1743	278	1604361	1743	295	1702285	1743	313	1806044	1743	330	1903824	1743	347	2001702	1743	365	2105460	1743	382	2203350	1743	399	2301977	1743	417	2405825	1743	434	2503889	1743	
18	104516	1684	35	202669	1684	52	300709	1684	70	404481	1684	87	502498	1684	104	600530	1684	122	704673	1684	139	802834	1684	156	900875	1684	174	1004726	1684	191	1102644	1684	208	1201393	1684	226	1305345	1684	243	1403218	1684	260	1501213	1684	278	1604943	1684	295	1702992	1684	312	1801142	1684	330	1905134	1684	347	2003241	1684	364	2103768	1684	381	2202506	1684	398	2300586	1684	416	2404372	1684	433	2502413	1684	
18	100571	1705	36	201138	1705	54	301517	1705	72	401846	1705	90	502465	1705	108	602938	1705	126	703510	1705	144	804436	1705	162	905392	1705	179	1000638	1705	197	1103894	1705	215	1205042	1705	233	1305382	1705	250	1400482	1705	268	1500787	1705	286	1601240	1705	304	1701689	1705	322	1802349	1705	340	1903154	1705	358	2003714	1705	376	2103985	1705	394	2204447	1705	412	2304670	1705	430	2405401	1705	448	2505923	1705	
19	104780	1778	37	201225	1778	56	302943	1778	75	404144	1778	94	505577	1778	112	601826	1778	131	703377	1778	150	805137	1778	168	901031	1778	187	1002623	1778	206	1104036	1778	224	1200493	1778	243	1301940	1778	262	1403475	1778	281	1504988	1778	299	1601628	1778	318	1703551	1778	337	1804848	1778	355	1900947	1778	374	2002278	1778	393	2103738	1778	412	2205084	1778	430	2301267	1778	449	2402714	1778	468	2504462	1778	
18	101973	1776	36	203578	1776	54	305163	1776	71	401103	1776	89	503059	1776	107	604750	1776	124	700754	1776	142	802528	1776	160	904263	1776	177	1000580	1776	195	1102538	1776	213	1204342	1776	231	1305836	1776	248	1401863	1776	266	1503657	1776	284	1605119	1776	301	1700741	1776	319	1802283	1776	337	1904141	1776	355	2006371	1776	372	2104514	1776	389	2200538	1776	407	2302275	1776	425	2404665	1776	442	2500804	1776	
19	105379	1737	37	205281	1737	55	305050	1737	73	404572	1737	91	504029	1737	109	603793	1737	127	703773	1737	145	803501	1737	163	903262	1737	180	1004409	1737	198	1104758	1737	216	1204424	1737	234	1304509	1737	252	1403829	1737	270	1503537	1737	288	1603437	1737	306	1702606	1737	324	1802380	1737	342	1902049	1737	360	2001372	1737	378	2100944	1737	396	2200506	1737	414	2300697	1737	432	2400496	1737	451	2505800	1737	
19	103065	1742	37	200721	1742	56	304013	1742	74	401637	1742	93	504433	1742	111	602193	1742	130	705161	1742	148	802724	1742	167	905717	1742	185	1003459	1742	203	1101175	1742	222	1204252	1742	240	1301812	1742	259	1404897	1742	277	1502623	1742	296	1605674	1742	314	1702990	1742	332	1800404	1742	351	1903512	1742	369	2001198	1742	388	2104103	1742	406	2201594	1742	425	2304549	1742	443	2402066	1742	462	2505428	1742	
19	102858	1764	38	205703	1764	56	303278	1764	74	400619	1764	93	503184	1764	111	600709	1764	130	704566	1764	148	802245	1764	167	905153	1764	185	1002435	1764	204	1105239	1764	222	1202710	1764	241	1305425	1764	259	1403078	1764	277	1500436	1764	296	1603255	1764	314	1700528	1764	333	1803248	1764	351	1903829	1764	369	2001899	1764	388	2104797	1764	406	2202555	1764	425	2305266	1764	443	2402752	1764	462	2505525	1764	
19	100792	1725	38	201774	1725	57	302782	1725	76	403165	1725	95	503837	1725	114	604733	1725	133	705696	1725	151	801430	1725	170	904773	1725	188	1000518	1725	207	1101285	1725	226	1201893	1725	245	1302726	1725	263	1402163	1725	282	1503266	1725	301	1604119	1725	320	1704793	1725	339	1805578	1725	357	1901306	1725	376	2001956	1725	395	2102974	1725	414	2204178	1725	433	2304981	1725	451	2400923	1725	470	2501692	1725	
19	103884	1716	37	202031	1716	55	300998	1716	74	404922	1716	92	503218	1716	110	601553	1716	129	705106	1716	147	803512	1716	165	902053	1716	184	1005560	1716	202	1103678	1716	220	1201920	1716	239	1305548	1716	257	1404035	1716	275	1502282	1716	293	1600542	1716	312	1704080	1716	330	1802541	1716	348	1901010	1716	367	2004864	1716	385	2103454	1716	403	2202128	1716	421	2300467	1716	440	2404075	1716	458	2502218	1716	
19	101447	1725	38	202885	1725	57	304566	1725	75	400622	1725	94	501994	1725	113	603989	1725	132	705468	1725	150	803074	1725	169	905195	1725	187	1001433	1725	206	1102905	1725	225	1204301	1725	244	1305659	1725	262	1401882	1725	281	1503547	1725	300	1605300	1725	318	1701548	1725	337	1803040	1725	355	1901788	1725	374	2003289	1725	393	2104971	1725	411	2201257	1725	430	2302553	1725	449	2404318	1725	467	2500513	1725	
19	101485	1715	38	202822	1715	57	303917	1715	76	404895	1715	94	500733	1715	113	601645	1715	132	702848	1715	151	803704	1715	169	901832	1715	188	1003378	1715	207	1104270	1715	226	1205251	1715	244	1300853	1715	263	1402748	1715	282	1503917	1715	301	1605170	1715	319	1700807	1715	338	1801941	1715	357	1903036	1715	376	2004309	1715	395	2105256	1715	413	2201061	1715	432	2302530	1715	451	2403655	1715	470	2504919	1715	
220	100094	431	436	200442	431	500	230447	431	650	300485	431	865	400350	431	1000	463028	431	1080	500298	431	1295	600323	431	1500	696242	431	1509	700463	431	1723	800121	431	1939	900458	431	2000	928961	431	2153	1000256	431	2367	1100225	431	2500	1162171	431	2582	1200339	431	2797	1300204	431	3000	1394552	431	3012	1400152	431	3228	1500407	431	3442	1600062	431	3500	1627011	431	3658	1700402	431	3873	1800359	431	4000	1859849	431	4087	1900457	431	4302	2000231	431	4500	2092353	431	4517	2100346	431	4732	2200470	431	4946	2300249	431	5000	2325392	431	5161	2400079	431	5377	2500411	431	
232	100092	139	461	200381	139	500	217444	139	690	300344	139	917	400126	139	1000	436810	139	1144	500117	139	1372	600090	139	1500	655778	139	1602	700326	139	1831	800106	139	2000	874083	139	2060	900304	139	2288	1000038	139	2500	1092522	139	2518	1100366	139	2747	1200299	139	2976	1300024	139	3000	1310456	139	3206	1400121	139	3436	1500289	139	3500	1528116	139	3665	1600281	139	3894	1700395	139	4000	1746803	139	4123	1800298	139	4352	1900231	139	4500	1964933	139	4581	2000198	139	4806	2100043	139	5000	2185864	139	5033	2200266	139	5262	2300111	139	5492	2400287	139	5500	2403798	139	5720	2500051	139	
223	100258	426	441	200042	426	500	226848	426	659	300248	426	878	400313	426	1000	455877	426	1098	500470	426	1317	600085	426	1500	683868	426	1535	700028	426	1755	800209	426	1974	900228	426	2000	912145	426	2193	1000053	426	2413	1100193	426	2500	1140017	426	2632	1200100	426	2848	1300321	426	3000	1370296	426	3066	1400295	426	3285	1500243	426	3500	1598593	426	3503	1600058	426	3723	1700480	426	3940	1800296	426	4000	1827488	426	4160	1900217	426	4379	2000276	426	4500	2055438	426	4598	2100133	426	4816	2200094	426	5000	2283678	426	5036	2300029	426	5256	2400242	426	5476	2500044	426	
224	100200	318	444	200386	318	500	226008	318	664	300451	318	884	400440	318	1000	454134	318	1099	500059	318	1319	600144	318	1500	682678	318	1539	700439	318	1759	800332	318	1978	900163	318	2000	910203	318	2198	1000320	318	2417	1100182	318	2500	1138151	318	2637	1200346	318	2857	1300257	318	3000	1365292	318	3077	1400401	318	3296	1500220	318	3500	1593876	318	3514	1600245	318	3734	1700116	318	3955	1800402	318	4000	1820753	318	4175	1900234	318	4395	2000229	318	4500	2048189	318	4614	2100114	318	4833	2200048	318	5000	2276572	318	5052	2300204	318	5272	2400124	318	5493	2500334	318	
223	100116	445	443	200397	445	500	226400	445	662	300339	445	881	400326	445	1000	454468	445	1099	500024	445	1317	600149	445	1500	683826	445	1536	700417	445	1755	800159	445	1974	900097	445	2000	911968	445	2193	1000217	445	2412	1100216	445	2500	1140456	445	2631	1200189	445	2851	1300263	445	3000	1367965	445	3071	1400463	445	3290	1500392	445	3500	1596186	445	3509	1600289	445	3728	1700483	445	3945	1800211	445	4000	1825304	445	4165	1900429	445	4384	2000040	445	4500	2052827	445	4604	2100376	445	4823	2200069	445	5000	2280949	445	5042	2300266	445	5261	2400242	445	5481	2500373	445	
221	100290	417	438	200092	417	500	228783	417	655	300454	417	871	400090	417	1000	459417	417	1089	500400	417	1305	600138	417	1500	690361	417	1521	700096	417	1739	800354	417	1955	900083	417	2000	920867	417	2172	1000276	417	2388	1100195	417	2500	1151748	417	2606	1200468	417	2823	1300285	417	3000	1382019	417	3040	1400471	417	3257	1500052	417	3472	1600025	417	3500	1613038	417	3688	1700155	417	3905	1800244	417	4000	1846021	417	4116	1900377	417	4333	2000330	417	4500	2077750	417	4548	2100090	417	4765	2200039	417	4982	2300343	417	5000	2308620	417	5199	2400255	417	5416	2500379	417	
221	100147	392	440	200429	392	500	227796	392	658	300188	392	877	400389	392	1000	456507	392	1095	500174	392	1314	600379	392	1500	686026	392	1531	700299	392	1750	800405	392	1968	900056	392	2000	914656	392	2187	1000360	392	2400	1100149	392	2500	1145780	392	2619	1200134	392	2838	1300364	392	3000	1374346	392	3057	1400417	392	3274	1500308	392	3492	1600209	392	3500	1603916	392	3710	1700134	392	3928	1800047	392	4000	1832945	392	4147	1900309	392	4365	2000034	392	4500	2061746	392	4584	2100445	392	4803	2200475	392	5000	2290403	392	5022	2300406	392	5240	2400234	392	5458	2500270	392	
219	100314	343	433	200211	343	500	233560	343	643	300438	343	857	400093	343	1000	466753	343	1072	500274	343	1287	600451	343	1500	699843	343	1501	700332	343	1715	800196	343	1929	900193	343	2000	933424	343	2143	1000302	343	2357	1100181	343	2500	1167054	343	2571	1200235	343	2785	1300108	343	3000	1400118	343	3000	1400145	343	3215	1500322	343	3429	1600041	343	3500	1633341	343	3644	1700360	343	3859	1800433	343	4000	1866022	343	4073	1900171	343	4287	2000093	343	4500	2099725	343	4501	2100218	343	4715	2200159	343	4930	2300079	343	5000	2332793	343	5145	2400087	343	5360	2500227	343	
226	100286	356	447	200303	356	500	224394	356	667	300183	356	887	400243	356	1000	451183	356	1108	500173	356	1329	600099	356	1500	677317	356	1551	700297	356	1772	800261	356	1993	900421	356	2000	903613	356	2213	1000054	356	2434	1100459	356	2500	1130808	356	2654	1200438	356	2874	1300197	356	3000	1357194	356	3095	1400230	356	3315	1500059	356	3500	1583711	356	3536	1600115	356	3758	1700358	356	3978	1800214	356	4000	1810185	356	4198	1900292	356	4417	2000387	356	4500	2038167	356	4637	2100145	356	4858	2200463	356	5000	2264667	356	5079	2300286	356	5297	2400210	356	5500	2493160	356	5516	2500380	356	
219	100340	698	434	200408	698	500	231257	698	648	300320	698	862	400428	698	1000	464142	698	1078	500195	698	1294	600375	698	1500	695673	698	1510	700335	698	1726	800184	698	1943	900401	698	2000	926790	698	2159	1000352	698	2375	1100108	698	2500	1157824	698	2592	1200385	698	2808	1300324	698	3000	1389047	698	3024	1400112	698	3239	1500020	698	3452	1600422	698	3500	1622559	698	3668	1700356	698	3884	1800343	698	4000	1854204	698	4099	1900145	698	4315	2000305	698	4500	2085737	698	4531	2100185	698	4747	2200064	698	4964	2300475	698	5000	2317246	698	5179	2400411	698	5395	2500201	698	
73	100443	1559	141	201299	1559	209	300875	1559	278	401430	1559	346	500590	1559	414	600146	1559	483	701185	1559	500	726383	1559	547	801548	1559	615	901163	1559	683	1000793	1559	752	1101526	1559	820	1200854	1559	888	1300174	1559	957	1401054	1559	1000	1465235	1559	1024	1500501	1559	1092	1600188	1559	1161	1701035	1559	1229	1800847	1559	1297	1900236	1559	1366	2001080	1559	1434	2100937	1559	1500	2197772	1559	1502	2200805	1559	1570	2300510	1559	1639	2401177	1559	1707	2501050	1559	
74	100279	2284	143	201014	2284	212	301427	2284	280	401269	2284	349	501407	2284	417	600439	2284	486	701318	2284	500	721801	2284	554	800349	2284	623	900994	2284	691	1000428	2284	760	1101209	2284	828	1200439	2284	897	1300466	2284	966	1401031	2284	1000	1450674	2284	1034	1500320	2284	1103	1600739	2284	1172	1701179	2284	1240	1800177	2284	1309	1900932	2284	1378	2001494	2284	1446	2100674	2284	1500	2179476	2284	1515	2201404	2284	1583	2300956	2284	1651	2400802	2284	1719	2500220	2284	
75	100569	1841	145	200739	1841	215	301301	1841	285	401364	1841	354	500273	1841	425	601149	1841	495	700978	1841	500	708159	1841	565	800850	1841	635	900959	1841	705	1000983	1841	775	1101007	1841	845	1200880	1841	915	1300842	1841	985	1400636	1841	1000	1421963	1841	1055	1500651	1841	1125	1600746	1841	1195	1700429	1841	1265	1800348	1841	1335	1900244	1841	1405	2000152	1841	1474	2101316	1841	1500	2138544	1841	1544	2201293	1841	1614	2301258	1841	1683	2400313	1841	1753	2500242	1841	
73	100696	2716	142	201191	2716	210	300841	2716	277	400662	2716	345	500173	2716	414	601178	2716	482	700382	2716	500	726735	2716	551	801016	2716	619	900498	2716	688	1001449	2716	756	1100613	2716	823	1200534	2716	891	1300667	2716	960	1401150	2716	1000	1459352	2716	1028	1500270	2716	1097	1600706	2716	1164	1700795	2716	1231	1800585	2716	1299	1900420	2716	1368	2001019	2716	1436	2100102	2716	1500	2193475	2716	1505	2200868	2716	1573	2300143	2716	1642	2401015	2716	1710	2500183	2716	
74	100465	1608	143	200988	1608	210	300426	1608	278	400508	1608	347	501221	1608	415	600607	1608	484	700929	1608	500	724173	1608	553	801361	1608	621	900727	1608	690	1001103	1608	758	1100450	1608	827	1201135	1608	895	1300333	1608	964	1400700	1608	1000	1453414	1608	1032	1500136	1608	1101	1601040	1608	1169	1700522	1608	1238	1801099	1608	1306	1900245	1608	1375	2000845	1608	1443	2100232	1608	1500	2183415	1608	1512	2200970	1608	1580	2300102	1608	1649	2400526	1608	1718	2501124	1608	
73	100104	2438	142	200614	2438	211	301081	2438	280	400732	2438	349	500739	2438	418	600321	2438	487	701133	2438	500	719976	2438	556	800899	2438	625	901082	2438	694	1000671	2438	763	1100452	2438	832	1200542	2438	901	1300513	2438	970	1400232	2438	1000	1443735	2438	1039	1500203	2438	1109	1601402	2438	1178	1701193	2438	1247	1801123	2438	1316	1900715	2438	1385	2000664	2438	1454	2100658	2438	1500	2167305	2438	1523	2200672	2438	1592	2300476	2438	1661	2400107	2438	1729	2500644	2438	
73	100192	2227	142	200436	2227	211	300340	2227	281	401208	2227	350	500928	2227	419	600306	2227	488	700156	2227	500	717597	2227	558	800949	2227	627	900571	2227	697	1001258	2227	766	1100683	2227	835	1200110	2227	905	1301529	2227	974	1400920	2227	1000	1438314	2227	1044	1501512	2227	1111	1600126	2227	1181	1701380	2227	1250	1800723	2227	1320	1901426	2227	1389	2000981	2227	1458	2100307	2227	1500	2160613	2227	1528	2201087	2227	1597	2300510	2227	1667	2401394	2227	1736	2500609	2227	
75	101414	1350	144	201083	1350	213	300424	1350	282	400265	1350	352	501026	1350	422	601396	1350	491	700911	1350	500	714118	1350	558	800372	1350	628	900963	1350	697	1000723	1350	766	1100245	1350	836	1201189	1350	905	1300422	1350	975	1401284	1350	1000	1437118	1350	1044	1500415	1350	1114	1600872	1350	1183	1700335	1350	1253	1801145	1350	1322	1900491	1350	1392	2001158	1350	1461	2100518	1350	1500	2156619	1350	1531	2201111	1350	1600	2300313	1350	1670	2400833	1350	1740	2501020	1350	
74	100607	1595	142	200685	1595	210	300961	1595	278	400690	1595	346	501204	1595	414	600840	1595	482	700512	1595	500	727068	1595	550	800521	1595	618	900226	1595	686	1001432	1595	754	1101438	1595	822	1201404	1595	890	1300967	1595	958	1400980	1595	1000	1462841	1595	1026	1501305	1595	1094	1601208	1595	1162	1700699	1595	1230	1801311	1595	1298	1900989	1595	1366	2001132	1595	1434	2100859	1595	1500	2197564	1595	1502	2200583	1595	1570	2300407	1595	1638	2400198	1595	1707	2501244	1595	
75	100692	1575	144	201015	1575	213	301382	1575	281	400178	1575	350	500622	1575	419	600792	1575	488	701092	1575	500	718571	1575	557	801274	1575	625	900206	1575	694	1000750	1575	763	1101054	1575	831	1200217	1575	900	1300515	1575	969	1400720	1575	1000	1446061	1575	1038	1501311	1575	1106	1600273	1575	1175	1700645	1575	1244	1800603	1575	1313	1901482	1575	1381	2000316	1575	1449	2101070	1575	1500	2175071	1575	1518	2201185	1575	1586	2300190	1575	1655	2400659	1575	1724	2501040	1575	
16	106397	47362	31	205609	46597	46	305035	45050	61	404767	45050	76	504812	45050	91	604881	45050	106	704206	44295	121	804491	44295	136	904135	44295	151	1003528	44295	166	1103036	44295	181	1204814	43560	196	1304343	43560	211	1404208	43560	226	1504024	42791	241	1602925	39761	256	1702374	38257	271	1801371	35990	286	1900623	33702	302	2006045	29919	317	2104185	24669	332	2203257	23929	347	2302882	23147	362	2402736	22399	377	2502317	20891	
15	102712	49204	30	204214	48424	45	304660	47666	60	404606	46171	75	504836	46171	90	604558	42397	105	703214	39347	120	803025	37029	135	902794	34771	150	1002170	32547	165	1101616	29524	180	1201954	27275	195	1302471	25036	210	1402900	24271	225	1503384	23518	240	1603375	23518	255	1703339	23518	270	1803246	23518	285	1903441	23518	300	2003862	23518	315	2103952	23518	330	2204324	23518	345	2304131	23518	360	2404078	22768	375	2504977	20555	
16	105887	48566	31	204858	47818	45	301434	47064	61	406942	47064	76	505983	47064	91	604963	47064	106	703780	47064	121	802578	45541	136	900972	43339	152	1006898	43339	167	1106082	42572	182	1204621	39606	197	1303906	37359	212	1403320	36620	227	1502240	36620	242	1601597	36620	258	1706757	35861	273	1805567	34351	288	1903436	32075	303	2002909	32075	318	2104184	31309	333	2203166	31309	348	2301518	29772	364	2406746	28222	379	2505429	25266	
16	106298	49512	31	205978	48739	46	306355	48739	61	406444	48739	76	506570	48739	91	606800	48739	106	706725	48739	121	807015	48739	135	900572	48739	150	1003081	47987	165	1102986	47204	180	1202769	45690	195	1302711	45690	210	1402829	45690	225	1502670	45690	240	1602289	45690	255	1702374	45690	270	1802461	45690	285	1902681	45690	300	2003136	45690	315	2103518	45690	330	2203909	45690	345	2303678	45690	360	2403584	45690	375	2503992	45690	
16	107294	49591	30	200868	49591	45	300557	49591	61	406634	48851	76	506122	48851	91	605384	48120	106	704136	46587	121	803533	45854	136	903094	45104	151	1002514	44357	166	1101614	42095	181	1200989	40569	197	1306984	39075	212	1406501	38326	227	1505423	36072	242	1603201	32294	258	1706736	27755	273	1806117	26224	288	1905248	23974	303	2004398	22465	318	2103682	19435	333	2203543	19435	348	2303376	19435	363	2402823	17171	378	2503371	16432	
16	106739	47052	31	205978	44095	46	305534	40229	61	405675	38737	76	505182	36403	91	606289	35643	105	700807	34879	120	801145	32604	136	906489	28818	151	1006385	28075	166	1106763	27303	181	1206740	25796	195	1300529	25796	210	1400781	23532	225	1500569	21292	241	1606524	18974	255	1700895	18974	270	1802335	18974	285	1906007	18216	300	2006350	15999	315	2105112	13810	330	2205330	13810	345	2305609	13810	360	2405790	13810	375	2506273	13810	
16	106561	50437	31	206901	50437	46	306553	50437	61	406375	49671	76	505913	49671	91	605576	49671	106	705231	49671	121	807002	49671	135	900725	48920	151	1006693	47443	166	1106855	46664	180	1200792	46664	195	1300842	45140	210	1400589	42812	226	1506907	39807	241	1606647	38300	256	1706194	37513	271	1805945	35986	286	1905441	35250	301	2004330	32937	316	2103530	32171	331	2202910	30665	346	2302337	29183	361	2401162	26941	376	2500879	26941	
16	106845	48796	31	206502	48073	46	306401	47312	61	406092	45788	76	505942	42719	91	605587	39737	106	705613	38243	121	806602	37478	136	906640	36698	151	1006835	32858	166	1106944	30560	180	1200914	29839	195	1301351	29839	210	1402212	29093	225	1502000	28343	240	1602392	28343	255	1702516	27595	270	1802976	27595	285	1903575	27595	300	2004041	27595	315	2104796	27595	330	2205862	27595	345	2306721	27595	360	2406984	26845	374	2501296	26845	
15	100834	49413	30	201010	48643	45	301511	48643	60	401710	48643	75	501839	47896	90	602330	46366	105	702851	45611	120	803269	44868	135	903276	43368	150	1003006	41873	165	1101957	40322	180	1201471	39577	195	1301217	38836	210	1401318	37348	225	1501621	36583	240	1601373	35090	255	1703624	33594	270	1804294	33594	285	1904488	33594	300	2004360	33594	315	2103912	32863	330	2203259	32082	345	2302993	32082	360	2402528	31319	375	2502401	31319	
16	106487	50329	31	205452	48841	46	305399	48841	61	405109	48106	76	504254	47353	91	604720	46586	106	704431	45874	121	803409	45874	136	902505	45874	151	1001616	45874	166	1101100	45874	182	1206796	45874	197	1305620	44385	212	1404534	42888	227	1503317	42139	242	1602554	41374	257	1701697	40640	272	1801703	40640	287	1901540	40640	302	2001588	40640	317	2101086	38347	333	2206390	36083	348	2304484	33058	363	2402904	29981	378	2502060	27003	
