wersja nr 1;wspolczynnik mutacji 0.400000;wielkosc populacji 5
4822	100008	82	9667	200020	44	14511	300009	44	19337	400012	44	24180	500019	44	29020	600021	44	33856	700017	44	38696	800014	44	43564	900018	44	48393	1000020	44	53243	1100011	44	58079	1200010	44	62881	1300014	44	67729	1400005	44	72544	1500003	44	77383	1600019	44	82217	1700020	44	87061	1800008	44	91936	1900011	44	96788	2000019	44	101557	2100014	44	106391	2200010	44	111255	2300012	44	116096	2400005	44	120942	2500010	44	125748	2600012	44	130605	2700017	44	135470	2800008	44	140311	2900014	44	145113	3000002	44	149957	3100004	44	154798	3200003	44	159632	3300023	44	164480	3400018	44	169343	3500007	44	
4878	100009	65	9702	200009	44	14510	300010	44	19315	400018	44	24095	500014	44	28924	600005	44	33770	700018	44	38610	800005	44	43470	900018	44	48296	1000014	44	53107	1100014	44	57945	1200023	44	62781	1300011	44	67642	1400006	44	72465	1500006	44	77289	1600023	44	82133	1700005	44	86985	1800004	44	91812	1900020	44	96651	2000007	44	101474	2100015	44	106274	2200005	44	111114	2300011	44	115962	2400014	44	120782	2500026	44	125630	2600012	44	130479	2700013	44	135246	2800014	44	140043	2900011	44	144811	3000015	44	149609	3100004	44	154427	3200018	44	159252	3300014	44	164096	3400007	44	168933	3500005	44	
4856	100018	64	9694	200014	44	14534	300014	44	19397	400020	44	24241	500014	44	29066	600019	44	33902	700013	44	38757	800005	44	43572	900010	44	48411	1000016	44	53228	1100008	44	58044	1200005	44	62861	1300017	44	67692	1400014	44	72481	1500014	44	77306	1600018	44	82145	1700009	44	86971	1800002	44	91789	1900009	44	96590	2000018	44	101396	2100020	44	106228	2200014	44	111045	2300012	44	115878	2400014	44	120620	2500006	44	125430	2600003	44	130257	2700009	44	135096	2800005	44	139921	2900007	44	144727	3000002	44	149552	3100008	44	154375	3200010	44	159206	3300010	44	164062	3400002	44	168912	3500017	44	
4884	100020	71	9739	200023	44	14600	300009	44	19420	400020	44	24237	500006	44	29070	600017	44	33754	700019	44	38607	800011	44	43449	900011	44	48265	1000012	44	53101	1100018	44	57953	1200014	44	62786	1300018	44	67561	1400006	44	72388	1500013	44	77181	1600014	44	82012	1700017	44	86873	1800017	44	91739	1900002	44	96565	2000015	44	101410	2100018	44	106230	2200019	44	111095	2300017	44	115962	2400005	44	120821	2500011	44	125664	2600005	44	130523	2700017	44	135378	2800020	44	140234	2900017	44	145047	3000011	44	149877	3100023	44	154717	3200017	44	159586	3300020	44	164438	3400015	44	169288	3500014	44	
4849	100021	68	9675	200012	44	14523	300024	44	19371	400004	44	24225	500003	44	29068	600012	44	33909	700009	44	38774	800010	44	43602	900015	44	48435	1000023	44	53274	1100004	44	58103	1200018	44	62939	1300006	44	67786	1400019	44	72586	1500011	44	77429	1600011	44	82263	1700006	44	87126	1800016	44	91943	1900003	44	96750	2000005	44	101573	2100004	44	106390	2200013	44	111241	2300010	44	116094	2400020	44	120873	2500009	44	125681	2600011	44	130524	2700012	44	135377	2800010	44	140234	2900005	44	145085	3000014	44	149902	3100018	44	154747	3200015	44	159572	3300010	44	164415	3400007	44	169268	3500006	44	
4916	100005	65	9840	200018	46	14767	300005	46	19700	400016	46	24643	500011	46	29564	600017	46	34487	700017	46	39416	800019	46	44354	900010	46	49293	1000010	46	54244	1100020	46	59194	1200019	46	64141	1300012	46	69082	1400010	46	74013	1500009	46	78936	1600009	46	83871	1700004	46	88824	1800004	46	93754	1900018	46	98684	2000007	46	103626	2100009	46	108576	2200016	46	113534	2300010	46	118491	2400009	46	123420	2500010	46	128349	2600008	46	133298	2700010	46	138247	2800008	46	143188	2900010	46	148123	3000007	46	153068	3100021	46	157999	3200021	46	162965	3300007	46	167908	3400012	46	172827	3500012	46	
4952	100020	53	9897	200002	46	14861	300004	46	19792	400020	46	24742	500017	46	29699	600018	46	34635	700015	46	39580	800005	46	44519	900012	46	49449	1000020	46	54379	1100018	46	59304	1200020	46	64244	1300007	46	69167	1400008	46	74084	1500011	46	78967	1600002	46	83889	1700011	46	88833	1800019	46	93761	1900010	46	98679	2000011	46	103626	2100006	46	108577	2200016	46	113544	2300014	46	118493	2400006	46	123407	2500002	46	128318	2600010	46	133275	2700020	46	138185	2800011	46	143164	2900011	46	148096	3000019	46	152994	3100022	46	157946	3200012	46	162862	3300020	46	167820	3400020	46	172775	3500007	46	
4942	100020	64	9873	200008	46	14812	300019	46	19750	400006	46	24666	500019	46	29586	600014	46	34554	700004	46	39500	800003	46	44464	900003	46	49402	1000009	46	54353	1100003	46	59285	1200010	46	64234	1300019	46	69163	1400002	46	74075	1500013	46	78996	1600017	46	83945	1700017	46	88894	1800002	46	93853	1900015	46	98801	2000015	46	103721	2100020	46	108659	2200002	46	113582	2300010	46	118526	2400018	46	123475	2500002	46	128421	2600018	46	133363	2700018	46	138280	2800021	46	143200	2900009	46	148152	3000016	46	153086	3100005	46	158007	3200015	46	162951	3300005	46	167900	3400001	46	172833	3500004	46	
4937	100018	49	9876	200016	46	14814	300021	46	19756	400019	46	24705	500011	46	29637	600021	46	34564	700013	46	39456	800005	46	44394	900016	46	49304	1000020	46	54252	1100016	46	59196	1200020	46	64136	1300019	46	69105	1400019	46	74050	1500009	46	78995	1600014	46	83928	1700018	46	88870	1800005	46	93808	1900017	46	98769	2000008	46	103714	2100020	46	108659	2200003	46	113578	2300022	46	118529	2400012	46	123473	2500020	46	128402	2600004	46	133364	2700018	46	138309	2800018	46	143249	2900021	46	148211	3000015	46	153123	3100020	46	158084	3200006	46	163015	3300020	46	167950	3400003	46	172876	3500007	46	
4931	100011	49	9862	200022	46	14801	300013	46	19726	400013	46	24644	500003	46	29560	600019	46	34469	700019	46	39371	800015	46	44283	900010	46	49244	1000013	46	54220	1100005	46	59137	1200019	46	64089	1300006	46	69015	1400014	46	73973	1500002	46	78905	1600027	46	83846	1700012	46	88782	1800016	46	93737	1900016	46	98700	2000008	46	103639	2100002	46	108537	2200003	46	113473	2300015	46	118422	2400002	46	123353	2500020	46	128301	2600010	46	133206	2700009	46	138135	2800005	46	143077	2900004	46	148013	3000006	46	152948	3100025	46	157882	3200003	46	162782	3300006	46	167710	3400007	46	172664	3500016	46	
2010	100044	3824	4023	200044	2636	5996	300009	1718	7971	400060	956	9949	500047	440	11892	600018	222	13829	700026	200	15757	800032	200	17671	900025	200	19595	1000032	200	21532	1100024	200	23465	1200016	200	25406	1300041	200	27326	1400014	200	29259	1500042	200	31202	1600053	200	33133	1700013	200	35068	1800034	200	36991	1900020	200	38899	2000046	200	40830	2100011	200	42755	2200035	200	44677	2300028	200	46582	2400059	200	48513	2500043	200	50396	2600050	200	52335	2700051	200	54271	2800020	200	56208	2900020	200	58123	3000027	200	60049	3100057	200	61970	3200054	200	63885	3300024	200	65813	3400029	200	67756	3500026	200	
2033	100012	3869	4049	200011	2689	6040	300051	1728	8021	400051	973	9978	500023	494	11930	600035	265	13863	700031	200	15797	800043	200	17720	900056	200	19640	1000037	200	21572	1100032	200	23510	1200052	200	25447	1300060	200	27359	1400054	200	29286	1500015	200	31216	1600058	200	33135	1700055	200	35066	1800008	200	37001	1900019	200	38933	2000036	200	40863	2100048	200	42795	2200010	200	44733	2300045	200	46669	2400026	200	48596	2500057	200	50527	2600040	200	52438	2700029	200	54365	2800007	200	56295	2900048	200	58211	3000044	200	60146	3100039	200	62073	3200049	200	63999	3300052	200	65911	3400060	200	67823	3500047	200	
2033	100042	3818	4051	200054	2691	6041	300055	1718	7997	400029	948	9967	500039	446	11919	600026	230	13848	700051	205	15784	800055	200	17704	900057	200	19624	1000015	200	21552	1100015	200	23477	1200051	200	25396	1300062	200	27322	1400034	200	29244	1500061	200	31140	1600042	200	33045	1700015	200	34975	1800032	200	36902	1900022	200	38811	2000023	200	40733	2100051	200	42671	2200055	200	44576	2300034	200	46482	2400043	200	48395	2500015	200	50315	2600013	200	52228	2700021	200	54153	2800036	200	56086	2900057	200	58000	3000042	200	59920	3100049	200	61843	3200057	200	63761	3300041	200	65673	3400065	200	67573	3500036	200	
2040	100043	3731	4036	200026	2588	6013	300017	1694	7985	400048	1010	9949	500024	467	11901	600048	224	13832	700030	200	15756	800018	200	17689	900043	200	19612	1000008	200	21526	1100039	200	23454	1200021	200	25394	1300057	200	27278	1400024	200	29189	1500048	200	31124	1600043	200	33061	1700048	200	34995	1800035	200	36939	1900022	200	38860	2000022	200	40787	2100018	200	42695	2200017	200	44636	2300021	200	46580	2400052	200	48513	2500017	200	50444	2600032	200	52369	2700051	200	54301	2800043	200	56226	2900017	200	58158	3000046	200	60075	3100009	200	62014	3200012	200	63917	3300043	200	65811	3400056	200	67739	3500048	200	
2029	100035	3763	4035	200039	2608	6025	300059	1730	8007	400036	975	9955	500026	447	11890	600044	230	13805	700012	200	15717	800053	200	17642	900023	200	19533	1000012	200	21452	1100012	200	23359	1200051	200	25271	1300016	200	27198	1400018	200	29126	1500058	200	30987	1600035	200	32867	1700018	200	34796	1800018	200	36723	1900041	200	38638	2000020	200	40572	2100057	200	42491	2200057	200	44417	2300009	200	46333	2400062	200	48264	2500029	200	50196	2600045	200	52126	2700046	200	54052	2800050	200	55987	2900037	200	57915	3000014	200	59845	3100016	200	61776	3200032	200	63707	3300053	200	65634	3400018	200	67552	3500037	200	
2041	100022	3655	4094	200038	2216	6138	300041	953	8144	400034	304	10105	500049	205	12061	600034	205	14013	700033	205	15974	800033	205	17941	900022	205	19882	1000032	205	21841	1100044	205	23815	1200053	205	25788	1300039	205	27752	1400036	205	29720	1500046	205	31693	1600024	205	33661	1700028	205	35628	1800038	205	37586	1900028	205	39549	2000056	205	41506	2100037	205	43445	2200042	205	45415	2300031	205	47384	2400014	205	49317	2500056	205	51258	2600054	205	53228	2700019	205	55183	2800049	205	57126	2900051	205	59072	3000056	205	61044	3100036	205	62998	3200054	205	64958	3300040	205	66926	3400050	205	68893	3500041	205	
2069	100010	3656	4118	200040	2267	6170	300049	1009	8183	400013	332	10140	500030	218	12108	600022	205	14070	700053	205	16030	800022	205	17985	900039	205	19959	1000024	205	21911	1100049	205	23873	1200058	205	25819	1300046	205	27766	1400032	205	29710	1500011	205	31651	1600033	205	33614	1700019	205	35558	1800055	205	37518	1900030	205	39475	2000009	205	41430	2100020	205	43396	2200030	205	45339	2300009	205	47300	2400043	205	49268	2500030	205	51225	2600027	205	53191	2700052	205	55156	2800034	205	57118	2900013	205	59083	3000053	205	61028	3100015	205	63004	3200042	205	64961	3300008	205	66921	3400018	205	68881	3500023	205	
2079	100035	3538	4153	200047	2149	6209	300034	929	8227	400016	300	10208	500026	205	12154	600049	205	14095	700056	205	16050	800016	205	18019	900022	205	19984	1000028	205	21942	1100037	205	23911	1200020	205	25873	1300054	205	27803	1400042	205	29710	1500015	205	31678	1600010	205	33652	1700030	205	35569	1800029	205	37526	1900048	205	39488	2000022	205	41447	2100024	205	43413	2200040	205	45380	2300054	205	47348	2400052	205	49295	2500032	205	51250	2600036	205	53200	2700042	205	55169	2800008	205	57140	2900020	205	59117	3000029	205	61076	3100023	205	63026	3200032	205	65000	3300046	205	66969	3400052	205	68934	3500027	205	
2079	100053	3544	4156	200039	2166	6213	300038	975	8207	400034	366	10160	500032	210	12131	600015	205	14093	700056	205	16048	800018	205	18010	900021	205	19959	1000023	205	21929	1100057	205	23893	1200009	205	25833	1300047	205	27807	1400025	205	29777	1500021	205	31741	1600018	205	33712	1700039	205	35672	1800020	205	37642	1900018	205	39606	2000019	205	41576	2100017	205	43541	2200035	205	45511	2300051	205	47471	2400029	205	49403	2500050	205	51366	2600019	205	53319	2700037	205	55280	2800027	205	57243	2900051	205	59178	3000018	205	61148	3100044	205	63122	3200022	205	65051	3300033	205	66983	3400054	205	68950	3500008	205	
2071	100010	3568	4140	200050	2203	6190	300049	1007	8196	400017	336	10174	500010	205	12133	600046	205	14079	700015	205	16037	800051	205	17997	900019	205	19941	1000012	205	21904	1100049	205	23865	1200010	205	25813	1300018	205	27779	1400013	205	29747	1500045	205	31716	1600028	205	33660	1700030	205	35628	1800008	205	37589	1900017	205	39548	2000038	205	41512	2100055	205	43478	2200051	205	45430	2300031	205	47379	2400035	205	49321	2500034	205	51284	2600057	205	53251	2700016	205	55197	2800025	205	57158	2900045	205	59118	3000024	205	61061	3100035	205	63023	3200053	205	64984	3300044	205	66936	3400027	205	68895	3500060	205	
508	100099	24041	1015	200252	22717	1522	300154	21512	2032	400228	20294	2543	500140	19116	3042	600085	18014	3548	700078	16940	4055	800077	15843	4558	900148	14889	5062	1000143	13962	5564	1100112	13101	6061	1200211	12309	6549	1300057	11556	7042	1400067	10788	7540	1500070	10048	8038	1600094	9360	8533	1700104	8724	9026	1800143	8109	9518	1900165	7538	10008	2000209	7000	10495	2100184	6504	10987	2200064	6007	11479	2300235	5540	11970	2400124	5124	12453	2500064	4764	12940	2600203	4428	13422	2700085	4109	13904	2800219	3802	14392	2900097	3511	14873	3000209	3237	15356	3100192	3031	15833	3200048	2807	16314	3300156	2609	16793	3400189	2425	17272	3500122	2251	
517	100233	23916	1018	200163	22708	1528	300108	21478	2030	400045	20254	2538	500160	19112	3043	600053	17985	3553	700054	16927	4064	800058	15912	4570	900081	14905	5074	1000068	13933	5578	1100048	13016	6083	1200173	12139	6578	1300219	11339	7070	1400233	10565	7564	1500148	9840	8058	1600063	9173	8544	1700194	8542	9041	1800060	7935	9534	1900098	7356	10030	2000071	6803	10515	2100077	6331	11008	2200217	5898	11492	2300142	5514	11976	2400115	5118	12462	2500252	4778	12949	2600095	4460	13436	2700230	4131	13915	2800233	3849	14402	2900236	3580	14881	3000222	3316	15363	3100085	3097	15842	3200100	2865	16316	3300081	2650	16789	3400230	2465	17265	3500169	2297	
510	100199	23969	1020	200162	22708	1526	300040	21407	2037	400151	20193	2544	500059	19033	3055	600215	17927	3561	700114	16819	4064	800169	15798	4565	900157	14831	5070	1000119	13869	5567	1100171	13031	6057	1200199	12231	6555	1300097	11431	7048	1400217	10655	7543	1500091	9914	8040	1600199	9209	8539	1700169	8538	9035	1800254	7870	9523	1900048	7301	10010	2000125	6805	10502	2100077	6309	10986	2200196	5853	11471	2300210	5429	11958	2400150	5031	12441	2500111	4673	12927	2600072	4328	13410	2700129	4028	13894	2800058	3742	14376	2900234	3497	14858	3000151	3245	15343	3100221	3014	15824	3200105	2780	16309	3300166	2559	16788	3400044	2396	17265	3500192	2221	
509	100129	23942	1019	200221	22699	1532	300181	21476	2039	400146	20200	2545	500175	18971	3052	600124	17870	3554	700104	16807	4051	800123	15794	4556	900219	14775	5058	1000128	13842	5561	1100222	12893	6062	1200146	12031	6561	1300079	11247	7057	1400054	10515	7552	1500158	9836	8044	1600207	9217	8540	1700059	8596	9036	1800173	8029	9527	1900205	7465	10018	2000202	6981	10508	2100097	6498	10991	2200158	6065	11483	2300122	5579	11973	2400217	5143	12461	2500141	4769	12949	2600217	4405	13437	2700162	4085	13920	2800041	3757	14400	2900153	3450	14879	3000264	3216	15357	3100180	2970	15837	3200142	2749	16317	3300056	2530	16793	3400102	2354	17271	3500221	2183	
508	100089	23946	1017	200171	22691	1526	300075	21421	2040	400100	20217	2546	500222	19096	3044	600089	18018	3547	700213	16964	4046	800087	15910	4552	900108	14902	5051	1000223	13974	5555	1100161	13068	6048	1200067	12235	6542	1300076	11461	7039	1400137	10731	7533	1500163	10013	8029	1600132	9347	8521	1700105	8706	9014	1800220	8151	9508	1900043	7615	9997	2000087	7104	10491	2100078	6600	10971	2200189	6182	11461	2300100	5783	11947	2400139	5378	12435	2500199	4977	12924	2600122	4645	13408	2700180	4303	13893	2800201	4001	14372	2900192	3734	14856	3000221	3494	15341	3100100	3226	15823	3200072	2975	16291	3300219	2756	16771	3400187	2547	17250	3500165	2345	
517	100132	23918	1036	200113	22646	1558	300221	21361	2079	400155	20066	2592	500041	18727	3110	600104	17443	3626	700047	16224	4148	800100	14923	4667	900202	13716	5184	1000177	12440	5698	1100044	11198	6216	1200130	9972	6729	1300186	8843	7243	1400162	7749	7756	1500126	6751	8268	1600063	5846	8773	1700095	5009	9280	1800148	4237	9778	1900064	3601	10278	2000185	3042	10771	2100047	2634	11267	2200091	2274	11756	2300086	2005	12246	2400138	1768	12733	2500142	1574	13213	2600087	1407	13694	2700104	1280	14174	2800091	1196	14648	2900203	1137	15122	3000082	1105	15592	3100089	1079	16061	3200081	1055	16531	3300054	1036	17003	3400184	1019	17473	3500137	1011	
511	100077	23972	1029	200069	22739	1550	300232	21511	2070	400186	20284	2589	500118	19057	3105	600050	17814	3622	700063	16584	4130	800142	15382	4649	900193	14127	5165	1000114	12906	5675	1100120	11654	6193	1200080	10488	6712	1300180	9275	7222	1400211	8159	7728	1500042	7164	8240	1600239	6209	8754	1700067	5293	9261	1800187	4500	9763	1900226	3822	10268	2000158	3230	10766	2100060	2775	11262	2200142	2384	11751	2300196	2073	12239	2400128	1853	12728	2500214	1655	13208	2600159	1486	13689	2700212	1376	14167	2800207	1281	14644	2900086	1204	15127	3000220	1155	15600	3100219	1111	16071	3200222	1075	16542	3300164	1054	17014	3400217	1034	17483	3500118	1024	
516	100158	23971	1035	200093	22720	1554	300178	21387	2076	400224	20100	2598	500210	18882	3116	600224	17673	3631	700068	16387	4152	800083	15104	4674	900212	13878	5191	1000103	12668	5712	1100098	11452	6235	1200199	10205	6752	1300058	9096	7265	1400184	7995	7775	1500074	6947	8286	1600196	5988	8793	1700145	5150	9299	1800149	4415	9803	1900217	3789	10301	2000083	3227	10799	2100195	2783	11293	2200170	2403	11783	2300085	2086	12275	2400170	1848	12761	2500165	1634	13247	2600160	1463	13728	2700195	1348	14209	2800222	1241	14684	2900219	1178	15157	3000170	1118	15632	3100182	1077	16106	3200059	1053	16581	3300079	1038	17050	3400148	1025	17519	3500058	1015	
511	100071	23917	1024	200059	22674	1544	300104	21414	2066	400161	20140	2590	500192	18822	3104	600073	17542	3627	700213	16222	4147	800217	14962	4670	900176	13649	5188	1000173	12372	5711	1100211	11118	6226	1200108	9958	6734	1300070	8888	7248	1400136	7811	7761	1500148	6839	8276	1600109	5914	8786	1700233	5056	9286	1800098	4312	9784	1900069	3636	10286	2000104	3100	10784	2100256	2634	11273	2200160	2316	11763	2300124	2048	12254	2400170	1820	12741	2500208	1647	13221	2600227	1489	13698	2700094	1384	14174	2800069	1300	14648	2900205	1227	15122	3000181	1184	15590	3100109	1141	16064	3200131	1101	16541	3300158	1070	17015	3400078	1042	17490	3500060	1027	
518	100219	23897	1039	200051	22682	1557	300147	21356	2077	400088	20082	2601	500070	18780	3121	600065	17556	3636	700153	16288	4155	800126	15009	4676	900216	13717	5192	1000067	12526	5702	1100050	11349	6220	1200162	10112	6729	1300202	8951	7237	1400053	7825	7749	1500122	6798	8259	1600078	5884	8769	1700181	5051	9266	1800157	4302	9768	1900200	3716	10271	2000124	3164	10767	2100177	2730	11261	2200073	2362	11753	2300225	2054	12235	2400109	1842	12722	2500128	1655	13205	2600064	1525	13685	2700062	1404	14163	2800163	1315	14634	2900200	1257	15101	3000093	1216	15571	3100103	1172	16037	3200066	1139	16510	3300193	1114	16979	3400151	1091	17454	3500204	1069	
5481	100005	47	10951	200010	47	16414	300012	47	21875	400004	47	27374	500004	47	32865	600021	47	38341	700005	47	43861	800013	47	49329	900018	47	54852	1000018	47	60357	1100014	47	65878	1200013	47	71386	1300006	47	76884	1400023	47	82395	1500009	47	87900	1600002	47	93413	1700015	47	98926	1800020	47	104438	1900012	47	109949	2000008	47	115443	2100006	47	120971	2200007	47	126497	2300019	47	132021	2400013	47	137467	2500006	47	142959	2600015	47	148491	2700019	47	154005	2800002	47	159511	2900005	47	165027	3000021	47	170549	3100007	47	176054	3200008	47	181579	3300006	47	187091	3400005	47	192612	3500002	47	
5507	100019	47	11013	200013	47	16522	300010	47	22009	400015	47	27501	500008	47	33003	600011	47	38525	700009	47	44026	800013	47	49525	900016	47	55015	1000008	47	60495	1100012	47	65997	1200005	47	71481	1300006	47	76941	1400015	47	82436	1500012	47	87918	1600006	47	93412	1700011	47	98893	1800016	47	104372	1900017	47	109874	2000014	47	115394	2100012	47	120927	2200006	47	126460	2300012	47	131983	2400002	47	137490	2500011	47	142957	2600007	47	148478	2700018	47	153969	2800006	47	159474	2900007	47	164976	3000013	47	170441	3100002	47	175948	3200008	47	181428	3300005	47	186937	3400009	47	192461	3500009	47	
5518	100013	47	11013	200012	47	16519	300007	47	22029	400010	47	27545	500009	47	33073	600017	47	38570	700004	47	44075	800019	47	49564	900005	47	55067	1000016	47	60547	1100006	47	66060	1200015	47	71535	1300007	47	77030	1400008	47	82536	1500005	47	88056	1600010	47	93565	1700012	47	99075	1800001	47	104605	1900016	47	110111	2000015	47	115566	2100009	47	121071	2200005	47	126595	2300014	47	132102	2400015	47	137612	2500004	47	143126	2600021	47	148636	2700005	47	154140	2800007	47	159645	2900015	47	165162	3000018	47	170659	3100011	47	176161	3200016	47	181683	3300005	47	187187	3400018	47	192701	3500006	47	
5508	100014	47	10978	200002	47	16453	300002	47	21966	400020	47	27478	500014	47	32972	600005	47	38391	700007	47	43894	800022	47	49392	900013	47	54902	1000014	47	60418	1100013	47	65917	1200002	47	71438	1300008	47	76951	1400010	47	82483	1500016	47	87967	1600006	47	93496	1700006	47	99013	1800001	47	104521	1900014	47	110043	2000002	47	115540	2100003	47	121028	2200003	47	126548	2300009	47	132041	2400015	47	137538	2500002	47	143038	2600018	47	148530	2700010	47	154050	2800016	47	159579	2900002	47	165093	3000006	47	170602	3100007	47	176104	3200013	47	181614	3300017	47	187106	3400015	47	192631	3500003	47	
5496	100020	47	11008	200005	47	16512	300006	47	22018	400007	47	27527	500011	47	33047	600012	47	38529	700016	47	44025	800010	47	49524	900012	47	54999	1000005	47	60532	1100013	47	66049	1200014	47	71553	1300003	47	77017	1400011	47	82523	1500002	47	88050	1600010	47	93563	1700008	47	99070	1800012	47	104582	1900016	47	110098	2000015	47	115604	2100010	47	121081	2200014	47	126601	2300012	47	132086	2400004	47	137618	2500014	47	143119	2600008	47	148594	2700004	47	154091	2800003	47	159624	2900022	47	165136	3000003	47	170632	3100020	47	176154	3200013	47	181654	3300001	47	187134	3400012	47	192640	3500002	47	
5763	100010	53	11564	200002	53	17361	300016	53	23156	400006	53	28979	500009	53	34776	600005	53	40582	700006	53	46396	800008	53	52224	900008	53	58051	1000007	53	63868	1100001	53	69693	1200008	53	75501	1300013	53	81321	1400009	53	87133	1500015	53	92935	1600015	53	98749	1700002	53	104541	1800012	53	110343	1900002	53	116148	2000010	53	121952	2100001	53	127772	2200014	53	133598	2300004	53	139390	2400014	53	145140	2500008	53	150956	2600005	53	156786	2700010	53	162607	2800010	53	168416	2900018	53	174255	3000013	53	180080	3100014	53	185869	3200002	53	191686	3300019	53	197497	3400003	53	203342	3500014	53	
5814	100007	53	11629	200018	53	17444	300015	53	23275	400001	53	29062	500014	53	34825	600005	53	40606	700005	53	46429	800011	53	52241	900008	53	58067	1000010	53	63883	1100010	53	69714	1200001	53	75515	1300015	53	81300	1400008	53	87119	1500011	53	92934	1600007	53	98749	1700024	53	104595	1800012	53	110412	1900002	53	116201	2000010	53	121976	2100007	53	127775	2200008	53	133599	2300012	53	139416	2400010	53	145225	2500010	53	151009	2600010	53	156815	2700003	53	162650	2800015	53	168475	2900004	53	174264	3000013	53	180032	3100001	53	185845	3200012	53	191677	3300008	53	197484	3400002	53	203297	3500010	53	
5825	100024	53	11627	200005	53	17425	300012	53	23222	400002	53	28993	500009	53	34763	600017	53	40551	700009	53	46371	800013	53	52184	900007	53	57959	1000017	53	63776	1100010	53	69573	1200002	53	75407	1300015	53	81215	1400005	53	87050	1500012	53	92882	1600016	53	98705	1700012	53	104528	1800003	53	110362	1900016	53	116189	2000013	53	121968	2100009	53	127780	2200016	53	133598	2300004	53	139402	2400001	53	145234	2500006	53	151051	2600011	53	156881	2700010	53	162694	2800004	53	168531	2900017	53	174356	3000011	53	180155	3100016	53	185964	3200006	53	191807	3300009	53	197643	3400004	53	203471	3500012	53	
5831	100014	53	11655	200017	53	17462	300016	53	23264	400019	53	29082	500009	53	34906	600005	53	40709	700013	53	46532	800004	53	52350	900017	53	58181	1000006	53	63995	1100009	53	69824	1200006	53	75647	1300004	53	81470	1400013	53	87290	1500012	53	93123	1600013	53	98932	1700009	53	104737	1800002	53	110542	1900018	53	116343	2000003	53	122160	2100014	53	127989	2200006	53	133776	2300012	53	139574	2400009	53	145399	2500013	53	151195	2600006	53	157019	2700010	53	162847	2800011	53	168677	2900002	53	174467	3000002	53	180264	3100009	53	186069	3200012	53	191903	3300007	53	197740	3400008	53	203560	3500004	53	
5793	100012	53	11587	200006	53	17424	300017	53	23239	400007	53	29060	500010	53	34836	600005	53	40654	700017	53	46489	800009	53	52318	900014	53	58099	1000005	53	63884	1100012	53	69711	1200012	53	75522	1300008	53	81307	1400008	53	87120	1500018	53	92942	1600006	53	98749	1700009	53	104568	1800012	53	110394	1900011	53	116203	2000012	53	122016	2100012	53	127803	2200008	53	133628	2300014	53	139448	2400009	53	145243	2500018	53	151021	2600006	53	156831	2700010	53	162637	2800011	53	168410	2900010	53	174207	3000001	53	180014	3100017	53	185825	3200007	53	191656	3300008	53	197469	3400003	53	203283	3500008	53	
2108	100036	191	4206	200039	191	6314	300013	191	8422	400048	191	10515	500034	191	12591	600032	191	14692	700032	191	16780	800019	191	18873	900044	191	20979	1000048	191	23065	1100009	191	25156	1200030	191	27246	1300007	191	29352	1400016	191	31456	1500016	191	33557	1600011	191	35658	1700024	191	37760	1800047	191	39850	1900031	191	41943	2000042	191	44024	2100025	191	46118	2200047	191	48206	2300022	191	50308	2400007	191	52372	2500011	191	54463	2600051	191	56540	2700037	191	58612	2800016	191	60703	2900051	191	62784	3000049	191	64855	3100015	191	66954	3200025	191	69023	3300016	191	71071	3400014	191	73141	3500038	191	
2099	100041	191	4204	200017	191	6274	300039	191	8368	400045	191	10462	500010	191	12563	600023	191	14655	700020	191	16756	800007	191	18851	900032	191	20942	1000056	191	23032	1100031	191	25123	1200015	191	27207	1300034	191	29295	1400027	191	31388	1500049	191	33471	1600046	191	35571	1700020	191	37674	1800039	191	39770	1900041	191	41871	2000030	191	43979	2100054	191	46085	2200009	191	48183	2300033	191	50275	2400012	191	52373	2500033	191	54461	2600032	191	56519	2700020	191	58626	2800045	191	60730	2900045	191	62820	3000059	191	64916	3100009	191	67015	3200016	191	69120	3300010	191	71205	3400054	191	73270	3500053	191	
2086	100013	191	4179	200042	191	6272	300027	191	8365	400039	191	10463	500008	191	12554	600022	191	14618	700044	191	16689	800035	191	18763	900049	191	20861	1000021	191	22951	1100019	191	25037	1200010	191	27139	1300026	191	29222	1400046	191	31331	1500047	191	33430	1600047	191	35528	1700037	191	37615	1800015	191	39715	1900009	191	41818	2000022	191	43897	2100026	191	45994	2200011	191	48102	2300047	191	50189	2400031	191	52266	2500051	191	54344	2600019	191	56441	2700017	191	58509	2800032	191	60587	2900017	191	62658	3000028	191	64746	3100043	191	66840	3200031	191	68924	3300043	191	71019	3400052	191	73112	3500046	191	
2086	100045	191	4153	200013	191	6242	300012	191	8327	400043	191	10423	500052	191	12507	600033	191	14599	700035	191	16688	800044	191	18783	900014	191	20856	1000018	191	22955	1100044	191	25045	1200017	191	27118	1300023	191	29205	1400010	191	31277	1500040	191	33367	1600035	191	35465	1700032	191	37546	1800054	191	39649	1900047	191	41733	2000041	191	43787	2100027	191	45872	2200041	191	47975	2300007	191	50070	2400047	191	52166	2500014	191	54252	2600026	191	56319	2700020	191	58383	2800013	191	60489	2900009	191	62596	3000038	191	64695	3100024	191	66801	3200042	191	68894	3300022	191	70988	3400016	191	73074	3500044	191	
2096	100019	191	4192	200025	191	6282	300015	191	8385	400041	191	10482	500013	191	12587	600051	191	14690	700052	191	16774	800054	191	18870	900035	191	20965	1000029	191	23057	1100024	191	25148	1200019	191	27253	1300049	191	29353	1400042	191	31444	1500014	191	33529	1600020	191	35609	1700026	191	37708	1800019	191	39808	1900036	191	41910	2000040	191	43998	2100032	191	46077	2200027	191	48167	2300027	191	50271	2400048	191	52362	2500038	191	54460	2600025	191	56550	2700034	191	58646	2800053	191	60745	2900033	191	62839	3000036	191	64927	3100037	191	67027	3200037	191	69114	3300018	191	71211	3400051	191	73299	3500021	191	
2170	100045	194	4327	200045	194	6479	300008	194	8643	400012	194	10808	500037	194	12969	600033	194	15130	700027	194	17291	800009	194	19454	900012	194	21617	1000035	194	23821	1100017	194	26075	1200011	194	28309	1300008	194	30557	1400013	194	32794	1500038	194	35041	1600017	194	37281	1700020	194	39523	1800010	194	41773	1900017	194	44021	2000049	194	46262	2100043	194	48512	2200045	194	50753	2300027	194	52998	2400021	194	55250	2500011	194	57501	2600023	194	59755	2700016	194	61998	2800034	194	64239	2900046	194	66487	3000046	194	68731	3100016	194	70981	3200032	194	73208	3300042	194	75459	3400037	194	77718	3500028	194	
2211	100021	194	4449	200027	194	6702	300027	194	8914	400012	194	11173	500021	194	13410	600026	194	15647	700049	194	17890	800044	194	20119	900028	194	22344	1000011	194	24593	1100026	194	26848	1200047	194	29099	1300014	194	31333	1400049	194	33574	1500028	194	35796	1600009	194	38017	1700024	194	40240	1800025	194	42478	1900031	194	44699	2000023	194	46952	2100020	194	49199	2200018	194	51416	2300030	194	53652	2400008	194	55896	2500015	194	58130	2600019	194	60381	2700024	194	62624	2800024	194	64881	2900040	194	67112	3000016	194	69330	3100019	194	71578	3200054	194	73825	3300035	194	76026	3400038	194	78271	3500034	194	
2237	100039	194	4480	200047	194	6731	300012	194	8971	400040	194	11193	500014	194	13428	600047	194	15674	700041	194	17924	800013	194	20162	900039	194	22375	1000043	194	24586	1100009	194	26835	1200040	194	29063	1300018	194	31310	1400025	194	33539	1500035	194	35763	1600020	194	38011	1700016	194	40263	1800030	194	42524	1900016	194	44782	2000031	194	47026	2100009	194	49278	2200026	194	51531	2300016	194	53790	2400032	194	55977	2500018	194	58217	2600012	194	60466	2700013	194	62711	2800025	194	64975	2900039	194	67226	3000011	194	69467	3100049	194	71706	3200018	194	73946	3300022	194	76174	3400013	194	78428	3500009	194	
2246	100042	194	4484	200008	194	6716	300041	194	8966	400021	194	11220	500007	194	13465	600018	194	15710	700019	194	17941	800046	194	20189	900047	194	22391	1000008	194	24647	1100045	194	26883	1200042	194	29127	1300037	194	31370	1400035	194	33612	1500019	194	35831	1600012	194	38072	1700042	194	40296	1800039	194	42489	1900007	194	44748	2000036	194	46977	2100015	194	49212	2200042	194	51460	2300051	194	53702	2400028	194	55941	2500011	194	58190	2600012	194	60416	2700013	194	62641	2800032	194	64891	2900009	194	67146	3000014	194	69391	3100014	194	71625	3200013	194	73872	3300023	194	76116	3400046	194	78371	3500030	194	
2241	100040	194	4493	200038	194	6733	300016	194	8947	400024	194	11122	500007	194	13369	600027	194	15614	700020	194	17825	800026	194	20083	900042	194	22322	1000046	194	24546	1100015	194	26785	1200039	194	29026	1300043	194	31254	1400026	194	33504	1500016	194	35755	1600018	194	37993	1700037	194	40222	1800008	194	42467	1900040	194	44716	2000029	194	46959	2100046	194	49158	2200008	194	51388	2300007	194	53646	2400021	194	55897	2500039	194	58139	2600050	194	60380	2700032	194	62625	2800042	194	64864	2900049	194	67095	3000039	194	69335	3100007	194	71572	3200008	194	73818	3300043	194	76070	3400050	194	78323	3500040	194	
578	100207	1267	1138	200132	1045	1694	300070	980	2243	400193	966	2787	500071	965	3339	600089	965	3891	700137	965	4441	800095	965	4985	900179	965	5536	1000177	965	6080	1100049	965	6634	1200108	965	7187	1300035	965	7740	1400218	965	8293	1500234	965	8843	1600106	965	9385	1700078	965	9926	1800042	965	10477	1900127	965	11019	2000095	965	11568	2100170	965	12116	2200123	965	12670	2300198	965	13221	2400078	965	13772	2500186	965	14322	2600143	965	14871	2700100	965	15417	2800181	965	15962	2900057	965	16512	3000105	965	17064	3100201	965	17609	3200099	965	18160	3300160	965	18706	3400212	965	19255	3500125	965	
582	100037	1285	1142	200182	1042	1693	300073	981	2240	400093	969	2780	500060	965	3328	600034	965	3881	700147	965	4429	800203	965	4977	900103	965	5522	1000203	965	6071	1100037	965	6626	1200080	965	7164	1300194	965	7715	1400096	965	8266	1500184	965	8818	1600176	965	9372	1700074	965	9923	1800072	965	10470	1900204	965	11017	2000208	965	11570	2100059	965	12119	2200124	965	12671	2300050	965	13225	2400060	965	13778	2500101	965	14325	2600118	965	14873	2700044	965	15425	2800069	965	15976	2900219	965	16521	3000135	965	17070	3100135	965	17622	3200202	965	18172	3300123	965	18721	3400042	965	19271	3500131	965	
580	100170	1278	1144	200142	1080	1702	300084	1006	2256	400075	973	2801	500093	966	3348	600125	965	3898	700089	965	4450	800180	965	5002	900094	965	5554	1000138	965	6106	1100206	965	6656	1200148	965	7202	1300173	965	7740	1400050	965	8291	1500075	965	8838	1600089	965	9393	1700072	965	9945	1800151	965	10490	1900051	965	11043	2000136	965	11588	2100174	965	12136	2200124	965	12689	2300235	965	13236	2400075	965	13788	2500142	965	14338	2600157	965	14894	2700191	965	15442	2800183	965	15992	2900168	965	16543	3000043	965	17087	3100215	965	17638	3200055	965	18190	3300193	965	18741	3400129	965	19292	3500061	965	
576	100150	1279	1138	200141	1060	1694	300142	987	2246	400183	971	2801	500174	965	3350	600132	965	3898	700159	965	4449	800040	965	4999	900202	965	5551	1000124	965	6102	1100132	965	6656	1200060	965	7206	1300081	965	7755	1400200	965	8303	1500089	965	8851	1600141	965	9400	1700193	965	9952	1800203	965	10501	1900118	965	11052	2000060	965	11599	2100071	965	12145	2200089	965	12692	2300200	965	13239	2400107	965	13791	2500066	965	14345	2600050	965	14900	2700207	965	15450	2800121	965	16005	2900153	965	16559	3000190	965	17109	3100070	965	17649	3200120	965	18202	3300035	965	18754	3400151	965	19300	3500071	965	
580	100149	1267	1142	200098	1047	1695	300124	991	2248	400035	975	2802	500172	971	3350	600037	967	3907	700142	965	4443	800107	965	4991	900123	965	5529	1000162	965	6076	1100157	965	6623	1200037	965	7170	1300045	965	7715	1400041	965	8262	1500135	965	8817	1600103	965	9371	1700186	965	9917	1800201	965	10472	1900092	965	11028	2000203	965	11580	2100045	965	12134	2200069	965	12677	2300217	965	13225	2400067	965	13775	2500118	965	14328	2600209	965	14879	2700144	965	15435	2800137	965	15988	2900076	965	16541	3000205	965	17089	3100142	965	17645	3200046	965	18201	3300186	965	18750	3400049	965	19294	3500133	965	
622	100186	1156	1220	200033	969	1817	300104	942	2417	400090	933	3012	500100	932	3601	600131	932	4201	700140	932	4801	800037	932	5398	900123	932	5991	1000090	932	6588	1100124	932	7183	1200031	932	7774	1300142	932	8372	1400134	932	8963	1500164	932	9556	1600072	932	10152	1700133	932	10749	1800116	932	11342	1900064	932	11936	2000065	932	12530	2100175	932	13119	2200193	932	13713	2300074	932	14307	2400164	932	14901	2500077	932	15495	2600148	932	16095	2700131	932	16689	2800089	932	17284	2900127	932	17873	3000162	932	18470	3100070	932	19068	3200196	932	19666	3300123	932	20264	3400174	932	20860	3500076	932	
627	100159	1198	1238	200117	976	1839	300169	939	2436	400047	934	3034	500171	932	3626	600120	932	4224	700122	932	4823	800132	932	5422	900122	932	6012	1000209	932	6605	1100166	932	7205	1200089	932	7804	1300077	932	8399	1400038	932	9001	1500042	932	9595	1600035	932	10195	1700100	932	10781	1800100	932	11362	1900031	932	11959	2000155	932	12539	2100078	932	13133	2200065	932	13715	2300207	932	14313	2400174	932	14902	2500130	932	15496	2600178	932	16091	2700068	932	16672	2800071	932	17269	2900166	932	17862	3000064	932	18462	3100041	932	19065	3200135	932	19662	3300153	932	20257	3400084	932	20840	3500127	932	
616	100032	1221	1228	200095	987	1831	300089	936	2429	400168	932	3018	500094	932	3612	600038	932	4211	700141	932	4812	800070	932	5409	900153	932	5999	1000146	932	6596	1100156	932	7196	1200189	932	7790	1300069	932	8385	1400110	932	8967	1500160	932	9558	1600178	932	10158	1700190	932	10757	1800181	932	11350	1900121	932	11944	2000073	932	12529	2100041	932	13128	2200052	932	13726	2300060	932	14322	2400117	932	14918	2500127	932	15497	2600178	932	16077	2700086	932	16665	2800047	932	17260	2900162	932	17853	3000030	932	18450	3100092	932	19037	3200146	932	19637	3300154	932	20235	3400065	932	20829	3500107	932	
625	100170	1162	1227	200048	978	1815	300090	940	2415	400151	932	3017	500187	932	3614	600115	932	4213	700136	932	4805	800096	932	5399	900056	932	5994	1000041	932	6588	1100070	932	7186	1200190	932	7781	1300035	932	8374	1400184	932	8971	1500120	932	9566	1600185	932	10162	1700067	932	10759	1800075	932	11359	1900077	932	11960	2000159	932	12557	2100131	932	13155	2200114	932	13752	2300055	932	14350	2400177	932	14948	2500075	932	15540	2600121	932	16136	2700170	932	16729	2800102	932	17325	2900047	932	17921	3000037	932	18522	3100197	932	19116	3200198	932	19716	3300183	932	20313	3400124	932	20908	3500173	932	
620	100102	1192	1218	200070	988	1808	300164	940	2408	400050	935	3005	500119	932	3603	600175	932	4197	700070	932	4788	800042	932	5383	900173	932	5978	1000087	932	6571	1100160	932	7166	1200154	932	7761	1300086	932	8348	1400038	932	8943	1500200	932	9534	1600049	932	10127	1700049	932	10723	1800096	932	11309	1900058	932	11904	2000113	932	12493	2100206	932	13090	2200192	932	13686	2300035	932	14280	2400053	932	14878	2500171	932	15474	2600140	932	16067	2700040	932	16661	2800115	932	17263	2900189	932	17858	3000078	932	18448	3100111	932	19034	3200129	932	19627	3300126	932	20217	3400045	932	20794	3500098	932	
5086	100010	208	10134	200014	50	15229	300013	50	20278	400014	50	25357	500014	50	30404	600003	50	35458	700019	50	40519	800018	50	45596	900003	50	50631	1000005	50	55677	1100017	50	60752	1200005	50	65828	1300015	50	70925	1400013	50	76025	1500014	50	81081	1600017	50	86152	1700016	50	91216	1800002	50	96300	1900024	50	101380	2000010	50	106457	2100009	50	111550	2200005	50	116633	2300005	50	121735	2400018	50	126777	2500015	50	131865	2600002	50	136954	2700016	50	142034	2800005	50	147105	2900007	50	152181	3000006	50	157242	3100013	50	162301	3200007	50	167377	3300014	50	172459	3400018	50	177540	3500005	50	
5125	100002	225	10192	200020	50	15253	300007	50	20337	400021	50	25401	500004	50	30493	600005	50	35555	700006	50	40635	800020	50	45694	900003	50	50745	1000015	50	55815	1100011	50	60876	1200003	50	65951	1300014	50	71039	1400007	50	76102	1500017	50	81162	1600004	50	86229	1700004	50	91291	1800013	50	96362	1900019	50	101417	2000002	50	106461	2100006	50	111545	2200002	50	116613	2300009	50	121645	2400016	50	126711	2500012	50	131783	2600009	50	136858	2700007	50	141929	2800002	50	147009	2900019	50	152094	3000004	50	157159	3100007	50	162229	3200017	50	167316	3300016	50	172413	3400013	50	177472	3500010	50	
5130	100014	201	10189	200015	50	15261	300018	50	20340	400008	50	25427	500017	50	30524	600010	50	35609	700019	50	40678	800007	50	45743	900019	50	50795	1000019	50	55826	1100010	50	60908	1200009	50	65971	1300004	50	71035	1400002	50	76123	1500008	50	81177	1600017	50	86240	1700012	50	91313	1800005	50	96391	1900016	50	101468	2000011	50	106457	2100018	50	111510	2200009	50	116584	2300011	50	121608	2400024	50	126668	2500013	50	131741	2600002	50	136808	2700017	50	141917	2800007	50	146992	2900002	50	152087	3000009	50	157157	3100012	50	162225	3200006	50	167318	3300016	50	172393	3400016	50	177447	3500011	50	
5101	100014	126	10158	200010	50	15251	300014	50	20316	400006	50	25367	500012	50	30436	600003	50	35359	700014	50	40408	800011	50	45484	900005	50	50557	1000010	50	55636	1100023	50	60737	1200021	50	65838	1300010	50	70929	1400017	50	76006	1500014	50	81083	1600014	50	86159	1700018	50	91234	1800011	50	96294	1900014	50	101344	2000010	50	106430	2100017	50	111527	2200017	50	116603	2300014	50	121682	2400001	50	126747	2500017	50	131808	2600014	50	136884	2700006	50	141977	2800016	50	147060	2900014	50	152107	3000012	50	157192	3100020	50	162259	3200020	50	167342	3300013	50	172412	3400009	50	177493	3500002	50	
5096	100015	180	10161	200015	50	15213	300007	50	20273	400004	50	25353	500003	50	30437	600005	50	35512	700005	50	40588	800012	50	45657	900021	50	50725	1000019	50	55785	1100015	50	60843	1200016	50	65905	1300026	50	70972	1400004	50	76036	1500012	50	81095	1600004	50	86164	1700010	50	91247	1800002	50	96334	1900010	50	101420	2000011	50	106493	2100008	50	111535	2200005	50	116625	2300025	50	121696	2400018	50	126758	2500011	50	131815	2600008	50	136893	2700014	50	141975	2800017	50	147031	2900004	50	152085	3000012	50	157150	3100002	50	162229	3200004	50	167330	3300016	50	172398	3400006	50	177493	3500015	50	
2061	100026	8581	4101	200029	7114	6148	300010	5705	8205	400026	4187	10247	500040	2787	12287	600037	1623	14284	700058	772	16239	800059	354	18176	900042	210	20108	1000052	204	22048	1100018	204	23962	1200039	204	25906	1300048	204	27836	1400051	204	29770	1500019	204	31702	1600039	204	33631	1700035	204	35547	1800009	204	37480	1900039	204	39412	2000010	204	41350	2100045	204	43284	2200028	204	45170	2300020	204	47089	2400022	204	49023	2500040	204	50959	2600026	204	52898	2700033	204	54793	2800010	204	56719	2900053	204	58625	3000011	204	60563	3100033	204	62496	3200029	204	64434	3300033	204	66348	3400040	204	68278	3500030	204	
2013	100019	8632	4062	200034	7223	6126	300017	5798	8145	400055	4380	10175	500052	2973	12203	600054	1719	14185	700050	858	16154	800053	392	18097	900058	223	20033	1000047	204	21966	1100033	204	23904	1200044	204	25806	1300017	204	27721	1400011	204	29664	1500016	204	31590	1600044	204	33502	1700047	204	35440	1800015	204	37358	1900026	204	39301	2000057	204	41241	2100056	204	43177	2200014	204	45115	2300028	204	47061	2400041	204	48980	2500049	204	50914	2600046	204	52850	2700042	204	54785	2800040	204	56711	2900030	204	58649	3000039	204	60568	3100056	204	62493	3200052	204	64436	3300034	204	66381	3400050	204	68288	3500040	204	
2047	100017	8562	4095	200052	7173	6127	300041	5732	8192	400055	4195	10257	500040	2795	12294	600009	1616	14297	700014	773	16272	800047	327	18217	900045	209	20163	1000024	204	22106	1100025	204	24027	1200028	204	25938	1300041	204	27884	1400044	204	29826	1500010	204	31767	1600050	204	33706	1700025	204	35639	1800020	204	37580	1900032	204	39518	2000039	204	41451	2100020	204	43389	2200059	204	45327	2300037	204	47261	2400014	204	49205	2500019	204	51151	2600017	204	53081	2700031	204	55021	2800058	204	56954	2900028	204	58891	3000042	204	60833	3100044	204	62780	3200054	204	64689	3300055	204	66593	3400033	204	68536	3500036	204	
2044	100018	8518	4082	200018	7100	6141	300026	5646	8194	400024	4193	10254	500028	2719	12263	600044	1497	14250	700021	704	16213	800047	291	18145	900012	204	20084	1000010	204	22024	1100047	204	23960	1200054	204	25899	1300048	204	27843	1400054	204	29756	1500043	204	31659	1600037	204	33597	1700045	204	35518	1800042	204	37453	1900010	204	39379	2000058	204	41300	2100027	204	43230	2200011	204	45158	2300037	204	47089	2400026	204	49031	2500040	204	50961	2600046	204	52885	2700049	204	54820	2800058	204	56715	2900045	204	58644	3000014	204	60577	3100051	204	62500	3200020	204	64425	3300042	204	66342	3400053	204	68276	3500051	204	
2054	100012	8516	4108	200044	7077	6137	300018	5657	8189	400017	4170	10243	500055	2783	12271	600025	1605	14263	700054	846	16242	800008	378	18203	900052	231	20138	1000060	204	22050	1100037	204	23987	1200024	204	25916	1300013	204	27844	1400046	204	29777	1500052	204	31692	1600041	204	33627	1700059	204	35544	1800029	204	37487	1900038	204	39433	2000049	204	41342	2100013	204	43282	2200007	204	45210	2300017	204	47125	2400054	204	49062	2500041	204	50964	2600060	204	52899	2700037	204	54834	2800019	204	56773	2900021	204	58698	3000018	204	60623	3100029	204	62565	3200054	204	64497	3300044	204	66436	3400040	204	68370	3500028	204	
509	100180	49140	1031	200115	47777	1553	300175	46480	2072	400074	45128	2588	500062	43778	3107	600087	42462	3624	700046	41197	4144	800212	39889	4662	900071	38622	5182	1000196	37279	5701	1100076	35960	6219	1200135	34619	6740	1300105	33295	7263	1400169	31952	7787	1500208	30646	8303	1600173	29364	8823	1700227	28036	9344	1800043	26681	9865	1900126	25327	10391	2000090	23938	10908	2100214	22659	11416	2200100	21347	11918	2300212	20085	12432	2400163	18861	12943	2500242	17569	13460	2600130	16330	13982	2700106	15042	14500	2800099	13756	15017	2900107	12585	15529	3000197	11434	16039	3100078	10376	16548	3200150	9368	17061	3300214	8441	17570	3400207	7539	18068	3500106	6787	
520	100171	49091	1042	200199	47756	1563	300118	46396	2083	400091	45035	2600	500128	43702	3118	600147	42344	3630	700087	41028	4142	800106	39772	4653	900079	38484	5173	1000162	37174	5693	1100137	35856	6211	1200210	34568	6725	1300125	33210	7243	1400188	31859	7763	1500047	30530	8280	1600090	29151	8803	1700221	27798	9319	1800212	26490	9839	1900139	25147	10361	2000110	23828	10880	2100228	22502	11390	2200185	21196	11909	2300224	19871	12427	2400202	18578	12947	2500184	17298	13467	2600049	16015	13987	2700171	14706	14498	2800183	13467	15017	2900217	12192	15529	3000236	11010	16039	3100069	9890	16551	3200231	8843	17056	3300106	7853	17563	3400051	6999	18069	3500161	6205	
522	100220	49122	1035	200080	47869	1552	300093	46528	2072	400122	45195	2576	500178	43962	3096	600084	42706	3617	700102	41402	4136	800124	40103	4646	900090	38811	5157	1000201	37491	5671	1100045	36199	6187	1200185	34821	6693	1300157	33561	7211	1400122	32279	7726	1500047	31001	8247	1600215	29672	8765	1700227	28353	9282	1800095	27014	9800	1900067	25711	10318	2000062	24365	10835	2100054	23069	11357	2200222	21691	11860	2300098	20430	12372	2400194	19097	12893	2500213	17801	13410	2600068	16530	13929	2700186	15276	14447	2800111	14027	14959	2900167	12836	15470	3000069	11641	15983	3100229	10508	16499	3200220	9442	17009	3300195	8459	17511	3400131	7592	18019	3500182	6760	
520	100190	49029	1032	200098	47767	1548	300102	46449	2062	400216	45076	2578	500147	43731	3096	600187	42437	3612	700143	41109	4134	800052	39786	4652	900223	38407	5169	1000044	37044	5688	1100123	35666	6204	1200077	34330	6721	1300053	33088	7234	1400075	31862	7750	1500225	30602	8267	1600145	29317	8787	1700203	27989	9302	1800061	26692	9819	1900100	25352	10341	2000081	24073	10862	2100206	22809	11375	2200234	21526	11895	2300156	20213	12414	2400221	18884	12933	2500046	17569	13449	2600160	16336	13968	2700105	15099	14486	2800115	13839	15001	2900116	12632	15517	3000143	11471	16033	3100188	10291	16540	3200165	9267	17047	3300086	8328	17548	3400144	7436	18054	3500062	6621	
514	100041	49072	1035	200094	47774	1554	300132	46457	2075	400097	45177	2597	500099	43810	3118	600203	42502	3638	700192	41213	4157	800056	39863	4674	900235	38543	5195	1000129	37222	5712	1100171	35997	6227	1200203	34714	6743	1300041	33390	7266	1400190	32097	7780	1500078	30843	8298	1600059	29494	8817	1700067	28228	9337	1800052	26958	9855	1900089	25645	10363	2000090	24328	10874	2100196	23013	11396	2200195	21697	11916	2300191	20416	12430	2400043	19179	12947	2500057	17894	13460	2600105	16649	13975	2700073	15360	14489	2800056	14140	15004	2900191	12996	15511	3000193	11848	16018	3100160	10745	16527	3200213	9753	17033	3300127	8772	17532	3400227	7862	18041	3500197	6944	
