wersja nr 1;wspolczynnik mutacji 0.400000;wielkosc populacji 30
678	100122	619	1353	200121	212	2029	300153	44	2713	400081	44	3398	500039	44	4082	600084	44	4762	700020	44	5444	800081	44	6126	900110	44	6811	1000090	44	7492	1100076	44	8168	1200056	44	8844	1300014	44	9526	1400038	44	10211	1500072	44	10894	1600027	44	11578	1700037	44	12263	1800154	44	12947	1900039	44	13630	2000046	44	14308	2100020	44	14990	2200086	44	15671	2300048	44	16355	2400046	44	17040	2500133	44	17718	2600074	44	18400	2700121	44	19077	2800044	44	19760	2900155	44	20443	3000041	44	21126	3100139	44	21809	3200080	44	22494	3300035	44	23179	3400141	44	23861	3500055	44	
681	100088	599	1356	200025	202	2036	300025	44	2719	400056	44	3402	500035	44	4086	600063	44	4769	700027	44	5453	800120	44	6137	900137	44	6820	1000034	44	7503	1100069	44	8184	1200020	44	8866	1300117	44	9546	1400015	44	10230	1500107	44	10913	1600040	44	11598	1700081	44	12283	1800101	44	12965	1900023	44	13649	2000119	44	14334	2100154	44	15017	2200060	44	15701	2300077	44	16385	2400040	44	17069	2500052	44	17753	2600138	44	18435	2700035	44	19118	2800115	44	19803	2900125	44	20487	3000017	44	21171	3100067	44	21851	3200112	44	22534	3300081	44	23218	3400132	44	23894	3500137	44	
681	100135	620	1360	200151	217	2035	300047	44	2714	400081	44	3394	500106	44	4071	600114	44	4753	700084	44	5435	800050	44	6118	900133	44	6801	1000030	44	7485	1100051	44	8170	1200064	44	8849	1300143	44	9533	1400016	44	10217	1500152	44	10899	1600108	44	11578	1700222	44	12253	1800013	44	12936	1900148	44	13620	2000065	44	14302	2100025	44	14985	2200031	44	15667	2300120	44	16349	2400135	44	17032	2500039	44	17712	2600099	44	18395	2700102	44	19080	2800148	44	19763	2900017	44	20447	3000091	44	21131	3100033	44	21815	3200118	44	22499	3300050	44	23183	3400037	44	23867	3500075	44	
682	100161	597	1356	200134	210	2030	300016	44	2716	400131	44	3398	500062	44	4081	600080	44	4766	700065	44	5452	800068	44	6134	900100	44	6817	1000128	44	7499	1100096	44	8182	1200045	44	8865	1300089	44	9547	1400038	44	10225	1500026	44	10908	1600086	44	11590	1700038	44	12274	1800081	44	12957	1900109	44	13640	2000117	44	14320	2100034	44	14998	2200106	44	15681	2300069	44	16364	2400072	44	17045	2500133	44	17728	2600057	44	18410	2700123	44	19094	2800047	44	19778	2900061	44	20462	3000024	44	21147	3100046	44	21827	3200150	44	22510	3300233	44	23193	3400137	44	23876	3500121	44	
679	100081	613	1353	200029	238	2024	300139	44	2708	400074	44	3392	500152	44	4074	600038	44	4759	700028	44	5443	800082	44	6125	900038	44	6809	1000148	44	7491	1100135	44	8174	1200142	44	8858	1300131	44	9540	1400133	44	10223	1500097	44	10908	1600063	44	11592	1700066	44	12276	1800089	44	12960	1900134	44	13644	2000084	44	14329	2100141	44	15013	2200113	44	15696	2300072	44	16380	2400043	44	17066	2500087	44	17751	2600158	44	18430	2700133	44	19113	2800113	44	19783	2900012	44	20466	3000022	44	21149	3100123	44	21831	3200155	44	22515	3300133	44	23197	3400071	44	23881	3500075	44	
695	100096	608	1390	200022	167	2091	300057	46	2798	400133	46	3505	500071	46	4213	600142	46	4917	700060	46	5618	800131	46	6324	900120	46	7030	1000071	46	7738	1100079	46	8445	1200151	46	9153	1300137	46	9857	1400070	46	10564	1500115	46	11267	1600083	46	11972	1700027	46	12675	1800030	46	13381	1900062	46	14087	2000060	46	14790	2100054	46	15497	2200146	46	16205	2300124	46	16904	2400068	46	17609	2500108	46	18313	2600078	46	19019	2700108	46	19719	2800054	46	20426	2900131	46	21132	3000061	46	21837	3100058	46	22544	3200097	46	23248	3300056	46	23951	3400138	46	24656	3500060	46	
693	100083	626	1388	200096	190	2079	300125	46	2780	400120	46	3486	500064	46	4194	600103	46	4901	700124	46	5607	800037	46	6313	900131	46	7013	1000119	46	7718	1100044	46	8419	1200072	46	9125	1300065	46	9830	1400120	46	10536	1500059	46	11242	1600026	46	11947	1700023	46	12653	1800025	46	13358	1900022	46	14066	2000086	46	14773	2100043	46	15476	2200126	46	16180	2300014	46	16884	2400011	46	17592	2500115	46	18298	2600097	46	19005	2700080	46	19712	2800140	46	20419	2900022	46	21124	3000018	46	21831	3100026	46	22534	3200074	46	23240	3300115	46	23943	3400031	46	24650	3500062	46	
695	100131	599	1387	200013	178	2086	300092	46	2789	400067	46	3498	500116	46	4205	600044	46	4913	700019	46	5621	800100	46	6319	900028	46	7018	1000014	46	7725	1100041	46	8432	1200092	46	9134	1300054	46	9842	1400128	46	10548	1500085	46	11252	1600050	46	11948	1700048	46	12653	1800048	46	13359	1900070	46	14067	2000062	46	14774	2100154	46	15477	2200021	46	16184	2300122	46	16889	2400100	46	17598	2500129	46	18304	2600050	46	19008	2700088	46	19711	2800068	46	20414	2900100	46	21120	3000015	46	21824	3100049	46	22531	3200129	46	23234	3300037	46	23940	3400048	46	24646	3500060	46	
697	100108	587	1392	200038	153	2091	300130	46	2795	400144	46	3502	500040	46	4210	600140	46	4915	700156	46	5616	800084	46	6318	900043	46	7026	1000086	46	7734	1100150	46	8442	1200135	46	9149	1300103	46	9851	1400063	46	10556	1500061	46	11262	1600028	46	11968	1700047	46	12674	1800097	46	13378	1900126	46	14083	2000092	46	14790	2100059	46	15493	2200040	46	16198	2300058	46	16903	2400129	46	17608	2500019	46	18315	2600147	46	19018	2700045	46	19723	2800070	46	20428	2900025	46	21136	3000065	46	21844	3100094	46	22550	3200068	46	23252	3300030	46	23957	3400124	46	24663	3500104	46	
693	100022	605	1388	200146	155	2089	300076	46	2796	400046	46	3503	500051	46	4208	600106	46	4909	700035	46	5615	800020	46	6320	900098	46	7028	1000099	46	7735	1100078	46	8441	1200037	46	9146	1300068	46	9851	1400077	46	10557	1500064	46	11261	1600017	46	11968	1700050	46	12673	1800013	46	13376	1900093	46	14082	2000129	46	14786	2100137	46	15491	2200058	46	16196	2300092	46	16902	2400023	46	17606	2500037	46	18314	2600135	46	19017	2700108	46	19722	2800086	46	20427	2900121	46	21133	3000110	46	21840	3100058	46	22547	3200045	46	23255	3300049	46	23961	3400085	46	24666	3500150	46	
255	100418	4837	509	200415	4490	761	300087	4152	1015	400275	3846	1268	500247	3531	1520	600240	3224	1769	700414	2949	2016	800049	2688	2265	900116	2430	2515	1000087	2172	2762	1100090	1937	3008	1200222	1714	3253	1300052	1490	3500	1400438	1285	3745	1500389	1099	3990	1600404	916	4233	1700097	750	4476	1800095	593	4720	1900125	442	4960	2000112	338	5199	2100110	256	5435	2200071	211	5673	2300301	200	5910	2400056	200	6148	2500056	200	6385	2600050	200	6622	2700237	200	6859	2800395	200	7096	2900152	200	7333	3000376	200	7568	3100088	200	7805	3200158	200	8042	3300121	200	8279	3400096	200	8516	3500377	200	
255	100202	4847	509	200136	4525	764	300402	4198	1017	400063	3872	1271	500347	3559	1523	600361	3244	1772	700159	2959	2020	800100	2696	2269	900357	2452	2516	1000173	2204	2763	1100183	1970	3007	1200234	1739	3252	1300424	1525	3497	1400071	1315	3741	1500145	1120	3986	1600293	929	4229	1700339	761	4473	1800395	601	4716	1900231	464	4958	2000306	346	5197	2100285	262	5436	2200420	208	5673	2300333	200	5910	2400166	200	6148	2500322	200	6385	2600195	200	6621	2700075	200	6858	2800192	200	7096	2900404	200	7333	3000060	200	7571	3100450	200	7807	3200104	200	8045	3300406	200	8282	3400409	200	8519	3500108	200	
255	100405	4843	507	200265	4514	760	300364	4176	1012	400316	3852	1264	500306	3544	1515	600297	3251	1765	700400	2989	2015	800427	2710	2263	900304	2450	2511	1000223	2206	2758	1100056	1961	3003	1200088	1733	3249	1300346	1506	3492	1400129	1291	3738	1500314	1087	3982	1600306	907	4224	1700130	732	4468	1800208	578	4710	1900203	442	4951	2000378	335	5190	2100203	247	5426	2200164	200	5664	2300390	200	5901	2400232	200	6139	2500452	200	6376	2600233	200	6612	2700067	200	6849	2800375	200	7084	2900120	200	7320	3000302	200	7556	3100371	200	7791	3200173	200	8028	3300331	200	8264	3400064	200	8499	3500062	200	
256	100226	4837	509	200282	4505	760	300096	4191	1012	400071	3860	1264	500399	3543	1514	600110	3250	1762	700166	2971	2010	800092	2694	2259	900249	2425	2505	1000069	2180	2752	1100186	1938	2998	1200319	1715	3243	1300280	1509	3487	1400072	1304	3732	1500156	1102	3976	1600335	913	4220	1700445	732	4461	1800139	576	4703	1900335	440	4944	2000177	318	5183	2100066	226	5418	2200062	200	5654	2300085	200	5891	2400165	200	6128	2500228	200	6365	2600275	200	6602	2700334	200	6837	2800181	200	7074	2900360	200	7308	3000228	200	7544	3100091	200	7780	3200080	200	8017	3300193	200	8255	3400356	200	8492	3500146	200	
256	100180	4836	509	200073	4501	762	300413	4175	1015	400240	3850	1267	500075	3536	1518	600212	3252	1768	700377	2979	2017	800308	2715	2265	900048	2454	2513	1000179	2207	2758	1100125	1984	3005	1200421	1773	3249	1300220	1552	3495	1400161	1346	3740	1500093	1144	3985	1600210	944	4230	1700285	765	4473	1800397	614	4715	1900359	482	4955	2000082	365	5193	2100352	271	5429	2200303	208	5663	2300133	200	5901	2400433	200	6138	2500113	200	6375	2600121	200	6611	2700238	200	6848	2800298	200	7085	2900072	200	7322	3000406	200	7556	3100255	200	7790	3200409	200	8025	3300144	200	8263	3400361	200	8500	3500321	200	
260	100070	4679	522	200266	4328	783	300258	3976	1043	400280	3623	1304	500172	3276	1564	600075	2945	1823	700098	2618	2083	800129	2278	2342	900148	1939	2600	1000331	1612	2856	1100391	1304	3109	1200070	1028	3361	1300283	780	3611	1400257	568	3860	1500282	394	4105	1600058	269	4349	1700130	205	4592	1800318	205	4834	1900113	205	5076	2000082	205	5318	2100258	205	5561	2200391	205	5803	2300248	205	6045	2400279	205	6286	2500050	205	6529	2600374	205	6770	2700068	205	7013	2800424	205	7254	2900306	205	7495	3000446	205	7736	3100156	205	7979	3200134	205	8221	3300082	205	8463	3400146	205	8705	3500097	205	
262	100270	4674	524	200424	4320	783	300144	3975	1043	400052	3634	1305	500402	3284	1563	600176	2943	1822	700071	2608	2082	800069	2288	2342	900409	1949	2599	1000238	1628	2855	1100356	1334	3108	1200349	1060	3361	1300362	809	3613	1400242	585	3864	1500319	413	4109	1600123	283	4352	1700077	213	4594	1800083	205	4837	1900147	205	5079	2000285	205	5321	2100048	205	5564	2200457	205	5806	2300212	205	6049	2400343	205	6288	2500163	205	6528	2600077	205	6771	2700350	205	7013	2800231	205	7256	2900302	205	7497	3000100	205	7739	3100047	205	7982	3200279	205	8215	3300145	205	8456	3400400	205	8698	3500180	205	
259	100133	4690	520	200314	4348	779	300119	3996	1039	400202	3646	1299	500333	3312	1558	600385	2983	1817	700140	2654	2077	800212	2320	2336	900397	2003	2593	1000077	1678	2850	1100396	1361	3104	1200143	1081	3359	1300397	822	3608	1400131	612	3856	1500334	427	4103	1600132	283	4342	1700137	228	4585	1800283	209	4823	1900223	205	5056	2000381	205	5297	2100190	205	5538	2200318	205	5779	2300283	205	6021	2400161	205	6264	2500345	205	6506	2600370	205	6747	2700186	205	6990	2800337	205	7232	2900189	205	7473	3000319	205	7715	3100308	205	7956	3200402	205	8198	3300418	205	8440	3400291	205	8681	3500220	205	
261	100264	4673	521	200158	4322	782	300318	3963	1042	400288	3606	1301	500200	3252	1561	600193	2918	1820	700336	2588	2078	800174	2255	2337	900153	1948	2595	1000114	1640	2851	1100372	1342	3106	1200254	1065	3358	1300286	813	3609	1400349	597	3858	1500408	413	4105	1600422	281	4347	1700145	217	4589	1800153	205	4832	1900237	205	5074	2000414	205	5315	2100095	205	5557	2200436	205	5798	2300086	205	6041	2400265	205	6284	2500283	205	6527	2600464	205	6769	2700359	205	7010	2800100	205	7253	2900440	205	7495	3000248	205	7738	3100367	205	7980	3200208	205	8221	3300057	205	8463	3400357	205	8705	3500308	205	
261	100306	4675	519	200077	4335	779	300364	3988	1039	400261	3647	1297	500211	3307	1557	600352	2977	1816	700384	2646	2075	800417	2325	2333	900082	1988	2590	1000217	1670	2845	1100108	1378	3100	1200329	1117	3354	1300215	860	3606	1400053	629	3856	1500307	434	4103	1600332	287	4347	1700259	214	4589	1800286	205	4831	1900455	205	5073	2000219	205	5314	2100194	205	5556	2200408	205	5797	2300214	205	6040	2400378	205	6282	2500252	205	6523	2600316	205	6762	2700402	205	7004	2800105	205	7246	2900189	205	7489	3000280	205	7731	3100322	205	7973	3200451	205	8214	3300157	205	8457	3400130	205	8699	3500266	205	
61	101199	25047	121	200880	24811	181	300753	24576	241	400286	24341	302	501690	24104	361	600455	23890	421	700792	23661	481	801645	23433	541	901825	23206	600	1000358	22993	660	1100564	22778	720	1200878	22571	780	1301256	22349	840	1401744	22144	900	1501714	21929	960	1601408	21713	1019	1700276	21503	1079	1800688	21288	1139	1900859	21062	1199	2000839	20861	1259	2101570	20640	1318	2200351	20436	1378	2300949	20221	1438	2401478	19999	1497	2500436	19784	1557	2601208	19569	1617	2701552	19353	1676	2800936	19143	1735	2900972	18935	1794	3001101	18742	1853	3101553	18537	1912	3201567	18333	1972	3301680	18131	2031	3400838	17924	2090	3500448	17723	
61	101796	25035	121	201685	24805	181	301653	24569	241	401832	24339	301	501555	24118	361	601778	23889	420	700320	23670	481	801677	23444	541	901794	23228	601	1001524	23004	661	1101722	22775	721	1201624	22555	781	1301703	22339	840	1400315	22127	900	1501214	21912	960	1600859	21692	1020	1701874	21471	1080	1801396	21256	1140	1901133	21045	1200	2001256	20840	1260	2101234	20611	1320	2201414	20406	1379	2300303	20199	1439	2401095	19977	1499	2501229	19751	1558	2600691	19554	1618	2701284	19334	1678	2801697	19131	1737	2900689	18941	1796	3000328	18752	1856	3100910	18554	1916	3201378	18341	1976	3300982	18133	2036	3401406	17932	2096	3501808	17722	
61	101574	25049	120	200562	24828	181	301851	24580	241	401889	24359	301	501675	24139	361	601864	23923	420	701158	23705	480	801232	23486	540	900928	23261	600	1001237	23041	660	1100977	22820	720	1200790	22616	780	1300547	22399	840	1401855	22171	900	1501624	21961	960	1601856	21746	1019	1700725	21546	1079	1800777	21334	1139	1901467	21121	1198	2001513	20904	1258	2101777	20700	1317	2201622	20490	1375	2301058	20296	1434	2401907	20084	1493	2501477	19880	1551	2600273	19679	1611	2701590	19475	1670	2800716	19279	1730	2901297	19067	1790	3001870	18865	1849	3100724	18673	1908	3200754	18465	1967	3300362	18264	2027	3400837	18055	2087	3501579	17850	
61	101738	25033	121	201831	24812	181	301458	24585	241	401800	24340	300	500836	24111	360	600702	23875	420	700382	23653	480	800577	23438	540	901007	23216	600	1001204	22979	660	1100855	22755	720	1200643	22535	780	1301016	22311	840	1400866	22100	900	1501328	21869	960	1601494	21644	1020	1701973	21437	1080	1801705	21230	1140	1901812	21027	1200	2002015	20815	1259	2101677	20606	1319	2201917	20397	1377	2300587	20201	1437	2401603	19989	1497	2501731	19774	1556	2600860	19577	1615	2700427	19375	1675	2800721	19166	1735	2901554	18961	1794	3001804	18760	1852	3101015	18564	1911	3200898	18366	1971	3301107	18171	2030	3401062	17969	2089	3500352	17765	
60	100333	25040	121	201471	24802	181	300822	24564	241	400358	24331	301	500484	24112	361	600456	23872	421	700292	23644	482	801751	23415	541	900879	23201	601	1000658	22983	661	1101266	22762	721	1201361	22544	780	1300414	22337	840	1400487	22126	900	1501020	21907	959	1601305	21703	1018	1700701	21487	1078	1801192	21280	1138	1901329	21056	1198	2001582	20836	1257	2100462	20625	1317	2201159	20412	1377	2301486	20199	1436	2400360	19986	1496	2501180	19780	1555	2600362	19579	1615	2700804	19378	1674	2800431	19176	1734	2900791	18980	1794	3001880	18779	1853	3100885	18573	1913	3201353	18372	1972	3300307	18165	2033	3401697	17968	2092	3500414	17777	
61	100737	24955	123	201588	24722	184	300724	24499	245	400649	24275	307	501821	24044	368	600541	23821	429	700504	23594	491	801299	23367	552	900784	23140	614	1001538	22910	675	1100437	22680	737	1201628	22457	798	1301207	22233	859	1400245	22018	921	1501351	21806	982	1600507	21579	1044	1701380	21350	1105	1800412	21114	1167	1901369	20883	1228	2000507	20654	1290	2101621	20424	1351	2200879	20207	1413	2301847	19991	1474	2401444	19764	1535	2501077	19549	1597	2601776	19318	1658	2701153	19103	1719	2800381	18876	1781	2901747	18640	1842	3001779	18415	1903	3101227	18192	1964	3201102	17973	2025	3300930	17760	2086	3400664	17526	2148	3501381	17297	
62	100822	24944	123	200800	24711	184	300438	24482	246	401015	24247	308	501601	24009	369	601724	23777	429	700497	23555	490	801171	23330	551	901639	23108	612	1000942	22875	674	1101864	22644	735	1201520	22420	796	1301179	22184	857	1400816	21945	919	1501470	21713	980	1601209	21484	1041	1700335	21266	1103	1801029	21040	1164	1901098	20807	1226	2001394	20572	1287	2101349	20365	1348	2200347	20144	1409	2300405	19916	1471	2401445	19699	1532	2500866	19476	1593	2600510	19250	1654	2700728	19038	1715	2800733	18798	1776	2900258	18563	1838	3001320	18341	1897	3101693	18119	1958	3200793	17895	2019	3301207	17678	2080	3401415	17442	2141	3501045	17218	
62	101449	24967	123	200613	24741	185	300829	24503	246	401241	24278	307	501049	24058	369	601476	23834	430	700999	23595	491	801035	23371	553	901713	23147	614	1000803	22911	676	1100993	22684	738	1201722	22465	799	1301623	22239	860	1401071	22013	922	1501588	21774	983	1600729	21538	1045	1701814	21303	1106	1801154	21061	1167	1901079	20832	1229	2001597	20585	1290	2100758	20352	1351	2200429	20124	1413	2301734	19890	1474	2401469	19656	1535	2501502	19425	1596	2601212	19191	1657	2700862	18963	1718	2800706	18738	1779	2900368	18513	1841	3001234	18292	1903	3101834	18057	1963	3200443	17831	2024	3301482	17612	2084	3400406	17386	2146	3501135	17152	
62	100958	24950	123	200571	24712	184	300898	24491	245	400372	24256	307	501068	24025	369	601661	23801	430	701248	23585	491	800550	23351	553	901158	23114	615	1001659	22880	676	1101818	22663	737	1201131	22444	798	1301259	22218	860	1401796	21983	921	1500772	21748	983	1601136	21526	1045	1701513	21300	1106	1800977	21087	1167	1900953	20861	1229	2001704	20633	1290	2100810	20412	1351	2200587	20180	1413	2301832	19953	1474	2401040	19725	1535	2501278	19498	1596	2600381	19270	1658	2700905	19043	1720	2801369	18812	1781	2901298	18606	1843	3001816	18387	1904	3100923	18177	1966	3201821	17964	2027	3301723	17737	2088	3401582	17510	2149	3500735	17299	
61	100927	24943	122	201553	24713	183	301752	24482	244	401258	24239	305	500460	24000	367	601192	23754	428	700446	23530	490	801205	23300	552	901721	23080	613	1001094	22861	675	1101677	22641	736	1201616	22414	797	1301815	22195	858	1401176	21969	919	1501445	21733	980	1600806	21515	1042	1700948	21286	1104	1801631	21036	1165	1901196	20814	1226	2000452	20578	1288	2101503	20350	1349	2200572	20135	1411	2301481	19899	1471	2400549	19686	1532	2500827	19455	1594	2601501	19237	1655	2700345	19019	1717	2801057	18804	1778	2900375	18586	1839	3000702	18367	1900	3100352	18148	1962	3200925	17918	2024	3301637	17671	2085	3400850	17447	2147	3501642	17224	
801	100044	47	1607	200118	47	2409	300113	47	3212	400062	47	4018	500108	47	4822	600047	47	5628	700084	47	6428	800089	47	7233	900053	47	8040	1000115	47	8846	1100034	47	9652	1200076	47	10458	1300088	47	11260	1400059	47	12059	1500090	47	12863	1600060	47	13670	1700134	47	14470	1800042	47	15278	1900100	47	16085	2000072	47	16892	2100125	47	17695	2200038	47	18499	2300049	47	19302	2400030	47	20109	2500105	47	20916	2600056	47	21721	2700038	47	22526	2800096	47	23334	2900080	47	24139	3000070	47	24946	3100098	47	25752	3200073	47	26558	3300096	47	27363	3400068	47	28167	3500052	47	
806	100111	47	1612	200122	47	2417	300101	47	3223	400062	47	4026	500108	47	4830	600161	47	5633	700052	47	6435	800129	47	7240	900031	47	8047	1000090	47	8853	1100020	47	9656	1200019	47	10461	1300029	47	11265	1400038	47	12072	1500054	47	12880	1600078	47	13687	1700100	47	14493	1800057	47	15300	1900030	47	16105	2000047	47	16912	2100130	47	17718	2200120	47	18522	2300076	47	19322	2400040	47	20127	2500095	47	20930	2600010	47	21736	2700066	47	22540	2800091	47	23341	2900043	47	24148	3000102	47	24951	3100099	47	25758	3200132	47	26562	3300077	47	27365	3400102	47	28171	3500047	47	
801	100024	47	1608	200112	47	2409	300094	47	3205	400010	47	4012	500074	47	4818	600058	47	5624	700091	47	6428	800047	47	7233	900095	47	8040	1000055	47	8846	1100038	47	9650	1200108	47	10453	1300131	47	11260	1400028	47	12067	1500109	47	12872	1600058	47	13679	1700084	47	14484	1800009	47	15286	1900037	47	16092	2000025	47	16898	2100014	47	17705	2200100	47	18512	2300049	47	19320	2400058	47	20122	2500021	47	20925	2600019	47	21731	2700114	47	22537	2800034	47	23340	2900035	47	24148	3000055	47	24956	3100104	47	25762	3200066	47	26569	3300098	47	27373	3400058	47	28178	3500037	47	
802	100079	47	1608	200077	47	2414	300025	47	3217	400129	47	4020	500060	47	4826	600012	47	5635	700132	47	6440	800052	47	7244	900078	47	8050	1000102	47	8850	1100114	47	9651	1200067	47	10459	1300065	47	11264	1400022	47	12070	1500019	47	12876	1600098	47	13680	1700110	47	14478	1800072	47	15284	1900024	47	16091	2000117	47	16899	2100033	47	17705	2200093	47	18512	2300057	47	19314	2400022	47	20116	2500060	47	20920	2600030	47	21727	2700117	47	22533	2800120	47	23339	2900041	47	24146	3000113	47	24953	3100106	47	25760	3200015	47	26569	3300116	47	27373	3400019	47	28176	3500129	47	
803	100101	47	1609	200018	47	2415	300031	47	3222	400066	47	4029	500115	47	4835	600034	47	5643	700039	47	6452	800113	47	7257	900067	47	8057	1000128	47	8864	1100059	47	9672	1200108	47	10476	1300066	47	11282	1400059	47	12089	1500072	47	12895	1600080	47	13701	1700017	47	14507	1800083	47	15313	1900026	47	16113	2000033	47	16919	2100034	47	17722	2200013	47	18525	2300090	47	19332	2400089	47	20138	2500026	47	20945	2600100	47	21750	2700050	47	22559	2800100	47	23365	2900013	47	24166	3000113	47	24973	3100100	47	25779	3200023	47	26586	3300110	47	27392	3400062	47	28197	3500018	47	
869	100098	53	1740	200053	53	2605	300081	53	3475	400033	53	4347	500069	53	5213	600031	53	6082	700021	53	6942	800042	53	7804	900089	53	8675	1000018	53	9542	1100041	53	10415	1200081	53	11287	1300007	53	12156	1400008	53	13030	1500104	53	13901	1600117	53	14772	1700030	53	15642	1800120	53	16512	1900039	53	17383	2000104	53	18252	2100101	53	19123	2200018	53	19993	2300060	53	20858	2400106	53	21725	2500027	53	22596	2600034	53	23468	2700057	53	24340	2800091	53	25210	2900047	53	26079	3000022	53	26945	3100074	53	27815	3200079	53	28686	3300044	53	29557	3400073	53	30429	3500059	53	
869	100055	53	1741	200112	53	2609	300018	53	3478	400117	53	4350	500007	53	5221	600118	53	6087	700087	53	6950	800071	53	7822	900099	53	8691	1000120	53	9559	1100066	53	10428	1200112	53	11299	1300099	53	12168	1400075	53	13038	1500035	53	13907	1600063	53	14779	1700099	53	15650	1800008	53	16521	1900082	53	17393	2000082	53	18263	2100060	53	19136	2200112	53	20007	2300055	53	20874	2400016	53	21732	2500013	53	22590	2600032	53	23458	2700013	53	24323	2800064	53	25170	2900042	53	26037	3000054	53	26908	3100037	53	27779	3200107	53	28651	3300110	53	29520	3400066	53	30386	3500034	53	
870	100084	53	1738	200049	53	2610	300061	53	3481	400120	53	4351	500044	53	5221	600086	53	6092	700029	53	6962	800074	53	7832	900088	53	8700	1000012	53	9568	1100073	53	10436	1200111	53	11301	1300076	53	12171	1400037	53	13041	1500037	53	13908	1600068	53	14779	1700080	53	15651	1800091	53	16520	1900025	53	17392	2000080	53	18262	2100070	53	19128	2200111	53	19998	2300120	53	20868	2400089	53	21739	2500088	53	22609	2600056	53	23482	2700081	53	24354	2800030	53	25225	2900118	53	26095	3000039	53	26967	3100022	53	27835	3200125	53	28703	3300025	53	29570	3400083	53	30441	3500027	53	
866	100035	53	1737	200078	53	2603	300027	53	3471	400079	53	4342	500090	53	5214	600049	53	6082	700046	53	6952	800081	53	7822	900027	53	8692	1000019	53	9563	1100036	53	10436	1200013	53	11309	1300013	53	12181	1400048	53	13053	1500106	53	13924	1600048	53	14794	1700049	53	15660	1800067	53	16532	1900042	53	17405	2000043	53	18274	2100085	53	19144	2200076	53	20015	2300017	53	20882	2400048	53	21753	2500118	53	22621	2600123	53	23490	2700084	53	24360	2800068	53	25228	2900116	53	26100	3000050	53	26967	3100026	53	27831	3200083	53	28704	3300077	53	29578	3400107	53	30448	3500081	53	
862	100119	53	1729	200045	53	2599	300062	53	3468	400085	53	4340	500090	53	5209	600011	53	6080	700048	53	6951	800072	53	7818	900086	53	8685	1000007	53	9553	1100025	53	10425	1200069	53	11291	1300033	53	12161	1400035	53	13033	1500058	53	13903	1600052	53	14772	1700078	53	15643	1800024	53	16511	1900017	53	17381	2000047	53	18252	2100092	53	19120	2200019	53	19975	2300044	53	20847	2400097	53	21713	2500099	53	22575	2600032	53	23439	2700050	53	24305	2800016	53	25176	2900090	53	26048	3000113	53	26919	3100012	53	27791	3200032	53	28661	3300100	53	29530	3400084	53	30400	3500016	53	
264	100054	191	522	200104	191	778	300071	191	1035	400393	191	1293	500344	191	1551	600367	191	1808	700185	191	2065	800272	191	2321	900103	191	2579	1000343	191	2837	1100335	191	3094	1200202	191	3351	1300112	191	3608	1400307	191	3866	1500240	191	4124	1600109	191	4383	1700313	191	4641	1800304	191	4899	1900402	191	5155	2000086	191	5414	2100215	191	5673	2200292	191	5930	2300117	191	6186	2400052	191	6444	2500344	191	6700	2600152	191	6957	2700053	191	7214	2800197	191	7472	2900125	191	7730	3000338	191	7986	3100391	191	8241	3200194	191	8497	3300074	191	8754	3400172	191	9011	3500363	191	
264	100173	191	522	200127	191	779	300049	191	1036	400046	191	1294	500253	191	1552	600321	191	1810	700143	191	2067	800225	191	2325	900130	191	2582	1000242	191	2840	1100372	191	3098	1200200	191	3356	1300286	191	3614	1400317	191	3869	1500041	191	4127	1600379	191	4385	1700254	191	4643	1800239	191	4901	1900303	191	5158	2000313	191	5416	2100337	191	5674	2200371	191	5931	2300332	191	6189	2400130	191	6447	2500058	191	6705	2600128	191	6964	2700296	191	7221	2800422	191	7478	2900058	191	7735	3000166	191	7993	3100161	191	8250	3200150	191	8507	3300096	191	8765	3400187	191	9023	3500340	191	
265	100257	196	523	200182	191	781	300270	191	1039	400408	191	1296	500418	191	1554	600283	191	1811	700235	191	2069	800419	191	2327	900392	191	2585	1000388	191	2843	1100335	191	3101	1200256	191	3357	1300076	191	3615	1400329	191	3872	1500315	191	4130	1600302	191	4389	1700299	191	4647	1800397	191	4905	1900165	191	5162	2000371	191	5419	2100076	191	5678	2200320	191	5936	2300364	191	6193	2400266	191	6449	2500104	191	6707	2600194	191	6964	2700123	191	7222	2800341	191	7480	2900217	191	7738	3000312	191	7995	3100392	191	8252	3200278	191	8509	3300269	191	8767	3400399	191	9023	3500347	191	
265	100395	192	523	200248	191	781	300114	191	1039	400224	191	1297	500389	191	1554	600104	191	1812	700068	191	2071	800328	191	2328	900286	191	2586	1000105	191	2844	1100414	191	3100	1200150	191	3357	1300158	191	3615	1400297	191	3872	1500069	191	4131	1600133	191	4388	1700041	191	4645	1800138	191	4903	1900223	191	5158	2000057	191	5415	2100177	191	5673	2200117	191	5932	2300372	191	6189	2400073	191	6444	2500116	191	6701	2600323	191	6958	2700187	191	7214	2800073	191	7471	2900159	191	7730	3000409	191	7986	3100092	191	8245	3200387	191	8502	3300340	191	8759	3400272	191	9016	3500121	191	
266	100113	192	524	200099	191	783	300328	191	1040	400195	191	1298	500267	191	1555	600154	191	1813	700089	191	2071	800383	191	2328	900189	191	2586	1000393	191	2844	1100244	191	3103	1200380	191	3360	1300137	191	3618	1400218	191	3876	1500233	191	4133	1600366	191	4390	1700095	191	4648	1800157	191	4907	1900214	191	5164	2000076	191	5423	2100335	191	5680	2200095	191	5937	2300229	191	6195	2400200	191	6453	2500343	191	6708	2600070	191	6966	2700097	191	7224	2800226	191	7481	2900060	191	7740	3000294	191	7996	3100301	191	8254	3200322	191	8511	3300281	191	8769	3400241	191	9027	3500164	191	
285	100365	194	562	200178	194	839	300178	194	1116	400087	194	1396	500272	194	1674	600223	194	1952	700210	194	2230	800085	194	2508	900170	194	2787	1000044	194	3066	1100248	194	3344	1200146	194	3621	1300037	194	3900	1400208	194	4178	1500217	194	4456	1600118	194	4734	1700046	194	5013	1800066	194	5291	1900149	194	5570	2000334	194	5847	2100252	194	6125	2200314	194	6403	2300367	194	6681	2400371	194	6960	2500110	194	7239	2600178	194	7517	2700217	194	7796	2800296	194	8073	2900288	194	8351	3000056	194	8630	3100215	194	8910	3200340	194	9189	3300180	194	9468	3400073	194	9748	3500374	194	
285	100333	194	563	200340	194	841	300124	194	1120	400157	194	1397	500037	194	1676	600274	194	1953	700389	194	2231	800368	194	2508	900060	194	2787	1000041	194	3067	1100380	194	3345	1200104	194	3624	1300163	194	3903	1400387	194	4181	1500191	194	4460	1600168	194	4738	1700203	194	5017	1800257	194	5295	1900097	194	5574	2000373	194	5852	2100139	194	6131	2200219	194	6409	2300039	194	6688	2400142	194	6967	2500115	194	7246	2600145	194	7524	2700397	194	7802	2800226	194	8073	2900199	194	8351	3000049	194	8630	3100184	194	8908	3200052	194	9188	3300380	194	9466	3400315	194	9745	3500365	194	
284	100135	194	563	200175	194	842	300271	194	1121	400314	194	1399	500110	194	1679	600214	194	1957	700306	194	2235	800068	194	2513	900316	194	2791	1000143	194	3070	1100318	194	3347	1200228	194	3625	1300105	194	3903	1400297	194	4181	1500117	194	4460	1600342	194	4738	1700189	194	5017	1800204	194	5295	1900057	194	5574	2000301	194	5853	2100359	194	6132	2200186	194	6411	2300136	194	6688	2400135	194	6966	2500168	194	7245	2600204	194	7524	2700076	194	7802	2800160	194	8081	2900081	194	8359	3000247	194	8637	3100179	194	8915	3200042	194	9194	3300291	194	9472	3400182	194	9751	3500309	194	
283	100129	194	562	200111	194	840	300130	194	1119	400180	194	1398	500198	194	1677	600049	194	1957	700228	194	2235	800316	194	2513	900175	194	2791	1000122	194	3069	1100131	194	3348	1200317	194	3625	1300271	194	3904	1400288	194	4182	1500038	194	4462	1600386	194	4739	1700145	194	5017	1800137	194	5296	1900337	194	5574	2000277	194	5853	2100268	194	6132	2200241	194	6409	2300332	194	6687	2400117	194	6965	2500230	194	7244	2600146	194	7523	2700229	194	7801	2800199	194	8080	2900140	194	8357	3000180	194	8636	3100224	194	8913	3200226	194	9190	3300096	194	9469	3400255	194	9748	3500235	194	
284	100364	194	562	200058	194	841	300080	194	1120	400151	194	1399	500166	194	1678	600062	194	1956	700216	194	2234	800283	194	2512	900056	194	2791	1000330	194	3070	1100193	194	3348	1200313	194	3626	1300186	194	3905	1400353	194	4184	1500278	194	4462	1600261	194	4740	1700043	194	5019	1800096	194	5297	1900143	194	5576	2000173	194	5855	2100215	194	6132	2200093	194	6410	2300104	194	6689	2400347	194	6968	2500376	194	7246	2600170	194	7524	2700049	194	7803	2800195	194	8081	2900149	194	8361	3000156	194	8639	3100038	194	8919	3200369	194	9198	3300258	194	9477	3400370	194	9753	3500302	194	
69	100540	1647	138	201378	1517	206	300620	1390	275	401588	1288	342	501032	1201	410	601182	1127	477	700287	1061	543	801105	1027	608	900479	989	673	1000745	968	737	1100271	965	801	1200273	965	866	1301585	965	930	1400875	965	994	1501378	965	1057	1600671	965	1121	1701724	965	1184	1801025	965	1248	1901481	965	1312	2001450	965	1376	2101206	965	1440	2201351	965	1504	2301677	965	1568	2401453	965	1632	2501233	965	1696	2601225	965	1760	2701590	965	1823	2800533	965	1887	2901143	965	1951	3001185	965	2015	3100904	965	2079	3200921	965	2143	3301395	965	2207	3401598	965	2270	3500245	965	
70	100884	1665	140	201390	1526	208	300750	1402	276	400468	1301	345	501181	1199	412	600976	1119	479	700807	1064	545	800728	1018	611	901626	995	675	1000875	979	739	1100312	965	803	1200458	965	867	1300445	965	931	1401646	965	995	1501753	965	1059	1601756	965	1122	1700397	965	1186	1800397	965	1250	1900255	965	1314	2000859	965	1378	2100654	965	1442	2201074	965	1506	2300998	965	1570	2401479	965	1634	2501386	965	1698	2600902	965	1762	2701139	965	1826	2800873	965	1890	2901164	965	1954	3001553	965	2018	3101344	965	2082	3200924	965	2146	3300995	965	2210	3401034	965	2274	3501106	965	
70	101092	1662	140	201553	1532	209	301208	1400	277	400927	1296	345	500204	1213	413	601158	1136	479	700393	1079	546	800625	1020	612	901570	985	676	1000537	967	740	1101392	966	803	1200512	965	867	1300959	965	931	1400962	965	995	1500383	965	1059	1600439	965	1123	1700332	965	1187	1800634	965	1251	1900703	965	1315	2001701	965	1379	2101592	965	1443	2201592	965	1507	2301373	965	1571	2401194	965	1635	2501734	965	1698	2600761	965	1762	2701467	965	1826	2801525	965	1889	2900921	965	1953	3001330	965	2017	3101723	965	2080	3200470	965	2144	3300605	965	2208	3400377	965	2273	3501719	965	
70	100467	1654	140	201360	1513	208	300227	1406	277	401513	1305	344	500778	1216	411	600889	1145	478	701641	1080	544	801273	1033	610	901550	1000	674	1001331	980	738	1101295	970	802	1201010	965	866	1301496	965	930	1401574	965	993	1500421	965	1058	1601643	965	1122	1701787	965	1186	1801601	965	1250	1901139	965	1314	2001322	965	1378	2100691	965	1442	2200921	965	1506	2300358	965	1571	2401660	965	1634	2501078	965	1698	2601266	965	1762	2700982	965	1826	2801171	965	1890	2901015	965	1954	3000733	965	2018	3100564	965	2082	3200752	965	2146	3301447	965	2209	3400588	965	2273	3500902	965	
70	100728	1642	140	201618	1517	208	301649	1394	275	400325	1290	344	501476	1193	411	600561	1123	478	701261	1063	544	801635	1024	608	900876	992	672	1000491	976	736	1101286	966	800	1201290	965	864	1301242	965	928	1400942	965	992	1500859	965	1056	1600685	965	1120	1701090	965	1184	1801115	965	1248	1901709	965	1312	2001297	965	1375	2100853	965	1439	2201102	965	1503	2301223	965	1567	2401584	965	1630	2500867	965	1694	2600875	965	1758	2701688	965	1821	2800333	965	1886	2901658	965	1949	3000903	965	2012	3100449	965	2076	3200363	965	2139	3300225	965	2203	3400397	965	2267	3500493	965	
77	101429	1585	152	201001	1450	227	301122	1306	301	401181	1189	374	501085	1092	446	600790	1031	517	700190	985	588	801189	947	657	900427	933	726	1001151	932	795	1101348	932	864	1200961	932	933	1301267	932	1002	1400570	932	1071	1500926	932	1140	1600366	932	1210	1701434	932	1278	1800206	932	1348	1901382	932	1417	2001316	932	1486	2101479	932	1554	2200460	932	1623	2300539	932	1692	2400648	932	1761	2500285	932	1830	2600799	932	1899	2700340	932	1969	2801627	932	2038	2901596	932	2107	3000877	932	2176	3100575	932	2245	3200824	932	2314	3300915	932	2383	3400870	932	2452	3500903	932	
77	101186	1583	152	200811	1422	226	300506	1303	300	400811	1200	373	501154	1103	445	601009	1031	515	700247	986	586	800571	959	656	900846	940	726	1001181	934	795	1100231	932	864	1200429	932	934	1301443	932	1002	1400816	932	1071	1500741	932	1140	1600663	932	1209	1700698	932	1278	1800973	932	1347	1900543	932	1416	2000959	932	1485	2101272	932	1554	2201246	932	1623	2300914	932	1692	2400498	932	1761	2500657	932	1830	2600504	932	1897	2701563	932	1965	2800789	932	2034	2900285	932	2104	3001128	932	2173	3101150	932	2242	3201297	932	2311	3301388	932	2380	3401084	932	2449	3501358	932	
76	101065	1601	151	201304	1440	225	300847	1294	299	401327	1197	371	500272	1105	444	601571	1028	515	700613	982	586	800995	948	655	900574	935	724	1000752	932	793	1101112	932	862	1201108	932	931	1300732	932	1000	1400570	932	1069	1500447	932	1139	1601276	932	1208	1701149	932	1277	1801174	932	1346	1900750	932	1415	2000549	932	1484	2100340	932	1553	2201084	932	1622	2300549	932	1691	2400249	932	1761	2501302	932	1829	2600435	932	1899	2701242	932	1968	2800623	932	2037	2900232	932	2106	3000279	932	2176	3101456	932	2244	3200731	932	2313	3301236	932	2382	3400772	932	2451	3500609	932	
76	100260	1609	152	201030	1455	226	300302	1331	300	400426	1217	374	501050	1124	447	600929	1070	519	700490	1011	591	801267	965	660	900495	941	730	1001655	932	799	1101012	932	868	1201088	932	937	1300683	932	1006	1400868	932	1075	1501366	932	1144	1601183	932	1212	1700661	932	1281	1800906	932	1350	1901050	932	1419	2001222	932	1488	2100895	932	1557	2200664	932	1627	2301436	932	1696	2400726	932	1765	2500569	932	1835	2601300	932	1904	2701243	932	1973	2800662	932	2042	2900470	932	2111	3000645	932	2180	3100312	932	2250	3201465	932	2318	3300523	932	2387	3400351	932	2456	3500262	932	
76	100422	1584	151	200189	1418	226	300345	1273	300	401363	1170	373	500333	1068	446	601116	1005	517	701297	965	587	801528	946	656	900871	933	725	1001151	932	794	1101226	932	863	1201219	932	932	1301102	932	1001	1400549	932	1070	1500404	932	1139	1600697	932	1208	1700268	932	1278	1801396	932	1347	1900497	932	1415	2000593	932	1484	2101119	932	1553	2200557	932	1622	2300375	932	1692	2401044	932	1761	2500904	932	1830	2600356	932	1899	2700661	932	1969	2801257	932	2038	2901465	932	2107	3001118	932	2176	3101016	932	2245	3200947	932	2314	3301277	932	2383	3400406	932	2453	3501544	932	
723	100123	1225	1438	200068	527	2148	300030	125	2869	400028	50	3591	500025	50	4315	600130	50	5038	700072	50	5760	800082	50	6484	900128	50	7206	1000020	50	7930	1100011	50	8655	1200134	50	9379	1300115	50	10103	1400124	50	10823	1500015	50	11547	1600054	50	12271	1700062	50	12993	1800012	50	13718	1900045	50	14437	2000136	50	15160	2100097	50	15884	2200097	50	16608	2300095	50	17329	2400023	50	18049	2500140	50	18767	2600078	50	19488	2700011	50	20211	2800082	50	20936	2900110	50	21655	3000020	50	22381	3100095	50	23106	3200125	50	23830	3300095	50	24554	3400013	50	25276	3500145	50	
722	100021	1230	1436	200064	527	2148	300133	136	2864	400090	50	3586	500106	50	4308	600012	50	5032	700107	50	5756	800129	50	6478	900071	50	7196	1000024	50	7920	1100042	50	8646	1200091	50	9369	1300079	50	10095	1400139	50	10820	1500059	50	11544	1600062	50	12267	1700029	50	12993	1800123	50	13717	1900068	50	14436	2000144	50	15158	2100028	50	15878	2200091	50	16601	2300048	50	17322	2400070	50	18046	2500139	50	18769	2600057	50	19492	2700028	50	20218	2800105	50	20942	2900105	50	21663	3000094	50	22381	3100041	50	23106	3200143	50	23827	3300064	50	24551	3400010	50	25275	3500059	50	
723	100050	1202	1439	200102	544	2150	300088	140	2869	400043	50	3590	500121	50	4311	600035	50	5034	700065	50	5757	800076	50	6477	900131	50	7200	1000077	50	7924	1100125	50	8647	1200032	50	9370	1300084	50	10094	1400135	50	10810	1500054	50	11533	1600098	50	12258	1700109	50	12981	1800045	50	13706	1900143	50	14428	2000073	50	15151	2100074	50	15875	2200030	50	16601	2300143	50	17324	2400081	50	18048	2500143	50	18768	2600104	50	19489	2700122	50	20213	2800027	50	20936	2900013	50	21658	3000026	50	22381	3100016	50	23104	3200025	50	23829	3300110	50	24553	3400069	50	25278	3500070	50	
716	100090	1228	1432	200056	559	2142	300125	146	2862	400130	50	3585	500043	50	4309	600043	50	5034	700108	50	5759	800058	50	6484	900021	50	7207	1000062	50	7928	1100109	50	8652	1200043	50	9375	1300065	50	10094	1400121	50	10815	1500109	50	11539	1600143	50	12263	1700079	50	12989	1800145	50	13712	1900016	50	14436	2000102	50	15155	2100027	50	15879	2200043	50	16603	2300095	50	17329	2400131	50	18052	2500048	50	18773	2600023	50	19496	2700072	50	20219	2800132	50	20940	2900026	50	21663	3000060	50	22385	3100071	50	23108	3200019	50	23832	3300020	50	24557	3400021	50	25280	3500106	50	
723	100049	1239	1436	200015	545	2148	300112	148	2868	400055	50	3593	500053	50	4309	600143	50	5033	700067	50	5757	800104	50	6478	900085	50	7203	1000136	50	7921	1100028	50	8643	1200112	50	9364	1300124	50	10086	1400039	50	10809	1500038	50	11530	1600104	50	12251	1700082	50	12974	1800058	50	13694	1900010	50	14417	2000055	50	15140	2100064	50	15864	2200091	50	16581	2300015	50	17297	2400031	50	18022	2500037	50	18744	2600086	50	19466	2700028	50	20192	2800146	50	20914	2900056	50	21637	3000117	50	22354	3100110	50	23073	3200091	50	23797	3300074	50	24520	3400026	50	25244	3500129	50	
256	100341	9671	511	200108	9316	767	300137	8968	1024	400134	8627	1281	500406	8280	1537	600287	7932	1793	700284	7605	2049	800078	7276	2305	900084	6920	2563	1000284	6561	2819	1100079	6221	3075	1200048	5883	3332	1300375	5538	3588	1400131	5196	3845	1500398	4863	4101	1600290	4526	4358	1700285	4190	4614	1800121	3851	4870	1900149	3507	5124	2000189	3179	5379	2100412	2852	5632	2200204	2534	5885	2300229	2229	6138	2400311	1937	6389	2500270	1660	6639	2600333	1400	6888	2700291	1159	7134	2800209	932	7380	2900278	731	7624	3000337	558	7868	3100283	411	8109	3200157	289	8348	3300420	220	8586	3400075	204	8824	3500142	204	
257	100256	9677	513	200221	9340	770	300359	8996	1023	400151	8642	1279	500271	8293	1536	600418	7931	1792	700352	7594	2047	800103	7250	2303	900336	6905	2559	1000158	6566	2814	1100365	6224	3068	1200184	5893	3323	1300066	5560	3579	1400234	5235	3834	1500075	4888	4092	1600359	4543	4349	1700326	4208	4604	1800220	3881	4860	1900246	3554	5115	2000086	3232	5370	2100235	2921	5624	2200243	2596	5878	2300058	2277	6131	2400231	1976	6381	2500231	1704	6631	2600412	1441	6878	2700270	1202	7123	2800435	981	7368	2900128	786	7613	3000372	621	7855	3100213	482	8096	3200197	365	8335	3300271	276	8575	3400461	209	8812	3500394	204	
256	100160	9678	511	200132	9346	767	300293	8997	1023	400218	8651	1279	500194	8313	1535	600429	7970	1789	700185	7646	2046	800351	7293	2301	900116	6952	2557	1000284	6618	2812	1100254	6271	3068	1200330	5929	3324	1300225	5592	3580	1400315	5258	3835	1500307	4913	4091	1600336	4577	4347	1700394	4220	4603	1800451	3881	4858	1900354	3560	5112	2000119	3236	5366	2100271	2911	5619	2200310	2605	5872	2300390	2288	6123	2400220	1985	6372	2500398	1706	6621	2600418	1456	6869	2700148	1216	7117	2800237	991	7364	2900206	795	7609	3000282	613	7852	3100064	460	8094	3200193	339	8333	3300298	251	8571	3400063	204	8809	3500457	204	
257	100273	9673	512	200104	9342	767	300395	9010	1022	400192	8658	1279	500339	8312	1535	600260	7963	1792	700405	7608	2047	800294	7266	2303	900380	6932	2559	1000393	6580	2814	1100145	6240	3070	1200352	5909	3325	1300179	5574	3579	1400170	5253	3834	1500142	4919	4090	1600333	4583	4345	1700197	4262	4600	1800201	3940	4855	1900244	3617	5109	2000161	3298	5363	2100294	2986	5616	2200375	2685	5868	2300155	2390	6118	2400117	2112	6368	2500169	1839	6618	2600209	1584	6866	2700157	1335	7115	2800356	1100	7363	2900324	873	7609	3000309	667	7854	3100429	486	8095	3200238	344	8335	3300284	259	8574	3400428	213	8811	3500168	204	
257	100104	9665	513	200045	9326	769	300328	8987	1026	400421	8638	1282	500212	8294	1539	600243	7952	1796	700297	7601	2051	800266	7260	2307	900382	6903	2563	1000284	6568	2819	1100381	6238	3074	1200155	5908	3329	1300102	5570	3586	1400409	5241	3842	1500243	4897	4099	1600421	4554	4355	1700312	4225	4612	1800280	3876	4867	1900336	3550	5121	2000323	3224	5375	2100168	2903	5628	2200061	2590	5881	2300236	2284	6132	2400083	1992	6384	2500360	1735	6633	2600300	1487	6881	2700231	1243	7129	2800296	1016	7376	2900365	813	7621	3000379	622	7864	3100120	458	8105	3200104	331	8344	3300275	245	8582	3400438	207	8820	3500349	204	
62	101351	50170	123	201031	49939	185	301778	49715	246	401343	49465	307	501224	49233	368	600353	48999	429	700452	48773	491	800862	48544	553	901806	48309	614	1001669	48078	675	1100888	47848	737	1201494	47612	798	1300260	47372	860	1401602	47134	921	1500921	46905	983	1601670	46668	1044	1701485	46423	1105	1801248	46191	1165	1900714	45965	1226	2000606	45730	1288	2101549	45493	1349	2201329	45263	1410	2301613	45028	1471	2401040	44803	1532	2500742	44581	1594	2601328	44333	1655	2700950	44099	1716	2800892	43870	1778	2901760	43631	1839	3001335	43398	1900	3100728	43164	1962	3201438	42929	2023	3301146	42702	2084	3401505	42470	2145	3500567	42240	
62	101862	50179	123	201437	49956	184	300802	49720	246	401816	49478	307	501601	49238	368	600984	48994	429	701721	48749	490	801000	48520	551	900516	48291	613	1001552	48045	674	1101569	47798	735	1201469	47571	796	1300498	47331	858	1401724	47097	918	1500503	46864	979	1600373	46628	1041	1701369	46399	1102	1800953	46174	1163	1901419	45939	1223	2001555	45707	1284	2101764	45469	1345	2200959	45229	1406	2300925	44995	1467	2400944	44762	1528	2500797	44533	1589	2600334	44305	1651	2701613	44064	1712	2801474	43840	1772	2900382	43603	1834	3001643	43371	1895	3101597	43140	1956	3201668	42893	2017	3300913	42655	2079	3401585	42409	2140	3500969	42173	
61	101042	50184	122	201162	49952	184	301690	49710	245	401654	49488	305	500533	49264	366	600867	49028	427	701106	48783	488	800611	48555	549	900683	48324	611	1001478	48082	672	1100716	47844	733	1200332	47617	795	1301517	47379	856	1401858	47155	917	1501310	46920	979	1601418	46676	1040	1700759	46442	1102	1801930	46195	1163	1901797	45961	1224	2001129	45720	1286	2101674	45491	1347	2201223	45246	1408	2300891	45022	1469	2401056	44800	1531	2501388	44576	1592	2601195	44343	1653	2701497	44115	1714	2800689	43889	1776	2901568	43648	1837	3001628	43418	1897	3100566	43206	1959	3201352	42973	2020	3301799	42751	2080	3400837	42531	2142	3501542	42298	
62	100911	50172	123	200838	49941	184	300479	49707	246	401485	49454	307	501229	49210	368	601657	48973	429	701716	48742	490	800559	48510	552	901361	48266	613	1000356	48014	675	1101272	47774	736	1200346	47546	798	1301843	47317	859	1401509	47091	920	1500611	46858	982	1601607	46613	1043	1701114	46385	1104	1800329	46162	1166	1901321	45926	1227	2001051	45692	1288	2101283	45465	1348	2200902	45234	1408	2300656	45007	1470	2401730	44765	1531	2501690	44529	1592	2601031	44291	1653	2700571	44059	1715	2801318	43814	1776	2900992	43582	1838	3001815	43346	1899	3101284	43121	1960	3200476	42893	2022	3301542	42659	2083	3401484	42430	2144	3501123	42194	
62	101423	50158	123	201189	49929	184	301523	49703	245	400892	49473	306	500672	49237	367	600854	48988	428	701571	48758	489	800864	48522	551	901602	48280	612	1001648	48052	673	1101179	47815	734	1200470	47556	796	1301445	47317	857	1401768	47093	918	1501409	46840	979	1601437	46609	1040	1700986	46386	1101	1800525	46156	1163	1901886	45912	1224	2001773	45684	1285	2101010	45454	1346	2200476	45226	1408	2301429	44994	1468	2400327	44759	1530	2501689	44515	1590	2600360	44279	1652	2701020	44050	1712	2800361	43816	1773	2901172	43578	1834	3000286	43347	1896	3101474	43117	1957	3200712	42890	2019	3301390	42650	2080	3400633	42414	2142	3501514	42179	
