versja nr 3;wspolczynnik mutacji 1.500000;wielkosc populacji 75
163	100125	562	324	200459	562	483	300109	562	500	310669	562	643	400303	562	803	500207	562	963	600356	562	1000	623475	562	1124	700611	562	1283	800630	562	1443	900410	562	1500	935920	562	1604	1000620	562	1764	1100336	562	1921	1200119	562	2000	1250081	562	2080	1300089	562	2241	1400520	562	2401	1500241	562	2500	1562055	562	2561	1600412	562	2722	1700623	562	2882	1800332	562	3000	1873930	562	3042	1900167	562	3203	2000436	562	3363	2100347	562	3500	2185874	562	3523	2200220	562	3684	2300522	562	3844	2400356	562	4000	2497737	562	4004	2500271	562	
162	100141	624	322	200069	624	482	300414	624	500	311669	624	629	400324	624	787	500486	624	947	600580	624	1000	633677	624	1107	700310	624	1267	800528	624	1426	900320	624	1500	946445	624	1586	1000217	624	1746	1100452	624	1906	1200483	624	2000	1259827	624	2065	1300365	624	2225	1400557	624	2384	1500065	624	2500	1572668	624	2544	1600198	624	2704	1700232	624	2864	1800195	624	3000	1885088	624	3024	1900120	624	3184	2000254	624	3344	2100432	624	3500	2197875	624	3504	2200406	624	3663	2300267	624	3822	2400144	624	3983	2500573	624	
162	100131	671	324	200548	671	484	300150	671	500	310130	671	644	400194	671	805	500189	671	967	600469	671	1000	620849	671	1129	700628	671	1288	800290	671	1450	900488	671	1500	931425	671	1610	1000425	671	1771	1100082	671	1932	1200412	671	2000	1242682	671	2093	1300215	671	2255	1400534	671	2416	1500268	671	2500	1552219	671	2577	1600059	671	2739	1700150	671	2899	1800192	671	3000	1862817	671	3061	1900564	671	3222	2000530	671	3383	2100335	671	3500	2172750	671	3544	2200100	671	3703	2300159	671	3865	2400579	671	4000	2484153	671	4026	2500285	671	
163	100183	657	323	200235	657	483	300460	657	500	311093	657	642	400030	657	803	500572	657	963	600406	657	1000	623411	657	1123	700214	657	1283	800258	657	1444	900645	657	1500	935578	657	1604	1000558	657	1763	1100059	657	1923	1200124	657	2000	1248464	657	2084	1300659	657	2243	1400143	657	2402	1500160	657	2500	1561408	657	2557	1600660	657	2707	1700248	657	2864	1800241	657	3000	1885510	657	3024	1900575	657	3184	2000402	657	3344	2100460	657	3500	2197844	657	3504	2200349	657	3664	2300505	657	3824	2400117	657	3985	2500455	657	
165	100484	754	325	200351	754	488	300387	754	500	307843	754	651	400457	754	814	500524	754	976	600076	754	1000	614801	754	1139	700173	754	1302	800374	754	1464	900044	754	1500	922275	754	1622	1000191	754	1784	1100043	754	1946	1200163	754	2000	1233272	754	2109	1300301	754	2271	1400531	754	2434	1500446	754	2500	1541014	754	2596	1600307	754	2758	1700554	754	2920	1800370	754	3000	1849721	754	3082	1900171	754	3245	2000100	754	3408	2100585	754	3500	2157107	754	3570	2200165	754	3733	2300234	754	3895	2400051	754	4000	2465337	754	4057	2500412	754	
162	100453	709	316	200259	709	475	300278	709	500	315978	709	635	400449	709	795	500431	709	955	600642	709	1000	628845	709	1114	700303	709	1274	800424	709	1434	900646	709	1500	942087	709	1593	1000348	709	1752	1100067	709	1912	1200523	709	2000	1255534	709	2071	1300260	709	2231	1400619	709	2391	1500639	709	2500	1568708	709	2550	1600030	709	2710	1700377	709	2870	1800418	709	3000	1882453	709	3028	1900066	709	3188	2000252	709	3347	2100095	709	3500	2197203	709	3505	2200375	709	3663	2300140	709	3823	2400468	709	3983	2500581	709	
166	100602	652	329	200596	652	492	300226	652	500	305087	652	655	400428	652	818	500511	652	981	600159	652	1000	611774	652	1145	700354	652	1308	800040	652	1472	900138	652	1500	917301	652	1636	1000261	652	1800	1100479	652	1956	1200458	652	2000	1227363	652	2119	1300252	652	2282	1400559	652	2446	1500523	652	2500	1533386	652	2610	1600561	652	2774	1700607	652	2938	1800591	652	3000	1838402	652	3101	1900110	652	3264	2000073	652	3427	2100062	652	3500	2144802	652	3591	2200521	652	3752	2300115	652	3913	2400329	652	4000	2453393	652	4077	2500420	652	
161	100069	539	321	200274	539	480	300222	539	500	312785	539	639	400218	539	799	500588	539	958	600539	539	1000	626865	539	1117	700134	539	1277	800358	539	1435	900114	539	1500	941048	539	1594	1000209	539	1753	1100195	539	1912	1200134	539	2000	1255298	539	2072	1300356	539	2231	1400147	539	2388	1500125	539	2500	1571239	539	2546	1600228	539	2705	1700119	539	2865	1800637	539	3000	1885339	539	3024	1900390	539	3184	2000590	539	3343	2100159	539	3500	2198747	539	3503	2200639	539	3662	2300714	539	3821	2400415	539	3980	2500379	539	
169	100382	721	336	200253	721	500	298430	721	503	300239	721	671	400425	721	838	500211	721	1000	596725	721	1006	600381	721	1169	700092	721	1336	800248	721	1500	898783	721	1503	900604	721	1669	1000175	721	1836	1100035	721	2000	1198007	721	2004	1200400	721	2171	1300448	721	2339	1400550	721	2500	1496644	721	2506	1500229	721	2673	1600251	721	2841	1700356	721	3000	1795530	721	3008	1800346	721	3176	1900532	721	3342	2000058	721	3500	2094285	721	3510	2100278	721	3677	2200242	721	3845	2300417	721	4000	2392905	721	4012	2400101	721	4180	2500291	721	
160	100039	780	318	200155	780	475	300388	780	500	316387	780	631	400157	780	790	500415	780	949	600622	780	1000	632971	780	1107	700626	780	1265	800159	780	1423	900040	780	1500	948592	780	1582	1000216	780	1740	1100078	780	1899	1200067	780	2000	1264071	780	2058	1300546	780	2214	1400376	780	2373	1500507	780	2500	1580352	780	2532	1600595	780	2690	1700156	780	2849	1800230	780	3000	1895240	780	3008	1900329	780	3167	2000365	780	3325	2100052	780	3485	2200443	780	3500	2209959	780	3644	2300624	780	3802	2400314	780	3961	2500203	780	
174	100574	195	344	200420	195	500	292084	195	514	300291	195	684	400036	195	854	500131	195	1000	586021	195	1024	600065	195	1195	700466	195	1365	800354	195	1500	880126	195	1534	900054	195	1705	1000451	195	1874	1100185	195	2000	1174607	195	2044	1200511	195	2214	1300277	195	2385	1400516	195	2500	1467908	195	2555	1500250	195	2726	1600422	195	2896	1700077	195	3000	1761101	195	3067	1800370	195	3237	1900254	195	3407	2000032	195	3500	2055743	195	3573	2100089	195	3741	2200087	195	3912	2300458	195	4000	2352182	195	4082	2400323	195	4253	2500341	195	
165	100279	203	327	200474	203	488	300170	203	500	307563	203	650	400118	203	812	500207	203	973	600438	203	1000	617080	203	1135	700263	203	1297	800384	203	1459	900327	203	1500	925821	203	1621	1000469	203	1782	1100334	203	1943	1200442	203	2000	1237139	203	2100	1300389	203	2261	1400054	203	2423	1500075	203	2500	1547736	203	2585	1600254	203	2747	1700219	203	2908	1800030	203	3000	1856808	203	3071	1900494	203	3233	2000600	203	3392	2100187	203	3500	2166729	203	3554	2200146	203	3717	2300536	203	3879	2400429	203	4000	2475285	203	4041	2500607	203	
165	100624	167	325	200532	167	486	300237	167	500	308876	167	648	400406	167	805	500383	167	967	600515	167	1000	620936	167	1128	700554	167	1289	800230	167	1451	900238	167	1500	930522	167	1613	1000299	167	1774	1100172	167	1935	1200220	167	2000	1240491	167	2097	1300424	167	2259	1400623	167	2419	1500147	167	2500	1550325	167	2581	1600502	167	2743	1700416	167	2905	1800247	167	3000	1858876	167	3067	1900292	167	3229	2000574	167	3390	2100541	167	3500	2169179	167	3550	2200386	167	3711	2300421	167	3872	2400641	167	4000	2479621	167	4033	2500314	167	
171	100365	217	339	200502	217	500	296347	217	507	300530	217	675	400259	217	844	500272	217	1000	592628	217	1013	600322	217	1182	700439	217	1350	800252	217	1500	889290	217	1518	900052	217	1687	1000468	217	1855	1100245	217	2000	1186662	217	2023	1200363	217	2192	1300529	217	2361	1400577	217	2500	1483101	217	2529	1500236	217	2698	1600486	217	2865	1700319	217	3000	1780695	217	3033	1800228	217	3202	1900055	217	3371	2000196	217	3500	2076595	217	3540	2100427	217	3709	2200492	217	3877	2300198	217	4000	2373068	217	4046	2400297	217	4215	2500281	217	
163	100079	290	322	200521	290	480	300058	290	500	312607	290	640	400269	290	801	500366	290	962	600458	290	1000	624094	290	1122	700610	290	1282	800088	290	1443	900322	290	1500	935859	290	1603	1000517	290	1763	1100260	290	1923	1200271	290	2000	1248310	290	2084	1300454	290	2245	1400444	290	2406	1500273	290	2500	1558579	290	2567	1600236	290	2727	1700103	290	2885	1800519	290	3000	1872676	290	3045	1900631	290	3204	2000149	290	3364	2100371	290	3500	2185296	290	3524	2200280	290	3685	2300361	290	3846	2400377	290	4000	2496165	290	4007	2500559	290	
171	100615	197	339	200610	197	500	297136	197	505	300169	197	673	400510	197	841	500164	197	1000	594350	197	1010	600304	197	1179	700460	197	1347	800148	197	1500	891220	197	1515	900169	197	1680	1000574	197	1847	1100478	197	2000	1191147	197	2015	1200111	197	2184	1300346	197	2353	1400548	197	2500	1488315	197	2520	1500321	197	2689	1600599	197	2857	1700323	197	3000	1786136	197	3024	1800413	197	3192	1900457	197	3360	2000101	197	3500	2083153	197	3529	2100357	197	3697	2200110	197	3866	2300183	197	4000	2379616	197	4035	2400424	197	4204	2500585	197	
168	100262	375	330	200483	375	494	300324	375	500	303945	375	659	400068	375	825	500626	375	990	600553	375	1000	606606	375	1154	700208	375	1317	800036	375	1480	900129	375	1500	912297	375	1644	1000552	375	1808	1100411	375	1973	1200476	375	2000	1216821	375	2138	1300374	375	2303	1400510	375	2468	1500326	375	2500	1519758	375	2633	1600560	375	2796	1700266	375	2959	1800243	375	3000	1825189	375	3124	1900332	375	3289	2000131	375	3454	2100483	375	3500	2128307	375	3619	2200370	375	3784	2300126	375	3949	2400373	375	4000	2431346	375	4114	2500356	375	
166	100490	181	328	200234	181	491	300421	181	500	305962	181	654	400374	181	816	500060	181	980	600496	181	1000	612810	181	1142	700078	181	1305	800243	181	1468	900092	181	1500	919698	181	1630	1000227	181	1792	1100142	181	1955	1200220	181	2000	1227974	181	2118	1300348	181	2281	1400364	181	2444	1500206	181	2500	1534742	181	2607	1600303	181	2770	1700195	181	2933	1800493	181	3000	1841804	181	3096	1900572	181	3258	2000311	181	3421	2100412	181	3500	2148936	181	3584	2200444	181	3747	2300469	181	3906	2400597	181	4000	2458554	181	4068	2500360	181	
170	100380	157	336	200279	157	500	299143	157	502	300383	157	667	400295	157	833	500073	157	999	600520	157	1000	601158	157	1165	700378	157	1331	800029	157	1498	900395	157	1500	901608	157	1662	1000109	157	1828	1100043	157	1994	1200208	157	2000	1203795	157	2160	1300238	157	2327	1400595	157	2493	1500308	157	2500	1504554	157	2655	1600327	157	2821	1700596	157	2987	1800589	157	3000	1808375	157	3153	1900419	157	3319	2000565	157	3484	2100054	157	3500	2109754	157	3651	2200439	157	3816	2300025	157	3983	2400378	157	4000	2410655	157	4149	2500165	157	
165	100235	274	327	200295	274	489	300375	274	500	307159	274	651	400030	274	814	500097	274	977	600442	274	1000	614685	274	1139	700558	274	1296	800221	274	1457	900161	274	1500	926728	274	1616	1000545	274	1777	1100265	274	1939	1200074	274	2000	1237591	274	2102	1300317	274	2265	1400437	274	2428	1500606	274	2500	1544839	274	2590	1600291	274	2753	1700413	274	2915	1800160	274	3000	1852419	274	3078	1900441	274	3240	2000441	274	3403	2100586	274	3500	2160185	274	3565	2200260	274	3728	2300649	274	3890	2400366	274	4000	2467900	274	4053	2500445	274	
55	101902	4508	108	200777	4508	161	300239	4508	214	400255	4508	268	501711	4508	321	600517	4508	375	701908	4508	428	801383	4508	481	900660	4508	500	936293	4508	535	1001841	4508	588	1101260	4508	641	1200456	4508	695	1301132	4508	748	1400771	4508	801	1500229	4508	855	1601385	4508	908	1700803	4508	962	1801652	4508	1000	1872368	4508	1015	1900638	4508	1069	2001794	4508	1122	2100663	4508	1176	2201690	4508	1229	2301191	4508	1282	2401194	4508	1335	2500448	4508	
54	101025	4286	106	200426	4286	159	301248	4286	211	400586	4286	264	501107	4286	317	601813	4286	369	700713	4286	422	801398	4286	474	900432	4286	500	950246	4286	527	1001640	4286	579	1100267	4286	632	1201264	4286	684	1300495	4286	737	1401927	4286	789	1500629	4286	842	1601400	4286	894	1700529	4286	947	1801166	4286	1000	1901801	4286	1000	1901924	4286	1052	2001151	4286	1103	2100942	4286	1156	2201931	4286	1208	2300895	4286	1260	2400193	4286	1313	2501092	4286	
54	101194	4707	107	201494	4707	160	301915	4707	212	400216	4707	265	500251	4707	318	600540	4707	371	700873	4707	424	801623	4707	477	901681	4707	500	945125	4707	530	1001956	4707	582	1100192	4707	634	1200538	4707	687	1301047	4707	740	1400808	4707	793	1501441	4707	846	1601301	4707	899	1701399	4707	952	1801927	4707	1000	1893395	4707	1004	1900995	4707	1057	2001129	4707	1110	2101330	4707	1163	2201291	4707	1216	2301416	4707	1268	2400333	4707	1321	2500354	4707	
55	101436	3567	107	200235	3567	160	300294	3567	212	401559	3567	265	501731	3567	317	600241	3567	370	700875	3567	423	801403	3567	476	901769	3567	500	947081	3567	529	1001958	3567	581	1100423	3567	634	1200891	3567	687	1301761	3567	739	1400193	3567	792	1500212	3567	845	1600550	3567	898	1700645	3567	951	1800838	3567	1000	1893246	3567	1004	1901009	3567	1057	2001241	3567	1110	2101209	3567	1163	2201254	3567	1216	2301333	3567	1269	2401359	3567	1322	2501292	3567	
54	101535	3725	106	201517	3725	158	301822	3725	210	401782	3725	262	501926	3725	313	600213	3725	365	700670	3725	417	800614	3725	469	900523	3725	500	960280	3725	521	1000778	3725	573	1100437	3725	625	1200670	3725	677	1301034	3725	729	1401742	3725	780	1500649	3725	832	1600500	3725	884	1701040	3725	936	1801032	3725	988	1901049	3725	1000	1924175	3725	1040	2001272	3725	1092	2101260	3725	1144	2201216	3725	1196	2301590	3725	1248	2401637	3725	1298	2500155	3725	
53	100810	4557	105	200765	4557	158	301824	4557	210	400817	4557	263	501904	4557	315	600952	4557	367	700682	4557	419	800457	4557	471	900318	4557	500	955498	4557	524	1001369	4557	576	1100993	4557	628	1200762	4557	681	1301553	4557	733	1400735	4557	786	1501973	4557	837	1600147	4557	889	1701179	4557	941	1800492	4557	994	1901326	4557	1000	1912862	4557	1046	2000567	4557	1099	2101801	4557	1151	2200667	4557	1204	2301609	4557	1256	2400863	4557	1308	2500351	4557	
54	100740	3780	106	200862	3780	158	301657	3780	210	401597	3780	262	501621	3780	314	601522	3780	366	701358	3780	417	801427	3780	469	901031	3780	500	960603	3780	521	1001167	3780	573	1101057	3780	625	1200525	3780	677	1300178	3780	730	1401764	3780	782	1501559	3780	834	1601540	3780	886	1701422	3780	938	1801501	3780	990	1901387	3780	1000	1920524	3780	1042	2000961	3780	1094	2100939	3780	1146	2201533	3780	1198	2301549	3780	1250	2401206	3780	1302	2500774	3780	
53	100805	3968	104	200875	3968	155	300906	3968	206	400748	3968	257	501044	3968	308	600881	3968	359	700636	3968	410	801345	3968	461	901526	3968	500	978032	3968	512	1001697	3968	562	1100128	3968	613	1200161	3968	664	1300141	3968	715	1400426	3968	766	1500574	3968	817	1601922	3968	867	1701797	3968	917	1800662	3968	968	1901237	3968	1000	1964524	3968	1019	2002016	3968	1070	2101940	3968	1120	2200251	3968	1171	2300155	3968	1223	2402018	3968	1273	2500587	3968	
55	101899	4328	108	201412	4328	161	301304	4328	214	401276	4328	267	500979	4328	320	600494	4328	374	701924	4328	427	801555	4328	480	901090	4328	500	938908	4328	533	1000949	4328	586	1100687	4328	639	1201015	4328	692	1300786	4328	745	1400467	4328	798	1500354	4328	852	1601616	4328	905	1701196	4328	958	1801367	4328	1000	1880489	4328	1011	1901205	4328	1064	2000320	4328	1116	2100233	4328	1169	2200195	4328	1223	2301707	4328	1276	2401319	4328	1329	2500930	4328	
54	101742	3859	105	200126	3859	157	300814	3859	209	401303	3859	261	501599	3859	313	601857	3859	365	701747	3859	417	801545	3859	469	901350	3859	500	960855	3859	521	1001195	3859	573	1101490	3859	624	1202064	3859	676	1301928	3859	727	1400147	3859	779	1500805	3859	831	1600864	3859	883	1700884	3859	935	1801730	3859	987	1901514	3859	1000	1926552	3859	1039	2001715	3859	1090	2100161	3859	1142	2200417	3859	1194	2300513	3859	1246	2401065	3859	1298	2501313	3859	
56	100493	1173	109	201782	1173	160	301480	1173	211	400910	1173	263	500722	1173	315	600202	1173	368	701362	1173	420	800968	1173	472	900389	1173	500	954125	1173	525	1001850	1173	577	1101451	1173	629	1200580	1173	681	1300224	1173	734	1401825	1173	786	1501377	1173	838	1601161	1173	890	1700755	1173	942	1800481	1173	995	1901855	1173	1000	1911532	1173	1047	2001731	1173	1099	2101040	1173	1151	2200477	1173	1204	2301796	1173	1256	2401526	1173	1308	2501702	1173	
58	101950	1243	111	200560	1243	165	301138	1243	219	401760	1243	272	501127	1243	325	600172	1243	379	701062	1243	432	800195	1243	486	901123	1243	500	927233	1243	540	1001674	1243	593	1100753	1243	647	1201224	1243	701	1301947	1243	754	1401023	1243	807	1500129	1243	861	1600747	1243	915	1701279	1243	969	1801797	1243	1000	1859874	1243	1022	1900723	1243	1076	2001655	1243	1129	2100376	1243	1183	2201486	1243	1236	2300240	1243	1290	2400737	1243	1343	2501527	1243	
55	100948	2147	107	201169	2147	159	301429	2147	211	401397	2147	263	501412	2147	314	600265	2147	367	701765	2147	419	801795	2147	471	901954	2147	500	958244	2147	522	1000756	2147	574	1101102	2147	626	1201050	2147	678	1301389	2147	730	1401261	2147	782	1501418	2147	834	1601209	2147	885	1701249	2147	937	1801223	2147	989	1901637	2147	1000	1922804	2147	1040	2000446	2147	1092	2100376	2147	1144	2200214	2147	1196	2300174	2147	1249	2401888	2147	1301	2501722	2147	
58	101937	1399	111	200924	1399	164	300116	1399	218	401107	1399	272	501921	1399	325	601195	1399	378	700349	1399	430	800580	1399	484	901630	1399	500	931693	1399	537	1000856	1399	590	1100492	1399	644	1201265	1399	698	1301866	1399	751	1401138	1399	805	1501755	1399	858	1600952	1399	911	1700321	1399	965	1801145	1399	1000	1866644	1399	1018	1900352	1399	1072	2001769	1399	1125	2101006	1399	1179	2201826	1399	1232	2300796	1399	1286	2401912	1399	1339	2501231	1399	
57	100638	1058	111	200440	1058	165	300415	1058	219	400306	1058	274	501815	1058	328	601836	1058	381	700391	1058	435	800376	1058	489	900665	1058	500	921137	1058	543	1001281	1058	596	1100208	1058	650	1200574	1058	704	1300786	1058	758	1400479	1058	812	1500552	1058	866	1600532	1058	920	1700640	1058	974	1800479	1058	1000	1848439	1058	1028	1900162	1058	1082	2000219	1058	1136	2100131	1058	1191	2201857	1058	1245	2301543	1058	1299	2401502	1058	1353	2501395	1058	
56	100466	1178	109	200663	1178	162	301158	1178	215	401900	1178	267	501097	1178	320	601376	1178	373	701574	1178	426	801742	1178	479	901709	1178	500	941550	1178	531	1000189	1178	584	1100403	1178	637	1200806	1178	690	1300669	1178	743	1400962	1178	796	1501050	1178	849	1601514	1178	902	1701309	1178	955	1801284	1178	1000	1886351	1178	1008	1901572	1178	1061	2001904	1178	1112	2100631	1178	1165	2200980	1178	1218	2300951	1178	1271	2401243	1178	1324	2501160	1178	
59	101534	1205	113	200411	1205	168	300676	1205	223	400906	1205	278	501184	1205	333	601325	1205	388	701685	1205	442	800158	1205	497	900687	1205	500	906223	1205	552	1001416	1205	607	1101788	1205	660	1200143	1205	715	1301158	1205	770	1401501	1205	825	1501760	1205	879	1600277	1205	934	1700309	1205	989	1800591	1205	1000	1820759	1205	1044	1901021	1205	1099	2001426	1205	1153	2100165	1205	1208	2200667	1205	1263	2300877	1205	1318	2401441	1205	1372	2500165	1205	
55	101487	1701	107	201983	1701	158	300724	1701	209	401205	1701	261	501792	1701	312	600677	1701	364	700618	1701	416	800873	1701	468	900966	1701	500	962742	1701	520	1001651	1701	572	1101938	1701	624	1201974	1701	675	1300504	1701	727	1400946	1701	779	1500884	1701	831	1601357	1701	883	1701647	1701	934	1800521	1701	986	1900690	1701	1000	1927747	1701	1038	2000941	1701	1090	2102007	1701	1141	2201167	1701	1193	2301599	1701	1244	2400154	1701	1296	2500677	1701	
55	100703	1181	107	201185	1181	158	300614	1181	210	401567	1181	262	501857	1181	313	600839	1181	365	701495	1181	416	800313	1181	468	901580	1181	500	963725	1181	519	1000528	1181	571	1101349	1181	623	1201685	1181	675	1301984	1181	726	1401004	1181	778	1501471	1181	830	1601982	1181	881	1700270	1181	933	1801249	1181	985	1901418	1181	1000	1930479	1181	1036	2000330	1181	1088	2100955	1181	1140	2201436	1181	1192	2301891	1181	1243	2400817	1181	1294	2501289	1181	
58	101619	1315	111	200293	1315	165	300549	1315	219	400361	1315	273	500550	1315	327	600413	1315	381	700441	1315	435	800734	1315	489	900616	1315	500	921129	1315	543	1000875	1315	597	1100783	1315	651	1200784	1315	705	1300621	1315	759	1400543	1315	813	1500482	1315	867	1600886	1315	920	1701019	1315	974	1801559	1315	1000	1849711	1315	1028	1901702	1315	1082	2001507	1315	1136	2101182	1315	1190	2201810	1315	1244	2301593	1315	1298	2401536	1315	1352	2501285	1315	
12	103386	22844	24	207912	22038	35	304919	22038	46	401488	22038	58	507181	22038	69	603900	22038	80	703063	22038	92	809243	22038	103	905980	22038	114	1002996	22038	126	1108573	22038	137	1205701	22038	148	1302612	22038	160	1408078	22038	171	1504929	22038	182	1601669	22038	194	1707281	22038	205	1804194	22038	216	1901362	22038	228	2006894	22038	239	2103818	22038	251	2209341	22038	262	2306560	22038	273	2403335	22038	285	2509161	22038	
12	104456	24346	23	201231	24346	35	306682	24346	46	403631	24346	58	509231	24346	69	606303	24346	80	703010	24346	92	808631	24346	103	905936	24346	114	1003011	24346	125	1100856	24346	137	1206609	24346	148	1303343	24346	160	1408866	24346	171	1505926	24346	182	1602575	24346	194	1708325	24346	205	1804812	24346	216	1901759	24346	228	2007476	24346	239	2104277	24346	250	2201324	24346	262	2306820	24346	273	2403642	24346	285	2509152	24346	
12	104831	22931	23	202059	22931	35	307835	22931	46	404436	22931	57	500913	22931	69	606295	22931	80	703112	22931	92	808944	22931	103	905789	22931	114	1002708	22931	126	1108246	22931	137	1205143	22931	148	1301773	22931	160	1407298	22931	171	1504990	22931	182	1604713	22931	193	1701620	22931	205	1807311	22931	216	1904589	22931	227	2001631	22931	239	2107180	22931	250	2204067	22931	261	2300842	22931	273	2406286	22931	284	2503201	22931	
12	104343	24346	24	209154	24346	35	304947	23546	46	401596	23546	57	500594	23546	69	606038	23546	80	702736	23546	92	808450	23546	103	906180	23546	114	1002732	23546	126	1107984	23546	137	1204566	23546	148	1301268	23546	160	1407088	23546	171	1503848	23546	183	1609064	23546	194	1705619	23546	205	1802413	23546	217	1907566	23546	228	2004163	23546	239	2100618	23546	251	2205874	23546	262	2302222	23546	274	2407512	23546	285	2504134	23546	
12	102948	23173	24	209201	23173	35	307019	23173	46	404622	23173	57	502224	23173	69	608960	23173	80	706595	23173	91	804608	23173	102	902231	23173	114	1008763	23173	125	1106382	23173	136	1205206	23173	147	1302909	23173	158	1400618	23173	170	1507447	23173	181	1605564	23173	192	1703360	23173	203	1800968	23173	215	1907388	23173	226	2004836	23173	237	2102562	23173	249	2208741	23173	260	2306480	23173	271	2406386	23173	282	2504203	23173	
12	103400	23533	23	201183	23533	35	307654	23533	46	405303	23533	57	502775	23533	69	609178	23533	80	707098	23533	91	804927	23533	102	902572	23533	114	1009112	23533	125	1107023	23533	136	1204683	23533	147	1304071	23533	158	1403370	23533	169	1501192	23533	181	1607610	23533	192	1705710	23533	203	1803643	23533	214	1901675	23533	226	2008211	23533	237	2105998	23533	248	2204142	23533	259	2302086	23533	271	2409035	23533	282	2506830	23533	
12	104565	23933	23	202117	23933	34	301078	23933	46	406490	23933	57	503127	23933	69	608729	23933	80	705197	23933	91	801732	23933	103	907204	23933	114	1003950	23933	125	1101016	23933	137	1206363	23933	148	1302896	23933	160	1408024	23933	171	1504607	23933	182	1601287	23933	194	1707227	23933	205	1803943	23933	216	1900750	23933	228	2006220	23933	239	2102968	23933	251	2208149	23933	262	2305417	23933	273	2401906	23933	285	2507121	23933	
12	104530	25425	24	208955	25425	35	304754	25425	47	408877	25425	58	504713	25425	70	608951	25425	81	704888	25425	93	809151	25425	104	904756	25425	116	1008803	25425	127	1104677	25425	139	1209003	25425	150	1304627	25425	162	1409110	25425	173	1504914	25425	184	1600652	25425	196	1705174	25425	207	1800917	25425	219	1905351	25425	230	2000959	25425	242	2105050	25425	253	2202610	25425	265	2307607	25425	276	2403506	25425	288	2507870	25425	
12	107323	24664	23	205827	24664	34	304297	24664	45	403010	24664	56	501655	24664	68	609220	24664	79	707589	24664	90	805928	24664	101	904412	24664	112	1002956	24664	123	1101358	24664	134	1201915	24664	145	1300605	24664	157	1408048	24664	168	1506590	24664	179	1604880	24664	190	1703195	24664	201	1801546	24664	212	1908297	24664	221	2008378	24664	231	2108276	24664	241	2201070	24664	252	2301117	24664	264	2409015	24664	275	2508254	24664	
12	106314	25460	23	203926	25460	34	301290	25460	46	407501	25460	57	504799	25460	68	602236	25460	80	708437	25460	91	805771	25460	102	903422	25460	113	1001056	25460	125	1107599	25460	136	1205018	25460	147	1302862	25460	159	1409098	25460	170	1506537	25460	181	1603907	25460	192	1701107	25460	204	1807206	25460	215	1904726	25460	226	2002330	25460	238	2108665	25460	249	2206505	25460	260	2304080	25460	271	2401561	25460	283	2507627	25460	
12	104440	25565	24	208745	25565	35	304315	25565	47	408166	25565	58	503283	25565	70	607328	25565	81	702713	25565	93	806811	25565	104	902607	25565	116	1006812	25565	127	1102305	25565	139	1206377	25565	150	1301645	25565	162	1405519	25565	173	1500917	25565	185	1605049	25565	197	1708826	25565	208	1804195	25565	220	1908948	25565	230	2002728	25565	242	2107226	25565	253	2202800	25565	265	2306761	25565	276	2402095	25565	288	2505948	25565	
12	101321	25100	24	202674	25100	36	304067	25100	48	405295	25100	60	506405	25100	72	607824	25100	83	700740	25100	95	801976	25100	107	905413	25100	119	1008299	25100	130	1101095	25100	142	1202364	25100	154	1303682	25100	166	1404759	25100	178	1505936	25100	190	1607447	25100	202	1708641	25100	213	1801557	25100	225	1902799	25100	237	2004023	25100	249	2105218	25100	261	2206631	25100	273	2307731	25100	284	2400667	25100	296	2501946	25100	
12	104806	25298	23	200683	25298	35	305283	25298	46	401390	25298	58	505684	25298	69	601686	25298	81	706511	25298	92	802155	25298	104	907026	25298	115	1003264	25298	127	1107549	25298	138	1203312	25298	150	1307909	25298	161	1403866	25298	173	1508499	25298	184	1604220	25298	196	1708546	25298	207	1804209	25298	219	1908653	25298	230	2004596	25298	242	2109093	25298	253	2204869	25298	264	2300694	25298	276	2404907	25298	287	2500647	25298	
12	103644	25129	24	206998	25129	35	301819	25129	47	405338	25129	59	508323	25129	70	602913	25129	82	705987	25129	94	809115	25129	105	903950	25129	117	1007764	25129	128	1102546	25129	140	1206258	25129	151	1300928	25129	163	1404323	25129	175	1507824	25129	186	1602701	25129	198	1705779	25129	209	1802781	25129	221	1906968	25129	232	2002082	25129	244	2105707	25129	256	2208917	25129	267	2303445	25129	279	2406619	25129	290	2501308	25129	
12	102941	25094	24	205835	25094	36	308962	25094	47	403182	25094	59	505798	25094	71	608515	25094	82	708739	25094	93	805302	25094	105	908707	25094	116	1002813	25094	128	1105701	25094	140	1208382	25094	151	1302772	25094	163	1405525	25094	175	1508475	25094	186	1602738	25094	198	1705336	25094	210	1808197	25094	221	1902794	25094	233	2006035	25094	245	2109035	25094	256	2203388	25094	268	2306377	25094	280	2409047	25094	291	2503666	25094	
12	102778	25616	24	205367	25616	36	308085	25616	47	401796	25616	59	505381	25616	71	607869	25616	82	701912	25616	94	804507	25616	106	907064	25616	117	1001005	25616	129	1103496	25616	141	1206065	25616	153	1308317	25616	164	1402354	25616	176	1505303	25616	188	1608497	25616	199	1702470	25616	211	1805095	25616	223	1908098	25616	234	2002183	25616	246	2104416	25616	258	2207460	25616	269	2301758	25616	281	2404089	25616	293	2506469	25616	
12	104846	25347	23	200818	25347	35	305512	25347	46	401138	25347	58	505428	25347	69	601003	25347	81	705638	25347	92	801312	25347	104	905838	25347	115	1001842	25347	127	1106250	25347	138	1201673	25347	150	1306405	25347	161	1402337	25347	173	1506494	25347	184	1605592	25347	195	1701551	25347	207	1806139	25347	218	1902060	25347	230	2007405	25347	241	2103146	25347	253	2208221	25347	264	2304170	25347	276	2408882	25347	287	2504492	25347	
12	103894	25118	24	207451	25118	35	303008	24235	47	405759	24235	58	503555	24235	70	607060	24235	81	701895	24235	93	805859	24235	104	901062	24235	116	1004955	24235	128	1108888	24235	139	1204097	24235	151	1307613	24235	162	1402832	24235	174	1506469	24235	185	1601560	24235	197	1705043	24235	209	1808390	24235	220	1903798	24235	232	2007545	24235	243	2102781	24235	255	2206539	24235	266	2301756	24235	278	2405556	24235	289	2500926	24235	
12	102213	25350	24	204387	25350	36	306201	25350	48	408198	25350	59	501502	25350	71	603291	25350	83	705111	25350	95	807491	25350	106	901105	25350	118	1003013	25350	130	1104875	25350	142	1206759	25350	153	1300575	25350	165	1402548	25350	177	1504675	25350	189	1606741	25350	201	1709111	25350	212	1802727	25350	224	1904597	25350	236	2006926	25350	248	2108947	25350	259	2202671	25350	271	2304549	25350	283	2408762	25350	294	2502520	25350	
12	103100	25265	24	206156	25265	35	300665	25265	47	404011	25265	59	507170	25265	70	601606	25265	82	704411	25265	94	807236	25265	105	901521	25265	117	1004039	25265	129	1106792	25265	140	1201220	25265	152	1303990	25265	163	1401240	25265	175	1504095	25265	187	1607277	25265	198	1701533	25265	210	1804458	25265	222	1907293	25265	233	2001529	25265	245	2104538	25265	257	2207182	25265	268	2301315	25265	280	2404304	25265	292	2507421	25265	
177	100243	78	353	200113	78	500	283686	78	529	300250	78	702	400565	78	878	500486	78	1000	569588	78	1054	600202	78	1231	700421	78	1407	800115	78	1500	852641	78	1584	900415	78	1760	1000112	78	1937	1100519	78	2000	1136133	78	2113	1200492	78	2289	1300520	78	2465	1400462	78	2500	1420221	78	2642	1500326	78	2816	1600368	78	2992	1700589	78	3000	1705188	78	3167	1800235	78	3343	1900163	78	3500	1989097	78	3519	2000077	78	3696	2100569	78	3872	2200312	78	4000	2272857	78	4048	2300168	78	4225	2400552	78	4401	2500046	78	
173	100147	65	346	200244	65	500	289683	65	518	300124	65	691	400375	65	864	500386	65	1000	579707	65	1036	600440	65	1208	700138	65	1380	800171	65	1500	870377	65	1551	900347	65	1721	1000347	65	1891	1100477	65	2000	1163526	65	2064	1200449	65	2236	1300043	65	2409	1400290	65	2500	1453332	65	2581	1500203	65	2754	1600276	65	2927	1700389	65	3000	1742769	65	3099	1800153	65	3272	1900270	65	3445	2000272	65	3500	2032190	65	3618	2100526	65	3790	2200487	65	3962	2300130	65	4000	2322482	65	4134	2400213	65	4307	2500215	65	
178	100196	86	356	200585	86	500	282663	86	531	300357	86	709	400434	86	886	500318	86	1000	564711	86	1063	600212	86	1241	700501	86	1418	800191	86	1500	846829	86	1595	900232	86	1773	1000338	86	1951	1100497	86	2000	1128084	86	2128	1200177	86	2306	1300555	86	2483	1400186	86	2500	1409807	86	2661	1500403	86	2838	1600121	86	3000	1691085	86	3016	1700154	86	3180	1800345	86	3357	1900382	86	3500	1980979	86	3534	2000112	86	3712	2100568	86	3887	2200098	86	4000	2263830	86	4064	2300387	86	4241	2400463	86	4418	2500093	86	
178	100113	61	356	200530	61	500	282093	61	532	300325	61	710	400121	61	889	500405	61	1000	562600	61	1067	600212	61	1245	700067	61	1423	800259	61	1500	843629	61	1601	900299	61	1775	1000325	61	1953	1100446	61	2000	1126845	61	2131	1200540	61	2308	1300124	61	2486	1400040	61	2500	1407912	61	2665	1500316	61	2843	1600493	61	3000	1688786	61	3021	1700563	61	3198	1800398	61	3375	1900315	61	3500	1970896	61	3552	2000364	61	3728	2100472	61	3905	2200148	61	4000	2253275	61	4083	2300044	61	4261	2400022	61	4440	2500409	61	
167	100302	87	330	200539	87	496	300098	87	500	302516	87	664	400525	87	831	500141	87	998	600550	87	1000	601763	87	1165	700381	87	1332	800334	87	1499	900080	87	1500	900701	87	1666	1000052	87	1832	1100082	87	1998	1200186	87	2000	1201393	87	2165	1300517	87	2331	1400488	87	2497	1500093	87	2500	1501928	87	2665	1600595	87	2832	1700235	87	2999	1800273	87	3000	1800883	87	3166	1900085	87	3334	2000489	87	3500	2099625	87	3501	2100250	87	3668	2200225	87	3835	2300386	87	4000	2399185	87	4002	2400406	87	4168	2500151	87	
191	100432	88	381	200276	88	500	262501	88	572	300305	88	763	400492	88	953	500127	88	1000	524782	88	1144	600065	88	1335	700060	88	1500	786379	88	1526	800036	88	1717	900144	88	1908	1000271	88	2000	1048751	88	2098	1100321	88	2288	1200261	88	2479	1300227	88	2500	1311242	88	2670	1400205	88	2860	1500159	88	3000	1573544	88	3051	1600285	88	3243	1700535	88	3433	1800414	88	3500	1835432	88	3624	1900291	88	3815	2000051	88	4000	2096991	88	4006	2100299	88	4197	2200540	88	4387	2300540	88	4500	2361881	88	4573	2400557	88	4762	2500029	88	
167	100312	86	334	200139	86	500	299020	86	502	300232	86	669	400148	86	837	500240	86	1000	598107	86	1004	600503	86	1172	700484	86	1338	800301	86	1500	898287	86	1503	900132	86	1670	1000419	86	1838	1100475	86	2000	1197132	86	2005	1200143	86	2173	1300102	86	2341	1400102	86	2500	1494706	86	2509	1500422	86	2674	1600127	86	2841	1700127	86	3000	1795002	86	3009	1800367	86	3177	1900433	86	3345	2000518	86	3500	2092798	86	3513	2100557	86	3681	2200588	86	3848	2300208	86	4000	2390755	86	4016	2400282	86	4184	2500324	86	
181	100048	57	362	200178	57	500	276108	57	544	300302	57	726	400212	57	908	500250	57	1000	550728	57	1091	600551	57	1270	700255	57	1450	800180	57	1500	827608	57	1633	900513	57	1814	1000489	57	1995	1100051	57	2000	1102834	57	2176	1200272	57	2358	1300064	57	2500	1378699	57	2539	1400174	57	2721	1500452	57	2903	1600515	57	3000	1653666	57	3085	1700423	57	3267	1800131	57	3447	1900346	57	3500	1929387	57	3630	2000469	57	3809	2100334	57	3991	2200416	57	4000	2205329	57	4173	2300385	57	4355	2400260	57	4500	2480580	57	4536	2500410	57	
172	100326	88	343	200380	88	500	292697	88	513	300260	88	684	400038	88	856	500271	88	1000	583983	88	1028	600342	88	1198	700184	88	1370	800216	88	1500	875842	88	1542	900337	88	1714	1000573	88	1884	1100031	88	2000	1167754	88	2055	1200100	88	2226	1300380	88	2397	1400427	88	2500	1460479	88	2568	1500038	88	2740	1600074	88	2912	1700463	88	3000	1752081	88	3082	1800234	88	3254	1900279	88	3425	2000048	88	3500	2043963	88	3597	2100445	88	3768	2200402	88	3939	2300137	88	4000	2335764	88	4111	2400504	88	4281	2500032	88	
173	100615	94	345	200289	94	500	290570	94	517	300406	94	690	400595	94	862	500160	94	1000	579902	94	1035	600100	94	1208	700222	94	1380	800077	94	1500	870697	94	1550	900463	94	1723	1000571	94	1895	1100177	94	2000	1160797	94	2068	1200334	94	2241	1300571	94	2413	1400053	94	2500	1450384	94	2586	1500341	94	2758	1600045	94	2931	1700331	94	3000	1740248	94	3102	1800341	94	3275	1900453	94	3447	2000465	94	3500	2031243	94	3615	2100453	94	3787	2200317	94	3959	2300231	94	4000	2323930	94	4131	2400031	94	4304	2500585	94	
205	100173	84	411	200425	84	500	243538	84	617	300441	84	822	400489	84	1000	487149	84	1027	500286	84	1233	600386	84	1438	700385	84	1500	730460	84	1643	800031	84	1848	900100	84	2000	974364	84	2053	1000112	84	2259	1100322	84	2464	1200089	84	2500	1217553	84	2665	1300238	84	2869	1400502	84	3000	1464315	84	3074	1500425	84	3279	1600018	84	3484	1700062	84	3500	1707862	84	3690	1800276	84	3894	1900078	84	4000	1951678	84	4099	2000087	84	4304	2100391	84	4500	2195714	84	4509	2200100	84	4715	2300503	84	4919	2400281	84	5000	2439713	84	5124	2500116	84	
182	100023	82	364	200541	82	500	274979	82	546	300138	82	729	400199	82	907	500133	82	1000	550962	82	1090	600029	82	1273	700482	82	1455	800459	82	1500	825083	82	1638	900509	82	1820	1000049	82	2000	1098174	82	2004	1100401	82	2187	1200256	82	2370	1300560	82	2500	1371844	82	2552	1400547	82	2733	1500336	82	2916	1600544	82	3000	1646472	82	3098	1700041	82	3281	1800181	82	3465	1900402	82	3500	1919644	82	3647	2000040	82	3831	2100393	82	4000	2193146	82	4013	2200254	82	4197	2300533	82	4379	2400098	82	4500	2466313	82	4562	2500107	82	
192	100137	50	384	200472	50	500	261019	50	575	300073	50	767	400470	50	958	500337	50	1000	522485	50	1149	600148	50	1341	700111	50	1500	783391	50	1532	800218	50	1723	900283	50	1914	1000085	50	2000	1044949	50	2106	1100265	50	2297	1200249	50	2489	1300388	50	2500	1306177	50	2680	1400216	50	2871	1500090	50	3000	1567306	50	3063	1600153	50	3255	1700488	50	3446	1800098	50	3500	1828327	50	3638	1900221	50	3829	2000233	50	4000	2089763	50	4020	2100233	50	4211	2200249	50	4403	2300283	50	4500	2350907	50	4594	2400029	50	4786	2500185	50	
200	100184	57	399	200088	57	500	250811	57	599	300406	57	798	400037	57	998	500467	57	1000	501510	57	1197	600301	57	1396	700152	57	1500	752247	57	1596	800387	57	1795	900374	57	1994	1000245	57	2000	1003259	57	2193	1100076	57	2390	1200440	57	2500	1256151	57	2588	1300220	57	2788	1400517	57	2987	1500532	57	3000	1507238	57	3185	1600076	57	3385	1700284	57	3500	1757851	57	3585	1800424	57	3779	1900511	57	3976	2000122	57	4000	2012141	57	4175	2100129	57	4374	2200054	57	4500	2263598	57	4573	2300409	57	4772	2400303	57	4971	2500234	57	
177	100551	68	353	200302	68	500	283764	68	529	300266	68	705	400587	68	881	500193	68	1000	567496	68	1058	600218	68	1235	700473	68	1411	800160	68	1500	850560	68	1588	900286	68	1764	1000067	68	1935	1100096	68	2000	1136978	68	2112	1200299	68	2289	1300578	68	2465	1400111	68	2500	1419959	68	2641	1500063	68	2817	1600273	68	2994	1700513	68	3000	1703941	68	3170	1800145	68	3346	1900078	68	3500	1988605	68	3521	2000488	68	3697	2100056	68	3875	2200524	68	4000	2271163	68	4052	2300562	68	4229	2400547	68	4406	2500539	68	
199	100319	58	397	200253	58	500	254162	58	591	300200	58	789	400408	58	988	500406	58	1000	506440	58	1186	600144	58	1385	700203	58	1500	757838	58	1584	800068	58	1782	900057	58	1981	1000056	58	2000	1009564	58	2180	1100237	58	2379	1200221	58	2500	1261162	58	2578	1300382	58	2776	1400150	58	2975	1500355	58	3000	1512914	58	3173	1600359	58	3372	1700383	58	3500	1765138	58	3570	1800425	58	3767	1900112	58	3965	2000037	58	4000	2017787	58	4163	2100230	58	4358	2200095	58	4500	2272461	58	4555	2300125	58	4752	2400431	58	4950	2500251	58	
191	100418	65	381	200068	65	500	262485	65	572	300365	65	762	400234	65	952	500272	65	1000	525367	65	1143	600397	65	1333	700102	65	1500	787628	65	1524	800275	65	1714	900024	65	1904	1000084	65	2000	1050540	65	2095	1100341	65	2286	1200343	65	2477	1300372	65	2500	1312415	65	2668	1400407	65	2859	1500539	65	3000	1574552	65	3049	1600385	65	3239	1700367	65	3430	1800464	65	3500	1837156	65	3620	1900078	65	3810	2000052	65	4000	2099803	65	4001	2100360	65	4192	2200467	65	4383	2300527	65	4500	2361958	65	4571	2400279	65	4758	2500221	65	
182	100395	56	363	200472	56	500	276204	56	544	300380	56	726	400120	56	908	500326	56	1000	551005	56	1090	600558	56	1271	700082	56	1453	800431	56	1500	826292	56	1632	900084	56	1813	1000258	56	1995	1100228	56	2000	1102999	56	2177	1200252	56	2359	1300440	56	2500	1378147	56	2540	1400201	56	2722	1500553	56	2900	1600196	56	3000	1656734	56	3079	1700291	56	3260	1800151	56	3442	1900229	56	3500	1932435	56	3623	2000079	56	3804	2100032	56	3986	2200311	56	4000	2208025	56	4168	2300487	56	4349	2400489	56	4500	2483519	56	4531	2500511	56	
198	100450	55	395	200110	55	500	253290	55	593	300473	55	790	400418	55	987	500043	55	1000	506626	55	1185	600348	55	1382	700045	55	1500	759718	55	1576	800184	55	1772	900111	55	1969	1000354	55	2000	1016102	55	2166	1100344	55	2364	1200359	55	2500	1269214	55	2561	1300219	55	2758	1400176	55	2956	1500281	55	3000	1522529	55	3153	1600057	55	3351	1700135	55	3500	1776108	55	3548	1800394	55	3745	1900158	55	3943	2000298	55	4000	2029211	55	4141	2100413	55	4338	2200260	55	4500	2282327	55	4535	2300113	55	4732	2400147	55	4929	2500095	55	
177	100249	87	356	200305	87	500	280917	87	535	300547	87	712	400395	87	891	500288	87	1000	561158	87	1070	600478	87	1248	700049	87	1428	800571	87	1500	841009	87	1606	900242	87	1785	1000345	87	1956	1100099	87	2000	1125760	87	2133	1200278	87	2312	1300330	87	2490	1400089	87	2500	1405657	87	2669	1500266	87	2848	1600337	87	3000	1685469	87	3027	1700504	87	3206	1800321	87	3385	1900388	87	3500	1964831	87	3563	2000058	87	3742	2100466	87	3920	2200264	87	4000	2245095	87	4099	2300537	87	4277	2400145	87	4456	2500072	87	
65	100123	337	130	200320	337	195	300671	337	260	401040	337	325	500847	337	390	600984	337	455	701142	337	500	770607	337	519	800090	337	584	900286	337	649	1000403	337	714	1100293	337	779	1200812	337	844	1300760	337	909	1400649	337	974	1500676	337	1000	1540930	337	1039	1600915	337	1104	1700649	337	1169	1800646	337	1234	1900770	337	1299	2001315	337	1363	2100447	337	1426	2200300	337	1491	2300465	337	1500	2314389	337	1556	2400376	337	1621	2500325	337	
57	101598	351	113	201073	351	169	300292	351	226	401877	351	282	500608	351	339	601450	351	395	700252	351	452	800997	351	500	885796	351	509	901760	351	565	1001090	351	621	1100105	351	678	1200811	351	733	1300428	351	790	1401592	351	846	1500964	351	902	1600686	351	959	1701180	351	1000	1773611	351	1015	1800460	351	1072	1901244	351	1128	2000291	351	1185	2100995	351	1242	2201380	351	1298	2300161	351	1355	2400757	351	1411	2500407	351	
59	101497	339	117	201082	339	175	300374	339	233	400210	339	290	500251	339	349	601654	339	407	701435	339	464	800209	339	500	862109	339	522	900104	339	580	1000358	339	639	1100988	339	697	1200555	339	756	1301752	339	814	1401324	339	872	1500524	339	930	1600250	339	989	1701130	339	1000	1719951	339	1047	1800965	339	1105	1900332	339	1164	2001166	339	1222	2100725	339	1280	2200532	339	1339	2301382	339	1397	2400706	339	1455	2500514	339	
63	100384	325	126	200617	325	188	300430	325	251	400546	325	314	500616	325	377	600922	325	440	700951	325	500	796728	325	503	801592	325	565	900694	325	628	1000766	325	691	1100793	325	754	1200749	325	817	1301023	325	880	1401061	325	943	1501052	325	1000	1591642	325	1006	1601255	325	1068	1700557	325	1131	1800947	325	1194	1901073	325	1257	2001017	325	1320	2101186	325	1382	2200549	325	1445	2301116	325	1500	2388603	325	1508	2401442	325	1571	2501234	325	
62	100708	355	124	201281	355	185	300623	355	247	401435	355	308	500322	355	370	601187	355	431	700486	355	492	800429	355	500	813794	355	554	901555	355	615	1000853	355	677	1101568	355	738	1200914	355	800	1301631	355	861	1400949	355	923	1501604	355	984	1600495	355	1000	1626491	355	1046	1701113	355	1106	1800778	355	1168	1901604	355	1229	2000797	355	1290	2100159	355	1352	2200616	355	1413	2300662	355	1475	2401622	355	1500	2442267	355	1536	2500707	355	
58	100412	339	116	200807	339	174	301558	339	231	400902	339	289	501201	339	347	601624	339	404	701341	339	462	801573	339	500	867639	339	519	900585	339	577	1001066	339	634	1101026	339	691	1200275	339	749	1300709	339	807	1400899	339	865	1501339	339	922	1600154	339	981	1701715	339	1000	1734705	339	1038	1800507	339	1096	1900730	339	1153	2001049	339	1211	2101183	339	1269	2201659	339	1327	2301763	339	1384	2400289	339	1442	2500391	339	
64	101355	385	127	201407	385	188	300338	385	251	400229	385	315	501317	385	378	601204	385	441	700696	385	500	793541	385	505	801506	385	568	900830	385	631	1000390	385	694	1100293	385	757	1200164	385	821	1301519	385	884	1401190	385	946	1500275	385	1000	1585775	385	1010	1601576	385	1073	1701150	385	1136	1800993	385	1199	1900730	385	1262	2000349	385	1326	2101416	385	1389	2201022	385	1452	2300648	385	1500	2376672	385	1515	2400535	385	1579	2501596	385	
66	100317	345	132	200438	345	198	300333	345	264	400713	345	330	500732	345	396	600462	345	463	701535	345	500	757466	345	529	801237	345	594	900386	345	660	1000357	345	726	1100124	345	792	1200219	345	859	1301429	345	925	1401455	345	991	1501410	345	1000	1515096	345	1057	1601120	345	1123	1701070	345	1189	1801227	345	1255	1901533	345	1321	2001315	345	1387	2101140	345	1453	2201011	345	1500	2273111	345	1518	2300476	345	1584	2400563	345	1649	2501381	345	
63	101253	369	124	200151	369	186	300444	369	248	400389	369	311	501676	369	373	601534	369	435	701518	369	497	801376	369	500	806274	369	559	901276	369	621	1001618	369	683	1101475	369	745	1201138	369	807	1300972	369	869	1400733	369	931	1500359	369	992	1600884	369	1000	1614056	369	1054	1701175	369	1116	1801623	369	1177	1900439	369	1240	2001582	369	1302	2101532	369	1364	2201538	369	1426	2301421	369	1487	2400239	369	1500	2421245	369	1549	2500093	369	
61	100217	358	122	200728	358	183	300593	358	244	400969	358	305	500948	358	366	600905	358	427	701099	358	486	800482	358	500	823479	358	547	900511	358	608	1001113	358	669	1100774	358	730	1200488	358	791	1300490	358	852	1400310	358	914	1501529	358	975	1601475	358	1000	1642577	358	1036	1701596	358	1096	1800265	358	1157	1900319	358	1218	2000463	358	1279	2100374	358	1340	2200100	358	1402	2301589	358	1463	2401369	358	1500	2462369	358	1523	2500424	358	
63	100399	376	126	200646	376	189	300941	376	252	401417	376	315	501666	376	377	600371	376	440	700563	376	500	795896	376	503	800736	376	566	901212	376	629	1001378	376	691	1100157	376	754	1200402	376	817	1301630	376	879	1400225	376	942	1500611	376	1000	1592940	376	1005	1601141	376	1067	1700361	376	1130	1801083	376	1193	1901241	376	1256	2001482	376	1318	2100545	376	1381	2200793	376	1444	2300904	376	1500	2390323	376	1507	2401500	376	1569	2500101	376	
60	100120	333	121	201675	333	181	301424	333	241	400930	333	301	500725	333	361	600341	333	421	700568	333	481	800248	333	500	831863	333	541	900185	333	602	1001565	333	661	1100214	333	722	1201738	333	781	1300107	333	842	1401441	333	902	1501343	333	962	1601185	333	1000	1664394	333	1022	1701131	333	1082	1801200	333	1142	1901030	333	1202	2000851	333	1261	2101433	333	1321	2201243	333	1381	2301177	333	1441	2401039	333	1500	2499080	333	1501	2500829	333	
63	100217	357	127	201497	357	190	301306	357	253	401191	357	316	501313	357	378	600237	357	441	700854	357	500	795252	357	504	801663	357	567	901608	357	630	1001575	357	692	1100606	357	754	1200894	357	817	1301595	357	880	1401614	357	943	1501425	357	1000	1592243	357	1005	1600303	357	1068	1700539	357	1131	1800561	357	1194	1900572	357	1257	2000771	357	1320	2101126	357	1383	2201224	357	1446	2301358	357	1500	2387581	357	1508	2400441	357	1571	2500418	357	
64	100307	337	128	200425	337	192	300348	337	255	400520	337	319	500433	337	383	600835	337	447	701311	337	500	784338	337	510	800092	337	574	900367	337	638	1000588	337	702	1100803	337	766	1200837	337	830	1300886	337	893	1400191	337	957	1500686	337	1000	1567967	337	1021	1600880	337	1085	1700770	337	1149	1800887	337	1213	1901094	337	1277	2001158	337	1341	2100891	337	1405	2200828	337	1469	2300707	337	1500	2348917	337	1533	2400326	337	1597	2500262	337	
66	101348	349	131	201191	349	195	300386	349	260	400618	349	325	500843	349	390	600692	349	455	700671	349	500	769652	349	520	800457	349	585	900154	349	650	1000262	349	715	1100458	349	780	1200571	349	845	1300409	349	911	1401550	349	976	1501141	349	1000	1538678	349	1040	1600582	349	1105	1700897	349	1170	1800980	349	1235	1900830	349	1300	2000796	349	1365	2101161	349	1430	2201040	349	1495	2300869	349	1500	2308566	349	1560	2401158	349	1623	2500935	349	
61	101556	355	120	200278	355	180	300214	355	240	400147	355	300	500134	355	361	601249	355	421	701130	355	481	801082	355	500	832897	355	541	900977	355	601	1000577	355	662	1101731	355	722	1201310	355	782	1300651	355	842	1400442	355	903	1501736	355	963	1601665	355	1000	1664954	355	1022	1701489	355	1082	1801038	355	1142	1901334	355	1201	2001091	355	1261	2100545	355	1321	2200314	355	1381	2300746	355	1441	2400608	355	1500	2498815	355	1501	2500570	355	
63	100407	349	127	201330	349	190	301041	349	253	400129	349	317	501355	349	380	601401	349	443	701650	349	500	792929	349	505	801400	349	567	900474	349	630	1000288	349	694	1101388	349	757	1200793	349	820	1300620	349	883	1400336	349	947	1501307	349	1000	1585078	349	1010	1600915	349	1073	1700361	349	1137	1801621	349	1200	1901394	349	1263	2000860	349	1326	2100264	349	1390	2201115	349	1453	2301103	349	1500	2375503	349	1516	2400912	349	1579	2500510	349	
63	100465	375	127	201087	375	191	301492	375	254	400667	375	318	501432	375	381	600568	375	445	701551	375	500	788371	375	508	801053	375	571	900282	375	635	1001083	375	699	1101400	375	762	1200481	375	826	1301161	375	889	1401123	375	952	1500454	375	1000	1575822	375	1016	1600881	375	1080	1701284	375	1143	1800905	375	1206	1900122	375	1270	2000772	375	1334	2101348	375	1397	2200125	375	1461	2300160	375	1500	2361905	375	1525	2401397	375	1588	2500375	375	
65	100238	332	130	200298	332	194	300457	332	259	401272	332	324	501319	332	388	600321	332	453	701382	332	500	774253	332	517	800697	332	582	901351	332	646	1000238	332	711	1100815	332	776	1201442	332	840	1300480	332	905	1400974	332	970	1501156	332	1000	1547469	332	1034	1600139	332	1099	1700548	332	1164	1801119	332	1228	1900114	332	1293	2000520	332	1354	2100298	332	1417	2200099	332	1482	2301138	332	1500	2328995	332	1546	2400715	332	1610	2500301	332	
68	100797	340	136	201436	340	202	300440	340	269	400157	340	337	501070	340	404	600483	340	472	701045	340	500	742535	340	539	800697	340	607	901184	340	675	1001454	340	742	1100523	340	810	1201125	340	873	1301234	340	940	1401066	340	1000	1489781	340	1007	1500182	340	1075	1601179	340	1141	1700178	340	1209	1801359	340	1276	1900780	340	1343	2000195	340	1411	2101208	340	1478	2200618	340	1500	2233353	340	1545	2300269	340	1613	2401182	340	1680	2500412	340	
14	107261	1669	27	207038	1669	39	301170	1669	52	402478	1669	65	501642	1669	78	601783	1669	91	701164	1669	104	800774	1669	118	907878	1669	131	1007522	1669	144	1107259	1669	157	1206875	1669	170	1306432	1669	183	1405822	1669	196	1505293	1669	209	1604512	1669	222	1703900	1669	235	1803400	1669	248	1902709	1669	261	2002172	1669	274	2101853	1669	287	2201472	1669	300	2301035	1669	314	2408007	1669	327	2507403	1669	
14	105386	1769	27	203032	1769	40	301069	1769	54	406370	1769	67	503952	1769	80	601952	1769	94	707405	1769	107	805218	1769	120	903495	1769	133	1001647	1769	147	1106755	1769	160	1204455	1769	173	1302049	1769	187	1407267	1769	200	1505154	1769	213	1603539	1769	226	1701416	1769	240	1806663	1769	253	1904990	1769	266	2003086	1769	279	2100901	1769	293	2206194	1769	306	2305133	1769	319	2404713	1769	332	2502667	1769	
14	104589	1800	27	201982	1800	41	306278	1800	54	402981	1800	68	507387	1800	81	604278	1800	94	701285	1800	108	805548	1800	121	902405	1800	135	1006960	1800	148	1103888	1800	161	1200598	1800	175	1307161	1800	188	1404797	1800	201	1501841	1800	215	1605927	1800	228	1702675	1800	242	1807253	1800	255	1904194	1800	268	2001298	1800	282	2105577	1800	295	2202602	1800	309	2307097	1800	322	2403570	1800	336	2507668	1800	
14	104103	1759	27	200914	1759	41	307584	1759	54	404451	1759	67	501243	1759	81	605549	1759	94	702318	1759	108	806391	1759	121	902957	1759	135	1007414	1759	148	1104116	1759	161	1200733	1759	175	1304737	1759	188	1401363	1759	202	1505820	1759	215	1602428	1759	229	1706530	1759	242	1803034	1759	256	1906867	1759	269	2003524	1759	283	2107640	1759	296	2204383	1759	309	2300753	1759	323	2404946	1759	336	2501734	1759	
14	106322	1726	27	204985	1726	40	303022	1726	53	401042	1726	67	506464	1726	80	604500	1726	93	702538	1726	106	800873	1726	120	906732	1726	133	1005232	1726	146	1103231	1726	159	1201308	1726	173	1307019	1726	186	1405369	1726	199	1503470	1726	212	1601947	1726	226	1707558	1726	239	1806167	1726	252	1904287	1726	265	2002158	1726	279	2107543	1726	292	2206178	1726	305	2306064	1726	318	2404211	1726	331	2502260	1726	
14	105351	1758	27	202596	1758	41	307284	1758	54	405071	1758	67	502429	1758	81	607362	1758	94	704525	1758	107	801756	1758	121	906348	1758	134	1004121	1758	147	1101264	1758	160	1200825	1758	174	1306112	1758	187	1402967	1758	201	1507704	1758	214	1605130	1758	227	1702246	1758	241	1806601	1758	254	1903591	1758	267	2000952	1758	281	2105847	1758	294	2202874	1758	308	2307357	1758	321	2404704	1758	334	2502154	1758	
14	104596	1712	27	203891	1712	40	301038	1712	54	406029	1712	67	502951	1712	81	607503	1712	94	704633	1712	107	801596	1712	121	906229	1712	134	1003014	1712	148	1107424	1712	161	1204410	1712	174	1301293	1712	188	1406079	1712	201	1503374	1712	215	1607535	1712	228	1705005	1712	241	1801956	1712	255	1906473	1712	268	2003294	1712	282	2107733	1712	295	2204688	1712	308	2301709	1712	322	2406119	1712	335	2502988	1712	
14	104763	1712	27	202164	1712	41	306757	1712	54	403769	1712	67	500882	1712	81	605898	1712	94	703215	1712	108	807974	1712	121	905107	1712	134	1002220	1712	148	1106731	1712	161	1203692	1712	174	1300796	1712	188	1405466	1712	201	1502606	1712	215	1607336	1712	228	1704367	1712	241	1801593	1712	255	1906232	1712	268	2003641	1712	281	2101820	1712	295	2207661	1712	308	2305441	1712	321	2402727	1712	334	2500960	1712	
14	106050	1743	27	204403	1743	40	303163	1743	53	401536	1743	67	507404	1743	80	605879	1743	93	704475	1743	106	803476	1743	119	902411	1743	132	1000894	1743	145	1100943	1743	158	1200646	1743	172	1306917	1743	185	1405393	1743	198	1503538	1743	211	1602093	1743	224	1700829	1743	238	1807430	1743	251	1906056	1743	264	2004673	1743	277	2103020	1743	290	2201557	1743	303	2300542	1743	317	2406520	1743	330	2504963	1743	
13	101739	1684	26	200543	1684	40	306933	1684	53	405639	1684	66	504423	1684	79	603341	1684	92	702200	1684	105	800778	1684	119	906948	1684	132	1005524	1684	145	1104080	1684	158	1203215	1684	171	1301979	1684	185	1407832	1684	198	1506079	1684	211	1604760	1684	224	1703777	1684	237	1802363	1684	250	1900791	1684	264	2007523	1684	277	2106765	1684	290	2205584	1684	303	2304091	1684	316	2402706	1684	329	2501536	1684	
14	102956	1705	28	206198	1705	41	301727	1705	55	404554	1705	68	500662	1705	82	603314	1705	96	706005	1705	109	802235	1705	123	904930	1705	137	1007568	1705	150	1102810	1705	164	1205766	1705	177	1301547	1705	191	1404366	1705	205	1506850	1705	218	1602417	1705	232	1705066	1705	245	1800978	1705	259	1903903	1705	273	2006620	1705	286	2103960	1705	300	2206650	1705	313	2302294	1705	327	2405131	1705	340	2500831	1705	
15	106198	1778	29	205127	1778	43	303592	1778	57	401924	1778	71	500470	1778	86	606004	1778	100	704815	1778	114	803493	1778	128	901894	1778	142	1000478	1778	156	1100946	1778	171	1206650	1778	185	1305178	1778	199	1403232	1778	213	1501705	1778	227	1601217	1778	241	1700618	1778	256	1806312	1778	270	1904541	1778	284	2003300	1778	298	2102082	1778	312	2200782	1778	327	2306388	1778	341	2404834	1778	355	2503455	1778	
14	107368	1776	27	204469	1776	40	301155	1776	54	405288	1776	67	501909	1776	81	605992	1776	94	702791	1776	108	806821	1776	121	903476	1776	135	1007349	1776	148	1104229	1776	161	1201292	1776	175	1305590	1776	188	1402643	1776	202	1506623	1776	215	1603581	1776	229	1707631	1776	242	1804752	1776	255	1901671	1776	269	2005813	1776	282	2102767	1776	296	2206956	1776	309	2303946	1776	322	2400677	1776	336	2504844	1776	
14	102259	1737	28	204437	1737	42	307040	1737	55	401854	1737	69	503727	1737	83	605507	1737	96	700756	1737	110	802894	1737	124	905153	1737	138	1007370	1737	151	1102522	1737	165	1204978	1737	179	1307342	1737	192	1401979	1737	206	1504026	1737	220	1606276	1737	233	1700914	1737	247	1802929	1737	261	1904914	1737	274	2006312	1737	287	2101658	1737	301	2203977	1737	314	2301719	1737	328	2403868	1737	342	2505896	1737	
14	100698	1742	28	200793	1742	42	300712	1742	56	400535	1742	71	507463	1742	84	600509	1742	99	707630	1742	112	800827	1742	126	902095	1742	140	1004051	1742	154	1104157	1742	168	1204092	1742	182	1304054	1742	196	1403908	1742	210	1503999	1742	224	1604125	1742	238	1704641	1742	252	1804584	1742	266	1904536	1742	280	2004714	1742	294	2104587	1742	308	2204759	1742	322	2304865	1742	336	2404615	1742	350	2504443	1742	
15	107049	1764	29	206771	1764	43	306416	1764	57	405802	1764	71	505446	1764	85	605398	1764	99	705876	1764	113	805803	1764	127	905625	1764	141	1005311	1764	155	1105265	1764	169	1205295	1764	183	1305007	1764	197	1404719	1764	211	1504406	1764	225	1603934	1764	239	1703603	1764	253	1803408	1764	267	1903819	1764	281	2003506	1764	295	2103261	1764	309	2203263	1764	323	2302981	1764	337	2402531	1764	351	2502467	1764	
15	104728	1725	29	202516	1725	44	306998	1725	58	404584	1725	72	502134	1725	87	606907	1725	101	704613	1725	115	802180	1725	130	907249	1725	144	1004996	1725	158	1102652	1725	172	1200546	1725	187	1304866	1725	201	1402993	1725	215	1501042	1725	230	1605834	1725	244	1703352	1725	258	1801214	1725	272	1901489	1725	287	2005893	1725	301	2103702	1725	315	2201597	1725	330	2306118	1725	344	2404264	1725	358	2502220	1725	
14	101079	1716	28	201812	1716	42	303086	1716	56	403732	1716	70	504709	1716	84	605286	1716	98	706143	1716	112	806817	1716	125	902924	1716	139	1004007	1716	153	1104978	1716	167	1205694	1716	181	1306380	1716	195	1407292	1716	208	1501012	1716	222	1601967	1716	236	1703254	1716	250	1804021	1716	264	1904789	1716	278	2005652	1716	292	2106125	1716	306	2207366	1716	319	2301460	1716	333	2402212	1716	347	2503220	1716	
15	106176	1725	29	204961	1725	43	303234	1725	57	401541	1725	72	507089	1725	86	606773	1725	100	705467	1725	114	804077	1725	128	902537	1725	142	1001050	1725	157	1106793	1725	171	1205129	1725	185	1303541	1725	199	1401593	1725	214	1507033	1725	228	1605447	1725	242	1703954	1725	256	1802373	1725	270	1900826	1725	285	2006476	1725	299	2105124	1725	313	2203700	1725	327	2302138	1725	341	2400743	1725	356	2506439	1725	
15	105116	1715	29	202732	1715	43	301005	1715	58	405470	1715	72	503449	1715	86	601143	1715	101	705810	1715	115	803322	1715	129	901103	1715	144	1005875	1715	158	1104040	1715	172	1201725	1715	187	1306792	1715	201	1404888	1715	215	1502575	1715	229	1600660	1715	244	1705546	1715	258	1803533	1715	272	1903991	1715	286	2002178	1715	301	2106809	1715	315	2204755	1715	329	2302764	1715	343	2400563	1715	358	2505275	1715	
170	100277	432	335	200294	432	499	300114	432	500	300736	432	664	400277	432	830	500459	432	995	600080	432	1000	603108	432	1157	700277	432	1323	800432	432	1488	900247	432	1500	907577	432	1648	1000071	432	1814	1100299	432	1980	1200485	432	2000	1212602	432	2145	1300477	432	2310	1400318	432	2476	1500321	432	2500	1514850	432	2642	1600551	432	2807	1700484	432	2972	1800426	432	3000	1817307	432	3137	1900062	432	3303	2000104	432	3468	2100040	432	3500	2119400	432	3634	2200629	432	3799	2300326	432	3964	2400116	432	4000	2421785	432	4130	2500436	432	
175	100490	140	342	200460	140	500	293776	140	511	300247	140	681	400292	140	851	500433	140	1000	587798	140	1021	600169	140	1191	700325	140	1361	800232	140	1500	882294	140	1531	900514	140	1700	1000239	140	1870	1100583	140	2000	1176960	140	2040	1200613	140	2208	1300430	140	2377	1400342	140	2500	1472825	140	2547	1500357	140	2717	1600400	140	2886	1700262	140	3000	1767572	140	3056	1800515	140	3226	1900485	140	3395	2000384	140	3500	2062395	140	3564	2100044	140	3734	2200079	140	3905	2300610	140	4000	2356514	140	4074	2400106	140	4244	2500259	140	
171	100536	258	335	200597	258	498	300311	258	500	301537	258	660	400137	258	824	500260	258	989	600365	258	1000	607089	258	1154	700484	258	1318	800074	258	1482	900374	258	1500	911451	258	1645	1000259	258	1810	1100345	258	1974	1200536	258	2000	1216358	258	2138	1300222	258	2303	1400467	258	2468	1500370	258	2500	1519827	258	2625	1600413	258	2789	1700545	258	2952	1800324	258	3000	1829582	258	3116	1900111	258	3281	2000320	258	3445	2100347	258	3500	2134188	258	3607	2200240	258	3768	2300171	258	3931	2400049	258	4000	2442066	258	4096	2500505	258	
171	100550	289	336	200572	289	500	300115	289	500	300147	289	665	400359	289	829	500255	289	993	600143	289	1000	604547	289	1158	700301	289	1323	800109	289	1488	900068	289	1500	907331	289	1653	1000089	289	1818	1100261	289	1982	1200301	289	2000	1211267	289	2147	1300160	289	2312	1400139	289	2475	1500590	289	2500	1516035	289	2639	1600461	289	2804	1700281	289	2969	1800452	289	3000	1819289	289	3133	1900028	289	3299	2000157	289	3464	2100318	289	3500	2122129	289	3629	2200564	289	3793	2300278	289	3957	2400031	289	4000	2426183	289	4123	2500535	289	
171	100035	396	337	200390	396	500	299987	396	501	300621	396	665	400507	396	828	500319	396	992	600238	396	1000	605105	396	1154	700567	396	1319	800571	396	1483	900220	396	1500	910481	396	1648	1000224	396	1813	1100310	396	1978	1200488	396	2000	1213814	396	2142	1300044	396	2307	1400404	396	2472	1500143	396	2500	1517139	396	2636	1600085	396	2801	1700080	396	2966	1800290	396	3000	1820902	396	3132	1900610	396	3297	2000215	396	3461	2100164	396	3500	2123759	396	3627	2200563	396	3792	2300449	396	3956	2400034	396	4000	2426636	396	4122	2500583	396	
167	100238	430	330	200623	430	492	300604	430	500	305539	430	654	400507	430	816	500284	430	978	600222	430	1000	613806	430	1140	700254	430	1302	800151	430	1465	900554	430	1500	922243	430	1627	1000402	430	1789	1100279	430	1951	1200151	430	2000	1230314	430	2114	1300433	430	2276	1400182	430	2439	1500350	430	2500	1538413	430	2600	1600052	430	2762	1700351	430	2924	1800173	430	3000	1847111	430	3086	1900256	430	3248	2000446	430	3410	2100103	430	3500	2155369	430	3573	2200376	430	3735	2300270	430	3897	2400210	430	4000	2463573	430	4060	2500536	430	
168	100378	329	331	200393	329	493	300095	329	500	304357	329	657	400473	329	820	500523	329	983	600536	329	1000	611207	329	1145	700534	329	1306	800350	329	1468	900572	329	1500	920209	329	1631	1000529	329	1794	1100411	329	1957	1200580	329	2000	1226981	329	2120	1300609	329	2282	1400180	329	2445	1500391	329	2500	1534168	329	2608	1600469	329	2771	1700257	329	2934	1800053	329	3000	1840643	329	3098	1900602	329	3261	2000406	329	3420	2100044	329	3500	2148914	329	3584	2200407	329	3747	2300330	329	3911	2400538	329	4000	2454940	329	4074	2500489	329	
166	100421	438	326	200631	438	483	300055	438	500	310679	438	643	400098	438	803	500073	438	963	600146	438	1000	623343	438	1122	700050	438	1282	800278	438	1442	900684	438	1500	938610	438	1599	1000442	438	1758	1100362	438	1918	1200593	438	2000	1253815	438	2074	1300241	438	2234	1400556	438	2393	1500124	438	2500	1566996	438	2553	1600314	438	2712	1700130	438	2872	1800257	438	3000	1880160	438	3032	1900193	438	3192	2000326	438	3352	2100258	438	3500	2193765	438	3511	2200597	438	3671	2300570	438	3830	2400039	438	3990	2500160	438	
172	100434	448	338	200110	448	500	297326	448	505	300352	448	671	400493	448	832	500501	448	998	600212	448	1000	601437	448	1165	700609	448	1331	800282	448	1497	900241	448	1500	902045	448	1664	1000460	448	1831	1100574	448	1996	1200278	448	2000	1202688	448	2162	1300169	448	2329	1400299	448	2495	1500212	448	2500	1503257	448	2661	1600085	448	2828	1700352	448	2994	1800176	448	3000	1803768	448	3161	1900548	448	3327	2000284	448	3493	2100171	448	3500	2104407	448	3659	2200043	448	3826	2300410	448	3993	2400617	448	4000	2404844	448	4159	2500578	448	
168	100457	556	331	200544	556	493	300137	556	500	304460	556	656	400153	556	819	500163	556	982	600350	556	1000	611479	556	1145	700275	556	1308	800229	556	1470	900119	556	1500	918481	556	1633	1000078	556	1796	1100361	556	1959	1200449	556	2000	1225700	556	2122	1300541	556	2284	1400495	556	2445	1500142	556	2500	1533896	556	2608	1600410	556	2770	1700129	556	2933	1800363	556	3000	1841560	556	3096	1900590	556	3258	2000175	556	3421	2100654	556	3500	2149073	556	3584	2200501	556	3747	2300279	556	3910	2400430	556	4000	2455476	556	4072	2500229	556	
58	101449	2223	110	201073	2223	162	301440	2223	214	401134	2223	266	500906	2223	318	600800	2223	370	700506	2223	423	801957	2223	475	900945	2223	500	948784	2223	527	1000553	2223	579	1100261	2223	632	1201552	2223	684	1301236	2223	736	1400709	2223	788	1500455	2223	840	1600164	2223	893	1701543	2223	941	1800398	2223	994	1901756	2223	1000	1913256	2223	1046	2001276	2223	1098	2100845	2223	1150	2200703	2223	1202	2300372	2223	1254	2400283	2223	1307	2501676	2223	
59	100342	2295	113	201617	2295	166	301479	2295	219	400981	2295	272	500239	2295	326	601824	2295	379	701180	2295	432	800624	2295	485	901714	2295	500	930465	2295	537	1000287	2295	591	1101739	2295	644	1201021	2295	697	1300141	2295	751	1401313	2295	804	1500525	2295	858	1601945	2295	911	1700901	2295	965	1801819	2295	1000	1867488	2295	1018	1901310	2295	1071	2000704	2295	1125	2101550	2295	1178	2200870	2295	1231	2300717	2295	1284	2400280	2295	1337	2500191	2295	
58	100583	1664	111	200346	1664	164	300266	1664	217	400134	1664	271	501767	1664	324	601839	1664	377	701611	1664	430	801386	1664	483	901170	1664	500	933179	1664	536	1001127	1664	589	1100650	1664	642	1200134	1664	696	1301977	1664	749	1401553	1664	802	1501433	1664	855	1601373	1664	908	1701071	1664	961	1800995	1664	1000	1874542	1664	1014	1900887	1664	1067	2001204	1664	1120	2100614	1664	1173	2200322	1664	1227	2301877	1664	1280	2401488	1664	1333	2501219	1664	
59	101894	2070	111	200941	2070	163	300210	2070	216	401837	2070	268	501230	2070	320	600245	2070	373	701278	2070	425	801018	2070	478	901914	2070	500	943737	2070	530	1000928	2070	582	1100199	2070	635	1201395	2070	687	1301169	2070	739	1400307	2070	792	1501523	2070	844	1601449	2070	896	1701063	2070	948	1800383	2070	1000	1900085	2070	1000	1900203	2070	1053	2001088	2070	1105	2100301	2070	1157	2201447	2070	1209	2301242	2070	1261	2400267	2070	1314	2501786	2070	
59	100685	1796	111	200482	1796	163	300843	1796	215	400570	1796	268	501717	1796	320	601793	1796	372	701872	1796	424	801916	1796	475	900566	1796	500	948704	1796	527	1000300	1796	579	1100544	1796	631	1201946	1796	683	1302032	1796	733	1400211	1796	786	1501943	1796	838	1601552	1796	890	1701912	1796	942	1801586	1796	994	1901602	1796	1000	1913354	1796	1046	2001722	1796	1098	2101825	1796	1149	2200252	1796	1202	2301738	1796	1254	2401824	1796	1306	2501510	1796	
59	101816	2081	110	200835	2081	162	300448	2081	215	401834	2081	266	502010	2081	318	601065	2081	370	700839	2081	423	801977	2081	475	901792	2081	500	949691	2081	527	1001242	2081	579	1100917	2081	631	1200625	2081	684	1301863	2081	736	1401224	2081	788	1500357	2081	841	1601976	2081	893	1701939	2081	945	1801399	2081	997	1900653	2081	1000	1906480	2081	1050	2001875	2081	1102	2101423	2081	1154	2200796	2081	1206	2300402	2081	1259	2401792	2081	1311	2501283	2081	
58	100671	2179	111	201423	2179	164	301845	2179	216	400205	2179	269	500468	2179	322	600907	2179	375	701702	2179	428	802008	2179	480	900918	2179	500	938956	2179	533	1001505	2179	585	1100134	2179	638	1200640	2179	691	1300997	2179	744	1401237	2179	797	1501777	2179	849	1601716	2179	901	1700419	2179	954	1800814	2179	1000	1888159	2179	1007	1901625	2179	1059	2000662	2179	1112	2101088	2179	1165	2201875	2179	1217	2300492	2179	1270	2400869	2179	1323	2501133	2179	
59	100322	1614	112	200916	1614	165	301279	1614	218	401871	1614	270	500530	1614	323	600617	1614	376	700566	1614	429	801859	1614	481	900203	1614	500	936232	1614	534	1000729	1614	587	1101259	1614	640	1201709	1614	692	1300240	1614	745	1401389	1614	798	1501540	1614	851	1601970	1614	903	1700595	1614	955	1800899	1614	1000	1886041	1614	1008	1901423	1614	1061	2001612	1614	1114	2101830	1614	1166	2200237	1614	1219	2300365	1614	1272	2400238	1614	1325	2500641	1614	
59	100714	1466	111	200552	1466	164	301465	1466	216	401076	1466	268	500811	1466	320	600387	1466	372	700183	1466	425	801413	1466	477	901993	1466	500	947216	1466	528	1000713	1466	581	1101751	1466	633	1201158	1466	685	1300983	1466	737	1400403	1466	790	1501386	1466	842	1601146	1466	894	1700466	1466	947	1801728	1466	999	1901418	1466	1000	1903413	1466	1051	2001794	1466	1103	2101092	1466	1155	2200587	1466	1207	2300337	1466	1260	2401873	1466	1312	2501780	1466	
59	101107	1423	112	200886	1423	165	300271	1423	219	401293	1423	272	501095	1423	325	600124	1423	379	701540	1423	432	800992	1423	485	900196	1423	500	928427	1423	539	1001253	1423	592	1100492	1423	646	1201593	1423	699	1301070	1423	752	1400196	1423	806	1500918	1423	859	1600211	1423	913	1701489	1423	966	1800841	1423	1000	1864757	1423	1019	1900227	1423	1073	2001563	1423	1126	2101000	1423	1179	2200266	1423	1233	2301873	1423	1286	2401793	1423	1338	2500150	1423	
12	103964	49528	24	208454	49528	35	304473	49528	46	400613	49528	58	505129	49528	69	601072	49528	81	704901	48697	92	801163	48697	104	906228	48697	115	1002266	48697	127	1107347	48697	138	1203809	48697	150	1308971	48697	161	1405037	48697	172	1501144	48697	184	1606222	48697	195	1702102	48697	207	1806818	48697	218	1902866	48697	230	2007852	48697	241	2104033	48697	252	2201905	48697	264	2306916	48697	275	2403196	47810	287	2507131	47810	
12	105275	49956	23	201470	49956	35	306018	49956	46	402053	49956	58	507267	49956	69	603762	49956	81	708657	49956	92	804691	49956	104	908321	49122	115	1003365	48194	127	1109017	46440	138	1204137	45551	150	1308480	44665	161	1405620	44665	172	1502239	44665	184	1607655	43787	195	1703024	43787	207	1807175	42023	218	1902127	42023	230	2006464	42023	241	2103394	42023	253	2207217	41176	264	2301638	39467	276	2406471	39467	287	2501684	38585	
12	106241	50094	23	201295	50094	35	305649	49235	46	400953	49235	58	504544	49235	70	608177	49235	81	703360	49235	93	806968	49235	104	902121	49235	116	1005858	49235	127	1101163	49235	139	1204938	49235	151	1308921	49235	162	1402754	47487	174	1504183	45801	186	1607814	45801	197	1702815	45801	209	1805218	44914	221	1907109	43166	232	2000664	40553	244	2100849	38784	256	2204088	37922	268	2306335	36171	279	2400727	36171	291	2503768	35304	
12	104039	49416	24	208721	49416	35	304680	49416	46	401018	49416	58	505886	49416	69	601611	49416	81	706096	49416	92	801932	49416	104	906802	49416	115	1002718	49416	127	1107173	49416	138	1203143	49416	150	1307399	48551	161	1402039	47649	173	1506883	47649	184	1603092	47649	196	1707740	46817	207	1802994	46817	219	1907812	46817	230	2006795	46817	241	2103069	46817	253	2207971	46817	264	2303952	46817	275	2400756	46817	287	2506414	46817	
12	104240	49591	24	207925	49591	35	303323	49591	47	406952	49591	58	502066	48732	70	604896	48732	82	708923	48732	93	804229	47873	104	901194	47873	116	1005207	47873	128	1108868	47873	139	1204252	47873	151	1308481	47873	162	1403690	47013	174	1506525	47013	185	1601595	47013	197	1705363	47013	209	1809040	47013	220	1904131	47013	232	2008282	47013	243	2103453	47013	255	2207331	47013	266	2302461	47013	278	2406219	47013	289	2501397	47013	
12	105625	50128	23	201386	49282	35	307020	49282	46	403233	49282	58	509030	49282	69	605131	48413	80	700818	47561	92	805041	46676	103	901922	46676	115	1006899	45775	126	1103658	45775	138	1207167	44887	149	1303134	44011	161	1409052	44011	172	1505341	43113	183	1601675	43113	195	1706824	43113	206	1802992	43113	218	1908261	43113	229	2004984	43113	240	2101461	43113	252	2206824	43113	263	2303205	43113	275	2408574	43113	286	2505212	43113	
12	104230	50437	24	209071	50437	35	305014	50437	47	408973	50437	58	504511	50437	70	609103	50437	81	704716	50437	93	809070	50437	104	904556	50437	116	1009342	50437	127	1104960	50437	138	1201250	50437	150	1305419	50437	162	1409171	50437	173	1504631	50437	185	1608899	50437	196	1704509	50437	207	1802451	50437	219	1907763	50437	230	2003705	50437	242	2107628	50437	253	2202967	50437	265	2307126	50437	276	2402860	50437	288	2507103	50437	
12	105151	49442	23	200641	49442	35	305807	49442	46	402174	49442	58	507429	49442	69	603799	49442	81	707731	48583	92	805660	47727	103	902895	47727	115	1007958	47727	126	1104259	47727	138	1208005	46879	149	1303881	46879	161	1408596	46879	172	1504771	46879	183	1601094	46879	195	1705859	46879	206	1801668	46879	218	1906464	46031	229	2001905	46031	241	2106905	46031	252	2202787	46031	264	2307627	46031	275	2403451	46031	287	2508516	46031	
12	105430	50194	23	201706	50194	35	306651	50194	46	402970	50194	58	508048	50194	69	602928	49317	81	707634	49317	92	803434	48484	104	906693	48484	115	1002595	48484	127	1107396	48484	138	1203100	48484	150	1307619	48484	161	1404004	48484	173	1508206	48484	184	1603968	48484	196	1708956	48484	207	1804762	48484	219	1909106	48484	230	2005072	48484	241	2100701	48484	253	2205608	48484	264	2301264	48484	276	2405613	48484	287	2501268	48484	
12	104532	50329	24	207127	49465	35	301348	47754	47	403725	46898	59	507782	46898	70	603069	46898	82	706441	46018	93	801604	46018	105	905124	45184	117	1009050	44344	128	1105440	44344	140	1208778	43481	151	1302943	41753	163	1406474	41753	174	1502139	41753	186	1607534	40877	197	1702303	39989	209	1803996	38278	221	1906608	37419	233	2008974	35696	244	2104016	34844	256	2207656	34844	267	2303126	34844	279	2407778	34844	290	2501517	33101	
