wersja nr 1;wspolczynnik mutacji 0.100000;wielkosc populacji 30
670	100026	942	1344	200154	637	2020	300148	429	2694	400067	246	3369	500075	81	4050	600081	44	4733	700088	44	5414	800106	44	6097	900113	44	6777	1000109	44	7454	1100079	44	8137	1200056	44	8820	1300136	44	9504	1400052	44	10187	1500016	44	10868	1600047	44	11548	1700110	44	12226	1800014	44	12910	1900033	44	13593	2000102	44	14277	2100093	44	14961	2200062	44	15646	2300082	44	16329	2400127	44	17012	2500055	44	17696	2600110	44	18381	2700112	44	19064	2800112	44	19746	2900052	44	20429	3000109	44	21113	3100136	44	21796	3200020	44	22481	3300107	44	23164	3400089	44	23846	3500147	44	
674	100131	905	1346	200087	610	2022	300043	422	2696	400136	247	3372	500118	101	4051	600043	46	4734	700014	44	5417	800098	44	6098	900073	44	6782	1000094	44	7464	1100098	44	8148	1200131	44	8831	1300126	44	9515	1400098	44	10197	1500052	44	10880	1600032	44	11561	1700059	44	12244	1800057	44	12928	1900062	44	13612	2000063	44	14296	2100153	44	14977	2200102	44	15654	2300097	44	16333	2400144	44	17015	2500077	44	17698	2600025	44	18382	2700128	44	19064	2800098	44	19747	2900114	44	20422	3000080	44	21104	3100016	44	21786	3200145	44	22463	3300045	44	23147	3400063	44	23831	3500041	44	
667	100125	903	1340	200097	637	2012	300110	440	2682	400036	272	3357	500148	113	4035	600062	47	4720	700152	44	5403	800147	44	6085	900066	44	6768	1000054	44	7451	1100047	44	8134	1200122	44	8818	1300129	44	9497	1400096	44	10178	1500111	44	10860	1600074	44	11543	1700055	44	12226	1800133	44	12909	1900043	44	13593	2000134	44	14276	2100019	44	14959	2200047	44	15641	2300055	44	16324	2400098	44	17008	2500119	44	17692	2600102	44	18368	2700076	44	19049	2800040	44	19732	2900082	44	20414	3000055	44	21093	3100133	44	21777	3200142	44	22461	3300099	44	23144	3400096	44	23827	3500120	44	
677	100135	926	1349	200066	620	2026	300152	406	2699	400051	226	3377	500040	91	4056	600067	44	4738	700057	44	5421	800019	44	6101	900045	44	6776	1000040	44	7451	1100040	44	8133	1200130	44	8815	1300014	44	9497	1400069	44	10181	1500090	44	10865	1600015	44	11549	1700034	44	12233	1800067	44	12915	1900079	44	13598	2000091	44	14280	2100010	44	14964	2200120	44	15643	2300030	44	16325	2400019	44	17008	2500064	44	17691	2600118	44	18372	2700091	44	19055	2800131	44	19737	2900027	44	20422	3000091	44	21106	3100122	44	21785	3200037	44	22463	3300018	44	23145	3400052	44	23829	3500094	44	
670	100043	882	1343	200043	638	2022	300106	430	2696	400025	230	3372	500032	86	4055	600010	44	4739	700139	44	5421	800013	44	6096	900088	44	6771	1000092	44	7446	1100041	44	8123	1200123	44	8798	1300093	44	9481	1400132	44	10163	1500113	44	10846	1600032	44	11530	1700123	44	12212	1800100	44	12894	1900077	44	13576	2000056	44	14254	2100032	44	14932	2200132	44	15612	2300077	44	16296	2400135	44	16979	2500147	44	17662	2600050	44	18345	2700023	44	19027	2800137	44	19709	2900052	44	20392	3000052	44	21075	3100077	44	21758	3200038	44	22440	3300093	44	23124	3400060	44	23808	3500024	44	
688	100121	861	1380	200021	623	2075	300124	388	2767	400141	186	3464	500132	50	4168	600085	46	4871	700013	46	5574	800012	46	6280	900137	46	6984	1000073	46	7687	1100139	46	8391	1200109	46	9095	1300086	46	9800	1400103	46	10502	1500140	46	11203	1600101	46	11904	1700135	46	12604	1800084	46	13303	1900080	46	14008	2000117	46	14710	2100026	46	15417	2200083	46	16122	2300094	46	16825	2400065	46	17529	2500105	46	18234	2600012	46	18938	2700029	46	19640	2800021	46	20345	2900025	46	21050	3000041	46	21753	3100051	46	22456	3200129	46	23159	3300032	46	23864	3400099	46	24568	3500044	46	
689	100128	849	1379	200148	609	2072	300026	400	2764	400116	197	3456	500012	62	4160	600062	46	4866	700078	46	5570	800094	46	6271	900104	46	6967	1000045	46	7664	1100066	46	8365	1200112	46	9066	1300062	46	9768	1400133	46	10473	1500124	46	11178	1600101	46	11881	1700043	46	12582	1800088	46	13284	1900044	46	13988	2000035	46	14692	2100082	46	15392	2200131	46	16071	2300062	46	16774	2400103	46	17479	2500131	46	18181	2600095	46	18884	2700033	46	19589	2800041	46	20294	2900111	46	20992	3000108	46	21697	3100105	46	22397	3200035	46	23099	3300145	46	23802	3400060	46	24499	3500067	46	
684	100126	837	1379	200079	618	2072	300063	394	2761	400090	196	3457	500135	57	4161	600046	46	4864	700050	46	5565	800057	46	6267	900127	46	6970	1000137	46	7672	1100105	46	8375	1200150	46	9075	1300014	46	9774	1400044	46	10479	1500034	46	11183	1600104	46	11884	1700052	46	12588	1800074	46	13292	1900085	46	13995	2000073	46	14696	2100139	46	15398	2200042	46	16102	2300041	46	16808	2400127	46	17511	2500146	46	18213	2600014	46	18909	2700070	46	19609	2800134	46	20312	2900026	46	21015	3000032	46	21717	3100051	46	22418	3200103	46	23118	3300012	46	23823	3400133	46	24526	3500139	46	
688	100070	824	1374	200140	620	2066	300118	389	2759	400149	198	3454	500027	52	4157	600113	46	4862	700047	46	5566	800078	46	6269	900030	46	6974	1000049	46	7677	1100016	46	8370	1200013	46	9072	1300097	46	9774	1400067	46	10476	1500093	46	11180	1600020	46	11884	1700048	46	12588	1800130	46	13290	1900138	46	13994	2000119	46	14698	2100053	46	15402	2200111	46	16102	2300133	46	16799	2400116	46	17495	2500063	46	18193	2600119	46	18891	2700027	46	19594	2800041	46	20299	2900127	46	21003	3000047	46	21709	3100071	46	22411	3200107	46	23110	3300027	46	23814	3400054	46	24518	3500067	46	
690	100142	812	1380	200119	592	2073	300101	370	2767	400028	171	3458	500018	64	4162	600044	46	4867	700127	46	5569	800015	46	6269	900023	46	6972	1000074	46	7675	1100056	46	8379	1200072	46	9081	1300137	46	9785	1400027	46	10489	1500061	46	11192	1600117	46	11896	1700120	46	12597	1800033	46	13300	1900034	46	14003	2000056	46	14707	2100078	46	15408	2200130	46	16110	2300071	46	16814	2400014	46	17520	2500070	46	18223	2600121	46	18923	2700067	46	19626	2800083	46	20327	2900072	46	21032	3000145	46	21733	3100109	46	22429	3200039	46	23130	3300141	46	23835	3400098	46	24540	3500010	46	
245	100257	5033	489	200243	4875	732	300127	4720	976	400102	4561	1220	500141	4401	1465	600218	4247	1706	700277	4100	1948	800274	3961	2190	900238	3812	2432	1000363	3665	2674	1100058	3515	2915	1200161	3381	3157	1300172	3241	3398	1400101	3114	3640	1500094	2973	3880	1600059	2841	4119	1700239	2712	4357	1800354	2584	4595	1900174	2462	4835	2000441	2339	5073	2100101	2208	5312	2200095	2085	5551	2300346	1966	5789	2400342	1860	6026	2500109	1753	6263	2600189	1642	6501	2700126	1521	6738	2800410	1419	6974	2900219	1312	7211	3000422	1205	7448	3100388	1102	7684	3200060	1014	7921	3300306	926	8156	3400099	831	8391	3500137	745	
245	100398	5033	488	200281	4888	730	300266	4731	974	400193	4575	1218	500431	4430	1460	600281	4284	1703	700176	4133	1941	800117	3998	2183	900218	3849	2425	1000145	3713	2667	1100300	3571	2909	1200437	3432	3149	1300455	3295	3388	1400102	3151	3630	1500292	3013	3870	1600133	2887	4111	1700424	2758	4350	1800118	2638	4590	1900151	2514	4830	2000305	2390	5069	2100441	2279	5305	2200280	2169	5542	2300376	2047	5780	2400426	1937	6017	2500106	1831	6253	2600391	1727	6490	2700287	1621	6727	2800197	1512	6964	2900103	1408	7202	3000076	1299	7440	3100143	1202	7677	3200085	1114	7913	3300248	1021	8151	3400340	932	8388	3500415	851	
245	100406	5032	489	200320	4874	734	300308	4716	977	400066	4562	1221	500223	4417	1463	600146	4272	1706	700228	4129	1948	800366	3984	2190	900181	3835	2432	1000242	3687	2674	1100343	3535	2915	1200105	3399	3158	1300435	3254	3399	1400450	3121	3640	1500420	2993	3880	1600338	2864	4120	1700253	2738	4360	1800149	2598	4599	1900375	2475	4838	2000344	2352	5076	2100049	2234	5315	2200409	2118	5554	2300438	2000	5791	2400234	1891	6027	2500164	1774	6264	2600222	1667	6500	2700253	1563	6737	2800421	1458	6973	2900161	1356	7210	3000111	1251	7448	3100205	1154	7686	3200387	1047	7921	3300387	959	8158	3400236	872	8395	3500062	782	
245	100330	5036	488	200224	4886	732	300386	4746	975	400114	4598	1219	500377	4443	1462	600426	4301	1704	700073	4143	1945	800145	3993	2188	900395	3855	2430	1000287	3711	2673	1100363	3573	2913	1200092	3428	3155	1300188	3287	3396	1400319	3149	3636	1500111	3018	3877	1600091	2880	4117	1700230	2758	4357	1800443	2635	4596	1900198	2511	4836	2000433	2392	5074	2100300	2275	5312	2200221	2157	5550	2300225	2045	5788	2400397	1928	6026	2500427	1820	6263	2600085	1706	6501	2700059	1595	6740	2800401	1488	6978	2900130	1384	7215	3000256	1285	7453	3100293	1190	7689	3200351	1096	7926	3300262	996	8164	3400404	899	8401	3500086	805	
245	100275	5028	489	200285	4882	731	300164	4734	976	400417	4567	1219	500205	4413	1462	600058	4264	1705	700174	4115	1947	800131	3968	2189	900408	3822	2430	1000061	3671	2672	1100314	3542	2913	1200386	3407	3153	1300073	3263	3394	1400393	3125	3634	1500321	2996	3875	1600373	2866	4115	1700384	2738	4354	1800408	2614	4592	1900453	2502	4831	2000448	2389	5070	2100322	2270	5309	2200450	2150	5547	2300447	2029	5783	2400117	1919	6020	2500309	1808	6257	2600232	1696	6495	2700355	1589	6732	2800348	1486	6969	2900066	1381	7206	3000142	1280	7444	3100461	1183	7680	3200304	1087	7917	3300359	990	8154	3400098	891	8390	3500447	817	
249	100111	4878	498	200056	4717	747	300170	4554	996	400153	4388	1247	500435	4216	1496	600370	4064	1745	700345	3908	1994	800305	3758	2242	900268	3605	2491	1000226	3453	2740	1100372	3286	2988	1200277	3137	3236	1300064	2973	3484	1400365	2822	3732	1500185	2667	3977	1600075	2516	4220	1700158	2373	4467	1800214	2232	4715	1900404	2083	4957	2000103	1939	5203	2100418	1795	5450	2200187	1645	5695	2300404	1502	5940	2400266	1370	6185	2500408	1233	6429	2600333	1103	6672	2700127	974	6916	2800246	859	7158	2900196	751	7401	3000424	649	7641	3100129	552	7884	3200395	460	8125	3300167	381	8365	3400172	311	8606	3500065	248	
249	100095	4886	497	200269	4729	746	300237	4570	995	400053	4407	1245	500327	4257	1494	600219	4100	1743	700410	3938	1989	800171	3785	2239	900339	3621	2487	1000095	3465	2737	1100169	3313	2984	1200184	3158	3233	1300199	3003	3484	1400398	2840	3733	1500382	2692	3982	1600287	2540	4231	1700302	2381	4478	1800100	2236	4726	1900355	2094	4973	2000125	1943	5220	2100382	1801	5463	2200370	1665	5708	2300430	1518	5954	2400205	1387	6200	2500303	1259	6443	2600096	1132	6687	2700121	1018	6930	2800278	899	7173	2900436	792	7413	3000232	691	7651	3100061	601	7891	3200238	513	8133	3300355	424	8374	3400312	352	8613	3500171	293	
250	100210	4879	499	200237	4728	749	300108	4568	998	400291	4408	1248	500081	4252	1498	600176	4090	1746	700070	3938	1995	800241	3775	2245	900225	3622	2495	1000077	3464	2744	1100311	3299	2993	1200211	3143	3241	1300054	2982	3491	1400178	2826	3741	1500109	2665	3991	1600298	2508	4239	1700262	2362	4488	1800288	2198	4735	1900118	2051	4985	2000449	1903	5232	2100262	1747	5478	2200405	1602	5724	2300273	1448	5970	2400105	1305	6216	2500140	1172	6461	2600165	1034	6702	2700094	910	6946	2800366	796	7188	2900125	692	7431	3000274	582	7673	3100392	501	7914	3200103	418	8155	3300057	350	8396	3400386	295	8636	3500263	250	
250	100328	4881	497	200219	4721	746	300160	4563	996	400425	4412	1246	500342	4256	1495	600066	4111	1745	700182	3947	1994	800322	3793	2241	900224	3646	2491	1000316	3484	2739	1100286	3331	2989	1200338	3170	3237	1300110	3011	3486	1400211	2861	3734	1500177	2713	3982	1600245	2561	4231	1700339	2415	4477	1800197	2265	4726	1900420	2112	4973	2000205	1962	5221	2100211	1817	5468	2200309	1685	5713	2300277	1549	5959	2400051	1410	6205	2500155	1279	6449	2600150	1143	6692	2700379	1024	6935	2800386	902	7176	2900249	785	7418	3000065	683	7662	3100351	584	7903	3200378	501	8143	3300386	427	8384	3400158	354	8626	3500192	299	
250	100272	4879	499	200332	4721	747	300081	4567	997	400342	4408	1246	500402	4246	1494	600101	4088	1742	700208	3936	1991	800364	3778	2239	900062	3616	2490	1000428	3456	2738	1100339	3295	2987	1200272	3139	3235	1300387	2983	3482	1400412	2826	3731	1500143	2666	3980	1600096	2504	4229	1700441	2350	4476	1800132	2196	4723	1900322	2045	4970	2000190	1898	5217	2100363	1757	5463	2200441	1616	5708	2300148	1473	5954	2400394	1340	6199	2500261	1199	6444	2600147	1063	6688	2700351	938	6928	2800320	837	7171	2900296	734	7411	3000088	639	7653	3100200	548	7894	3200294	461	8134	3300243	378	8374	3400142	311	8615	3500343	264	
58	101710	25183	115	200995	25092	173	301409	25005	231	401733	24916	288	500576	24826	346	601279	24740	403	700299	24660	461	801870	24572	518	900709	24478	576	1001459	24395	633	1101229	24310	691	1201675	24226	748	1300978	24142	805	1400714	24057	863	1501641	23976	920	1601882	23890	977	1701298	23809	1035	1801988	23725	1092	1901125	23634	1150	2001799	23547	1207	2101909	23471	1264	2201420	23380	1321	2300795	23290	1378	2400443	23207	1435	2500611	23129	1493	2601663	23043	1550	2700924	22958	1608	2801535	22870	1665	2901511	22786	1722	3000613	22703	1779	3100472	22619	1837	3201234	22528	1894	3300957	22445	1951	3400647	22359	2009	3501983	22274	
58	100971	25185	115	200705	25100	173	301229	25006	230	400935	24924	288	501171	24841	345	600946	24749	402	700394	24666	460	801721	24580	517	901798	24500	574	1000486	24416	632	1101526	24325	689	1200869	24235	746	1300352	24145	804	1400570	24054	861	1500575	23965	919	1601599	23884	976	1700339	23799	1034	1801382	23711	1091	1900489	23624	1149	2001323	23539	1206	2101971	23457	1262	2200538	23372	1320	2301874	23291	1377	2401876	23213	1434	2501065	23133	1491	2600616	23045	1549	2701591	22964	1606	2801202	22877	1663	2901271	22789	1720	3000777	22714	1777	3100599	22634	1834	3200289	22547	1892	3301812	22463	1949	3400886	22374	2006	3500900	22291	
58	101718	25186	115	200673	25089	172	300662	24995	229	401778	24903	286	501306	24817	343	600927	24733	400	700543	24651	458	801187	24564	516	901766	24480	573	1001130	24388	630	1100686	24305	687	1201467	24220	744	1300841	24132	802	1401181	24035	859	1500698	23955	917	1601150	23872	974	1701073	23786	1031	1800381	23698	1089	1901437	23605	1146	2001208	23521	1203	2100810	23436	1260	2200702	23356	1317	2300587	23274	1374	2400699	23190	1431	2500985	23109	1489	2601752	23022	1546	2701359	22938	1603	2800259	22852	1661	2900819	22762	1718	3000686	22675	1776	3101476	22589	1833	3201468	22511	1890	3300590	22426	1947	3400703	22342	2004	3501135	22260	
58	101718	25188	115	200533	25103	173	300812	25017	231	401246	24926	288	501166	24837	345	600309	24746	403	701786	24653	460	801338	24564	517	900276	24475	575	1001705	24387	633	1101933	24291	690	1201221	24207	747	1300254	24121	805	1401141	24039	862	1500324	23957	920	1601520	23871	977	1700589	23788	1035	1802003	23703	1092	1901338	23617	1149	2001112	23531	1206	2100317	23444	1264	2201235	23356	1321	2301095	23264	1379	2401567	23174	1436	2501001	23084	1493	2600996	23003	1550	2701140	22916	1607	2800425	22829	1665	2900738	22743	1723	3001473	22656	1779	3100568	22571	1836	3200689	22494	1894	3301870	22409	1951	3401633	22330	2008	3500823	22248	
58	101100	25181	115	200607	25098	173	301105	25000	231	401775	24907	288	500702	24817	346	601983	24731	403	701559	24643	461	801938	24553	518	900752	24471	576	1001555	24388	633	1100352	24306	691	1201553	24219	748	1300580	24129	806	1401531	24037	863	1500856	23952	920	1601206	23862	977	1701415	23781	1034	1801027	23690	1092	1901812	23600	1149	2000700	23515	1207	2101778	23422	1264	2201897	23337	1321	2300854	23253	1378	2400355	23172	1436	2501730	23087	1493	2601049	23005	1550	2700473	22916	1607	2800508	22831	1664	2900361	22751	1721	3000269	22665	1779	3101433	22582	1836	3200815	22490	1893	3300270	22408	1951	3400949	22315	2008	3500791	22224	
59	101001	25087	118	201688	24990	176	300919	24902	235	401175	24813	294	501783	24721	352	601560	24633	410	700625	24549	469	801267	24460	528	901521	24368	586	1000996	24276	645	1101947	24178	703	1200992	24090	762	1301317	23999	819	1400398	23915	878	1501404	23829	937	1601757	23741	995	1700965	23660	1054	1801399	23568	1112	1900590	23473	1170	2000661	23388	1228	2100246	23296	1287	2201243	23205	1345	2300684	23121	1404	2401718	23038	1462	2500658	22954	1521	2601288	22862	1580	2701488	22768	1638	2800544	22682	1697	2900962	22595	1756	3001352	22502	1815	3101873	22411	1873	3200484	22322	1932	3301475	22238	1990	3400799	22144	2049	3501678	22061	
59	101255	25088	117	201472	25003	176	301663	24910	234	401018	24824	292	500628	24741	351	601556	24643	409	700867	24560	468	801583	24472	526	900317	24384	585	1001766	24295	643	1101680	24211	701	1200750	24123	760	1300968	24033	819	1400924	23938	878	1500964	23850	936	1600654	23762	994	1700345	23675	1053	1801264	23585	1111	1900996	23499	1169	2001654	23413	1227	2101136	23330	1285	2200882	23237	1344	2301659	23148	1402	2401014	23057	1461	2501383	22967	1519	2600454	22869	1577	2700498	22781	1636	2800905	22690	1695	2901136	22604	1753	3000283	22514	1812	3101665	22429	1870	3200718	22343	1929	3301104	22251	1988	3401111	22161	2047	3501446	22072	
60	101866	25088	118	200873	24996	177	300985	24897	235	400587	24814	294	501703	24728	352	601254	24642	410	700609	24550	469	801944	24465	527	900601	24376	586	1001255	24290	645	1101877	24196	703	1201294	24112	761	1300811	24017	820	1401494	23927	879	1501014	23841	937	1600421	23754	996	1701276	23668	1055	1801627	23571	1113	1900846	23479	1172	2001424	23394	1230	2101052	23306	1289	2201553	23215	1348	2301514	23132	1406	2400678	23048	1465	2501685	22955	1523	2600844	22868	1582	2701493	22779	1640	2800355	22691	1699	2901335	22599	1758	3001455	22504	1816	3100901	22416	1875	3201918	22329	1932	3300709	22238	1991	3401399	22150	2050	3501888	22062	
59	101366	25092	118	201935	25005	176	301602	24921	234	401181	24832	293	501756	24739	351	600393	24655	410	701304	24568	469	801783	24480	527	901307	24382	585	1001534	24300	644	1101753	24208	702	1201087	24119	761	1301762	24031	819	1400738	23944	878	1501608	23857	936	1601070	23771	995	1701738	23687	1053	1800750	23600	1112	1901578	23517	1170	2000468	23426	1229	2101406	23335	1287	2201397	23239	1346	2301637	23143	1405	2401794	23058	1464	2501749	22968	1522	2601579	22885	1581	2701912	22794	1639	2800617	22706	1698	2901360	22615	1756	3001606	22531	1814	3100384	22452	1873	3201081	22372	1931	3300349	22286	1990	3401249	22199	2049	3501836	22109	
59	101173	25084	117	200625	24990	176	301603	24896	234	400436	24796	293	500267	24702	352	601817	24605	409	700328	24523	468	801404	24439	527	901714	24353	585	1001419	24270	643	1100483	24175	702	1200719	24084	761	1301797	23994	819	1400439	23903	878	1501497	23811	936	1600349	23726	995	1700751	23636	1054	1801581	23541	1112	1900453	23448	1171	2000864	23356	1230	2101449	23264	1289	2201789	23174	1347	2300320	23087	1406	2401121	23000	1464	2500342	22920	1523	2601035	22823	1581	2700415	22732	1640	2801210	22645	1699	2901412	22552	1757	3000636	22469	1815	3100322	22379	1874	3201224	22296	1933	3301816	22208	1991	3400831	22110	2050	3501816	22016	
803	100092	47	1603	200093	47	2405	300046	47	3209	400020	47	4013	500032	47	4818	600026	47	5624	700065	47	6432	800125	47	7237	900032	47	8037	1000076	47	8843	1100020	47	9645	1200017	47	10448	1300120	47	11254	1400110	47	12060	1500074	47	12866	1600018	47	13673	1700076	47	14478	1800030	47	15285	1900103	47	16091	2000109	47	16894	2100082	47	17690	2200079	47	18497	2300082	47	19304	2400125	47	20109	2500084	47	20914	2600076	47	21721	2700080	47	22528	2800086	47	23334	2900134	47	24140	3000039	47	24946	3100100	47	25745	3200021	47	26552	3300086	47	27359	3400128	47	28161	3500072	47	
806	100055	47	1613	200067	47	2419	300010	47	3225	400010	47	4030	500022	47	4838	600107	47	5640	700086	47	6444	800019	47	7250	900020	47	8057	1000051	47	8854	1100054	47	9659	1200119	47	10462	1300119	47	11268	1400054	47	12072	1500086	47	12875	1600036	47	13681	1700075	47	14476	1800086	47	15280	1900017	47	16087	2000021	47	16895	2100128	47	17699	2200050	47	18502	2300030	47	19308	2400039	47	20115	2500080	47	20919	2600049	47	21723	2700091	47	22522	2800068	47	23329	2900054	47	24133	3000076	47	24939	3100027	47	25746	3200091	47	26553	3300117	47	27359	3400087	47	28166	3500053	47	
804	100021	47	1610	200029	47	2411	300130	47	3217	400097	47	4024	500097	47	4826	600028	47	5633	700094	47	6440	800059	47	7245	900047	47	8048	1000009	47	8854	1100094	47	9661	1200120	47	10460	1300011	47	11265	1400065	47	12070	1500034	47	12876	1600116	47	13682	1700041	47	14490	1800074	47	15296	1900085	47	16099	2000091	47	16904	2100112	47	17711	2200103	47	18511	2300105	47	19313	2400074	47	20118	2500116	47	20924	2600059	47	21727	2700103	47	22523	2800080	47	23320	2900018	47	24127	3000107	47	24933	3100055	47	25738	3200028	47	26542	3300067	47	27345	3400063	47	28145	3500049	47	
805	100056	47	1611	200009	47	2418	300050	47	3223	400031	47	4030	500075	47	4837	600115	47	5644	700074	47	6445	800075	47	7248	900101	47	8053	1000031	47	8861	1100013	47	9669	1200065	47	10476	1300080	47	11284	1400078	47	12089	1500099	47	12895	1600031	47	13701	1700034	47	14504	1800026	47	15310	1900090	47	16116	2000059	47	16922	2100009	47	17727	2200079	47	18534	2300127	47	19339	2400084	47	20144	2500124	47	20948	2600119	47	21755	2700066	47	22555	2800058	47	23359	2900068	47	24162	3000026	47	24967	3100029	47	25773	3200104	47	26579	3300056	47	27384	3400119	47	28189	3500029	47	
803	100013	47	1610	200034	47	2414	300084	47	3217	400022	47	4023	500078	47	4829	600060	47	5636	700054	47	6443	800060	47	7249	900124	47	8056	1000026	47	8861	1100121	47	9666	1200017	47	10473	1300065	47	11275	1400049	47	12080	1500085	47	12876	1600065	47	13678	1700089	47	14483	1800026	47	15288	1900111	47	16091	2000029	47	16898	2100106	47	17704	2200009	47	18512	2300061	47	19315	2400064	47	20119	2500016	47	20925	2600032	47	21727	2700121	47	22535	2800075	47	23341	2900079	47	24146	3000045	47	24949	3100108	47	25754	3200120	47	26555	3300105	47	27357	3400042	47	28159	3500089	47	
870	100035	53	1742	200043	53	2611	300051	53	3481	400066	53	4345	500116	53	5215	600079	53	6086	700079	53	6958	800020	53	7830	900094	53	8701	1000076	53	9573	1100097	53	10444	1200055	53	11299	1300063	53	12171	1400120	53	13031	1500034	53	13901	1600069	53	14773	1700082	53	15644	1800033	53	16514	1900021	53	17383	2000023	53	18255	2100069	53	19128	2200062	53	20000	2300097	53	20870	2400114	53	21737	2500036	53	22608	2600119	53	23477	2700052	53	24348	2800104	53	25220	2900087	53	26093	3000037	53	26967	3100091	53	27839	3200086	53	28708	3300096	53	29578	3400016	53	30448	3500054	53	
867	100095	53	1738	200020	53	2611	300076	53	3482	400083	53	4352	500094	53	5223	600116	53	6094	700083	53	6965	800038	53	7835	900007	53	8704	1000055	53	9573	1100010	53	10443	1200066	53	11312	1300031	53	12185	1400074	53	13057	1500047	53	13928	1600049	53	14797	1700014	53	15659	1800079	53	16528	1900041	53	17393	2000030	53	18263	2100028	53	19135	2200035	53	20006	2300033	53	20876	2400077	53	21747	2500059	53	22619	2600078	53	23490	2700102	53	24361	2800069	53	25233	2900115	53	26103	3000115	53	26970	3100049	53	27840	3200036	53	28711	3300056	53	29582	3400012	53	30454	3500034	53	
867	100092	53	1733	200043	53	2600	300087	53	3470	400092	53	4341	500082	53	5207	600011	53	6078	700065	53	6948	800039	53	7818	900048	53	8688	1000091	53	9556	1100028	53	10421	1200101	53	11286	1300058	53	12154	1400007	53	13025	1500013	53	13895	1600044	53	14765	1700056	53	15634	1800048	53	16506	1900085	53	17376	2000024	53	18247	2100075	53	19118	2200074	53	19984	2300111	53	20854	2400088	53	21720	2500060	53	22587	2600078	53	23455	2700047	53	24325	2800100	53	25196	2900045	53	26065	3000093	53	26936	3100107	53	27806	3200040	53	28677	3300034	53	29547	3400017	53	30419	3500102	53	
868	100058	53	1737	200102	53	2608	300099	53	3479	400027	53	4351	500011	53	5221	600109	53	6092	700039	53	6959	800010	53	7827	900114	53	8696	1000026	53	9565	1100068	53	10433	1200026	53	11305	1300063	53	12176	1400026	53	13046	1500031	53	13914	1600028	53	14779	1700094	53	15650	1800026	53	16521	1900035	53	17391	2000057	53	18258	2100062	53	19124	2200080	53	19993	2300051	53	20863	2400066	53	21736	2500074	53	22607	2600069	53	23474	2700024	53	24337	2800011	53	25207	2900068	53	26071	3000039	53	26942	3100109	53	27805	3200012	53	28677	3300090	53	29544	3400024	53	30415	3500083	53	
871	100024	53	1741	200047	53	2613	300019	53	3485	400017	53	4357	500081	53	5227	600041	53	6095	700045	53	6967	800042	53	7839	900047	53	8703	1000026	53	9574	1100032	53	10442	1200049	53	11313	1300032	53	12183	1400054	53	13046	1500026	53	13916	1600044	53	14785	1700111	53	15650	1800051	53	16520	1900031	53	17389	2000035	53	18263	2100109	53	19131	2200031	53	20001	2300042	53	20865	2400031	53	21734	2500054	53	22606	2600017	53	23476	2700116	53	24349	2800102	53	25220	2900036	53	26094	3000123	53	26960	3100017	53	27833	3200051	53	28701	3300074	53	29568	3400121	53	30434	3500078	53	
259	100165	250	516	200178	195	771	300125	191	1027	400177	191	1282	500168	191	1537	600048	191	1793	700248	191	2048	800326	191	2304	900411	191	2559	1000160	191	2814	1100191	191	3070	1200330	191	3324	1300249	191	3579	1400252	191	3835	1500190	191	4090	1600187	191	4346	1700354	191	4600	1800221	191	4854	1900079	191	5110	2000098	191	5365	2100117	191	5621	2200348	191	5877	2300403	191	6132	2400264	191	6386	2500062	191	6642	2600202	191	6899	2700411	191	7154	2800282	191	7409	2900424	191	7664	3000408	191	7919	3100302	191	8175	3200377	191	8430	3300205	191	8686	3400260	191	8941	3500062	191	
259	100131	246	516	200259	195	771	300112	191	1026	400223	191	1282	500396	191	1537	600074	191	1793	700238	191	2049	800220	191	2305	900228	191	2561	1000196	191	2817	1100234	191	3072	1200119	191	3328	1300328	191	3583	1400235	191	3839	1500277	191	4095	1600058	191	4352	1700362	191	4606	1800041	191	4862	1900098	191	5118	2000166	191	5373	2100283	191	5627	2200129	191	5882	2300103	191	6136	2400310	191	6391	2500291	191	6647	2600424	191	6902	2700082	191	7159	2800391	191	7415	2900250	191	7671	3000321	191	7926	3100122	191	8182	3200073	191	8438	3300147	191	8691	3400132	191	8947	3500437	191	
260	100283	237	516	200378	196	772	300414	191	1028	400273	191	1284	500194	191	1540	600216	191	1796	700222	191	2052	800120	191	2306	900049	191	2563	1000130	191	2820	1100195	191	3076	1200082	191	3332	1300384	191	3587	1400065	191	3844	1500390	191	4100	1600380	191	4356	1700197	191	4610	1800106	191	4865	1900142	191	5121	2000323	191	5376	2100063	191	5633	2200398	191	5888	2300325	191	6144	2400324	191	6398	2500117	191	6652	2600084	191	6908	2700421	191	7163	2800053	191	7418	2900324	191	7673	3000361	191	7928	3100134	191	8183	3200103	191	8438	3300207	191	8693	3400109	191	8949	3500053	191	
260	100274	243	517	200404	193	772	300306	191	1027	400213	191	1282	500393	191	1536	600108	191	1791	700357	191	2045	800391	191	2300	900141	191	2556	1000152	191	2811	1100222	191	3066	1200075	191	3323	1300137	191	3578	1400054	191	3833	1500199	191	4089	1600200	191	4344	1700095	191	4600	1800135	191	4856	1900346	191	5112	2000228	191	5368	2100379	191	5623	2200212	191	5879	2300401	191	6135	2400320	191	6389	2500075	191	6645	2600181	191	6901	2700376	191	7155	2800176	191	7412	2900178	191	7668	3000294	191	7924	3100075	191	8181	3200338	191	8436	3300059	191	8692	3400269	191	8946	3500104	191	
259	100244	248	514	200196	197	770	300225	191	1025	400246	191	1280	500055	191	1536	600224	191	1792	700136	191	2048	800216	191	2303	900403	191	2557	1000271	191	2813	1100274	191	3069	1200269	191	3324	1300138	191	3580	1400293	191	3836	1500080	191	4093	1600349	191	4348	1700395	191	4603	1800315	191	4858	1900342	191	5113	2000404	191	5369	2100306	191	5624	2200194	191	5880	2300353	191	6135	2400109	191	6392	2500305	191	6647	2600059	191	6902	2700066	191	7158	2800260	191	7414	2900383	191	7670	3000315	191	7925	3100191	191	8179	3200091	191	8434	3300131	191	8690	3400330	191	8945	3500088	191	
279	100371	246	554	200078	196	831	300231	194	1108	400291	194	1385	500315	194	1662	600333	194	1938	700156	194	2215	800117	194	2492	900064	194	2769	1000069	194	3044	1100143	194	3306	1200240	194	3582	1300388	194	3857	1400049	194	4132	1500116	194	4408	1600101	194	4685	1700143	194	4962	1800246	194	5237	1900078	194	5511	2000300	194	5786	2100321	194	6062	2200356	194	6337	2300324	194	6612	2400393	194	6889	2500305	194	7165	2600183	194	7442	2700326	194	7719	2800170	194	7996	2900307	194	8272	3000065	194	8547	3100095	194	8824	3200139	194	9101	3300305	194	9377	3400283	194	9653	3500136	194	
279	100275	242	556	200252	195	833	300260	194	1109	400268	194	1385	500210	194	1660	600098	194	1936	700256	194	2212	800154	194	2488	900158	194	2763	1000043	194	3039	1100378	194	3313	1200249	194	3590	1300294	194	3867	1400184	194	4144	1500291	194	4420	1600250	194	4694	1700097	194	4969	1800057	194	5246	1900135	194	5523	2000219	194	5799	2100335	194	6074	2200374	194	6349	2300369	194	6624	2400220	194	6901	2500317	194	7176	2600181	194	7452	2700081	194	7729	2800120	194	8004	2900054	194	8279	3000139	194	8554	3100133	194	8828	3200120	194	9105	3300325	194	9381	3400271	194	9658	3500258	194	
278	100248	245	554	200164	194	830	300235	194	1106	400298	194	1382	500311	194	1659	600257	194	1935	700284	194	2212	800159	194	2488	900087	194	2765	1000064	194	3042	1100232	194	3317	1200167	194	3594	1300315	194	3871	1400207	194	4147	1500174	194	4424	1600199	194	4701	1700078	194	4979	1800300	194	5256	1900261	194	5533	2000302	194	5809	2100285	194	6084	2200317	194	6360	2300111	194	6637	2400283	194	6913	2500222	194	7189	2600171	194	7467	2700361	194	7743	2800065	194	8018	2900348	194	8291	3000169	194	8566	3100087	194	8842	3200296	194	9118	3300341	194	9393	3400233	194	9669	3500277	194	
278	100372	242	554	200284	196	829	300189	194	1106	400100	194	1383	500148	194	1660	600384	194	1932	700055	194	2208	800057	194	2485	900167	194	2761	1000085	194	3037	1100289	194	3313	1200203	194	3590	1300346	194	3866	1400179	194	4143	1500057	194	4421	1600343	194	4696	1700234	194	4972	1800155	194	5248	1900194	194	5523	2000193	194	5799	2100092	194	6077	2200394	194	6353	2300101	194	6630	2400227	194	6906	2500133	194	7184	2600318	194	7457	2700099	194	7733	2800387	194	8009	2900149	194	8286	3000068	194	8563	3100178	194	8840	3200246	194	9117	3300363	194	9392	3400108	194	9668	3500374	194	
279	100151	245	554	200077	197	830	300126	194	1106	400394	194	1376	500290	194	1641	600136	194	1907	700245	194	2172	800051	194	2438	900205	194	2704	1000258	194	2969	1100047	194	3234	1200193	194	3499	1300174	194	3765	1400344	194	4031	1500352	194	4296	1600073	194	4569	1700045	194	4847	1800368	194	5122	1900050	194	5399	2000064	194	5677	2100228	194	5954	2200327	194	6229	2300258	194	6504	2400266	194	6779	2500377	194	7055	2600323	194	7330	2700042	194	7607	2800123	194	7883	2900097	194	8159	3000128	194	8436	3100193	194	8711	3200086	194	8986	3300142	194	9263	3400256	194	9539	3500079	194	
66	101156	1725	132	201702	1653	196	300365	1593	262	401468	1526	327	501030	1466	391	600502	1414	456	700791	1361	520	800535	1300	585	900909	1240	649	1000515	1191	713	1101763	1143	776	1200704	1099	840	1301417	1062	903	1400369	1039	967	1501482	1010	1029	1600695	996	1092	1701454	983	1154	1801099	973	1216	1900760	968	1278	2000870	966	1340	2101265	965	1402	2201783	965	1463	2300216	965	1525	2401077	965	1587	2501286	965	1649	2601420	965	1710	2700430	965	1772	2800699	965	1834	2901023	965	1895	3000942	965	1956	3100781	965	2018	3200737	965	2080	3301314	965	2141	3400410	965	2203	3501276	965	
67	101032	1725	132	200852	1672	197	300232	1591	262	400397	1520	327	500234	1467	392	600590	1408	457	700903	1350	521	800470	1292	585	900701	1246	649	1000928	1211	712	1100629	1164	775	1200423	1124	839	1301057	1086	902	1400863	1048	965	1500476	1016	1028	1600808	995	1090	1701038	982	1152	1801658	974	1214	1901384	966	1276	2001090	965	1338	2101048	965	1400	2201093	965	1462	2301467	965	1524	2401413	965	1585	2501266	965	1646	2600598	965	1708	2700697	965	1770	2801269	965	1832	2901384	965	1894	3001006	965	1956	3101127	965	2018	3201362	965	2080	3301517	965	2142	3401306	965	2204	3501198	965	
66	101565	1731	131	200666	1664	197	300869	1594	262	400346	1517	328	500766	1461	393	600415	1399	458	701231	1348	522	800554	1296	586	900243	1239	649	1000614	1199	713	1101056	1152	776	1200452	1115	840	1301565	1078	903	1401716	1050	965	1500564	1025	1028	1600282	999	1091	1700645	982	1153	1800455	972	1216	1901596	968	1278	2001160	965	1340	2101145	965	1402	2201718	965	1463	2300496	965	1525	2400855	965	1587	2500779	965	1649	2600426	965	1711	2701019	965	1773	2800888	965	1835	2900862	965	1897	3001535	965	1959	3101676	965	2020	3200451	965	2082	3300365	965	2144	3400263	965	2206	3500862	965	
66	100719	1736	132	200914	1666	197	300350	1593	263	400731	1527	329	501616	1463	393	600731	1405	458	701699	1350	522	800974	1294	586	900500	1240	650	1001155	1195	713	1100278	1157	776	1200365	1117	840	1301711	1086	903	1401394	1061	966	1501705	1039	1028	1600690	1016	1090	1700342	999	1153	1801076	988	1215	1901345	980	1277	2001339	971	1339	2101343	968	1401	2201136	965	1462	2300491	965	1524	2400719	965	1586	2500850	965	1647	2600698	965	1709	2701545	965	1771	2801708	965	1832	2900639	965	1894	3001556	965	1956	3101416	965	2017	3200472	965	2079	3301226	965	2141	3401704	965	2202	3501003	965	
66	100853	1726	132	200210	1660	199	301416	1580	264	400991	1514	329	500213	1450	394	600403	1389	458	700297	1346	522	800208	1292	587	901533	1238	651	1001559	1194	715	1101762	1152	778	1200554	1116	842	1301209	1080	905	1400428	1049	969	1501254	1019	1031	1600223	1003	1094	1701603	988	1156	1801797	981	1218	1901383	973	1280	2001528	967	1342	2101797	965	1404	2201776	965	1466	2301497	965	1528	2401576	965	1589	2500243	965	1651	2600806	965	1713	2700647	965	1775	2800435	965	1837	2900660	965	1899	3001175	965	1961	3100901	965	2023	3201399	965	2085	3301625	965	2147	3401598	965	2208	3500793	965	
72	100371	1662	144	200305	1587	216	301094	1521	287	401234	1450	357	500259	1381	427	600288	1314	497	700764	1248	566	800350	1194	635	901244	1138	703	1000628	1089	771	1100346	1055	840	1201219	1022	908	1301244	990	976	1401549	968	1043	1500746	951	1111	1601501	942	1178	1701080	935	1245	1800780	933	1312	1900468	932	1379	2000366	932	1447	2101079	932	1514	2200956	932	1581	2300786	932	1648	2400972	932	1715	2500907	932	1782	2600927	932	1849	2700324	932	1917	2801349	932	1984	2900900	932	2051	3000445	932	2118	3100643	932	2185	3200198	932	2252	3300711	932	2319	3400394	932	2386	3500363	932	
72	100220	1671	144	201381	1592	215	300736	1517	286	400642	1452	357	501190	1378	427	600290	1304	497	701414	1237	567	801553	1178	636	901405	1138	705	1000680	1091	774	1100993	1052	842	1200698	1023	911	1300579	991	980	1401545	966	1048	1501632	943	1114	1600831	936	1181	1700982	934	1248	1800837	934	1315	1901063	932	1382	2000594	932	1449	2100625	932	1517	2201594	932	1584	2301531	932	1650	2400194	932	1718	2501293	932	1785	2600889	932	1852	2701166	932	1919	2800582	932	1986	2900716	932	2053	3000970	932	2120	3100574	932	2187	3200843	932	2253	3300353	932	2321	3401387	932	2388	3500896	932	
72	100899	1666	143	200479	1594	215	301347	1518	285	400492	1443	356	501289	1382	426	601449	1324	495	700902	1279	565	801451	1224	634	901035	1165	702	1000673	1125	771	1100634	1082	840	1200490	1042	909	1300710	1004	977	1401306	979	1044	1500300	956	1112	1600419	941	1179	1700901	933	1246	1800994	932	1313	1900554	932	1380	2000458	932	1447	2100409	932	1514	2200445	932	1582	2301393	932	1649	2400749	932	1716	2500188	932	1784	2601196	932	1851	2700503	932	1919	2801218	932	1986	2900754	932	2053	3000549	932	2120	3100305	932	2188	3201600	932	2255	3301177	932	2322	3401169	932	2389	3501077	932	
72	100234	1687	145	201540	1607	215	300337	1540	286	400274	1467	357	500325	1388	428	601368	1330	498	701564	1264	567	800603	1216	637	900850	1161	706	1000885	1124	775	1100739	1077	844	1200860	1045	912	1300443	1018	980	1400821	990	1048	1501201	963	1116	1601571	949	1183	1700820	939	1250	1800838	934	1317	1901011	932	1384	2000666	932	1451	2101150	932	1518	2200893	932	1585	2301016	932	1652	2400441	932	1719	2500581	932	1786	2600517	932	1853	2700331	932	1921	2801552	932	1988	2901320	932	2055	3001389	932	2122	3101525	932	2188	3200249	932	2255	3300295	932	2323	3401566	932	2389	3500703	932	
73	101509	1666	144	200486	1583	216	300519	1496	287	400475	1438	358	500597	1360	429	601452	1298	498	700534	1249	569	801348	1193	638	900756	1141	707	1000370	1086	777	1101579	1041	845	1201125	1003	913	1300974	977	981	1401558	956	1049	1501386	941	1116	1600860	938	1183	1700639	935	1250	1800910	933	1317	1900734	932	1385	2001609	932	1451	2100381	932	1519	2201034	932	1586	2300765	932	1653	2400887	932	1720	2500548	932	1787	2600456	932	1855	2701379	932	1921	2800459	932	1989	2901511	932	2055	3001018	932	2122	3100427	932	2190	3201639	932	2257	3301029	932	2324	3401178	932	2391	3500735	932	
711	100114	1969	1421	200086	1298	2127	300035	799	2838	400017	566	3552	500091	333	4260	600017	147	4980	700070	50	5703	800110	50	6420	900020	50	7144	1000100	50	7867	1100063	50	8588	1200085	50	9309	1300117	50	10031	1400108	50	10753	1500027	50	11477	1600063	50	12195	1700018	50	12918	1800126	50	13641	1900079	50	14364	2000067	50	15087	2100024	50	15809	2200042	50	16533	2300065	50	17256	2400052	50	17980	2500137	50	18704	2600107	50	19427	2700116	50	20151	2800036	50	20875	2900131	50	21599	3000134	50	22318	3100054	50	23036	3200030	50	23760	3300092	50	24482	3400020	50	25201	3500121	50	
712	100104	1929	1424	200106	1284	2126	300013	810	2836	400019	575	3552	500149	354	4262	600112	177	4971	700031	72	5694	800031	50	6418	900123	50	7140	1000022	50	7863	1100058	50	8587	1200076	50	9310	1300014	50	10032	1400112	50	10752	1500114	50	11476	1600134	50	12196	1700070	50	12918	1800020	50	13641	1900049	50	14366	2000139	50	15087	2100101	50	15811	2200080	50	16533	2300042	50	17258	2400073	50	17982	2500080	50	18706	2600064	50	19427	2700100	50	20151	2800044	50	20875	2900052	50	21598	3000076	50	22321	3100084	50	23045	3200070	50	23768	3300043	50	24489	3400027	50	25213	3500144	50	
712	100018	1919	1422	200033	1285	2130	300079	787	2842	400081	545	3554	500150	324	4264	600123	143	4984	700132	50	5706	800116	50	6427	900118	50	7150	1000106	50	7870	1100031	50	8592	1200057	50	9312	1300063	50	10031	1400015	50	10750	1500128	50	11473	1600080	50	12194	1700021	50	12917	1800118	50	13638	1900091	50	14358	2000146	50	15080	2100072	50	15803	2200017	50	16522	2300040	50	17245	2400021	50	17969	2500024	50	18688	2600015	50	19405	2700090	50	20128	2800112	50	20850	2900054	50	21571	3000064	50	22294	3100072	50	23019	3200069	50	23739	3300100	50	24460	3400108	50	25182	3500075	50	
715	100137	1891	1425	200068	1278	2130	300087	777	2842	400138	555	3554	500076	327	4267	600141	136	4987	700045	55	5707	800121	50	6429	900086	50	7149	1000063	50	7870	1100012	50	8594	1200132	50	9316	1300100	50	10039	1400038	50	10762	1500143	50	11481	1600061	50	12201	1700120	50	12921	1800120	50	13639	1900139	50	14354	2000082	50	15074	2100019	50	15796	2200058	50	16519	2300019	50	17242	2400072	50	17965	2500100	50	18689	2600052	50	19413	2700084	50	20132	2800048	50	20854	2900073	50	21573	3000092	50	22294	3100079	50	23017	3200020	50	23736	3300079	50	24460	3400062	50	25185	3500138	50	
712	100065	1894	1420	200050	1277	2124	300060	803	2837	400058	570	3552	500118	347	4264	600048	141	4983	700029	55	5706	800022	50	6430	900126	50	7151	1000126	50	7873	1100090	50	8595	1200086	50	9314	1300070	50	10038	1400140	50	10757	1500141	50	11478	1600049	50	12202	1700011	50	12926	1800089	50	13649	1900144	50	14372	2000032	50	15095	2100012	50	15821	2200115	50	16541	2300022	50	17266	2400123	50	17989	2500120	50	18707	2600109	50	19429	2700059	50	20151	2800044	50	20871	2900047	50	21595	3000074	50	22319	3100100	50	23043	3200105	50	23763	3300105	50	24486	3400012	50	25210	3500132	50	
245	100212	9869	491	200389	9707	737	300175	9546	983	400287	9383	1229	500382	9222	1475	600159	9063	1721	700427	8911	1965	800164	8764	2209	900154	8611	2454	1000161	8458	2701	1100423	8294	2946	1200386	8145	3189	1300119	7985	3433	1400347	7839	3680	1500405	7679	3926	1600267	7522	4171	1700106	7378	4416	1800346	7224	4661	1900253	7066	4906	2000160	6921	5152	2100207	6757	5399	2200389	6594	5645	2300279	6437	5889	2400199	6289	6134	2500375	6135	6379	2600244	5984	6624	2700152	5825	6868	2800094	5673	7114	2900268	5521	7359	3000237	5363	7604	3100273	5213	7849	3200062	5053	8094	3300200	4897	8339	3400073	4742	8583	3500105	4593	
245	100182	9874	491	200438	9722	735	300178	9563	980	400096	9407	1226	500394	9261	1471	600377	9106	1717	700078	8951	1963	800452	8806	2209	900252	8650	2455	1000328	8494	2701	1100078	8340	2947	1200164	8182	3192	1300068	8025	3437	1400299	7858	3682	1500160	7700	3928	1600246	7538	4174	1700273	7387	4421	1800316	7230	4667	1900253	7068	4913	2000162	6910	5159	2100212	6751	5402	2200065	6605	5647	2300432	6440	5891	2400325	6284	6135	2500462	6137	6381	2600250	5982	6627	2700271	5829	6873	2800378	5677	7119	2900267	5521	7365	3000134	5364	7611	3100368	5215	7856	3200421	5057	8101	3300128	4909	8346	3400242	4757	8592	3500278	4602	
246	100244	9868	491	200253	9715	737	300148	9554	984	400224	9392	1231	500292	9243	1476	600135	9087	1722	700214	8932	1966	800179	8777	2210	900094	8620	2455	1000268	8459	2700	1100169	8292	2946	1200284	8134	3192	1300347	7978	3438	1400174	7813	3685	1500330	7657	3930	1600140	7503	4176	1700331	7341	4422	1800160	7171	4667	1900294	7013	4912	2000144	6855	5159	2100438	6693	5405	2200265	6536	5651	2300219	6375	5895	2400290	6222	6141	2500120	6069	6387	2600220	5917	6633	2700065	5761	6879	2800053	5611	7126	2900375	5456	7371	3000146	5299	7619	3100318	5147	7864	3200119	4994	8110	3300166	4836	8357	3400145	4672	8603	3500289	4519	
245	100130	9875	491	200120	9722	737	300235	9577	981	400154	9425	1226	500080	9262	1471	600192	9117	1716	700105	8958	1960	800374	8801	2204	900337	8654	2450	1000453	8493	2695	1100440	8339	2934	1200152	8187	3180	1300426	8035	3424	1400178	7880	3669	1500110	7722	3914	1600106	7565	4159	1700276	7419	4405	1800235	7263	4651	1900291	7107	4896	2000116	6951	5141	2100088	6791	5387	2200280	6638	5634	2300345	6479	5879	2400313	6326	6124	2500375	6166	6370	2600430	6008	6617	2700422	5854	6862	2800164	5702	7109	2900443	5542	7354	3000099	5393	7600	3100182	5240	7846	3200339	5082	8091	3300334	4927	8337	3400413	4771	8581	3500313	4608	
247	100325	9866	493	200252	9717	738	300317	9567	984	400228	9399	1230	500206	9240	1476	600243	9084	1722	700159	8925	1967	800231	8773	2213	900194	8612	2458	1000259	8453	2703	1100087	8305	2950	1200416	8145	3194	1300285	7983	3440	1400211	7816	3686	1500398	7656	3932	1600111	7491	4178	1700312	7331	4423	1800243	7181	4670	1900380	7022	4915	2000293	6867	5162	2100419	6711	5408	2200364	6548	5652	2300175	6393	5898	2400249	6226	6143	2500067	6069	6389	2600207	5914	6635	2700318	5756	6881	2800450	5595	7126	2900314	5443	7371	3000080	5290	7618	3100279	5133	7863	3200284	4974	8109	3300061	4810	8356	3400372	4654	8601	3500108	4510	
59	101356	50329	117	200713	50230	176	301470	50139	234	401652	50042	292	500770	49951	350	601606	49856	408	701147	49777	466	800393	49699	524	901452	49608	582	1001398	49519	641	1101759	49429	699	1200887	49340	757	1300417	49250	815	1400326	49156	874	1501456	49063	931	1600480	48977	990	1701099	48889	1049	1801672	48798	1107	1901287	48708	1165	2000995	48619	1223	2100348	48538	1281	2200308	48452	1340	2300727	48366	1399	2401816	48274	1457	2501501	48189	1516	2601842	48102	1574	2700528	48010	1632	2800554	47920	1690	2900582	47820	1749	3001877	47728	1807	3100869	47637	1865	3200503	47546	1923	3301215	47457	1981	3401069	47367	2040	3501402	47277	
59	101197	50333	117	201050	50249	175	300423	50153	234	401228	50063	292	501228	49974	350	600292	49877	409	701284	49786	467	801237	49700	525	900359	49607	584	1001743	49516	642	1101855	49427	700	1201129	49337	758	1301283	49243	816	1400980	49152	875	1501570	49061	933	1600782	48967	992	1701750	48882	1050	1801446	48796	1108	1900572	48706	1167	2001975	48616	1224	2100285	48525	1283	2200995	48431	1341	2300265	48343	1401	2401728	48252	1459	2501024	48166	1518	2601428	48071	1576	2700815	47984	1635	2801525	47892	1692	2900722	47803	1750	3000312	47711	1809	3100597	47625	1868	3201292	47542	1927	3301700	47447	1985	3400405	47357	2044	3501793	47263	
59	101379	50323	117	200746	50228	176	301344	50134	234	400739	50046	292	500587	49958	350	600809	49870	409	701243	49783	467	800696	49697	526	901679	49612	584	1001061	49517	643	1101380	49421	701	1201015	49333	760	1301877	49243	818	1400912	49146	877	1501142	49059	935	1600521	48967	994	1701000	48876	1052	1800411	48785	1110	1900282	48697	1169	2001213	48609	1227	2100343	48512	1286	2201933	48425	1344	2300762	48336	1402	2401254	48252	1460	2500392	48163	1518	2600842	48081	1576	2700753	47997	1635	2801692	47910	1693	2900858	47817	1752	3001625	47727	1811	3101956	47635	1869	3200819	47549	1928	3301555	47466	1987	3401875	47377	2044	3500380	47284	
59	101145	50326	118	201875	50241	175	300662	50156	233	400814	50063	291	500303	49968	350	600676	49872	409	700990	49780	467	800378	49684	525	900308	49596	584	1000967	49505	643	1101410	49416	702	1201788	49321	760	1300900	49237	819	1401769	49151	877	1501161	49063	935	1600566	48973	994	1701009	48888	1053	1801264	48796	1111	1900426	48712	1170	2001216	48622	1228	2100855	48534	1287	2201602	48442	1345	2300597	48350	1403	2400371	48253	1462	2501369	48168	1520	2600886	48076	1578	2700549	47990	1637	2801422	47888	1696	2901354	47795	1754	3000272	47704	1813	3101236	47615	1871	3201304	47532	1930	3301725	47436	1988	3401023	47347	2046	3501123	47251	
59	100491	50317	117	200817	50234	175	301917	50144	232	401522	50053	289	501275	49960	346	601533	49872	403	701419	49790	460	800938	49698	517	901194	49610	574	1000836	49519	631	1100386	49433	688	1200320	49346	746	1301799	49252	804	1401936	49153	862	1501004	49065	921	1601767	48978	979	1701025	48888	1038	1801397	48806	1097	1901684	48717	1155	2000907	48626	1214	2101572	48536	1273	2201646	48445	1331	2300913	48355	1390	2401780	48266	1449	2501872	48171	1507	2601403	48071	1565	2700743	47975	1623	2800366	47882	1682	2901248	47786	1740	3000250	47698	1799	3100696	47605	1858	3200679	47516	1917	3300777	47424	1975	3400631	47337	2034	3501700	47242	
