wersja nr 1;wspolczynnik mutacji 1.600000;wielkosc populacji 5
4885	100002	44	9742	200015	44	14578	300012	44	19417	400020	44	24270	500006	44	29147	600004	44	34013	700023	44	38836	800004	44	43686	900011	44	48543	1000016	44	53400	1100019	44	58252	1200011	44	63082	1300018	44	67935	1400019	44	72764	1500020	44	77588	1600008	44	82464	1700002	44	87313	1800002	44	92153	1900003	44	97010	2000020	44	101869	2100013	44	106740	2200014	44	111601	2300005	44	116429	2400015	44	121282	2500008	44	126129	2600008	44	130970	2700020	44	135827	2800012	44	140665	2900019	44	145494	3000019	44	150348	3100004	44	155215	3200018	44	160077	3300014	44	164954	3400013	44	169793	3500005	44	
4887	100015	44	9718	200020	44	14587	300009	44	19445	400006	44	24303	500002	44	29147	600017	44	33976	700009	44	38821	800003	44	43664	900024	44	48510	1000011	44	53366	1100005	44	58220	1200003	44	63069	1300002	44	67933	1400012	44	72812	1500008	44	77687	1600008	44	82531	1700014	44	87371	1800003	44	92201	1900013	44	97044	2000014	44	101885	2100014	44	106703	2200018	44	111556	2300008	44	116407	2400019	44	121237	2500005	44	126084	2600005	44	130950	2700014	44	135810	2800012	44	140672	2900013	44	145547	3000021	44	150413	3100006	44	155274	3200012	44	160102	3300009	44	164954	3400010	44	169810	3500008	44	
4866	100005	44	9731	200007	44	14568	300011	44	19437	400020	44	24282	500009	44	29136	600020	44	33971	700009	44	38812	800010	44	43664	900007	44	48505	1000021	44	53353	1100013	44	58176	1200017	44	63030	1300006	44	67876	1400009	44	72720	1500014	44	77552	1600005	44	82384	1700002	44	87240	1800023	44	92077	1900019	44	96886	2000004	44	101735	2100006	44	106568	2200012	44	111439	2300025	44	116244	2400015	44	121091	2500006	44	125941	2600013	44	130786	2700016	44	135616	2800002	44	140442	2900015	44	145226	3000021	44	150048	3100010	44	154884	3200015	44	159733	3300018	44	164571	3400014	44	169421	3500012	44	
4860	100018	44	9692	200018	44	14512	300005	44	19333	400018	44	24135	500012	44	28957	600009	44	33798	700012	44	38639	800017	44	43448	900023	44	48246	1000012	44	53048	1100008	44	57865	1200002	44	62715	1300014	44	67543	1400009	44	72378	1500007	44	77212	1600003	44	82040	1700010	44	86859	1800009	44	91712	1900005	44	96556	2000010	44	101375	2100020	44	106182	2200006	44	111029	2300002	44	115859	2400015	44	120707	2500009	44	125522	2600003	44	130335	2700003	44	135178	2800003	44	139977	2900018	44	144773	3000025	44	149600	3100018	44	154397	3200010	44	159229	3300004	44	164051	3400018	44	168877	3500005	44	
4875	100013	44	9709	200012	44	14564	300016	44	19417	400012	44	24268	500013	44	29080	600010	44	33904	700002	44	38772	800017	44	43602	900003	44	48461	1000008	44	53303	1100019	44	58170	1200022	44	63032	1300010	44	67849	1400005	44	72697	1500003	44	77530	1600025	44	82391	1700009	44	87240	1800012	44	92050	1900006	44	96876	2000003	44	101696	2100006	44	106548	2200003	44	111401	2300013	44	116242	2400006	44	121116	2500002	44	125977	2600020	44	130820	2700011	44	135681	2800016	44	140523	2900011	44	145354	3000012	44	150200	3100012	44	155060	3200021	44	159889	3300009	44	164731	3400022	44	169543	3500011	44	
4984	100004	46	9938	200015	46	14919	300010	46	19871	400004	46	24848	500006	46	29804	600010	46	34755	700004	46	39724	800013	46	44694	900009	46	49655	1000016	46	54632	1100014	46	59597	1200018	46	64551	1300009	46	69517	1400015	46	74491	1500003	46	79458	1600003	46	84445	1700015	46	89340	1800018	46	94303	1900002	46	99257	2000003	46	104233	2100016	46	109189	2200013	46	114137	2300012	46	119063	2400020	46	124016	2500017	46	128968	2600017	46	133953	2700014	46	138925	2800017	46	143872	2900018	46	148856	3000008	46	153833	3100015	46	158820	3200019	46	163774	3300002	46	168739	3400020	46	173694	3500024	46	
4987	100012	46	9931	200005	46	14887	300005	46	19846	400023	46	24819	500007	46	29737	600007	46	34675	700004	46	39646	800016	46	44592	900006	46	49550	1000017	46	54525	1100020	46	59475	1200009	46	64460	1300002	46	69434	1400006	46	74390	1500017	46	79361	1600012	46	84334	1700016	46	89318	1800009	46	94272	1900018	46	99232	2000006	46	104205	2100005	46	109174	2200006	46	114115	2300015	46	119093	2400013	46	124081	2500019	46	129051	2600022	46	134040	2700009	46	139017	2800014	46	143977	2900019	46	148949	3000021	46	153917	3100004	46	158885	3200021	46	163858	3300009	46	168832	3400020	46	173796	3500008	46	
4999	100013	46	9962	200023	46	14953	300003	46	19928	400018	46	24904	500010	46	29860	600007	46	34828	700018	46	39762	800006	46	44721	900019	46	49686	1000011	46	54684	1100017	46	59656	1200022	46	64632	1300007	46	69595	1400012	46	74547	1500002	46	79438	1600007	46	84410	1700016	46	89368	1800010	46	94340	1900020	46	99330	2000007	46	104312	2100005	46	109279	2200005	46	114264	2300008	46	119220	2400011	46	124190	2500023	46	129168	2600016	46	134157	2700013	46	139128	2800015	46	144102	2900005	46	149089	3000016	46	154043	3100002	46	159011	3200012	46	163991	3300003	46	168966	3400012	46	173904	3500015	46	
4991	100010	46	9946	200013	46	14914	300011	46	19887	400024	46	24850	500017	46	29799	600025	46	34763	700002	46	39737	800004	46	44727	900019	46	49703	1000015	46	54683	1100004	46	59648	1200006	46	64645	1300015	46	69594	1400016	46	74579	1500015	46	79552	1600012	46	84511	1700013	46	89456	1800017	46	94405	1900021	46	99346	2000016	46	104292	2100013	46	109264	2200007	46	114232	2300002	46	119187	2400015	46	124158	2500011	46	129107	2600003	46	134058	2700008	46	139025	2800008	46	144002	2900013	46	148980	3000007	46	153929	3100019	46	158867	3200008	46	163789	3300008	46	168771	3400016	46	173711	3500017	46	
4948	100003	46	9904	200020	46	14881	300020	46	19859	400015	46	24850	500006	46	29835	600008	46	34832	700002	46	39815	800015	46	44784	900019	46	49770	1000014	46	54729	1100007	46	59698	1200020	46	64654	1300017	46	69633	1400010	46	74600	1500008	46	79562	1600020	46	84528	1700018	46	89505	1800016	46	94444	1900013	46	99421	2000003	46	104382	2100006	46	109354	2200002	46	114328	2300012	46	119300	2400019	46	124254	2500020	46	129220	2600006	46	134199	2700011	46	139184	2800006	46	144159	2900010	46	149123	3000012	46	154089	3100010	46	159034	3200018	46	164019	3300008	46	169001	3400006	46	173989	3500004	46	
2082	100056	1670	4143	200039	303	6134	300037	200	8088	400030	200	10071	500024	200	12038	600045	200	13998	700018	200	15976	800050	200	17955	900056	200	19912	1000024	200	21885	1100044	200	23852	1200055	200	25810	1300015	200	27769	1400041	200	29748	1500040	200	31733	1600010	200	33709	1700056	200	35676	1800015	200	37651	1900019	200	39619	2000033	200	41588	2100047	200	43535	2200044	200	45511	2300012	200	47493	2400041	200	49427	2500040	200	51369	2600010	200	53293	2700009	200	55281	2800026	200	57271	2900030	200	59252	3000030	200	61199	3100036	200	63181	3200057	200	65161	3300024	200	67126	3400044	200	69102	3500015	200	
2097	100042	1700	4153	200013	393	6147	300050	200	8109	400053	200	10072	500036	200	12033	600025	200	13994	700023	200	15969	800050	200	17940	900038	200	19905	1000040	200	21859	1100027	200	23817	1200033	200	25792	1300039	200	27770	1400015	200	29734	1500046	200	31703	1600036	200	33683	1700045	200	35657	1800023	200	37628	1900043	200	39597	2000018	200	41578	2100029	200	43540	2200032	200	45498	2300041	200	47464	2400026	200	49437	2500046	200	51401	2600017	200	53347	2700050	200	55309	2800031	200	57290	2900054	200	59250	3000009	200	61220	3100017	200	63187	3200022	200	65164	3300035	200	67143	3400011	200	69131	3500020	200	
2102	100037	1698	4161	200059	313	6131	300026	200	8116	400039	200	10065	500040	200	12037	600036	200	14012	700036	200	15950	800035	200	17925	900030	200	19897	1000034	200	21860	1100008	200	23839	1200037	200	25811	1300037	200	27796	1400039	200	29776	1500009	200	31748	1600032	200	33675	1700045	200	35642	1800030	200	37582	1900026	200	39541	2000029	200	41513	2100040	200	43485	2200011	200	45452	2300012	200	47421	2400057	200	49399	2500041	200	51374	2600020	200	53355	2700024	200	55331	2800028	200	57297	2900055	200	59261	3000027	200	61223	3100015	200	63199	3200017	200	65176	3300056	200	67142	3400041	200	69122	3500028	200	
2118	100042	1686	4166	200033	377	6139	300053	200	8101	400028	200	10074	500032	200	12043	600051	200	13995	700053	200	15953	800022	200	17915	900031	200	19872	1000042	200	21847	1100024	200	23814	1200024	200	25782	1300060	200	27748	1400052	200	29685	1500035	200	31664	1600054	200	33637	1700032	200	35611	1800019	200	37589	1900056	200	39562	2000040	200	41539	2100050	200	43494	2200052	200	45465	2300033	200	47445	2400040	200	49402	2500042	200	51381	2600053	200	53355	2700030	200	55339	2800043	200	57325	2900047	200	59306	3000038	200	61285	3100055	200	63256	3200011	200	65196	3300026	200	67153	3400051	200	69108	3500029	200	
2105	100013	1715	4161	200014	352	6156	300045	200	8082	400027	200	10038	500012	200	12013	600054	200	13973	700019	200	15947	800053	200	17890	900009	200	19840	1000010	200	21798	1100010	200	23778	1200037	200	25754	1300014	200	27707	1400040	200	29686	1500028	200	31628	1600050	200	33605	1700049	200	35557	1800037	200	37535	1900044	200	39498	2000009	200	41454	2100016	200	43388	2200057	200	45333	2300051	200	47303	2400028	200	49272	2500030	200	51254	2600054	200	53203	2700045	200	55191	2800046	200	57161	2900051	200	59144	3000011	200	61117	3100037	200	63091	3200012	200	65078	3300010	200	67060	3400009	200	69031	3500019	200	
2160	100018	918	4208	200046	205	6211	300047	205	8217	400009	205	10228	500033	205	12238	600013	205	14256	700055	205	16269	800042	205	18269	900032	205	20267	1000036	205	22257	1100013	205	24243	1200051	205	26223	1300035	205	28228	1400023	205	30241	1500010	205	32227	1600009	205	34237	1700008	205	36249	1800041	205	38266	1900036	205	40277	2000010	205	42283	2100046	205	44301	2200020	205	46275	2300032	205	48283	2400019	205	50228	2500009	205	52205	2600043	205	54205	2700060	205	56210	2800040	205	58225	2900032	205	60245	3000024	205	62246	3100049	205	64261	3200050	205	66267	3300026	205	68278	3400018	205	70299	3500056	205	
2166	100029	911	4224	200017	205	6238	300011	205	8248	400033	205	10263	500035	205	12266	600042	205	14272	700033	205	16257	800019	205	18254	900053	205	20267	1000057	205	22262	1100054	205	24242	1200015	205	26189	1300055	205	28207	1400007	205	30176	1500012	205	32191	1600019	205	34202	1700018	205	36171	1800059	205	38180	1900022	205	40173	2000037	205	42170	2100016	205	44161	2200051	205	46163	2300028	205	48177	2400038	205	50185	2500032	205	52196	2600010	205	54208	2700050	205	56224	2800047	205	58214	2900009	205	60216	3000050	205	62231	3100017	205	64245	3200015	205	66262	3300046	205	68254	3400009	205	70270	3500010	205	
2154	100028	914	4209	200043	205	6224	300027	205	8217	400024	205	10235	500054	205	12234	600055	205	14243	700042	205	16250	800012	205	18246	900011	205	20229	1000026	205	22216	1100051	205	24208	1200035	205	26220	1300011	205	28231	1400024	205	30242	1500011	205	32229	1600029	205	34215	1700054	205	36226	1800008	205	38226	1900024	205	40230	2000034	205	42220	2100042	205	44221	2200023	205	46217	2300048	205	48211	2400024	205	50234	2500016	205	52242	2600012	205	54240	2700038	205	56250	2800051	205	58246	2900038	205	60241	3000039	205	62248	3100025	205	64253	3200033	205	66225	3300052	205	68223	3400056	205	70233	3500029	205	
2170	100037	807	4216	200029	205	6208	300039	205	8213	400028	205	10202	500014	205	12202	600056	205	14186	700034	205	16149	800040	205	18157	900042	205	20156	1000023	205	22176	1100007	205	24190	1200021	205	26187	1300028	205	28203	1400046	205	30206	1500036	205	32202	1600046	205	34215	1700038	205	36230	1800045	205	38236	1900008	205	40239	2000037	205	42248	2100026	205	44254	2200012	205	46273	2300010	205	48289	2400016	205	50302	2500030	205	52316	2600011	205	54334	2700057	205	56350	2800020	205	58354	2900011	205	60353	3000015	205	62356	3100053	205	64365	3200042	205	66380	3300013	205	68365	3400035	205	70362	3500031	205	
2129	100009	889	4165	200048	205	6181	300038	205	8189	400012	205	10177	500052	205	12187	600031	205	14192	700057	205	16177	800046	205	18176	900036	205	20185	1000038	205	22188	1100042	205	24188	1200015	205	26201	1300030	205	28182	1400014	205	30188	1500011	205	32179	1600037	205	34152	1700022	205	36162	1800038	205	38179	1900045	205	40193	2000052	205	42212	2100046	205	44190	2200049	205	46210	2300055	205	48215	2400007	205	50198	2500035	205	52202	2600023	205	54209	2700013	205	56219	2800044	205	58223	2900038	205	60212	3000033	205	62219	3100033	205	64193	3200051	205	66188	3300008	205	68206	3400057	205	70213	3500033	205	
519	100061	21036	1035	200132	17267	1547	300204	14433	2057	400152	12219	2560	500113	10451	3061	600174	9130	3551	700073	8142	4047	800204	7419	4538	900134	6876	5023	1000113	6345	5510	1100094	5959	5995	1200087	5576	6484	1300163	5225	6974	1400047	4908	7461	1500141	4620	7943	1600129	4316	8430	1700212	4071	8910	1800241	3917	9396	1900214	3737	9880	2000196	3595	10359	2100076	3451	10842	2200224	3316	11327	2300094	3154	11811	2400125	3066	12296	2500099	2902	12782	2600166	2809	13265	2700175	2719	13746	2800061	2646	14227	2900239	2573	14712	3000168	2502	15195	3100116	2439	15677	3200088	2377	16159	3300226	2340	16643	3400135	2286	17123	3500113	2239	
520	100218	21142	1033	200197	17403	1546	300191	14334	2054	400171	12051	2556	500067	10377	3046	600084	9064	3540	700102	8142	4032	800133	7388	4522	900124	6697	5009	1000143	6168	5496	1100166	5762	5984	1200079	5328	6468	1300168	5062	6949	1400142	4797	7432	1500184	4608	7917	1600164	4369	8398	1700113	4194	8884	1800232	4014	9367	1900059	3832	9851	2000225	3690	10331	2100244	3547	10815	2200085	3423	11298	2300180	3318	11785	2400227	3197	12267	2500085	3099	12749	2600053	3013	13235	2700105	2942	13710	2800215	2878	14195	2900209	2788	14676	3000109	2719	15159	3100053	2648	15643	3200204	2584	16128	3300090	2507	16611	3400132	2447	17095	3500179	2389	
513	100043	21195	1029	200163	17556	1542	300164	14738	2048	400149	12566	2553	500158	10734	3053	600156	9346	3551	700137	8263	4039	800107	7450	4526	900080	6760	5011	1000053	6200	5503	1100203	5730	5984	1200230	5389	6471	1300241	5081	6954	1400069	4842	7438	1500234	4541	7926	1600236	4314	8409	1700175	4183	8887	1800141	4040	9373	1900106	3874	9859	2000242	3753	10341	2100168	3632	10825	2200084	3527	11309	2300043	3408	11795	2400163	3307	12278	2500221	3212	12759	2600122	3146	13241	2700091	3068	13724	2800058	2993	14207	2900135	2894	14687	3000082	2832	15165	3100047	2769	15646	3200083	2707	16130	3300097	2642	16610	3400185	2599	17093	3500088	2529	
517	100091	21070	1032	200162	17606	1541	300233	14815	2050	400160	12461	2555	500203	10757	3055	600214	9406	3548	700186	8349	4038	800174	7507	4529	900208	6891	5015	1000140	6365	5501	1100235	5956	5987	1200217	5578	6476	1300059	5267	6963	1400196	4949	7448	1500107	4667	7930	1600111	4451	8414	1700208	4232	8898	1800050	4021	9381	1900187	3827	9866	2000215	3652	10351	2100214	3497	10836	2200171	3342	11323	2300120	3212	11801	2400145	3118	12281	2500094	3005	12761	2600135	2909	13246	2700121	2833	13727	2800137	2733	14211	2900235	2642	14694	3000069	2547	15177	3100200	2477	15658	3200132	2416	16143	3300239	2369	16626	3400074	2335	17112	3500206	2266	
513	100104	21194	1028	200178	17624	1544	300173	14895	2050	400225	12680	2554	500174	10979	3051	600211	9710	3549	700086	8729	4046	800083	7826	4537	900203	7110	5025	1000238	6607	5514	1100197	6133	5999	1200125	5713	6478	1300160	5392	6961	1400069	5014	7444	1500087	4709	7928	1600071	4491	8409	1700047	4285	8898	1800224	4064	9385	1900082	3874	9867	2000099	3731	10346	2100079	3603	10813	2200133	3469	11293	2300113	3353	11774	2400190	3229	12257	2500225	3121	12734	2600188	3047	13215	2700124	2937	13699	2800202	2847	14180	2900243	2768	14662	3000061	2689	15135	3100123	2614	15616	3200235	2553	16098	3300186	2510	16582	3400121	2421	17067	3500160	2355	
526	100122	21348	1047	200078	17430	1569	300213	13499	2094	400190	9876	2613	500057	6829	3126	600043	4767	3627	700104	3567	4124	800151	2989	4613	900184	2629	5103	1000084	2365	5594	1100066	2171	6082	1200178	2054	6575	1300129	1934	7060	1400061	1863	7549	1500048	1788	8035	1600217	1732	8522	1700053	1677	9010	1800196	1633	9497	1900095	1595	9981	2000114	1576	10465	2100129	1546	10955	2200090	1511	11446	2300072	1501	11935	2400092	1486	12427	2500125	1451	12920	2600211	1427	13410	2700072	1401	13898	2800128	1380	14386	2900200	1362	14876	3000253	1343	15368	3100222	1330	15853	3200251	1318	16339	3300230	1306	16831	3400241	1294	17322	3500220	1286	
528	100172	21630	1048	200214	17851	1570	300222	14062	2093	400150	10569	2618	500143	7288	3129	600215	5085	3633	700150	3788	4129	800208	2928	4622	900104	2479	5115	1000064	2234	5606	1100141	2061	6096	1200138	1924	6586	1300190	1820	7074	1400051	1747	7564	1500238	1682	8051	1600133	1628	8539	1700234	1586	9025	1800140	1551	9514	1900058	1513	10001	2000181	1483	10490	2100118	1453	10980	2200200	1436	11469	2300110	1408	11954	2400155	1386	12446	2500108	1353	12935	2600154	1337	13422	2700122	1325	13909	2800085	1315	14395	2900199	1302	14881	3000057	1288	15373	3100143	1274	15862	3200153	1261	16356	3300077	1247	16847	3400110	1237	17340	3500173	1230	
526	100187	21449	1048	200134	17795	1572	300071	13896	2092	400230	10129	2613	500177	6960	3125	600163	5056	3630	700236	3855	4127	800163	3162	4621	900212	2729	5114	1000182	2504	5607	1100186	2301	6098	1200067	2134	6592	1300194	1967	7084	1400211	1841	7571	1500227	1781	8059	1600240	1720	8549	1700206	1669	9040	1800185	1620	9528	1900138	1591	10012	2000060	1562	10504	2100119	1541	10999	2200053	1511	11493	2300210	1495	11978	2400211	1466	12463	2500142	1437	12952	2600188	1410	13439	2700041	1388	13929	2800151	1367	14422	2900192	1350	14910	3000058	1312	15400	3100123	1285	15893	3200084	1274	16382	3300079	1254	16871	3400094	1244	17361	3500098	1231	
526	100230	21465	1051	200069	17577	1577	300152	13707	2095	400116	10283	2616	500224	6975	3131	600245	4899	3635	700153	3699	4134	800190	2985	4629	900237	2567	5118	1000186	2324	5611	1100084	2118	6095	1200213	1979	6586	1300128	1880	7071	1400075	1815	7562	1500246	1742	8050	1600097	1711	8541	1700127	1684	9033	1800153	1650	9522	1900222	1616	10012	2000186	1587	10503	2100145	1553	10994	2200170	1514	11489	2300156	1496	11981	2400182	1485	12469	2500061	1470	12957	2600228	1452	13442	2700100	1432	13927	2800121	1414	14417	2900054	1396	14900	3000146	1368	15389	3100195	1355	15878	3200218	1339	16370	3300059	1328	16860	3400103	1310	17348	3500142	1299	
522	100101	21442	1050	200081	17873	1577	300234	13981	2100	400136	10312	2621	500253	7346	3134	600180	5167	3638	700202	3813	4135	800119	3115	4629	900075	2696	5121	1000167	2430	5609	1100124	2203	6099	1200095	2042	6588	1300066	1895	7075	1400115	1783	7568	1500052	1716	8059	1600097	1631	8551	1700138	1585	9043	1800102	1543	9534	1900190	1504	10023	2000200	1480	10515	2100173	1448	11004	2200178	1420	11495	2300069	1394	11981	2400053	1367	12471	2500147	1342	12960	2600080	1327	13447	2700170	1312	13935	2800182	1287	14425	2900181	1278	14914	3000095	1264	15403	3100184	1248	15894	3200232	1221	16381	3300069	1198	16875	3400200	1189	17364	3500110	1176	
5508	100002	47	11027	200003	47	16530	300008	47	22027	400012	47	27569	500005	47	33075	600018	47	38585	700009	47	44068	800009	47	49551	900017	47	55033	1000004	47	60525	1100014	47	66052	1200003	47	71584	1300019	47	77081	1400007	47	82590	1500015	47	88108	1600006	47	93628	1700013	47	99110	1800007	47	104626	1900015	47	110157	2000015	47	115693	2100012	47	121229	2200012	47	126759	2300005	47	132257	2400001	47	137775	2500010	47	143300	2600007	47	148828	2700015	47	154352	2800011	47	159874	2900017	47	165403	3000006	47	170919	3100017	47	176451	3200013	47	181946	3300021	47	187476	3400006	47	192992	3500009	47	
5506	100006	47	11013	200001	47	16517	300017	47	22039	400004	47	27531	500014	47	33013	600002	47	38518	700005	47	44003	800016	47	49511	900014	47	55008	1000004	47	60521	1100004	47	66026	1200009	47	71538	1300014	47	77026	1400021	47	82522	1500019	47	88017	1600012	47	93514	1700014	47	98974	1800016	47	104493	1900006	47	110020	2000002	47	115505	2100001	47	120979	2200002	47	126494	2300003	47	131971	2400018	47	137486	2500003	47	142942	2600005	47	148452	2700021	47	153965	2800004	47	159492	2900006	47	165003	3000015	47	170498	3100007	47	176006	3200013	47	181521	3300004	47	187034	3400016	47	192518	3500017	47	
5484	100010	47	10972	200007	47	16465	300005	47	21980	400005	47	27510	500015	47	33001	600006	47	38512	700008	47	44019	800002	47	49500	900017	47	54940	1000016	47	60445	1100005	47	65953	1200017	47	71478	1300005	47	76966	1400016	47	82459	1500015	47	87952	1600005	47	93460	1700004	47	98950	1800011	47	104458	1900007	47	109983	2000012	47	115486	2100013	47	120979	2200004	47	126466	2300010	47	131979	2400008	47	137478	2500005	47	142997	2600008	47	148510	2700003	47	154011	2800008	47	159525	2900017	47	165040	3000004	47	170539	3100012	47	176046	3200014	47	181556	3300010	47	187074	3400014	47	192576	3500002	47	
5485	100003	47	10970	200012	47	16464	300007	47	21946	400012	47	27463	500018	47	32941	600022	47	38457	700005	47	43935	800017	47	49459	900002	47	54974	1000010	47	60478	1100009	47	65985	1200003	47	71503	1300009	47	77023	1400007	47	82536	1500009	47	88055	1600016	47	93549	1700010	47	99009	1800022	47	104443	1900004	47	109948	2000013	47	115472	2100009	47	120988	2200014	47	126484	2300003	47	131966	2400009	47	137462	2500012	47	142965	2600015	47	148441	2700005	47	153953	2800019	47	159473	2900017	47	164987	3000008	47	170520	3100005	47	176020	3200003	47	181529	3300004	47	187020	3400004	47	192533	3500013	47	
5453	100013	47	10951	200010	47	16422	300002	47	21852	400006	47	27292	500003	47	32775	600019	47	38271	700014	47	43789	800010	47	49298	900014	47	54815	1000012	47	60308	1100013	47	65825	1200012	47	71328	1300003	47	76789	1400003	47	82307	1500007	47	87805	1600009	47	93299	1700001	47	98790	1800017	47	104279	1900005	47	109785	2000015	47	115287	2100018	47	120780	2200008	47	126280	2300013	47	131793	2400005	47	137302	2500009	47	142802	2600008	47	148312	2700005	47	153827	2800022	47	159291	2900002	47	164780	3000014	47	170271	3100014	47	175793	3200003	47	181300	3300019	47	186819	3400010	47	192335	3500020	47	
5814	100012	53	11618	200012	53	17455	300003	53	23285	400007	53	29149	500005	53	34990	600016	53	40845	700014	53	46687	800011	53	52496	900004	53	58298	1000012	53	64158	1100005	53	70008	1200008	53	75860	1300007	53	81711	1400004	53	87530	1500010	53	93399	1600014	53	99252	1700016	53	105113	1800011	53	110962	1900009	53	116802	2000006	53	122620	2100009	53	128473	2200019	53	134317	2300015	53	140120	2400004	53	145962	2500003	53	151796	2600007	53	157641	2700004	53	163499	2800010	53	169341	2900010	53	175202	3000006	53	181036	3100009	53	186886	3200013	53	192716	3300008	53	198550	3400013	53	204382	3500002	53	
5803	100016	53	11606	200009	53	17426	300004	53	23231	400008	53	29048	500001	53	34785	600003	53	40590	700003	53	46422	800011	53	52239	900012	53	58090	1000013	53	63950	1100008	53	69782	1200009	53	75573	1300003	53	81371	1400014	53	87172	1500010	53	92968	1600002	53	98794	1700022	53	104598	1800011	53	110430	1900011	53	116241	2000004	53	122048	2100014	53	127863	2200003	53	133662	2300011	53	139491	2400021	53	145304	2500008	53	151123	2600015	53	156964	2700013	53	162804	2800008	53	168631	2900009	53	174475	3000013	53	180295	3100003	53	186126	3200004	53	191941	3300014	53	197770	3400013	53	203601	3500009	53	
5815	100001	53	11630	200006	53	17469	300002	53	23309	400014	53	29147	500016	53	34971	600018	53	40814	700011	53	46609	800007	53	52430	900010	53	58252	1000009	53	64086	1100012	53	69914	1200016	53	75749	1300013	53	81583	1400012	53	87415	1500008	53	93249	1600015	53	99062	1700015	53	104902	1800011	53	110728	1900002	53	116549	2000010	53	122393	2100015	53	128214	2200002	53	134044	2300016	53	139848	2400009	53	145676	2500010	53	151490	2600006	53	157304	2700016	53	163094	2800011	53	168905	2900004	53	174737	3000012	53	180538	3100011	53	186353	3200006	53	192173	3300006	53	197967	3400004	53	203771	3500005	53	
5839	100012	53	11705	200009	53	17540	300007	53	23372	400009	53	29166	500017	53	34978	600012	53	40801	700008	53	46612	800006	53	52448	900013	53	58280	1000014	53	64092	1100004	53	69930	1200003	53	75765	1300022	53	81603	1400007	53	87414	1500012	53	93216	1600009	53	99037	1700004	53	104846	1800010	53	110694	1900006	53	116515	2000016	53	122306	2100011	53	128102	2200013	53	133922	2300006	53	139727	2400010	53	145560	2500013	53	151371	2600013	53	157172	2700002	53	162994	2800008	53	168838	2900003	53	174651	3000006	53	180433	3100012	53	186258	3200008	53	192087	3300008	53	197900	3400020	53	203739	3500012	53	
5777	100006	53	11601	200010	53	17437	300014	53	23271	400003	53	29116	500013	53	34931	600015	53	40723	700010	53	46519	800012	53	52347	900002	53	58172	1000014	53	63975	1100014	53	69782	1200016	53	75609	1300002	53	81436	1400004	53	87260	1500014	53	93103	1600011	53	98915	1700010	53	104744	1800015	53	110568	1900010	53	116391	2000003	53	122208	2100012	53	128019	2200016	53	133856	2300007	53	139694	2400002	53	145530	2500017	53	151349	2600011	53	157159	2700001	53	163009	2800007	53	168858	2900012	53	174687	3000015	53	180474	3100002	53	186298	3200008	53	192126	3300010	53	197953	3400008	53	203781	3500013	53	
2145	100032	191	4270	200016	191	6397	300043	191	8539	400035	191	10645	500037	191	12792	600039	191	14897	700023	191	17048	800043	191	19178	900027	191	21314	1000010	191	23441	1100029	191	25579	1200018	191	27722	1300018	191	29856	1400026	191	31990	1500038	191	34122	1600008	191	36270	1700048	191	38398	1800021	191	40526	1900053	191	42666	2000033	191	44801	2100044	191	46931	2200051	191	49061	2300008	191	51207	2400032	191	53334	2500045	191	55468	2600046	191	57619	2700043	191	59750	2800053	191	61889	2900015	191	64035	3000033	191	66151	3100019	191	68291	3200008	191	70424	3300007	191	72564	3400025	191	74701	3500052	191	
2145	100022	191	4276	200046	191	6425	300037	191	8568	400038	191	10693	500046	191	12814	600036	191	14953	700033	191	17068	800035	191	19167	900055	191	21311	1000013	191	23438	1100039	191	25575	1200048	191	27691	1300025	191	29837	1400043	191	31967	1500025	191	34100	1600009	191	36240	1700025	191	38380	1800022	191	40525	1900044	191	42632	2000033	191	44750	2100029	191	46890	2200017	191	49029	2300051	191	51142	2400022	191	53271	2500015	191	55394	2600022	191	57533	2700026	191	59663	2800051	191	61795	2900018	191	63918	3000029	191	66026	3100022	191	68166	3200025	191	70320	3300009	191	72447	3400015	191	74583	3500052	191	
2135	100029	191	4274	200027	191	6425	300039	191	8558	400010	191	10694	500010	191	12831	600007	191	14964	700050	191	17093	800029	191	19208	900010	191	21298	1000034	191	23433	1100033	191	25546	1200009	191	27681	1300011	191	29802	1400046	191	31925	1500025	191	34064	1600032	191	36207	1700014	191	38328	1800028	191	40455	1900050	191	42594	2000049	191	44733	2100018	191	46857	2200032	191	48984	2300039	191	51065	2400037	191	53154	2500031	191	55298	2600037	191	57430	2700049	191	59562	2800007	191	61705	2900051	191	63820	3000020	191	65948	3100019	191	68072	3200022	191	70201	3300045	191	72335	3400041	191	74467	3500030	191	
2146	100042	191	4287	200036	191	6420	300036	191	8559	400008	191	10702	500026	191	12839	600043	191	14970	700044	191	17121	800027	191	19265	900043	191	21408	1000013	191	23551	1100026	191	25699	1200050	191	27834	1300007	191	29968	1400030	191	32096	1500019	191	34222	1600055	191	36343	1700009	191	38490	1800016	191	40634	1900035	191	42764	2000039	191	44901	2100019	191	47046	2200011	191	49198	2300025	191	51316	2400047	191	53417	2500033	191	55547	2600037	191	57677	2700046	191	59775	2800040	191	61905	2900027	191	64051	3000035	191	66197	3100043	191	68345	3200029	191	70486	3300048	191	72616	3400045	191	74728	3500021	191	
2140	100057	191	4272	200028	191	6417	300010	191	8552	400023	191	10656	500030	191	12799	600020	191	14948	700045	191	17076	800027	191	19207	900050	191	21342	1000024	191	23462	1100030	191	25585	1200035	191	27713	1300043	191	29853	1400007	191	31984	1500045	191	34122	1600026	191	36260	1700019	191	38392	1800018	191	40524	1900037	191	42658	2000024	191	44791	2100016	191	46907	2200008	191	49041	2300035	191	51184	2400010	191	53330	2500025	191	55452	2600032	191	57578	2700024	191	59694	2800012	191	61840	2900021	191	63985	3000008	191	66113	3100045	191	68243	3200011	191	70387	3300023	191	72528	3400010	191	74673	3500036	191	
2253	100016	194	4540	200041	194	6830	300031	194	9124	400017	194	11422	500051	194	13719	600032	194	16017	700033	194	18270	800031	194	20563	900041	194	22840	1000018	194	25140	1100047	194	27420	1200042	194	29700	1300034	194	31999	1400014	194	34297	1500050	194	36605	1600025	194	38914	1700045	194	41211	1800025	194	43486	1900014	194	45773	2000048	194	48064	2100038	194	50350	2200013	194	52636	2300012	194	54935	2400017	194	57233	2500039	194	59511	2600053	194	61798	2700047	194	64088	2800016	194	66371	2900041	194	68656	3000022	194	70946	3100019	194	73243	3200034	194	75527	3300018	194	77815	3400030	194	80096	3500016	194	
2274	100008	194	4539	200020	194	6832	300006	194	9116	400039	194	11398	500038	194	13649	600009	194	15921	700035	194	18211	800024	194	20492	900009	194	22773	1000018	194	25069	1100023	194	27371	1200009	194	29632	1300031	194	31912	1400041	194	34208	1500045	194	36492	1600024	194	38761	1700048	194	41052	1800032	194	43341	1900012	194	45636	2000016	194	47926	2100039	194	50217	2200029	194	52495	2300030	194	54779	2400025	194	57078	2500032	194	59355	2600035	194	61625	2700044	194	63906	2800017	194	66195	2900020	194	68485	3000045	194	70761	3100028	194	73052	3200036	194	75315	3300015	194	77605	3400017	194	79897	3500035	194	
2294	100038	194	4580	200040	194	6819	300047	194	9086	400032	194	11348	500017	194	13624	600041	194	15925	700016	194	18214	800019	194	20502	900049	194	22796	1000035	194	25055	1100031	194	27346	1200046	194	29631	1300021	194	31931	1400034	194	34221	1500040	194	36500	1600020	194	38781	1700044	194	41063	1800038	194	43296	1900048	194	45500	2000043	194	47796	2100013	194	50085	2200039	194	52359	2300046	194	54650	2400010	194	56946	2500038	194	59215	2600020	194	61476	2700035	194	63760	2800008	194	66055	2900009	194	68323	3000050	194	70606	3100031	194	72912	3200032	194	75202	3300043	194	77480	3400027	194	79778	3500031	194	
2289	100015	194	4586	200027	194	6839	300050	194	9117	400021	194	11373	500017	194	13661	600017	194	15932	700010	194	18209	800044	194	20494	900019	194	22794	1000047	194	25096	1100031	194	27399	1200042	194	29675	1300029	194	31967	1400011	194	34264	1500034	194	36556	1600007	194	38838	1700016	194	41103	1800035	194	43389	1900036	194	45646	2000046	194	47946	2100010	194	50247	2200033	194	52491	2300018	194	54739	2400014	194	57043	2500029	194	59342	2600066	194	61630	2700030	194	63915	2800034	194	66209	2900012	194	68496	3000009	194	70793	3100013	194	73090	3200031	194	75378	3300023	194	77651	3400007	194	79912	3500023	194	
2291	100009	194	4575	200028	194	6862	300037	194	9132	400050	194	11418	500007	194	13712	600042	194	16007	700017	194	18288	800046	194	20561	900034	194	22835	1000048	194	25112	1100010	194	27405	1200018	194	29684	1300037	194	31970	1400025	194	34256	1500035	194	36543	1600044	194	38844	1700013	194	41134	1800033	194	43420	1900041	194	45720	2000023	194	47990	2100015	194	50274	2200020	194	52543	2300050	194	54829	2400032	194	57125	2500034	194	59429	2600034	194	61732	2700028	194	64005	2800021	194	66278	2900028	194	68574	3000014	194	70866	3100032	194	73157	3200006	194	75460	3300037	194	77741	3400048	194	80033	3500013	194	
581	100116	1300	1148	200055	1145	1718	300167	1055	2284	400038	1023	2856	500047	1002	3432	600044	994	3999	700071	981	4559	800132	978	5133	900084	975	5710	1000080	970	6286	1100175	967	6854	1200189	966	7432	1300089	966	7988	1400044	966	8559	1500176	966	9135	1600100	965	9708	1700071	965	10281	1800118	965	10827	1900069	965	11395	2000064	965	11965	2100051	965	12545	2200067	965	13118	2300143	965	13697	2400179	965	14272	2500085	965	14846	2600137	965	15425	2700060	965	16000	2800171	965	16576	2900200	965	17148	3000191	965	17723	3100125	965	18292	3200200	965	18872	3300193	965	19451	3400076	965	20025	3500054	965	
570	100108	1383	1144	200132	1164	1712	300134	1071	2288	400040	1023	2865	500119	1008	3433	600115	995	4006	700175	985	4585	800199	981	5139	900072	981	5718	1000175	976	6286	1100161	974	6863	1200173	973	7435	1300151	972	8011	1400072	967	8576	1500063	966	9138	1600191	966	9711	1700145	965	10285	1800059	965	10855	1900085	965	11426	2000086	965	11992	2100169	965	12565	2200128	965	13139	2300122	965	13712	2400148	965	14285	2500206	965	14854	2600183	965	15428	2700052	965	15999	2800120	965	16567	2900090	965	17141	3000190	965	17713	3100169	965	18286	3200082	965	18860	3300163	965	19432	3400033	965	20009	3500061	965	
578	100201	1293	1147	200165	1144	1722	300140	1070	2293	400132	1037	2868	500057	1012	3438	600093	999	4007	700089	989	4581	800117	979	5154	900116	974	5722	1000214	973	6292	1100186	972	6861	1200042	970	7425	1300118	969	7998	1400211	969	8568	1500204	968	9140	1600143	966	9710	1700126	965	10284	1800131	965	10856	1900061	965	11427	2000032	965	11998	2100112	965	12562	2200048	965	13140	2300041	965	13718	2400182	965	14290	2500041	965	14861	2600139	965	15425	2700176	965	16000	2800176	965	16571	2900194	965	17143	3000051	965	17712	3100146	965	18279	3200039	965	18850	3300150	965	19421	3400034	965	19989	3500149	965	
583	100134	1287	1156	200144	1129	1731	300195	1069	2305	400125	1028	2884	500206	1011	3448	600191	999	4025	700143	990	4599	800170	984	5169	900114	979	5744	1000160	977	6319	1100138	970	6889	1200096	968	7458	1300083	965	8033	1400091	965	8604	1500191	965	9170	1600045	965	9743	1700173	965	10319	1800079	965	10894	1900078	965	11468	2000170	965	12039	2100059	965	12607	2200076	965	13182	2300134	965	13758	2400085	965	14337	2500139	965	14905	2600133	965	15481	2700183	965	16056	2800196	965	16625	2900090	965	17197	3000083	965	17775	3100100	965	18350	3200150	965	18927	3300194	965	19503	3400104	965	20079	3500185	965	
570	100139	1350	1146	200037	1171	1723	300161	1102	2294	400135	1051	2864	500148	1034	3436	600135	1012	4014	700177	991	4587	800046	977	5160	900112	974	5737	1000161	969	6314	1100129	967	6887	1200095	967	7465	1300187	967	8030	1400144	967	8600	1500067	966	9170	1600070	966	9737	1700118	966	10308	1800110	966	10877	1900060	966	11450	2000194	966	12021	2100178	966	12575	2200175	966	13151	2300128	966	13722	2400196	966	14295	2500102	966	14862	2600045	966	15438	2700113	966	16006	2800121	966	16579	2900177	965	17150	3000077	965	17724	3100093	965	18293	3200159	965	18866	3300128	965	19439	3400131	965	20002	3500138	965	
622	100158	1239	1243	200129	1098	1865	300137	1012	2476	400144	981	3084	500070	958	3693	600203	946	4302	700116	941	4919	800159	938	5537	900083	937	6162	1000135	936	6783	1100060	936	7401	1200181	935	8015	1300140	934	8634	1400122	934	9249	1500092	934	9870	1600119	934	10491	1700067	934	11109	1800137	933	11729	1900155	933	12342	2000141	932	12959	2100139	932	13585	2200057	932	14206	2300101	932	14827	2400167	932	15448	2500138	932	16067	2600105	932	16676	2700077	932	17294	2800096	932	17913	2900170	932	18535	3000075	932	19154	3100134	932	19768	3200090	932	20390	3300132	932	21009	3400177	932	21631	3500041	932	
625	100177	1290	1247	200074	1038	1869	300138	995	2488	400097	963	3111	500094	947	3692	600090	938	4313	700033	937	4935	800154	935	5557	900050	935	6181	1000188	935	6792	1100052	933	7418	1200031	932	8040	1300078	932	8658	1400138	932	9283	1500135	932	9900	1600124	932	10523	1700180	932	11135	1800134	932	11743	1900102	932	12356	2000126	932	12970	2100039	932	13589	2200147	932	14212	2300058	932	14832	2400110	932	15456	2500054	932	16065	2600039	932	16681	2700036	932	17300	2800181	932	17926	2900150	932	18548	3000165	932	19164	3100050	932	19785	3200058	932	20405	3300059	932	21027	3400089	932	21649	3500131	932	
624	100149	1151	1251	200114	1010	1870	300087	981	2482	400144	960	3099	500122	944	3715	600125	941	4337	700175	940	4953	800098	938	5575	900126	934	6192	1000105	932	6813	1100078	932	7435	1200157	932	8056	1300078	932	8679	1400083	932	9299	1500082	932	9918	1600166	932	10534	1700144	932	11146	1800139	932	11769	1900172	932	12387	2000083	932	13009	2100114	932	13622	2200066	932	14239	2300128	932	14853	2400073	932	15478	2500140	932	16094	2600117	932	16713	2700062	932	17335	2800148	932	17955	2900086	932	18568	3000122	932	19188	3100146	932	19813	3200100	932	20436	3300151	932	21055	3400135	932	21680	3500087	932	
627	100117	1190	1246	200118	1030	1866	300110	988	2486	400071	968	3105	500145	954	3720	600036	941	4342	700063	937	4958	800084	936	5582	900101	932	6201	1000159	932	6826	1100170	932	7449	1200173	932	8074	1300029	932	8696	1400119	932	9317	1500123	932	9934	1600046	932	10555	1700160	932	11178	1800101	932	11801	1900173	932	12422	2000169	932	13043	2100162	932	13657	2200190	932	14275	2300191	932	14895	2400069	932	15518	2500127	932	16136	2600173	932	16758	2700154	932	17381	2800166	932	18002	2900116	932	18625	3000048	932	19247	3100073	932	19863	3200051	932	20463	3300133	932	21074	3400044	932	21697	3500117	932	
619	100067	1198	1242	200130	1034	1864	300167	990	2486	400124	973	3100	500083	951	3716	600117	949	4339	700065	938	4963	800146	936	5581	900070	934	6199	1000169	933	6818	1100048	932	7441	1200112	932	8060	1300087	932	8676	1400174	932	9296	1500077	932	9918	1600030	932	10530	1700148	932	11141	1800142	932	11754	1900117	932	12368	2000184	932	12986	2100035	932	13599	2200107	932	14214	2300151	932	14835	2400056	932	15451	2500074	932	16072	2600068	932	16689	2700088	932	17314	2800096	932	17931	2900120	932	18554	3000087	932	19169	3100177	932	19791	3200137	932	20405	3300171	932	21015	3400132	932	21636	3500042	932	
5119	100007	50	10174	200022	50	15254	300008	50	20361	400008	50	25453	500017	50	30555	600007	50	35604	700015	50	40683	800023	50	45760	900009	50	50809	1000010	50	55899	1100019	50	60976	1200009	50	66075	1300013	50	71174	1400007	50	76272	1500009	50	81356	1600009	50	86442	1700005	50	91484	1800019	50	96541	1900018	50	101611	2000008	50	106698	2100005	50	111787	2200018	50	116848	2300012	50	121866	2400020	50	126922	2500003	50	132005	2600011	50	137091	2700018	50	142186	2800007	50	147283	2900024	50	152334	3000018	50	157433	3100012	50	162492	3200017	50	167576	3300014	50	172672	3400017	50	177742	3500017	50	
5127	100005	50	10206	200003	50	15299	300013	50	20400	400008	50	25499	500021	50	30567	600018	50	35621	700011	50	40695	800014	50	45755	900019	50	50821	1000012	50	55912	1100012	50	60973	1200018	50	66035	1300009	50	71069	1400014	50	76163	1500008	50	81250	1600004	50	86320	1700018	50	91377	1800006	50	96472	1900006	50	101573	2000008	50	106664	2100013	50	111742	2200024	50	116787	2300002	50	121864	2400013	50	126944	2500010	50	132047	2600016	50	137108	2700011	50	142185	2800009	50	147239	2900009	50	152333	3000013	50	157404	3100003	50	162491	3200014	50	167594	3300015	50	172679	3400019	50	177760	3500009	50	
5137	100018	50	10224	200023	50	15298	300021	50	20395	400015	50	25468	500016	50	30541	600002	50	35627	700022	50	40726	800010	50	45803	900008	50	50867	1000018	50	55924	1100009	50	61002	1200006	50	66082	1300006	50	71185	1400013	50	76261	1500003	50	81315	1600003	50	86356	1700013	50	91402	1800018	50	96465	1900007	50	101550	2000017	50	106643	2100020	50	111720	2200018	50	116803	2300010	50	121895	2400006	50	126990	2500008	50	132078	2600017	50	137166	2700008	50	142223	2800022	50	147289	2900008	50	152299	3000004	50	157387	3100002	50	162453	3200017	50	167531	3300001	50	172589	3400002	50	177674	3500005	50	
5149	100019	50	10250	200019	50	15348	300005	50	20443	400014	50	25535	500023	50	30622	600022	50	35694	700002	50	40751	800005	50	45823	900011	50	50875	1000010	50	55942	1100019	50	60991	1200016	50	66074	1300012	50	71161	1400003	50	76266	1500014	50	81328	1600009	50	86418	1700001	50	91477	1800014	50	96567	1900018	50	101644	2000017	50	106722	2100016	50	111812	2200005	50	116864	2300018	50	121950	2400009	50	127051	2500009	50	132131	2600007	50	137212	2700009	50	142299	2800002	50	147391	2900022	50	152445	3000006	50	157514	3100004	50	162600	3200003	50	167677	3300011	50	172770	3400008	50	177845	3500012	50	
5128	100002	50	10223	200008	50	15310	300004	50	20374	400013	50	25453	500013	50	30538	600008	50	35641	700005	50	40703	800011	50	45792	900022	50	50841	1000007	50	55920	1100010	50	61015	1200011	50	66090	1300019	50	71178	1400018	50	76257	1500014	50	81331	1600011	50	86406	1700009	50	91480	1800023	50	96555	1900008	50	101629	2000015	50	106720	2100002	50	111793	2200007	50	116869	2300018	50	121967	2400006	50	127070	2500014	50	132151	2600004	50	137235	2700016	50	142294	2800011	50	147312	2900009	50	152417	3000019	50	157507	3100005	50	162588	3200008	50	167673	3300011	50	172777	3400002	50	177839	3500010	50	
2138	100035	5478	4280	200053	1380	6328	300022	251	8307	400044	204	10284	500017	204	12267	600052	204	14227	700060	204	16205	800029	204	18187	900016	204	20164	1000042	204	22124	1100039	204	24091	1200049	204	26058	1300046	204	28030	1400041	204	30003	1500046	204	31964	1600035	204	33926	1700071	204	35900	1800029	204	37870	1900010	204	39838	2000056	204	41805	2100060	204	43774	2200038	204	45734	2300012	204	47638	2400093	204	49537	2500116	204	51450	2600051	204	53435	2700008	204	55412	2800010	204	57393	2900039	204	59362	3000060	204	61330	3100019	204	63293	3200038	204	65264	3300049	204	67220	3400072	204	69193	3500034	204	
2154	100027	5474	4285	200011	1498	6315	300019	255	8267	400043	204	10233	500071	204	12191	600050	204	14166	700014	204	16143	800037	204	18117	900036	204	20097	1000053	204	22061	1100056	204	24036	1200049	204	26018	1300049	204	27996	1400009	204	29976	1500023	204	31940	1600029	204	33914	1700044	204	35882	1800057	204	37862	1900055	204	39827	2000045	204	41813	2100053	204	43797	2200012	204	45774	2300010	204	47750	2400028	204	49732	2500033	204	51692	2600026	204	53669	2700052	204	55634	2800010	204	57614	2900052	204	59584	3000048	204	61570	3100022	204	63550	3200045	204	65536	3300041	204	67523	3400036	204	69503	3500017	204	
2146	100013	5477	4270	200007	1512	6316	300050	271	8287	400049	204	10258	500024	204	12233	600050	204	14209	700013	204	16169	800053	204	18124	900061	204	20080	1000042	204	22034	1100041	204	24002	1200040	204	25972	1300025	204	27938	1400030	204	29918	1500035	204	31894	1600045	204	33872	1700026	204	35852	1800055	204	37832	1900022	204	39809	2000041	204	41769	2100036	204	43746	2200053	204	45686	2300043	204	47603	2400045	204	49583	2500029	204	51564	2600014	204	53543	2700044	204	55513	2800055	204	57497	2900031	204	59470	3000055	204	61437	3100026	204	63410	3200037	204	65365	3300046	204	67340	3400038	204	69311	3500045	204	
2143	100045	5456	4281	200015	1371	6308	300038	236	8296	400039	204	10280	500111	204	12257	600056	204	14232	700014	204	16217	800060	204	18174	900102	204	20146	1000049	204	22114	1100036	204	24100	1200008	204	26076	1300032	204	28043	1400008	204	30005	1500070	204	31968	1600016	204	33954	1700048	204	35911	1800031	204	37845	1900032	204	39818	2000048	204	41808	2100026	204	43790	2200039	204	45756	2300052	204	47742	2400017	204	49696	2500011	204	51654	2600036	204	53620	2700056	204	55586	2800019	204	57559	2900034	204	59533	3000031	204	61518	3100030	204	63498	3200057	204	65486	3300017	204	67471	3400038	204	69444	3500056	204	
2146	100037	5452	4299	200012	1387	6339	300052	250	8315	400022	204	10294	500010	204	12272	600012	204	14247	700020	204	16228	800046	204	18214	900061	204	20176	1000052	204	22150	1100019	204	24114	1200046	204	26085	1300044	204	28054	1400043	204	30028	1500032	204	31997	1600051	204	33981	1700019	204	35939	1800050	204	37905	1900053	204	39873	2000044	204	41845	2100026	204	43815	2200034	204	45773	2300018	204	47760	2400062	204	49740	2500040	204	51722	2600022	204	53646	2700039	204	55625	2800056	204	57599	2900042	204	59588	3000034	204	61563	3100021	204	63546	3200021	204	65526	3300048	204	67496	3400042	204	69462	3500031	204	
526	100093	46223	1054	200073	41997	1577	300179	37953	2107	400078	33650	2634	500099	29492	3161	600098	25180	3683	700228	21097	4206	800208	17263	4730	900124	13407	5253	1000120	10063	5772	1100170	7462	6275	1200135	5905	6775	1300127	4845	7276	1400143	4116	7761	1500129	3720	8252	1600154	3406	8738	1700166	3129	9226	1800084	2871	9712	1900180	2688	10203	2000233	2502	10693	2100243	2378	11175	2200109	2267	11666	2300127	2169	12157	2400093	2088	12641	2500249	2001	13127	2600212	1924	13618	2700178	1852	14103	2800142	1817	14588	2900164	1787	15076	3000152	1758	15566	3100177	1724	16057	3200057	1678	16541	3300110	1648	17035	3400095	1617	17527	3500221	1590	
525	100067	46217	1054	200118	42042	1579	300151	38072	2105	400243	34073	2624	500218	29855	3138	600214	25567	3655	700154	21504	4183	800089	17349	4704	900095	13399	5227	1000044	9980	5737	1100049	7337	6236	1200226	5832	6732	1300239	4937	7226	1400221	4218	7719	1500230	3712	8204	1600045	3445	8693	1700219	3171	9184	1800138	2947	9676	1900234	2742	10166	2000128	2611	10650	2100075	2509	11138	2200077	2428	11628	2300059	2346	12115	2400155	2256	12604	2500176	2191	13095	2600080	2115	13584	2700045	2062	14077	2800122	2007	14565	2900105	1964	15056	3000189	1915	15547	3100044	1882	16035	3200215	1860	16521	3300214	1830	17009	3400056	1808	17490	3500117	1780	
523	100153	46256	1047	200130	42268	1573	300193	38224	2096	400124	34103	2622	500160	30099	3141	600121	26309	3657	700189	22276	4182	800171	18110	4700	900109	14267	5222	1000118	10575	5737	1100158	7966	6243	1200218	6365	6747	1300041	5185	7246	1400062	4426	7739	1500121	3914	8227	1600132	3534	8713	1700075	3274	9207	1800050	3030	9699	1900059	2859	10190	2000101	2687	10675	2100263	2557	11157	2200178	2463	11647	2300153	2353	12134	2400076	2290	12624	2500220	2205	13109	2600224	2127	13598	2700041	2079	14086	2800085	2015	14573	2900130	1964	15064	3000177	1933	15558	3100155	1892	16045	3200120	1851	16527	3300117	1797	17016	3400053	1772	17505	3500098	1740	
520	100224	46184	1044	200143	41898	1567	300179	37789	2090	400204	33562	2611	500141	29257	3134	600067	25159	3657	700211	20959	4177	800226	16996	4693	900196	13031	5206	1000083	9693	5709	1100137	7281	6218	1200239	5741	6718	1300099	4753	7215	1400076	4058	7709	1500209	3565	8200	1600114	3258	8686	1700074	3013	9178	1800195	2854	9667	1900151	2671	10152	2000184	2533	10639	2100163	2436	11128	2200203	2343	11617	2300181	2231	12105	2400196	2154	12590	2500069	2063	13075	2600229	2011	13564	2700218	1965	14052	2800079	1913	14535	2900195	1855	15026	3000079	1809	15516	3100093	1772	16002	3200055	1726	16488	3300071	1689	16976	3400075	1669	17466	3500209	1627	
522	100177	46313	1048	200208	42175	1574	300059	37766	2101	400090	33539	2623	500114	29308	3149	600166	25044	3674	700155	20880	4197	800049	16711	4712	900069	12905	5233	1000116	9536	5747	1100230	7173	6243	1200112	5760	6740	1300233	4734	7231	1400204	4071	7722	1500179	3562	8215	1600143	3242	8704	1700225	2976	9192	1800240	2774	9675	1900123	2614	10160	2000204	2532	10646	2100197	2451	11136	2200079	2347	11622	2300216	2260	12108	2400063	2194	12591	2500053	2122	13080	2600120	2055	13569	2700137	2003	14061	2800157	1953	14547	2900128	1913	15036	3000223	1874	15520	3100111	1842	16011	3200133	1807	16502	3300188	1766	16986	3400138	1745	17477	3500155	1720	
