wersja nr 3;wspolczynnik mutacji 1.600000;wielkosc populacji 15
966	100022	240	1935	200020	201	2908	300039	201	3890	400022	201	4886	500055	177	5872	600024	177	6847	700086	166	7830	800091	166	8813	900065	166	9803	1000011	166	10792	1100064	166	11777	1200081	166	12751	1300055	157	13734	1400096	157	14709	1500009	141	15688	1600072	128	16663	1700083	128	17631	1800020	128	18614	1900051	128	19589	2000068	117	20557	2100023	117	21532	2200028	117	22511	2300103	117	23482	2400051	117	24473	2500034	117	25460	2600081	105	26446	2700077	105	27423	2800085	105	28398	2900094	105	29374	3000074	105	30354	3100006	105	31338	3200094	105	32315	3300074	105	33293	3400043	105	34277	3500023	105	
974	100034	204	1944	200053	204	2916	300017	204	3887	400048	204	4866	500043	191	5830	600049	191	6805	700064	191	7783	800057	191	8772	900026	161	9737	1000048	136	10720	1100092	136	11711	1200049	111	12708	1300083	111	13701	1400098	111	14692	1500091	111	15674	1600082	111	16670	1700093	111	17654	1800085	111	18645	1900066	111	19634	2000069	111	20626	2100038	103	21619	2200069	103	22596	2300046	103	23577	2400071	103	24573	2500033	103	25551	2600070	103	26537	2700100	103	27517	2800083	103	28494	2900047	103	29487	3000008	103	30484	3100042	103	31484	3200028	103	32481	3300073	103	33482	3400075	103	34473	3500089	103	
981	100028	220	1972	200070	212	2946	300062	184	3927	400096	160	4913	500013	160	5894	600099	147	6863	700043	147	7850	800098	137	8838	900019	137	9822	1000073	137	10807	1100012	126	11792	1200098	113	12777	1300056	113	13773	1400077	101	14758	1500054	101	15754	1600041	101	16748	1700030	101	17740	1800017	101	18732	1900044	101	19722	2000010	101	20713	2100097	101	21691	2200036	101	22669	2300058	101	23657	2400038	101	24652	2500057	101	25651	2600100	101	26649	2700074	101	27650	2800077	101	28650	2900063	101	29646	3000025	101	30640	3100086	101	31637	3200039	101	32631	3300007	101	33623	3400078	101	34619	3500033	101	
994	100098	174	1989	200074	174	2984	300052	174	3988	400044	174	4959	500008	162	5932	600099	162	6910	700085	149	7892	800037	149	8875	900013	149	9865	1000068	149	10853	1100017	149	11840	1200045	149	12820	1300024	149	13812	1400034	149	14795	1500013	149	15788	1600078	149	16768	1700046	149	17755	1800024	149	18745	1900043	149	19738	2000071	149	20728	2100037	149	21719	2200067	149	22706	2300019	149	23681	2400034	149	24670	2500082	149	25655	2600103	149	26651	2700093	149	27641	2800024	149	28637	2900053	149	29625	3000021	149	30619	3100094	137	31612	3200084	137	32607	3300043	137	33602	3400075	137	34600	3500083	137	
990	100016	139	1988	200093	139	2982	300060	139	3977	400013	125	4976	500092	125	5980	600058	125	6980	700022	118	7979	800007	118	8980	900025	118	9983	1000092	118	10982	1100062	109	11984	1200095	109	12984	1300051	109	13985	1400052	109	14983	1500007	109	15982	1600097	109	16977	1700069	109	17975	1800040	109	18975	1900053	109	19972	2000049	109	20971	2100008	99	21967	2200021	99	22959	2300094	99	23952	2400010	99	24916	2500071	93	25895	2600092	93	26870	2700020	93	27846	2800095	93	28828	2900036	93	29807	3000022	93	30782	3100034	93	31761	3200048	93	32741	3300074	93	33725	3400035	93	34720	3500050	93	
1048	100025	134	2099	200057	134	3150	300036	118	4202	400066	118	5255	500099	118	6308	600088	118	7362	700078	118	8415	800008	118	9464	900086	118	10513	1000052	118	11566	1100028	118	12621	1200010	118	13669	1300081	118	14723	1400052	118	15777	1500087	118	16827	1600097	118	17873	1700090	118	18923	1800053	118	19978	1900051	118	21034	2000075	118	22083	2100099	118	23136	2200024	118	24192	2300096	118	25243	2400067	118	26293	2500082	118	27343	2600007	118	28400	2700096	118	29452	2800047	118	30505	2900027	118	31562	3000095	118	32618	3100054	118	33668	3200035	118	34716	3300085	118	35770	3400036	118	36824	3500014	118	
1048	100033	102	2098	200007	102	3155	300058	102	4207	400006	102	5256	500017	102	6305	600006	94	7360	700024	94	8414	800056	94	9467	900059	94	10521	1000043	94	11574	1100079	94	12625	1200055	94	13673	1300088	94	14729	1400083	94	15784	1500078	94	16836	1600036	94	17893	1700021	94	18945	1800053	94	19997	1900075	94	21048	2000055	94	22097	2100084	94	23150	2200019	94	24206	2300016	94	25261	2400006	94	26317	2500029	94	27371	2600030	94	28424	2700088	94	29472	2800102	94	30524	2900021	94	31579	3000025	94	32634	3100021	94	33688	3200055	94	34738	3300094	94	35791	3400075	94	36840	3500037	94	
1052	100048	104	2106	200021	104	3159	300017	104	4217	400094	104	5271	500044	92	6329	600065	75	7376	700017	75	8427	800092	68	9478	900037	68	10530	1000010	68	11584	1100008	68	12639	1200023	68	13695	1300035	68	14750	1400048	68	15797	1500016	68	16847	1600095	68	17900	1700047	68	18957	1800082	68	20014	1900091	68	21070	2000095	68	22125	2100058	68	23180	2200030	68	24223	2300068	68	25274	2400065	68	26328	2500017	68	27383	2600052	68	28435	2700085	68	29491	2800052	68	30544	2900063	68	31596	3000045	68	32639	3100040	68	33690	3200089	68	34745	3300093	68	35795	3400049	68	36848	3500097	68	
1055	100016	81	2110	200029	81	3167	300044	74	4221	400022	74	5272	500017	74	6324	600044	74	7375	700033	64	8427	800058	64	9478	900062	64	10530	1000051	64	11585	1100038	64	12638	1200084	64	13690	1300092	64	14743	1400036	64	15800	1500010	64	16855	1600049	55	17907	1700085	55	18952	1800078	55	20007	1900026	55	21065	2000096	55	22120	2100060	55	23174	2200064	55	24229	2300081	55	25282	2400061	55	26333	2500070	55	27382	2600056	55	28430	2700051	55	29477	2800025	55	30529	2900010	55	31584	3000062	55	32639	3100038	55	33690	3200067	55	34744	3300085	55	35794	3400033	55	36845	3500052	55	
1046	100027	102	2100	200056	102	3152	300031	102	4207	400059	94	5264	500068	94	6321	600025	94	7376	700028	87	8431	800057	87	9485	900069	87	10539	1000052	87	11594	1100018	87	12650	1200086	87	13704	1300058	87	14759	1400070	87	15812	1500090	87	16869	1600059	87	17923	1700049	87	18978	1800041	76	20032	1900099	76	21086	2000007	76	22141	2100072	76	23197	2200071	76	24253	2300094	76	25310	2400063	76	26362	2500071	76	27418	2600022	76	28473	2700069	76	29528	2800032	68	30584	2900077	68	31638	3000094	68	32690	3100096	68	33744	3200058	68	34796	3300009	68	35850	3400034	68	36907	3500090	68	
322	100158	2986	645	200070	2986	969	300325	2986	1291	400091	2986	1614	500089	2986	1938	600272	2986	2261	700222	2986	2584	800334	2986	2907	900263	2986	3228	1000083	2986	3552	1100229	2986	3876	1200310	2986	4198	1300168	2986	4520	1400261	2986	4843	1500108	2986	5166	1600197	2986	5488	1700290	2986	5811	1800276	2986	6133	1900255	2986	6455	2000269	2876	6777	2100219	2876	7099	2200261	2876	7420	2300086	2876	7742	2400116	2876	8064	2500097	2876	8386	2600084	2876	8709	2700246	2876	9031	2800091	2876	9354	2900026	2876	9677	3000284	2876	9999	3100305	2876	10322	3200067	2876	10646	3300275	2876	10966	3400184	2876	11289	3500262	2876	
323	100306	2990	644	200085	2990	967	300050	2990	1290	400328	2990	1612	500179	2990	1933	600112	2990	2255	700227	2895	2577	800231	2895	2899	900336	2895	3218	1000025	2895	3540	1100324	2895	3862	1200180	2895	4184	1300203	2895	4506	1400096	2895	4829	1500089	2895	5151	1600214	2895	5473	1700286	2895	5795	1800209	2895	6117	1900203	2895	6438	2000162	2895	6759	2100312	2895	7080	2200088	2895	7402	2300260	2895	7724	2400302	2895	8044	2500043	2895	8366	2600233	2895	8689	2700298	2895	9010	2800199	2895	9332	2900125	2895	9652	3000069	2895	9974	3100106	2895	10296	3200031	2895	10618	3300191	2895	10940	3400217	2895	11262	3500103	2895	
323	100307	2813	645	200080	2813	967	300146	2813	1289	400254	2813	1612	500226	2717	1935	600248	2717	2255	700233	2717	2577	800063	2717	2898	900074	2717	3219	1000087	2717	3541	1100036	2717	3864	1200175	2717	4186	1300240	2717	4509	1400039	2717	4831	1500079	2717	5154	1600304	2717	5474	1700123	2717	5796	1800127	2717	6117	1900158	2717	6440	2000306	2717	6761	2100191	2717	7083	2200187	2717	7405	2300273	2717	7726	2400024	2717	8048	2500190	2619	8370	2600167	2619	8690	2700141	2619	9012	2800239	2619	9333	2900049	2619	9653	3000049	2619	9972	3100324	2619	10294	3200260	2619	10615	3300262	2619	10936	3400084	2540	11258	3500204	2540	
324	100212	3140	647	200245	3140	969	300257	3140	1290	400116	3140	1613	500331	3039	1935	600315	3039	2257	700086	3039	2580	800111	3039	2903	900216	3039	3227	1000309	3039	3551	1100330	3039	3873	1200155	3039	4195	1300264	2940	4517	1400119	2940	4840	1500187	2940	5163	1600241	2940	5485	1700120	2940	5808	1800127	2940	6131	1900319	2940	6452	2000055	2940	6774	2100081	2940	7096	2200181	2940	7418	2300037	2940	7742	2400153	2940	8065	2500213	2940	8388	2600314	2940	8711	2700149	2940	9034	2800183	2940	9357	2900270	2940	9678	3000222	2940	9999	3100106	2940	10321	3200300	2940	10643	3300087	2940	10965	3400208	2940	11286	3500230	2940	
322	100304	2987	644	200137	2987	967	300066	2885	1290	400094	2885	1614	500247	2885	1936	600027	2885	2259	700147	2885	2578	800183	2885	2899	900231	2885	3221	1000082	2787	3544	1100060	2787	3867	1200083	2787	4189	1300112	2698	4511	1400025	2698	4834	1500180	2698	5156	1600168	2698	5479	1700181	2698	5802	1800111	2698	6123	1900026	2698	6446	2000197	2698	6768	2100226	2698	7090	2200083	2698	7412	2300074	2698	7734	2400105	2698	8056	2500167	2698	8378	2600103	2698	8700	2700210	2698	9023	2800194	2698	9345	2900231	2698	9667	3000026	2698	9990	3100160	2698	10313	3200299	2698	10635	3300169	2698	10958	3400161	2698	11281	3500275	2698	
329	100197	1294	658	200070	1294	988	300266	1294	1317	400027	1184	1646	500257	1184	1975	600112	1184	2304	700111	1184	2634	800258	1184	2962	900286	1184	3291	1000053	1184	3620	1100144	1184	3949	1200049	1184	4278	1300237	1184	4607	1400238	1184	4935	1500031	1184	5265	1600331	1184	5594	1700159	1184	5923	1800192	1184	6252	1900295	1184	6580	2000085	1184	6909	2100214	1184	7237	2200127	1184	7567	2300303	1184	7895	2400026	1184	8224	2500047	1184	8552	2600112	1184	8881	2700258	1184	9210	2800180	1184	9538	2900205	1088	9867	3000244	1088	10195	3100087	1088	10524	3200140	1088	10851	3300030	1088	11179	3400220	1088	11507	3500106	1088	
330	100249	1124	659	200297	1124	988	300192	1024	1316	400168	1024	1643	500225	1024	1971	600234	1024	2298	700202	1024	2626	800145	1024	2955	900304	1024	3283	1000100	1024	3612	1100111	1024	3940	1200043	1024	4270	1300143	1024	4599	1400268	1024	4928	1500294	1024	5255	1600202	1024	5582	1700105	1024	5910	1800155	1024	6239	1900312	1024	6567	2000318	1024	6895	2100215	1024	7222	2200209	1024	7550	2300294	1024	7877	2400246	1024	8203	2500144	1024	8529	2600164	1024	8856	2700217	1024	9183	2800327	1024	9511	2900291	1024	9838	3000150	1024	10166	3100243	1024	10494	3200301	1024	10823	3300300	1024	11150	3400125	1024	11478	3500118	1024	
328	100217	1080	654	200106	1080	981	300201	1080	1308	400062	1080	1635	500108	1080	1961	600152	1080	2289	700028	1080	2617	800210	1080	2945	900300	1080	3271	1000161	1080	3598	1100255	1080	3925	1200274	1080	4252	1300159	1080	4579	1400085	1080	4907	1500334	1080	5234	1600114	1080	5561	1700057	1080	5890	1800288	1080	6216	1900047	1080	6544	2000256	1080	6870	2100259	1080	7197	2200091	1080	7524	2300077	1080	7851	2400066	1080	8177	2500061	1080	8504	2600173	1080	8832	2700215	1080	9156	2800039	1080	9483	2900085	1080	9808	3000303	1080	10132	3100064	1080	10460	3200176	1080	10787	3300151	1080	11114	3400176	1080	11441	3500257	1080	
330	100329	1071	656	200062	1071	983	300284	1071	1310	400247	1071	1637	500118	1071	1965	600300	1071	2292	700048	1071	2619	800170	1071	2947	900280	980	3275	1000256	980	3600	1100093	980	3928	1200124	980	4255	1300083	980	4582	1400303	980	4909	1500266	980	5236	1600173	980	5563	1700071	980	5892	1800316	980	6220	1900258	980	6549	2000284	980	6876	2100282	980	7203	2200222	980	7531	2300303	980	7857	2400205	980	8184	2500062	980	8512	2600268	980	8840	2700193	980	9166	2800321	980	9493	2900178	980	9821	3000304	980	10147	3100033	980	10476	3200245	980	10803	3300115	980	11132	3400329	980	11458	3500290	980	
327	100085	1385	652	200084	1385	978	300309	1385	1304	400253	1385	1630	500046	1385	1956	600080	1385	2281	700150	1385	2607	800244	1385	2932	900114	1385	3258	1000209	1385	3583	1100048	1385	3909	1200158	1385	4235	1300128	1385	4560	1400093	1385	4885	1500078	1385	5211	1600244	1385	5537	1700033	1385	5864	1800126	1385	6191	1900310	1385	6517	2000230	1385	6842	2100128	1385	7168	2200189	1385	7493	2300087	1385	7818	2400120	1385	8143	2500158	1385	8467	2600128	1385	8792	2700063	1385	9119	2800278	1385	9445	2900132	1385	9772	3000215	1202	10101	3100133	1202	10430	3200034	1202	10759	3300205	1202	11087	3400091	1202	11416	3500241	1202	
70	101188	24654	139	200319	24010	209	300325	23379	279	400732	23379	349	501148	23379	418	600289	23379	488	700830	23379	558	801119	23379	628	901391	23379	697	1000154	23379	767	1100260	22761	837	1200883	22761	907	1300977	22761	977	1401255	22761	1046	1500843	22149	1115	1600637	22149	1185	1701371	22149	1253	1800308	22149	1323	1900876	22149	1392	2000548	22149	1461	2100371	22149	1531	2201110	22149	1600	2300713	22149	1670	2401257	22149	1739	2500166	22149	1809	2601145	22149	1878	2700478	22149	1947	2800120	22149	2017	2900740	22149	2086	3000580	22149	2156	3101271	22149	2225	3200553	22149	2295	3301172	22149	2364	3400160	22149	2434	3500990	22149	
71	101436	24627	141	201402	23946	210	300668	23946	280	400645	23946	350	500988	23330	420	600708	23330	490	701079	23330	560	800918	22711	630	900685	22711	700	1000880	22711	770	1101314	22711	840	1201174	22711	910	1301159	22711	979	1400272	22125	1049	1500832	21540	1119	1601235	21540	1189	1701298	21540	1258	1800703	21540	1328	1901313	21540	1397	2000300	21540	1467	2101034	21540	1536	2200216	21540	1606	2300810	21540	1675	2400155	21540	1745	2500420	21540	1815	2600641	21540	1884	2700128	21540	1954	2800809	21540	2024	2901018	21540	2093	3000184	21540	2163	3100376	21540	2233	3200976	21540	2302	3300899	21540	2371	3400315	21540	2441	3501071	21540	
70	100305	25272	140	200131	25272	211	300892	23965	281	401232	23361	351	501314	22790	420	600246	22790	490	700204	22790	560	800729	22790	630	900906	22187	700	1001308	22187	769	1100906	22187	839	1201353	22187	908	1300449	21553	978	1401019	21553	1047	1500280	21553	1117	1600698	21553	1187	1701061	20979	1257	1800749	20979	1327	1900498	20979	1397	2000320	20979	1467	2101056	20979	1537	2200772	20979	1607	2301004	20979	1677	2401101	20979	1747	2500829	20979	1817	2601511	20979	1887	2701355	20979	1956	2800711	20979	2026	2900815	20979	2096	3000975	20979	2166	3101356	20979	2235	3200267	20979	2305	3300356	20979	2376	3401407	20979	2446	3500680	20979	
70	100279	25272	141	201426	25272	211	301092	24614	281	401363	24614	350	500196	24008	420	600392	24008	490	701231	24008	559	800371	24008	629	901163	23389	698	1000467	23389	768	1101323	23389	837	1200591	23389	907	1301388	23389	976	1400493	23389	1045	1500152	23389	1115	1601234	23389	1184	1701144	23389	1253	1800711	23389	1323	1901102	23389	1392	2000710	23389	1462	2101289	23389	1531	2200671	22772	1601	2301384	22772	1670	2400600	22772	1740	2501510	22772	1809	2600426	22772	1879	2700984	22772	1948	2800661	22772	2017	2900329	22772	2087	3001466	22772	2156	3101201	22772	2225	3201125	22772	2294	3301012	22772	2363	3400417	22772	2433	3501017	22772	
71	100944	24592	141	201086	23962	211	301309	23369	280	400473	23369	350	500961	23369	420	601268	23369	489	700702	23369	558	800436	23369	628	900870	23369	697	1000691	23369	767	1101132	23369	836	1201289	23369	905	1300587	23369	975	1400263	22728	1046	1501152	22728	1116	1601036	22728	1186	1700865	22728	1256	1800290	22728	1326	1900133	22728	1396	2000243	22728	1466	2100161	22728	1537	2200989	22728	1607	2300501	22728	1677	2400299	22728	1748	2501210	22728	1818	2601040	22728	1888	2700736	22728	1958	2800268	22728	2029	2901052	22728	2099	3001269	22728	2169	3100852	22728	2239	3200971	22728	2309	3300447	22728	2379	3400442	22728	2448	3500459	22728	
72	101049	25176	143	200744	25176	214	300182	25176	286	401051	25176	357	500873	25176	428	600442	25176	500	701286	25176	571	800790	25176	642	900562	25176	713	1000347	25176	784	1100202	25176	856	1201530	25176	927	1301164	25176	998	1400928	25176	1068	1500292	25176	1139	1600509	25176	1210	1700124	25176	1282	1801364	25176	1353	1901022	25176	1424	2000702	25176	1495	2100343	25176	1567	2201012	25176	1638	2300814	25176	1709	2400857	25176	1780	2500469	25176	1852	2601211	25176	1923	2700860	25176	1994	2800357	25176	2066	2901009	25176	2137	3000624	25176	2208	3100456	25176	2280	3201460	25176	2351	3300800	25176	2422	3400924	25176	2493	3501032	25176	
72	100988	25176	143	200933	25176	214	300591	25176	285	400528	25176	356	500881	25176	427	600636	25176	498	700352	25176	570	801116	25176	640	900203	25176	712	1001441	25176	783	1101278	25176	854	1200490	25176	925	1300711	25176	996	1400537	25176	1067	1500491	25176	1138	1600690	25176	1209	1700454	25176	1280	1800243	25176	1352	1901368	25176	1423	2001245	25176	1494	2100511	25176	1566	2201012	25176	1637	2300161	25176	1709	2401258	25176	1779	2500723	25176	1850	2601004	25176	1921	2700615	25176	1992	2800406	25176	2064	2901026	25176	2135	3000854	25176	2206	3100984	25176	2277	3200958	25176	2348	3300516	25176	2419	3400389	25176	2491	3500798	25176	
72	101091	25176	143	200853	25176	214	300514	25176	285	400383	25176	357	501276	25176	428	601233	25176	499	700781	25176	570	800245	25176	642	901485	25176	713	1001291	25176	784	1101143	25176	855	1201001	25176	926	1300910	25176	997	1400358	25176	1068	1500295	25176	1140	1600961	25176	1211	1701053	25176	1282	1800638	25176	1354	1901358	25176	1425	2000891	25176	1496	2100823	25176	1567	2200558	25176	1639	2301423	25176	1710	2400836	25176	1781	2500814	25176	1852	2600463	25176	1924	2701274	25176	1995	2800708	25176	2067	2901446	25176	2138	3001268	25176	2209	3101103	25176	2280	3200674	25176	2351	3300464	25176	2421	3401056	25176	2491	3500397	25176	
72	101363	25176	143	201160	25176	214	300710	25176	285	400754	25176	356	500454	25176	427	600653	25176	498	700408	25176	570	801447	25176	641	900862	25176	712	1000232	25176	784	1101116	25176	855	1200528	25176	927	1301324	25176	998	1401518	25176	1068	1500206	25176	1140	1601156	25176	1211	1701457	25176	1282	1801098	25176	1353	1900679	25176	1424	2000494	25176	1495	2100287	25176	1566	2200362	25176	1638	2300836	25176	1709	2400654	25176	1780	2500365	25176	1851	2600157	25176	1923	2700977	25176	1994	2800646	25176	2065	2900253	25176	2136	3000330	25176	2207	3100705	25176	2278	3200317	25176	2349	3300383	25176	2420	3400766	25176	2491	3500385	25176	
71	100196	25176	143	201073	25176	214	300475	25176	286	401481	25176	356	500170	25176	428	601443	25176	499	700692	25176	570	800162	25176	642	901362	25176	713	1000637	25176	784	1100151	25176	856	1201520	25176	927	1300725	25176	998	1400200	25176	1070	1501204	25176	1141	1600881	25176	1212	1700511	25176	1284	1800892	25176	1355	1900893	25176	1426	2000555	25176	1497	2100190	25176	1569	2201468	25176	1640	2301118	25176	1711	2400891	25176	1782	2500979	25176	1853	2600919	25176	1924	2700760	25176	1995	2800858	25176	2066	2900945	25176	2137	3001298	25176	2207	3100466	25176	2278	3200390	25176	2349	3300232	25176	2420	3400210	25176	2491	3500668	25176	
1210	100038	55	2416	200006	55	3620	300070	55	4834	400059	55	6047	500047	55	7260	600025	55	8469	700071	55	9680	800036	55	10892	900062	55	12101	1000050	55	13314	1100008	55	14528	1200083	55	15739	1300066	55	16944	1400019	55	18155	1500024	55	19364	1600050	55	20575	1700011	55	21788	1800025	55	23003	1900075	55	24216	2000083	49	25425	2100072	49	26637	2200068	49	27843	2300036	49	29056	2400032	49	30269	2500074	49	31479	2600074	49	32693	2700083	49	33895	2800086	49	35103	2900022	49	36315	3000013	49	37520	3100010	49	38732	3200037	49	39946	3300077	49	41156	3400011	49	42365	3500046	49	
1212	100027	53	2422	200068	53	3629	300022	53	4844	400017	53	6057	500067	53	7271	600038	53	8481	700011	53	9691	800065	53	10901	900026	53	12109	1000080	53	13322	1100025	53	14535	1200030	53	15743	1300049	53	16955	1400004	53	18165	1500069	53	19377	1600022	53	20591	1700073	53	21803	1800007	53	23009	1900026	53	24221	2000021	53	25434	2100009	53	26648	2200078	53	27864	2300035	53	29078	2400056	53	30289	2500050	53	31501	2600043	53	32712	2700047	53	33920	2800053	53	35121	2900049	53	36326	3000037	53	37539	3100017	53	38755	3200033	53	39963	3300069	53	41175	3400028	53	42386	3500042	53	
1208	100029	48	2417	200067	48	3623	300055	48	4832	400024	48	6042	500020	48	7249	600075	48	8461	700040	48	9673	800028	48	10885	900025	48	12095	1000011	48	13308	1100045	48	14518	1200047	48	15725	1300009	48	16931	1400012	48	18141	1500058	48	19349	1600006	48	20560	1700058	48	21770	1800043	48	22982	1900050	48	24193	2000068	48	25399	2100029	48	26610	2200011	48	27819	2300021	48	29020	2400070	48	30230	2500057	48	31440	2600079	48	32648	2700018	48	33861	2800082	48	35072	2900050	48	36280	3000025	48	37493	3100074	48	38703	3200020	48	39915	3300022	48	41127	3400082	48	42334	3500015	48	
1216	100065	51	2432	200044	51	3644	300011	51	4856	400055	51	6069	500009	51	7281	600022	51	8497	700081	51	9711	800024	51	10926	900015	51	12139	1000049	51	13353	1100074	51	14565	1200016	51	15777	1300021	50	16989	1400030	50	18198	1500038	50	19411	1600070	50	20624	1700010	50	21841	1800053	50	23056	1900011	50	24266	2000018	50	25480	2100079	50	26693	2200061	49	27907	2300010	49	29119	2400008	49	30330	2500069	49	31542	2600034	49	32757	2700074	49	33967	2800019	49	35170	2900031	49	36373	3000015	49	37586	3100052	49	38803	3200041	49	40018	3300023	49	41234	3400071	49	42447	3500082	49	
1215	100079	55	2428	200027	55	3637	300066	55	4845	400013	55	6053	500023	55	7256	600027	55	8459	700022	55	9659	800032	55	10865	900063	55	12075	1000060	55	13281	1100034	55	14487	1200048	55	15688	1300054	55	16886	1400026	55	18091	1500010	55	19301	1600051	55	20512	1700081	55	21723	1800052	55	22933	1900014	55	24144	2000069	55	25359	2100085	49	26572	2200045	49	27783	2300011	49	28995	2400051	49	30205	2500013	49	31416	2600080	49	32626	2700009	49	33838	2800077	49	35047	2900006	49	36258	3000026	49	37469	3100062	49	38678	3200073	49	39886	3300009	49	41091	3400083	49	42304	3500084	49	
1357	100063	65	2716	200033	58	4075	300033	58	5431	400022	56	6785	500003	56	8138	600064	56	9488	700068	56	10840	800025	56	12190	900072	56	13534	1000018	56	14886	1100045	56	16242	1200027	56	17596	1300058	56	18944	1400059	56	20292	1500055	56	21631	1600016	56	22978	1700022	56	24334	1800061	56	25688	1900014	56	27044	2000047	56	28398	2100016	56	29752	2200072	56	31108	2300070	56	32462	2400005	56	33816	2500052	56	35166	2600052	56	36519	2700030	56	37874	2800029	56	39231	2900061	56	40577	3000060	56	41928	3100021	56	43285	3200030	56	44641	3300042	56	45995	3400065	56	47343	3500058	56	
1352	100042	59	2707	200023	59	4065	300013	59	5415	400015	56	6769	500034	56	8123	600047	56	9479	700004	56	10835	800040	56	12192	900056	56	13542	1000052	56	14898	1100071	56	16250	1200052	56	17605	1300050	56	18962	1400078	56	20315	1500032	56	21671	1600031	56	23028	1700041	56	24383	1800040	56	25734	1900053	56	27084	2000044	56	28436	2100043	56	29789	2200059	56	31141	2300045	56	32498	2400074	56	33849	2500071	56	35203	2600061	56	36551	2700061	56	37903	2800006	56	39261	2900068	56	40608	3000012	56	41949	3100051	56	43297	3200041	56	44656	3300020	56	46015	3400053	56	47364	3500018	56	
1352	100033	53	2706	200072	53	4059	300030	53	5411	400035	53	6764	500041	53	8119	600074	53	9469	700010	53	10819	800012	53	12164	900039	53	13513	1000070	53	14862	1100052	53	16215	1200004	53	17569	1300032	53	18926	1400026	53	20279	1500064	53	21634	1600005	53	22986	1700020	53	24337	1800044	53	25687	1900056	53	27036	2000027	53	28386	2100023	53	29737	2200025	53	31090	2300040	53	32432	2400050	53	33786	2500014	53	35140	2600027	53	36495	2700005	53	37851	2800047	53	39205	2900068	53	40558	3000040	53	41909	3100063	53	43258	3200069	53	44607	3300014	53	45961	3400075	53	47315	3500048	53	
1355	100034	60	2710	200014	54	4050	300035	54	5406	400021	54	6759	500050	54	8110	600045	54	9465	700075	54	10819	800076	54	12169	900072	54	13520	1000076	54	14863	1100052	54	16206	1200051	54	17555	1300018	54	18903	1400061	54	20255	1500008	54	21607	1600028	54	22962	1700062	54	24316	1800004	54	25669	1900013	54	27021	2000050	54	28369	2100032	54	29722	2200038	53	31078	2300033	53	32431	2400056	53	33781	2500050	53	35132	2600003	53	36486	2700056	53	37840	2800003	53	39179	2900010	53	40524	3000056	53	41873	3100007	53	43225	3200041	53	44577	3300012	53	45925	3400033	53	47276	3500020	53	
1354	100013	65	2688	200035	57	4043	300064	57	5399	400024	57	6753	500039	57	8107	600043	57	9466	700038	57	10823	800037	57	12176	900042	57	13526	1000011	57	14881	1100042	57	16235	1200008	57	17591	1300021	57	18951	1400071	57	20303	1500030	57	21660	1600025	57	23016	1700038	57	24373	1800068	57	25724	1900028	57	27078	2000057	57	28431	2100012	57	29789	2200070	57	31145	2300045	57	32502	2400071	57	33846	2500036	57	35203	2600031	57	36561	2700031	57	37914	2800045	57	39267	2900010	57	40618	3000027	57	41974	3100051	57	43328	3200041	57	44684	3300081	57	46026	3400046	57	47380	3500066	57	
352	100203	355	704	200219	355	1053	300082	355	1405	400047	355	1758	500102	355	2111	600025	355	2463	700051	355	2816	800297	355	3166	900048	355	3518	1000104	355	3871	1100267	355	4224	1200146	355	4576	1300275	355	4927	1400025	355	5279	1500068	355	5631	1600081	355	5983	1700259	355	6335	1800115	355	6687	1900153	355	7040	2000188	355	7392	2100214	355	7744	2200122	355	8097	2300054	355	8449	2400036	355	8801	2500194	355	9154	2600198	355	9505	2700022	355	9858	2800047	355	10211	2900080	355	10563	3000295	355	10914	3100173	355	11265	3200269	355	11616	3300246	355	11967	3400251	355	12319	3500047	355	
353	100051	355	706	200244	355	1058	300137	355	1410	400107	355	1762	500045	355	2116	600282	355	2467	700040	355	2818	800100	355	3170	900141	355	3522	1000299	355	3873	1100126	355	4227	1200275	355	4579	1300282	355	4931	1400080	355	5284	1500277	355	5637	1600167	355	5989	1700168	355	6339	1800041	355	6691	1900231	355	7042	2000051	355	7395	2100124	355	7748	2200070	355	8101	2300204	355	8453	2400226	355	8806	2500197	355	9159	2600073	355	9513	2700229	355	9866	2800095	355	10219	2900089	355	10572	3000106	355	10926	3100232	355	11278	3200237	355	11630	3300148	355	11982	3400114	355	12334	3500150	355	
354	100229	355	707	200270	355	1059	300123	355	1411	400131	355	1763	500169	355	2116	600209	355	2470	700243	355	2822	800028	355	3175	900279	355	3527	1000242	355	3878	1100177	355	4229	1200161	355	4579	1300164	355	4930	1400227	355	5281	1500256	355	5632	1600027	355	5985	1700178	355	6337	1800037	355	6689	1900066	355	7042	2000225	355	7395	2100025	355	7748	2200047	355	8099	2300237	355	8450	2400129	355	8802	2500145	355	9154	2600260	355	9506	2700157	355	9859	2800233	355	10212	2900141	355	10564	3000212	355	10916	3100258	355	11268	3200036	355	11622	3300249	355	11974	3400074	355	12327	3500233	355	
352	100167	355	704	200126	355	1058	300252	355	1410	400218	355	1761	500161	355	2113	600035	355	2465	700087	355	2817	800194	355	3168	900108	355	3520	1000074	355	3873	1100133	355	4226	1200150	355	4579	1300107	355	4932	1400312	355	5284	1500232	355	5636	1600156	355	5989	1700227	355	6340	1800179	355	6693	1900197	355	7044	2000033	355	7395	2100103	355	7747	2200283	355	8097	2300195	355	8448	2400275	355	8800	2500284	355	9151	2600199	355	9503	2700205	355	9853	2800242	355	10204	2900240	355	10556	3000234	355	10908	3100225	355	11260	3200054	355	11613	3300053	355	11965	3400084	355	12318	3500045	355	
351	100216	355	703	200248	355	1055	300299	355	1406	400209	355	1759	500087	355	2111	600103	355	2463	700188	355	2815	800163	355	3167	900193	355	3517	1000185	355	3869	1100272	355	4220	1200283	355	4571	1300263	355	4922	1400082	355	5275	1500271	355	5627	1600183	355	5979	1700026	355	6332	1800284	355	6685	1900173	355	7037	2000186	355	7390	2100241	355	7742	2200180	355	8092	2300184	355	8444	2400187	355	8797	2500291	355	9149	2600077	355	9501	2700056	355	9853	2800308	355	10204	2900204	355	10555	3000130	355	10907	3100172	355	11259	3200084	355	11610	3300236	355	11961	3400265	355	12312	3500276	355	
383	100096	365	766	200057	365	1148	300062	365	1529	400082	365	1913	500235	365	2295	600102	365	2678	700178	365	3058	800081	365	3440	900031	365	3823	1000131	365	4206	1100049	365	4589	1200231	365	4971	1300276	365	5354	1400264	365	5736	1500028	365	6120	1600240	365	6502	1700052	365	6887	1800227	365	7268	1900077	365	7651	2000063	365	8034	2100091	365	8417	2200067	365	8801	2300209	365	9184	2400105	365	9566	2500267	365	9949	2600153	365	10331	2700219	365	10715	2800243	365	11096	2900039	365	11479	3000247	365	11862	3100103	365	12245	3200258	365	12626	3300028	365	13007	3400234	365	13389	3500093	365	
382	100114	365	763	200119	365	1145	300194	365	1526	400279	365	1907	500194	365	2287	600214	365	2666	700131	365	3046	800266	365	3428	900042	365	3810	1000180	365	4192	1100137	365	4575	1200156	365	4957	1300117	365	5339	1400120	365	5722	1500113	365	6105	1600177	365	6487	1700214	365	6868	1800165	365	7250	1900096	365	7634	2000277	365	8016	2100140	365	8399	2200280	365	8781	2300112	365	9163	2400265	365	9546	2500210	365	9928	2600143	365	10311	2700088	365	10695	2800091	365	11078	2900144	365	11460	3000113	365	11843	3100147	365	12225	3200137	365	12608	3300261	365	12990	3400111	365	13372	3500194	365	
383	100036	365	766	200151	365	1148	300097	365	1531	400200	365	1914	500262	365	2297	600206	365	2678	700130	365	3060	800053	365	3443	900072	365	3827	1000275	365	4210	1100141	365	4594	1200276	365	4977	1300121	365	5360	1400237	365	5742	1500267	365	6125	1600096	365	6508	1700019	365	6890	1800169	365	7272	1900136	365	7655	2000257	365	8038	2100042	365	8422	2200183	365	8801	2300029	365	9183	2400191	365	9565	2500060	365	9947	2600048	365	10331	2700218	365	10712	2800162	365	11094	2900256	365	11477	3000072	365	11861	3100126	365	12244	3200071	365	12627	3300139	365	13009	3400120	365	13392	3500191	365	
383	100191	365	765	200210	365	1148	300055	365	1530	400255	365	1912	500232	365	2295	600100	365	2678	700258	365	3060	800066	365	3442	900173	365	3824	1000226	365	4208	1100236	365	4590	1200146	365	4973	1300079	365	5355	1400083	365	5738	1500105	365	6121	1600079	365	6504	1700096	365	6886	1800271	365	7267	1900188	365	7648	2000049	365	8031	2100150	365	8414	2200222	365	8795	2300079	365	9176	2400026	365	9559	2500051	365	9943	2600125	365	10326	2700138	365	10707	2800087	365	11088	2900054	365	11470	3000151	365	11853	3100130	365	12236	3200278	365	12618	3300262	365	12999	3400125	365	13380	3500151	365	
382	100167	365	764	200041	365	1147	300117	365	1529	400080	365	1912	500142	365	2294	600250	365	2675	700031	365	3056	800234	365	3437	900154	365	3818	1000092	365	4201	1100070	365	4585	1200268	365	4967	1300036	365	5350	1400251	365	5732	1500155	365	6114	1600205	365	6495	1700175	365	6876	1800063	365	7258	1900168	365	7639	2000077	365	8020	2100183	365	8401	2200185	365	8781	2300043	365	9163	2400223	365	9545	2500171	365	9926	2600048	365	10308	2700121	365	10689	2800221	365	11070	2900022	365	11454	3000135	365	11836	3100076	365	12218	3200254	365	12597	3300228	365	12979	3400229	365	13359	3500161	365	
83	100900	1803	165	201166	1803	247	300553	1803	330	401013	1803	412	500280	1803	495	600941	1803	577	700114	1803	660	800889	1803	742	900106	1803	825	1000967	1803	907	1101017	1803	989	1200351	1803	1072	1300744	1803	1155	1401176	1803	1237	1500431	1803	1320	1600566	1803	1402	1700370	1803	1485	1801154	1803	1567	1900472	1803	1650	2001263	1803	1732	2100483	1803	1815	2201058	1803	1897	2300626	1803	1979	2400246	1803	2062	2501025	1803	2144	2601087	1803	2226	2700244	1803	2309	2800836	1803	2391	2900221	1803	2474	3000503	1803	2557	3101050	1803	2639	3200566	1803	2722	3301096	1803	2804	3400529	1803	2887	3501207	1803	
83	100794	1803	165	200818	1803	247	300192	1803	330	401049	1803	411	500204	1803	494	601045	1803	576	700625	1803	658	800147	1803	741	900846	1803	823	1000302	1803	906	1100743	1803	989	1201136	1803	1071	1301000	1803	1154	1401278	1803	1236	1500673	1803	1318	1600767	1803	1401	1700782	1803	1483	1800315	1803	1566	1901246	1803	1648	2001057	1803	1730	2100209	1803	1811	2200382	1803	1893	2300634	1803	1975	2400319	1803	2058	2500451	1803	2141	2600666	1803	2224	2700977	1803	2306	2800461	1803	2389	2900401	1803	2471	3000343	1803	2554	3100684	1803	2637	3200898	1803	2719	3300715	1803	2802	3400917	1803	2884	3500182	1803	
83	100421	1803	166	200727	1803	248	300271	1803	331	400433	1803	414	500805	1803	496	600327	1803	579	700948	1803	661	800563	1803	744	901091	1803	826	1000343	1803	909	1101092	1803	991	1200538	1803	1074	1301065	1803	1156	1400471	1803	1239	1500865	1803	1321	1600585	1803	1403	1700268	1803	1485	1800280	1803	1568	1901290	1803	1650	2000840	1803	1732	2100594	1803	1814	2200248	1803	1896	2300103	1803	1979	2400552	1803	2061	2500480	1803	2144	2601023	1803	2226	2701162	1803	2308	2800414	1803	2391	2901059	1803	2473	3000280	1803	2556	3100755	1803	2639	3201314	1803	2721	3300959	1803	2803	3400222	1803	2886	3501148	1803	
83	100392	1803	166	201317	1803	248	301059	1803	330	400305	1803	413	500539	1803	496	601101	1803	578	700392	1803	660	800278	1803	743	900754	1803	826	1001015	1803	908	1100500	1803	991	1200883	1803	1073	1300164	1803	1156	1401228	1803	1238	1500523	1803	1321	1600884	1803	1404	1701193	1803	1486	1801212	1803	1568	1901177	1803	1650	2000345	1803	1733	2100968	1803	1815	2200175	1803	1898	2301018	1803	1980	2400594	1803	2063	2500932	1803	2145	2600840	1803	2227	2700350	1803	2309	2800188	1803	2392	2900406	1803	2474	3000178	1803	2557	3100595	1803	2640	3201306	1803	2722	3300727	1803	2804	3400147	1803	2887	3500621	1803	
83	100382	1803	166	200913	1803	248	300851	1803	331	401045	1803	413	501219	1803	495	600731	1803	577	700330	1803	660	800988	1803	742	900652	1803	825	1000983	1803	907	1100168	1803	990	1200734	1803	1072	1300693	1803	1155	1401256	1803	1237	1500368	1803	1320	1600890	1803	1403	1701319	1803	1485	1800697	1803	1567	1900419	1803	1650	2000804	1803	1733	2101086	1803	1815	2201012	1803	1897	2300298	1803	1980	2400792	1803	2063	2501204	1803	2145	2600516	1803	2228	2701303	1803	2310	2800749	1803	2392	2900186	1803	2475	3000651	1803	2557	3100424	1803	2640	3200805	1803	2723	3301002	1803	2805	3400469	1803	2887	3500392	1803	
90	100431	1754	180	200880	1754	270	301128	1754	359	400393	1754	449	500877	1754	538	600831	1754	627	700673	1754	717	801191	1754	806	900924	1754	895	1000442	1754	985	1100880	1754	1074	1200188	1754	1164	1301169	1754	1253	1400489	1754	1343	1500945	1754	1432	1600526	1754	1521	1700199	1754	1611	1800575	1754	1700	1900486	1754	1790	2001178	1754	1879	2100997	1754	1968	2200377	1754	2058	2300524	1754	2148	2400851	1754	2238	2501218	1754	2327	2600626	1754	2417	2700950	1754	2506	2800752	1754	2596	2901180	1754	2685	3000732	1754	2774	3100251	1754	2864	3200442	1754	2954	3300635	1754	3044	3400954	1754	3134	3500906	1754	
90	100286	1754	180	201048	1754	269	300961	1754	358	400161	1754	448	500747	1754	538	601116	1754	627	700635	1754	717	800675	1754	807	900819	1754	896	1000498	1754	986	1100910	1754	1075	1200660	1754	1164	1300218	1754	1254	1401082	1754	1343	1500446	1754	1432	1600108	1754	1522	1700409	1754	1612	1801016	1754	1701	1900750	1754	1791	2001021	1754	1880	2100367	1754	1970	2200710	1754	2059	2300145	1754	2149	2400631	1754	2238	2500253	1754	2328	2600971	1754	2417	2700617	1754	2507	2801125	1754	2596	2900376	1754	2686	3000758	1754	2775	3100138	1754	2865	3201038	1754	2954	3300497	1754	3043	3400444	1754	3133	3501218	1754	
90	100616	1754	179	200348	1754	268	300166	1754	358	400500	1754	448	501092	1754	537	600280	1754	627	700303	1754	717	800586	1754	807	900781	1754	896	1000582	1754	986	1100771	1754	1075	1200184	1754	1165	1300665	1754	1254	1400363	1754	1344	1500853	1754	1433	1600246	1754	1523	1700553	1754	1613	1800979	1754	1702	1900843	1754	1791	2000926	1754	1880	2100427	1754	1970	2201169	1754	2059	2300624	1754	2148	2400520	1754	2238	2500806	1754	2328	2601197	1754	2417	2700619	1754	2506	2800266	1754	2596	2901064	1754	2685	3000131	1754	2774	3100723	1754	2864	3201193	1754	2953	3300470	1754	3043	3400843	1754	3132	3500181	1754	
90	100726	1754	180	201162	1754	269	300460	1754	359	400604	1754	449	501158	1754	538	600949	1754	627	700318	1754	716	800108	1754	806	901099	1754	895	1001147	1754	984	1100374	1754	1074	1200523	1754	1164	1301134	1754	1253	1400411	1754	1343	1500875	1754	1432	1600334	1754	1521	1700227	1754	1611	1800216	1754	1701	1900834	1754	1790	2000334	1754	1879	2100116	1754	1969	2200712	1754	2059	2301043	1754	2148	2400595	1754	2237	2500207	1754	2327	2601023	1754	2416	2700352	1754	2505	2800141	1754	2595	2901012	1754	2684	3000685	1754	2774	3100942	1754	2863	3200251	1754	2953	3300660	1754	3042	3400472	1754	3132	3500828	1754	
90	100957	1754	179	200576	1754	269	301108	1754	358	400880	1754	448	501162	1754	537	600719	1754	626	700311	1754	716	800863	1754	805	900153	1754	895	1000731	1754	985	1101017	1754	1074	1200455	1754	1163	1300114	1754	1253	1400863	1754	1343	1500904	1754	1432	1600230	1754	1522	1700970	1754	1611	1800618	1754	1701	1901023	1754	1790	2000474	1754	1879	2100254	1754	1969	2201122	1754	2058	2300745	1754	2147	2400459	1754	2237	2500590	1754	2327	2600857	1754	2416	2700407	1754	2506	2801025	1754	2595	2900597	1754	2685	3000966	1754	2774	3100452	1754	2864	3200791	1754	2953	3300961	1754	3042	3400876	1754	3131	3500245	1754	
1061	100065	251	2126	200039	234	3193	300070	224	4262	400015	224	5331	500014	224	6404	600038	224	7475	700029	224	8543	800032	224	9611	900066	224	10680	1000086	208	11748	1100037	208	12818	1200068	208	13889	1300074	208	14961	1400060	208	16031	1500036	208	17103	1600035	208	18174	1700019	208	19244	1800026	208	20316	1900087	208	21388	2000051	201	22460	2100088	201	23529	2200058	201	24596	2300038	201	25661	2400037	201	26726	2500033	201	27797	2600026	201	28867	2700053	201	29939	2800078	201	31008	2900029	201	32079	3000056	201	33150	3100081	201	34218	3200006	201	35290	3300084	201	36360	3400093	201	37433	3500094	201	
1061	100093	193	2122	200083	193	3182	300046	193	4245	400018	193	5300	500029	193	6356	600012	193	7419	700071	182	8483	800080	169	9549	900059	169	10610	1000038	169	11672	1100043	169	12731	1200031	169	13789	1300005	169	14850	1400062	169	15912	1500045	169	16978	1600006	169	18046	1700062	169	19111	1800010	169	20174	1900069	169	21236	2000038	169	22298	2100048	169	23359	2200086	169	24420	2300087	169	25485	2400010	169	26549	2500075	169	27615	2600021	169	28681	2700068	169	29746	2800071	169	30811	2900073	169	31874	3000062	169	32940	3100028	169	34006	3200013	169	35067	3300010	169	36129	3400041	169	37191	3500022	169	
1068	100058	188	2139	200074	174	3208	300038	174	4272	400081	165	5340	500021	165	6410	600074	165	7481	700062	165	8547	800062	165	9619	900088	165	10688	1000098	165	11754	1100078	165	12824	1200099	165	13894	1300016	165	14965	1400031	165	16034	1500055	165	17104	1600057	165	18173	1700032	165	19239	1800061	165	20304	1900086	165	21374	2000084	156	22445	2100059	156	23516	2200078	156	24586	2300090	156	25656	2400049	156	26725	2500072	156	27796	2600061	156	28867	2700047	156	29936	2800032	150	31008	2900009	150	32077	3000076	150	33148	3100019	150	34219	3200054	150	35290	3300022	150	36363	3400084	150	37430	3500081	150	
1064	100093	177	2127	200028	158	3191	300029	158	4256	400084	158	5322	500070	158	6388	600032	158	7456	700015	158	8525	800094	158	9592	900087	158	10657	1000013	158	11721	1100011	158	12788	1200077	158	13855	1300061	151	14922	1400064	151	15991	1500095	151	17054	1600012	151	18123	1700018	143	19194	1800033	143	20265	1900019	134	21336	2000064	134	22408	2100015	134	23481	2200005	134	24551	2300073	134	25619	2400034	134	26687	2500032	134	27760	2600031	134	28832	2700033	134	29902	2800022	134	30970	2900017	134	32043	3000070	134	33111	3100059	134	34183	3200089	134	35252	3300063	134	36321	3400018	128	37393	3500076	128	
1073	100019	166	2147	200015	156	3222	300043	141	4297	400072	134	5369	500023	134	6445	600097	134	7518	700021	134	8588	800069	134	9656	900037	134	10727	1000018	134	11802	1100073	134	12874	1200073	134	13946	1300028	134	15018	1400041	134	16090	1500030	122	17158	1600070	115	18229	1700086	115	19300	1800070	115	20371	1900048	115	21436	2000068	115	22505	2100072	115	23574	2200013	115	24646	2300071	115	25719	2400062	115	26789	2500089	115	27858	2600025	115	28928	2700031	115	29992	2800091	115	31058	2900062	115	32127	3000014	115	33199	3100104	115	34270	3200089	115	35342	3300028	115	36413	3400015	115	37484	3500057	115	
327	100135	1743	650	200123	1743	973	300187	1643	1296	400292	1643	1617	500138	1643	1940	600302	1643	2262	700087	1643	2583	800141	1643	2905	900203	1643	3227	1000267	1643	3548	1100173	1643	3871	1200265	1643	4193	1300173	1643	4516	1400117	1643	4838	1500050	1643	5161	1600159	1643	5483	1700165	1643	5806	1800087	1643	6128	1900249	1643	6450	2000107	1643	6773	2100232	1643	7094	2200166	1643	7416	2300110	1643	7738	2400311	1643	8060	2500100	1643	8382	2600032	1643	8706	2700306	1643	9028	2800124	1643	9349	2900142	1643	9671	3000170	1643	9993	3100284	1551	10314	3200028	1551	10636	3300342	1551	10956	3400036	1551	11278	3500128	1551	
327	100265	1905	648	200285	1803	972	300331	1699	1292	400175	1623	1614	500284	1623	1935	600205	1530	2256	700268	1530	2578	800115	1530	2900	900159	1530	3221	1000268	1530	3542	1100236	1530	3862	1200081	1530	4182	1300089	1530	4503	1400036	1530	4825	1500189	1530	5146	1600218	1530	5467	1700193	1530	5789	1800102	1530	6112	1900186	1530	6433	2000223	1530	6754	2100108	1530	7075	2200022	1530	7396	2300191	1530	7718	2400073	1530	8039	2500022	1530	8360	2600071	1530	8681	2700176	1530	9003	2800287	1530	9325	2900325	1530	9645	3000088	1530	9967	3100173	1530	10289	3200023	1530	10611	3300161	1530	10932	3400179	1530	11254	3500110	1530	
326	100096	1591	648	200091	1591	970	300089	1591	1292	400092	1591	1616	500105	1591	1939	600038	1591	2262	700246	1591	2584	800147	1591	2906	900146	1591	3229	1000245	1591	3552	1100155	1591	3875	1200265	1591	4197	1300233	1591	4518	1400302	1591	4839	1500225	1591	5161	1600066	1591	5484	1700140	1591	5805	1800093	1591	6124	1900314	1591	6445	2000096	1591	6768	2100264	1591	7090	2200256	1591	7411	2300207	1591	7732	2400230	1591	8054	2500313	1591	8376	2600286	1591	8697	2700070	1591	9018	2800249	1591	9340	2900082	1591	9663	3000230	1591	9985	3100237	1591	10307	3200294	1591	10630	3300264	1591	10952	3400174	1591	11273	3500189	1591	
324	100146	2028	647	200199	1937	971	300224	1937	1293	400135	1937	1615	500032	1937	1939	600273	1830	2262	700121	1830	2585	800208	1830	2908	900207	1830	3231	1000157	1830	3554	1100284	1830	3876	1200304	1830	4199	1300291	1830	4521	1400124	1830	4844	1500289	1830	5166	1600151	1830	5487	1700119	1830	5810	1800227	1830	6133	1900323	1737	6454	2000115	1737	6776	2100047	1638	7099	2200254	1638	7420	2300198	1638	7742	2400237	1638	8064	2500094	1551	8386	2600237	1551	8707	2700153	1551	9029	2800120	1551	9351	2900093	1551	9673	3000219	1551	9996	3100295	1551	10318	3200293	1551	10640	3300075	1551	10962	3400138	1551	11285	3500159	1551	
324	100195	2160	645	200136	1966	966	300028	1966	1288	400065	1966	1610	500301	1966	1930	600036	1966	2252	700276	1966	2574	800274	1966	2896	900233	1966	3218	1000312	1966	3540	1100189	1966	3861	1200121	1966	4183	1300120	1966	4504	1400045	1966	4826	1500263	1966	5148	1600317	1966	5469	1700126	1966	5790	1800079	1966	6111	1900221	1966	6432	2000041	1966	6755	2100322	1966	7077	2200161	1966	7399	2300278	1966	7719	2400030	1966	8039	2500120	1966	8361	2600248	1966	8682	2700022	1966	9003	2800316	1966	9324	2900247	1966	9645	3000124	1966	9966	3100054	1966	10289	3200270	1966	10610	3300276	1966	10930	3400100	1874	11251	3500186	1874	
72	101035	50414	143	200787	50414	214	300460	50414	286	400921	50414	358	501406	50414	429	600984	50414	500	700333	50414	572	801298	50414	643	900827	49785	714	1000133	49785	786	1100880	49785	857	1200176	49785	929	1301072	49785	1000	1400232	49785	1072	1500393	49785	1144	1601549	49785	1215	1701112	49785	1286	1800416	49785	1358	1900760	49785	1429	2000329	49785	1501	2100889	49785	1573	2201489	49785	1643	2300261	49785	1715	2401407	49785	1786	2501083	49785	1857	2601328	49785	1928	2701063	49785	1999	2800626	49785	2071	2901441	49785	2142	3000502	49785	2213	3100223	49785	2285	3200986	49785	2356	3300598	49785	2427	3400359	49785	2498	3500261	49785	
72	101080	50414	143	200594	50414	214	300596	50414	286	401288	50414	357	501243	50414	428	600578	50414	500	700986	50414	571	800455	50414	643	901077	50414	714	1000505	50414	785	1100189	50414	857	1200955	50414	928	1300805	50414	999	1401391	50414	1070	1500763	50414	1141	1600260	50414	1213	1700815	50414	1284	1800238	50414	1356	1901082	50414	1427	2000634	50414	1498	2100483	50414	1570	2200927	50414	1641	2300667	50414	1713	2401311	50414	1784	2500380	50414	1856	2601224	50414	1927	2700685	50414	1998	2800247	49704	2070	2901156	49704	2141	3000570	49049	2213	3101293	49049	2284	3200978	49049	2355	3300229	49049	2426	3400284	49049	2498	3500848	48374	
73	101464	50414	144	201300	50414	215	300509	50414	287	401463	50414	357	500228	50414	429	600448	50414	501	700810	49738	572	800946	49738	643	900514	49738	715	1000623	49738	786	1100375	49738	858	1201475	49738	929	1301230	49738	1001	1401379	49738	1072	1500238	49738	1144	1601136	49738	1215	1700220	49738	1287	1801420	49738	1358	1900692	49738	1430	2000893	49738	1501	2100424	49738	1572	2200188	49738	1644	2301209	49738	1715	2400571	49738	1786	2500316	49738	1857	2600442	49738	1929	2701162	49738	2000	2800946	49738	2071	2900409	49738	2143	3000935	49738	2214	3100123	49738	2286	3201414	49738	2356	3300716	49738	2427	3400170	49738	2499	3500928	49738	
72	101162	50414	143	200708	50414	215	301412	50414	286	401287	50414	357	500962	50414	429	601304	50414	500	700558	50414	572	801304	50414	643	900999	50414	715	1001444	50414	786	1101184	50414	857	1200321	50414	929	1301325	50414	1000	1401074	50414	1071	1500739	50414	1143	1601127	50414	1214	1700733	50414	1286	1801141	50414	1357	1901140	50414	1428	2000540	50414	1499	2100589	50414	1571	2201416	50414	1642	2301140	50414	1713	2400889	50414	1784	2500958	50414	1855	2601388	50414	1926	2700762	50414	1998	2801416	50414	2069	2900843	50414	2140	3000438	50414	2212	3100837	50414	2284	3201440	50414	2355	3300262	50414	2427	3401330	50414	2498	3500418	50414	
72	101129	50414	143	200709	50414	215	301514	50414	286	400943	50414	357	500633	50414	428	600287	50414	500	701182	50414	572	801460	50414	643	900933	50414	714	1000213	50414	786	1101355	50414	857	1200496	50414	929	1301367	50414	1000	1401060	50414	1071	1500382	50414	1142	1600435	50414	1214	1701447	50414	1285	1800744	50414	1357	1901129	50414	1428	2000281	50414	1500	2100623	50414	1572	2201305	50414	1643	2300317	50414	1715	2401459	50414	1786	2500489	50414	1857	2600381	50414	1929	2700938	50414	2000	2800688	50414	2071	2900222	50414	2143	3000795	50414	2215	3101161	50414	2286	3201407	50414	2357	3300896	50414	2429	3401192	50414	2500	3500345	50414	
