versja nr 3;wspolczynnik mutacji 1.800000;wielkosc populacji 45
284	100110	519	500	176826	519	566	200273	519	848	300144	519	1000	354141	519	1130	400278	519	1410	500147	519	1500	532407	519	1690	600159	519	1968	700198	519	2000	712079	519	2247	800234	519	2500	889931	519	2529	900333	519	2811	1000127	519	3000	1067162	519	3093	1100198	519	3375	1200038	519	3500	1244264	519	3658	1300151	519	3940	1400016	519	4000	1421308	519	4223	1500112	519	4500	1598429	519	4505	1600256	519	4787	1700334	519	5000	1776301	519	5068	1800298	519	5350	1900341	519	5500	1953551	519	5632	2000356	519	5913	2100037	519	6000	2130925	519	6195	2200058	519	6478	2300265	519	6500	2308080	519	6760	2400100	519	7000	2484982	519	7043	2500182	519	
286	100157	617	500	175702	617	570	200312	617	854	300310	617	1000	351561	617	1138	400073	617	1423	500078	617	1500	527133	617	1708	600235	617	1992	700026	617	2000	702882	617	2275	800204	617	2500	879819	617	2557	900158	617	2841	1000026	617	3000	1056084	617	3126	1100328	617	3411	1200109	617	3500	1231249	617	3696	1300055	617	3981	1400305	617	4000	1406990	617	4265	1500077	617	4500	1582583	617	4550	1600120	617	4835	1700221	617	5000	1758448	617	5119	1800321	617	5404	1900261	617	5500	1933952	617	5688	2000250	617	5973	2100223	617	6000	2109696	617	6258	2200216	617	6500	2285235	617	6542	2300034	617	6827	2400166	617	7000	2461007	617	7112	2500221	617	
290	100207	676	500	172607	676	581	200338	676	870	300276	676	1000	345016	676	1160	400091	676	1450	500147	676	1500	517348	676	1740	600215	676	2000	689679	676	2031	700319	676	2321	800194	676	2500	861745	676	2611	900022	676	2903	1000280	676	3000	1033717	676	3193	1100261	676	3484	1200211	676	3500	1205687	676	3774	1300173	676	4000	1377805	676	4065	1400314	676	4355	1500031	676	4500	1550007	676	4646	1600314	676	4937	1700317	676	5000	1722263	676	5227	1800267	676	5500	1894570	676	5516	1900099	676	5808	2000345	676	6000	2066465	676	6092	2100213	676	6382	2200159	676	6500	2240492	676	6674	2300183	676	6965	2400092	676	7000	2412173	676	7256	2500313	676	
287	100017	566	500	174934	566	571	200251	566	856	300208	566	1000	350694	566	1141	400110	566	1426	500068	566	1500	526210	566	1711	600271	566	1995	700113	566	2000	701897	566	2280	800081	566	2500	877270	566	2565	900127	566	2851	1000250	566	3000	1052493	566	3136	1100119	566	3419	1200060	566	3500	1228450	566	3699	1300135	566	3984	1400335	566	4000	1405984	566	4269	1500158	566	4500	1581101	566	4555	1600352	566	4839	1700287	566	5000	1756818	566	5124	1800364	566	5408	1900040	566	5500	1932333	566	5694	2000251	566	5979	2100087	566	6000	2107403	566	6265	2200139	566	6500	2282674	566	6550	2300104	566	6836	2400318	566	7000	2457912	566	7120	2500024	566	
290	100303	803	500	173468	803	577	200335	803	865	300344	803	1000	347367	803	1152	400136	803	1434	500238	803	1500	523114	803	1722	600248	803	2000	697260	803	2008	700105	803	2295	800089	803	2500	871579	803	2582	900238	803	2868	1000056	803	3000	1045996	803	3156	1100235	803	3444	1200186	803	3500	1219710	803	3731	1300072	803	4000	1393329	803	4019	1400029	803	4308	1500273	803	4500	1566793	803	4596	1600058	803	4884	1700192	803	5000	1740494	803	5171	1800034	803	5459	1900302	803	5500	1914565	803	5746	2000237	803	6000	2089085	803	6032	2100251	803	6319	2200287	803	6500	2263180	803	6606	2300102	803	6894	2400097	803	7000	2436822	803	7182	2500113	803	
282	100247	793	500	178149	793	562	200215	793	841	300183	793	1000	357071	793	1121	400270	793	1401	500048	793	1500	535358	793	1682	600352	793	1961	700280	793	2000	714244	793	2240	800149	793	2500	892706	793	2521	900216	793	2801	1000095	793	3000	1071530	793	3080	1100171	793	3360	1200119	793	3500	1249938	793	3641	1300162	793	3921	1400055	793	4000	1428185	793	4202	1500338	793	4482	1600152	793	4500	1606567	793	4763	1700352	793	5000	1784866	793	5043	1800233	793	5323	1900250	793	5500	1963651	793	5602	2000281	793	5882	2100374	793	6000	2142585	793	6161	2200132	793	6441	2300147	793	6500	2321239	793	6722	2400356	793	7000	2499965	793	7001	2500341	793	
290	100256	689	500	173182	689	578	200287	689	866	300224	689	1000	346804	689	1154	400132	689	1443	500074	689	1500	519769	689	1733	600348	689	2000	692981	689	2021	700214	689	2311	800245	689	2500	865557	689	2600	900058	689	2890	1000189	689	3000	1038796	689	3177	1100149	689	3467	1200254	689	3500	1211685	689	3756	1300144	689	4000	1384433	689	4046	1400347	689	4335	1500282	689	4500	1557465	689	4624	1600177	689	4913	1700269	689	5000	1730510	689	5200	1800162	689	5481	1900348	689	5500	1906942	689	5769	2000145	689	6000	2079953	689	6058	2100039	689	6347	2200268	689	6500	2253373	689	6635	2300037	689	6925	2400248	689	7000	2426331	689	7214	2500359	689	
283	100200	497	500	176734	497	567	200263	497	852	300351	497	1000	352528	497	1135	400099	497	1420	500175	497	1500	528265	497	1705	600365	497	1989	700360	497	2000	704245	497	2273	800188	497	2500	879883	497	2558	900316	497	2839	1000139	497	3000	1059472	497	3115	1100194	497	3399	1200214	497	3500	1235714	497	3683	1300049	497	3969	1400362	497	4000	1411264	497	4252	1500017	497	4500	1587182	497	4537	1600247	497	4821	1700253	497	5000	1763150	497	5105	1800105	497	5388	1900207	497	5500	1939633	497	5672	2000152	497	5957	2100171	497	6000	2115292	497	6241	2200174	497	6500	2291161	497	6526	2300281	497	6811	2400304	497	7000	2466801	497	7095	2500185	497	
296	100034	615	500	169273	615	585	200148	615	875	300249	615	1000	342821	615	1169	400046	615	1463	500101	615	1500	512753	615	1755	600199	615	2000	683122	615	2050	700065	615	2345	800131	615	2500	852842	615	2640	900310	615	2932	1000175	615	3000	1023320	615	3227	1100289	615	3500	1193084	615	3521	1200219	615	3815	1300043	615	4000	1362662	615	4111	1400268	615	4405	1500042	615	4500	1532276	615	4701	1600314	615	4994	1700048	615	5000	1702102	615	5287	1800125	615	5500	1872505	615	5582	1900243	615	5876	2000081	615	6000	2042223	615	6171	2100320	615	6466	2200242	615	6500	2211783	615	6760	2300124	615	7000	2381654	615	7055	2400283	615	7350	2500076	615	
281	100139	741	500	178620	741	561	200357	741	841	300121	741	1000	356989	741	1121	400152	741	1401	500041	741	1500	535676	741	1680	600364	741	1960	700118	741	2000	714672	741	2239	800069	741	2500	893498	741	2519	900337	741	2799	1000131	741	3000	1071850	741	3079	1100023	741	3360	1200216	741	3500	1250316	741	3640	1300274	741	3920	1400110	741	4000	1428583	741	4201	1500134	741	4481	1600119	741	4500	1606906	741	4762	1700148	741	5000	1785148	741	5042	1800079	741	5323	1900322	741	5500	1963879	741	5600	2000069	741	5878	2100209	741	6000	2143717	741	6158	2200064	741	6439	2300241	741	6500	2322006	741	6713	2400156	741	6991	2500263	741	
302	100132	208	500	165990	208	603	200263	208	902	300057	208	1000	332947	208	1201	400153	208	1500	499629	208	1502	500311	208	1801	600104	208	2000	666773	208	2100	700220	208	2400	800156	208	2500	833562	208	2700	900245	208	2999	1000219	208	3000	1000567	208	3299	1100243	208	3500	1167099	208	3599	1200142	208	3897	1300326	208	4000	1335131	208	4195	1400176	208	4496	1500086	208	4500	1501431	208	4790	1600250	208	5000	1670107	208	5089	1700186	208	5389	1800077	208	5500	1837104	208	5690	1900343	208	5989	2000217	208	6000	2003873	208	6290	2100231	208	6500	2170192	208	6590	2200289	208	6890	2300278	208	7000	2336885	208	7190	2400220	208	7490	2500129	208	
288	100311	168	500	174601	168	573	200214	168	856	300087	168	1000	350534	168	1140	400055	168	1426	500219	168	1500	526146	168	1711	600275	168	1994	700178	168	2000	702294	168	2272	800245	168	2500	880677	168	2556	900288	168	2841	1000228	168	3000	1056179	168	3125	1100179	168	3409	1200292	168	3500	1232130	168	3694	1300312	168	3979	1400114	168	4000	1407461	168	4265	1500362	168	4500	1583136	168	4548	1600344	168	4832	1700174	168	5000	1759211	168	5116	1800189	168	5400	1900152	168	5500	1935291	168	5685	2000196	168	5970	2100122	168	6000	2110618	168	6254	2200027	168	6500	2286162	168	6540	2300195	168	6825	2400262	168	7000	2461886	168	7109	2500098	168	
286	100353	185	500	176434	185	567	200137	185	851	300264	185	1000	352789	185	1134	400054	185	1417	500094	185	1500	529400	185	1700	600033	185	1984	700274	185	2000	705999	185	2264	800233	185	2500	884333	185	2545	900343	185	2828	1000250	185	3000	1060980	185	3111	1100192	185	3393	1200110	185	3500	1237873	185	3677	1300104	185	3961	1400357	185	4000	1414059	185	4243	1500277	185	4500	1591317	185	4525	1600156	185	4808	1700346	185	5000	1768017	185	5092	1800357	185	5375	1900273	185	5500	1944567	185	5657	2000187	185	5941	2100200	185	6000	2120953	185	6224	2200222	185	6500	2297794	185	6507	2300288	185	6790	2400265	185	7000	2474447	185	7073	2500109	185	
301	100195	267	500	166866	267	599	200047	267	898	300311	267	1000	334413	267	1197	400301	267	1495	500297	267	1500	501973	267	1792	600085	267	2000	670183	267	2090	700319	267	2388	800113	267	2500	837502	267	2687	900096	267	2987	1000261	267	3000	1004606	267	3286	1100095	267	3500	1172120	267	3584	1200342	267	3882	1300099	267	4000	1339511	267	4181	1400118	267	4480	1500217	267	4500	1506907	267	4778	1600293	267	5000	1674852	267	5075	1700081	267	5374	1800016	267	5500	1842263	267	5672	1900123	267	5969	2000078	267	6000	2010589	267	6268	2100176	267	6500	2180666	267	6558	2200069	267	6857	2300202	267	7000	2348060	267	7155	2400045	267	7454	2500207	267	
291	100344	240	500	172902	240	578	200255	240	867	300239	240	1000	346409	240	1154	400056	240	1444	500049	240	1500	519433	240	1733	600096	240	2000	692791	240	2021	700053	240	2310	800109	240	2500	865786	240	2598	900168	240	2887	1000178	240	3000	1039363	240	3176	1100326	240	3465	1200205	240	3500	1212313	240	3750	1300311	240	4000	1388595	240	4034	1400332	240	4321	1500089	240	4500	1562055	240	4610	1600344	240	4897	1700348	240	5000	1736060	240	5186	1800355	240	5475	1900278	240	5500	1908925	240	5764	2000335	240	6000	2082005	240	6052	2100020	240	6340	2200324	240	6500	2256136	240	6627	2300021	240	6917	2400191	240	7000	2428949	240	7206	2500292	240	
300	100037	162	500	167201	162	598	200029	162	896	300151	162	1000	335049	162	1194	400093	162	1485	500066	162	1500	505275	162	1779	600321	162	2000	674517	162	2077	700316	162	2374	800304	162	2500	842709	162	2668	900345	162	2964	1000143	162	3000	1012220	162	3262	1100249	162	3500	1180972	162	3557	1200249	162	3854	1300338	162	4000	1349573	162	4150	1400107	162	4447	1500208	162	4500	1518196	162	4744	1600294	162	5000	1686440	162	5040	1700054	162	5338	1800037	162	5500	1854558	162	5635	1900089	162	5933	2000233	162	6000	2022781	162	6230	2100238	162	6500	2191693	162	6525	2200126	162	6822	2300151	162	7000	2360147	162	7119	2400233	162	7415	2500290	162	
292	100021	341	500	171600	341	583	200118	341	871	300221	341	1000	344581	341	1162	400211	341	1451	500024	341	1500	516801	341	1743	600288	341	2000	688943	341	2033	700308	341	2323	800079	341	2500	861121	341	2613	900313	341	2903	1000277	341	3000	1033618	341	3193	1100025	341	3483	1200087	341	3500	1205928	341	3774	1300325	341	4000	1378408	341	4063	1400103	341	4354	1500207	341	4500	1550346	341	4645	1600079	341	4937	1700319	341	5000	1722062	341	5227	1800067	341	5500	1894027	341	5518	1900269	341	5808	2000220	341	6000	2066748	341	6096	2100041	341	6387	2200058	341	6500	2239028	341	6678	2300248	341	6968	2400082	341	7000	2411143	341	7259	2500331	341	
286	100314	199	500	176279	199	567	200042	199	851	300277	199	1000	352844	199	1134	400265	199	1416	500236	199	1500	529940	199	1699	600392	199	1982	700039	199	2000	706374	199	2267	800303	199	2500	882495	199	2550	900116	199	2833	1000340	199	3000	1060040	199	3113	1100213	199	3396	1200219	199	3500	1236980	199	3678	1300262	199	3961	1400157	199	4000	1413886	199	4244	1500067	199	4500	1590734	199	4527	1600286	199	4809	1700083	199	5000	1768254	199	5089	1800103	199	5367	1900376	199	5500	1948105	199	5648	2000292	199	5930	2100141	199	6000	2124960	199	6213	2200348	199	6496	2300108	199	6500	2301529	199	6779	2400108	199	7000	2478538	199	7061	2500168	199	
294	100349	257	500	170347	257	588	200296	257	881	300121	257	1000	340759	257	1174	400120	257	1468	500143	257	1500	511039	257	1761	600131	257	2000	681594	257	2055	700276	257	2347	800029	257	2500	852575	257	2640	900347	257	2933	1000227	257	3000	1023113	257	3219	1100240	257	3500	1196586	257	3511	1200341	257	3804	1300148	257	4000	1366919	257	4098	1400315	257	4391	1500318	257	4500	1537406	257	4683	1600044	257	4977	1700067	257	5000	1707911	257	5271	1800199	257	5500	1878191	257	5565	1900266	257	5859	2000194	257	6000	2048083	257	6151	2100123	257	6444	2200050	257	6500	2219147	257	6739	2300350	257	7000	2389378	257	7032	2400297	257	7326	2500223	257	
288	100226	244	500	174330	244	574	200329	244	852	300226	244	1000	352005	244	1138	400254	244	1424	500186	244	1500	526876	244	1710	600117	244	1997	700131	244	2000	701186	244	2284	800100	244	2500	875096	244	2572	900114	244	2859	1000086	244	3000	1049247	244	3146	1100086	244	3432	1200327	244	3500	1224317	244	3718	1300303	244	4000	1398437	244	4005	1400224	244	4291	1500107	244	4500	1573152	244	4577	1600123	244	4862	1700209	244	5000	1748401	244	5148	1800042	244	5435	1900363	244	5500	1923118	244	5720	2000075	244	6000	2097562	244	6007	2100020	244	6293	2200132	244	6500	2272505	244	6580	2300325	244	6867	2400349	244	7000	2447045	244	7151	2500355	244	
94	100933	4419	187	200931	4419	280	300415	4419	374	401130	4419	467	501005	4419	500	536674	4419	560	601103	4419	653	701127	4419	745	800337	4419	838	900410	4419	931	1000823	4419	1000	1074916	4419	1024	1100731	4419	1117	1200603	4419	1210	1300454	4419	1303	1400310	4419	1396	1500274	4419	1490	1600874	4419	1500	1611714	4419	1583	1700968	4419	1675	1800095	4419	1769	1900871	4419	1862	2000954	4419	1955	2100954	4419	2000	2149893	4419	2047	2201056	4419	2140	2301115	4419	2232	2400288	4419	2323	2500527	4419	
93	100963	4195	184	200328	4195	276	300693	4195	368	400596	4195	460	500900	4195	500	544316	4195	552	600931	4195	644	701061	4195	736	800942	4195	828	900942	4195	920	1000878	4195	1000	1087890	4195	1012	1101009	4195	1104	1200664	4195	1195	1300201	4195	1287	1400396	4195	1379	1500501	4195	1469	1601105	4195	1500	1634773	4195	1561	1701028	4195	1652	1800131	4195	1744	1900170	4195	1836	2000270	4195	1929	2100993	4195	2000	2178061	4195	2021	2200906	4195	2112	2300535	4195	2204	2401060	4195	2296	2501072	4195	
94	100811	4651	186	200293	4651	279	300390	4651	372	400166	4651	466	501006	4651	500	537493	4651	559	600928	4651	650	700867	4651	742	800577	4651	835	900478	4651	927	1000170	4651	1000	1078908	4651	1020	1100411	4651	1113	1200388	4651	1206	1300407	4651	1299	1400542	4651	1392	1500764	4651	1485	1600400	4651	1500	1616588	4651	1578	1700272	4651	1671	1800384	4651	1764	1900582	4651	1857	2000467	4651	1950	2100567	4651	2000	2154531	4651	2043	2200932	4651	2136	2300698	4651	2229	2400576	4651	2322	2500617	4651	
94	100825	3459	187	201165	3459	279	300722	3459	372	400935	3459	464	500092	3459	500	539002	3459	557	600650	3459	649	700069	3459	742	800805	3459	834	900343	3459	927	1000622	3459	1000	1079397	3459	1020	1100997	3459	1112	1200242	3459	1205	1300934	3459	1297	1400129	3459	1390	1500249	3459	1483	1600974	3459	1500	1619426	3459	1575	1700219	3459	1668	1800273	3459	1761	1900931	3459	1853	2000198	3459	1946	2100676	3459	2000	2159235	3459	2038	2200568	3459	2131	2301169	3459	2223	2400856	3459	2316	2501133	3459	
92	100102	3724	183	200166	3724	274	300326	3724	365	400276	3724	457	501112	3724	500	548416	3724	548	601048	3724	638	700282	3724	729	800377	3724	820	900323	3724	912	1001143	3724	1000	1098356	3724	1002	1100651	3724	1093	1200650	3724	1184	1300460	3724	1275	1400866	3724	1366	1500753	3724	1457	1600549	3724	1500	1647653	3724	1548	1700533	3724	1639	1800583	3724	1730	1900730	3724	1819	2000862	3724	1909	2100520	3724	2000	2200300	3724	2000	2200372	3724	2091	2300786	3724	2181	2400203	3724	2273	2501112	3724	
92	100389	4514	184	201028	4514	275	300109	4514	367	400630	4514	458	500325	4514	500	546075	4514	550	600944	4514	641	700370	4514	733	800715	4514	824	900188	4514	915	1000256	4514	1000	1093209	4514	1007	1101156	4514	1096	1200806	4514	1187	1300305	4514	1279	1400923	4514	1370	1500555	4514	1462	1600831	4514	1500	1642333	4514	1553	1700302	4514	1645	1800602	4514	1737	1901121	4514	1828	2000337	4514	1920	2100918	4514	2000	2188519	4514	2011	2200608	4514	2103	2301134	4514	2194	2401141	4514	2285	2500542	4514	
93	100872	3581	184	200684	3581	273	300807	3581	363	400848	3581	454	500653	3581	500	550889	3581	545	600271	3581	636	700430	3581	727	800071	3581	819	901095	3581	910	1000901	3581	1000	1100097	3581	1000	1100168	3581	1091	1200069	3581	1183	1300732	3581	1274	1400290	3581	1366	1500888	3581	1457	1600472	3581	1500	1647667	3581	1548	1700112	3581	1640	1800833	3581	1731	1900250	3581	1823	2000911	3581	1914	2100496	3581	2000	2194843	3581	2005	2200404	3581	2096	2300216	3581	2188	2400955	3581	2279	2501028	3581	
91	100259	3996	181	200619	3996	271	300522	3996	361	400606	3996	451	500406	3996	500	554771	3996	541	600594	3996	631	700614	3996	721	800955	3996	811	900812	3996	901	1000997	3996	991	1101132	3996	1000	1111201	3996	1080	1200138	3996	1171	1301003	3996	1261	1400790	3996	1351	1500663	3996	1441	1601126	3996	1500	1666615	3996	1531	1701036	3996	1621	1800976	3996	1711	1900714	3996	1801	2000823	3996	1891	2100965	3996	1981	2200689	3996	2000	2221870	3996	2071	2300552	3996	2160	2401007	3996	2248	2500426	3996	
94	100625	4216	187	200499	4216	281	300725	4216	374	400394	4216	468	500847	4216	500	535201	4216	561	600681	4216	654	700492	4216	748	801088	4216	841	900748	4216	934	1000476	4216	1000	1071207	4216	1027	1100202	4216	1121	1200680	4216	1214	1300750	4216	1307	1400575	4216	1400	1500281	4216	1491	1600108	4216	1500	1609895	4216	1585	1700696	4216	1678	1800535	4216	1771	1900069	4216	1865	2000807	4216	1958	2100544	4216	2000	2145639	4216	2051	2200267	4216	2145	2300842	4216	2238	2400708	4216	2331	2500580	4216	
93	101081	4425	184	200141	4425	276	300621	4425	368	400988	4425	459	500567	4425	500	545313	4425	551	600884	4425	641	701050	4425	732	800317	4425	824	900409	4425	916	1000819	4425	1000	1092146	4425	1008	1100906	4425	1100	1200865	4425	1192	1301092	4425	1284	1400976	4425	1376	1501137	4425	1468	1601097	4425	1500	1635757	4425	1559	1700159	4425	1651	1800131	4425	1743	1900231	4425	1835	2000275	4425	1927	2100326	4425	2000	2179906	4425	2019	2200617	4425	2111	2300884	4425	2203	2401005	4425	2294	2500146	4425	
95	100067	1855	189	200627	1855	282	300748	1855	375	400954	1855	468	500731	1855	500	535238	1855	561	600762	1855	654	700572	1855	747	800638	1855	840	900697	1855	933	1000841	1855	1000	1072817	1855	1026	1100592	1855	1119	1200648	1855	1211	1300416	1855	1304	1400548	1855	1397	1500656	1855	1490	1600444	1855	1500	1611260	1855	1583	1700990	1855	1676	1800460	1855	1769	1900301	1855	1863	2001108	1855	1956	2100746	1855	2000	2147742	1855	2049	2200643	1855	2142	2300621	1855	2235	2400561	1855	2328	2500590	1855	
95	100072	1471	188	200902	1471	280	300487	1471	373	400633	1471	466	500740	1471	500	537784	1471	558	600129	1471	651	700549	1471	743	800159	1471	836	901013	1471	929	1001195	1471	1000	1078220	1471	1020	1100070	1471	1113	1200577	1471	1206	1300889	1471	1298	1400084	1471	1391	1500609	1471	1483	1600137	1471	1500	1618462	1471	1576	1700789	1471	1668	1800089	1471	1761	1900856	1471	1852	2001042	1471	1944	2100309	1471	2000	2160892	1471	2037	2200818	1471	2129	2300394	1471	2222	2400937	1471	2314	2500196	1471	
94	100503	1443	187	200942	1443	279	300339	1443	372	400660	1443	465	500706	1443	500	538754	1443	557	600355	1443	650	700627	1443	743	801125	1443	835	900429	1443	928	1000559	1443	1000	1078234	1443	1021	1100934	1443	1111	1201066	1443	1203	1300301	1443	1296	1400854	1443	1388	1500516	1443	1481	1600972	1443	1500	1621591	1443	1573	1700443	1443	1666	1800860	1443	1758	1900107	1443	1851	2000626	1443	1943	2100217	1443	2000	2161796	1443	2036	2200704	1443	2128	2300530	1443	2221	2400990	1443	2313	2500502	1443	
97	101057	1674	191	200802	1674	283	300508	1674	377	400065	1674	472	500828	1674	500	530546	1674	566	600590	1674	660	700245	1674	755	801026	1674	849	901053	1674	943	1000459	1674	1000	1060905	1674	1037	1100257	1674	1132	1200820	1674	1226	1300751	1674	1320	1400083	1674	1415	1500737	1674	1500	1591348	1674	1509	1600992	1674	1603	1700441	1674	1698	1800818	1674	1792	1900450	1674	1887	2000737	1674	1981	2100206	1674	2000	2120495	1674	2075	2200231	1674	2169	2300483	1674	2263	2400126	1674	2358	2500595	1674	
98	100511	1335	193	200249	1335	288	300961	1335	383	400720	1335	478	500726	1335	500	523883	1335	573	600899	1335	668	700741	1335	763	800303	1335	858	900098	1335	954	1000561	1335	1000	1048832	1335	1049	1100429	1335	1144	1200896	1335	1239	1300649	1335	1335	1400859	1335	1430	1500435	1335	1500	1574175	1335	1525	1600442	1335	1620	1700587	1335	1715	1800448	1335	1810	1900149	1335	1906	2000551	1335	2000	2098814	1335	2002	2100971	1335	2097	2200542	1335	2192	2300080	1335	2288	2401108	1335	2380	2500117	1335	
95	100315	1863	188	200176	1863	282	301083	1863	375	400553	1863	468	500354	1863	500	534829	1863	561	600413	1863	654	700236	1863	748	801112	1863	841	900667	1863	934	1000513	1863	1000	1071277	1863	1027	1100252	1863	1121	1200784	1863	1214	1300361	1863	1307	1400301	1863	1400	1500312	1863	1491	1600309	1863	1500	1610351	1863	1583	1700433	1863	1676	1800405	1863	1769	1900306	1863	1862	2000294	1863	1956	2101058	1863	2000	2148132	1863	2049	2200841	1863	2142	2300682	1863	2235	2400176	1863	2329	2501034	1863	
100	101010	1419	196	200159	1419	292	300201	1419	389	400572	1419	486	500852	1419	500	515419	1419	582	600681	1419	679	700983	1419	773	801027	1419	869	900195	1419	966	1000701	1419	1000	1035802	1419	1062	1100076	1419	1159	1200318	1419	1256	1300722	1419	1353	1400871	1419	1450	1501009	1419	1500	1552950	1419	1546	1600394	1419	1643	1700599	1419	1740	1800933	1419	1837	1900876	1419	1933	2000434	1419	2000	2069739	1419	2030	2100923	1419	2126	2200174	1419	2223	2300727	1419	2319	2400275	1419	2416	2500872	1419	
94	100631	2043	186	200250	2043	279	301091	2043	371	401015	2043	463	500756	2043	500	540940	2043	555	600727	2043	647	700528	2043	739	800630	2043	831	900603	2043	923	1000596	2043	1000	1083830	2043	1015	1100287	2043	1108	1201109	2043	1199	1300178	2043	1292	1401107	2043	1383	1500093	2043	1476	1600820	2043	1500	1626913	2043	1568	1700525	2043	1660	1800400	2043	1752	1900195	2043	1844	2000208	2043	1936	2100084	2043	2000	2169382	2043	2029	2201033	2043	2121	2300682	2043	2212	2400147	2043	2305	2500816	2043	
95	100997	1899	187	200917	1899	279	300943	1899	371	400368	1899	464	501010	1899	500	540059	1899	556	600771	1899	648	700456	1899	741	800958	1899	833	900338	1899	925	1000134	1899	1000	1081291	1899	1018	1100734	1899	1110	1200838	1899	1203	1301106	1899	1295	1400771	1899	1387	1500151	1899	1480	1600893	1899	1500	1622716	1899	1572	1700757	1899	1664	1800279	1899	1757	1900605	1899	1848	2000633	1899	1939	2100631	1899	2000	2166488	1899	2031	2200103	1899	2124	2300750	1899	2216	2400093	1899	2309	2500635	1899	
98	100492	1317	193	201111	1317	287	300746	1317	382	400731	1317	477	500657	1317	500	524834	1317	572	600597	1317	667	700763	1317	762	800872	1317	857	900663	1317	952	1000546	1317	1000	1051102	1317	1047	1100695	1317	1139	1200192	1317	1234	1300783	1317	1328	1400496	1317	1423	1500686	1317	1500	1581908	1317	1518	1600890	1317	1613	1700715	1317	1708	1800541	1317	1803	1900743	1317	1898	2000934	1317	1993	2101063	1317	2000	2108488	1317	2087	2200159	1317	2182	2300632	1317	2277	2400868	1317	2372	2500921	1317	
20	100664	23362	40	203579	23362	60	305054	23362	79	401021	23362	99	502118	23362	119	602993	23362	139	703728	22464	159	804032	21555	179	904577	21555	198	1000487	21555	218	1101162	21555	238	1201880	21555	258	1302291	21555	278	1403385	21555	298	1504264	21555	318	1604898	21555	337	1701007	21555	357	1801663	21555	377	1902255	21555	397	2002511	21555	417	2103880	21555	437	2204960	21555	456	2301199	21555	476	2401855	21555	496	2503011	21555	
20	100638	24266	40	201546	24266	60	302437	24266	80	403047	24266	100	503805	24266	120	604685	24266	139	700634	24266	159	801486	24266	179	902396	24266	199	1003383	24266	219	1104068	24266	239	1204929	24266	259	1305310	24266	278	1401407	24266	298	1502278	24266	318	1602749	24266	338	1703375	24266	358	1804485	24266	377	1900393	24266	397	2001337	24266	416	2103652	24266	436	2205346	24266	455	2301314	24266	475	2402023	24266	495	2502910	24266	
21	104764	22716	41	205277	22716	60	300770	22716	80	401075	22716	100	501737	22716	120	602673	22716	140	703367	22716	160	804081	22716	180	904708	22716	199	1001996	22716	219	1103951	22716	239	1204613	22716	258	1300437	22716	278	1401392	22716	298	1502620	22716	318	1603424	22716	338	1704086	22716	358	1804899	22716	377	1900521	22716	397	2001596	22716	417	2102125	22716	437	2202989	22716	457	2303910	22716	477	2404749	22716	496	2500599	22716	
21	104927	25212	41	205225	25212	60	300727	25212	80	401803	25212	100	501782	24269	120	602433	24269	140	702778	24269	160	803146	24269	180	903425	24269	200	1003420	24269	220	1103861	24269	240	1204150	24269	260	1304497	24269	280	1404567	24269	300	1504866	24269	320	1604985	24269	340	1704973	24269	360	1805299	24269	379	1900589	24269	399	2000508	24269	419	2100860	24269	439	2201381	24269	459	2301570	24269	479	2402374	24269	499	2502723	24269	
20	101171	23683	40	202161	22768	60	303654	22768	80	404552	22768	99	500576	22768	119	601567	22768	139	703003	22768	159	804311	22768	178	900677	22768	198	1002592	22768	218	1104199	22768	237	1200619	22768	257	1301535	22768	277	1402594	22768	297	1503724	22768	317	1605121	22768	336	1700871	22768	356	1802305	22768	375	1900552	22768	395	2001604	22768	415	2103056	22768	435	2204254	22768	455	2305342	22768	474	2401749	22768	494	2502801	22768	
21	105280	23352	41	205300	23352	60	300680	23352	80	400883	23352	100	500993	23352	120	601352	23352	140	702708	23352	160	804677	23352	179	900987	23352	199	1001117	23352	219	1100941	23352	239	1200795	23352	259	1300878	23352	279	1400833	23352	299	1500596	23352	319	1600391	23352	339	1700751	23352	359	1800920	23352	379	1901752	23352	399	2001831	23352	419	2102171	23352	439	2202439	23352	459	2302751	23352	479	2403107	23352	499	2503452	23352	
20	100429	24689	40	200842	24689	60	301095	24689	80	401523	24689	100	501849	24689	120	602156	24689	140	702787	24689	160	803262	24689	180	903782	24689	200	1004375	24689	219	1100378	24689	239	1200536	24689	259	1301198	24689	279	1402238	24689	299	1503377	24689	319	1603784	24689	339	1704212	24689	359	1804813	24689	379	1905253	24689	398	2000492	24689	418	2101089	24689	438	2201737	24689	458	2301892	24689	478	2402593	24689	498	2503500	24689	
21	104817	25425	41	204474	25425	61	304170	25425	81	403744	25425	101	503161	25425	121	602708	25425	141	702249	25425	161	801943	25425	181	901442	25425	201	1001324	25425	221	1101190	25425	241	1201197	25425	261	1300764	25425	281	1400384	25425	301	1500352	25425	322	1604869	25425	341	1701900	25425	361	1802258	25425	381	1901888	25425	401	2001803	25425	421	2101773	25425	441	2201494	25425	461	2300809	25425	481	2400525	25425	500	2495023	25425	501	2500395	25425	
20	101582	24549	40	203331	24549	60	304764	24549	79	401279	24549	99	503517	24549	118	601141	24549	138	704271	24549	157	800592	24549	177	902900	24549	197	1004910	24549	216	1101973	24549	236	1203680	24549	256	1305343	24549	275	1401953	24549	295	1503711	24549	315	1605291	24549	334	1702634	24549	354	1804157	24549	373	1901046	24549	393	2002866	24549	413	2104492	24549	432	2201098	24549	452	2302658	24549	472	2404284	24549	491	2501329	24549	
20	100429	25382	40	200987	25382	60	301578	24441	80	402368	24441	100	503230	24441	120	604281	24441	139	700388	24441	159	801408	24441	179	902607	24441	199	1003463	24441	219	1104651	24441	238	1200636	24441	258	1301493	24441	278	1402639	24441	298	1503417	24441	318	1604624	24441	338	1705241	24441	357	1801180	24441	377	1902215	24441	397	2002873	24441	417	2103679	24441	437	2204340	24441	457	2304950	24441	476	2400873	24441	496	2501843	24441	
21	104601	25565	41	203880	25565	61	302964	25565	81	402042	25565	101	501023	25565	122	604915	25565	142	704127	25565	162	803339	25565	182	902799	25565	202	1001884	25565	222	1100619	25565	243	1204780	25565	263	1304291	25565	283	1403797	25565	303	1505260	25565	323	1604722	25565	343	1704276	25565	363	1803567	25565	383	1903580	25565	403	2002263	25565	423	2101385	25565	443	2200394	25565	464	2305101	25565	484	2404232	25565	500	2483524	25565	504	2503584	25565	
21	101437	25100	42	202783	25100	63	304620	25100	83	403402	25100	104	505184	25100	124	601573	25100	145	703275	25100	166	804616	25100	186	901054	25100	207	1002459	25100	228	1104267	25100	248	1200905	25100	269	1302179	25100	290	1403803	25100	310	1501533	25100	331	1603336	25100	352	1704939	25100	372	1801398	25100	393	1902804	25100	414	2004365	25100	434	2101218	25100	455	2202776	25100	476	2304018	25100	496	2400975	25100	500	2420611	25100	517	2503173	25100	
21	104788	25298	41	204658	25298	61	304435	25298	81	404041	25298	101	503431	25298	121	603212	25298	141	702928	25298	161	802614	25298	181	902268	25298	201	1002120	25298	221	1102104	25298	241	1201764	25298	261	1301185	25298	281	1400613	25298	302	1505256	25298	322	1604734	25298	342	1704320	25298	362	1803761	25298	382	1903295	25298	402	2002760	25298	422	2102474	25298	442	2202364	25298	462	2301778	25298	482	2404210	25298	500	2493839	25298	502	2504102	25298	
21	103992	25129	41	202449	25129	61	301109	25129	82	404838	25129	102	503116	25129	122	601662	25129	143	704959	25129	163	803338	25129	183	901783	25129	204	1005121	25129	224	1103867	25129	244	1202107	25129	264	1302162	25129	284	1400374	25129	305	1503941	25129	325	1602575	25129	345	1701170	25129	366	1804711	25129	386	1903053	25129	406	2001592	25129	426	2100358	25129	447	2203514	25129	467	2301786	25129	488	2405219	25129	500	2464380	25129	508	2503923	25129	
21	103353	25094	40	201925	25094	60	301408	25094	81	404540	25094	101	502506	25094	121	600604	25094	142	703488	25094	162	801461	25094	183	904248	25094	203	1002152	25094	224	1104758	25094	244	1202660	25094	264	1300415	25094	285	1403335	25094	305	1501104	25094	326	1603816	25094	346	1702233	25094	367	1805293	25094	387	1903694	25094	407	2002052	25094	428	2105172	25094	448	2203159	25094	468	2300977	25094	489	2403585	25094	500	2457751	25094	509	2501985	25094	
21	102993	25616	41	200484	25616	62	302995	25616	82	400609	25616	103	503244	25616	123	601233	25616	144	703989	25616	164	801815	25616	185	904317	25616	205	1002898	25616	225	1100863	25616	246	1203730	25616	266	1301164	25616	287	1404164	25616	307	1502286	25616	328	1605082	25616	348	1702661	25616	368	1800509	25616	389	1902976	25616	409	2000598	25616	429	2104225	25616	449	2203990	25616	469	2301879	25616	490	2404112	25616	500	2453036	25616	510	2502157	25616	
21	104752	25347	41	204393	25347	61	304099	25347	81	403739	25347	101	502843	25347	121	602126	25347	141	701606	25347	161	801415	25347	181	901052	25347	201	1000905	25347	221	1103073	25347	241	1202837	25347	261	1302438	25347	281	1402443	25347	301	1502191	25347	321	1601654	25347	341	1701843	25347	361	1801313	25347	381	1900839	25347	401	2000385	25347	422	2104791	25347	442	2204637	25347	462	2304178	25347	482	2403918	25347	500	2493480	25347	502	2503771	25347	
21	103495	25118	41	202725	25118	61	301439	25118	82	405297	25118	102	504247	25118	122	603541	25118	142	702218	25118	162	801154	25118	182	900487	25118	203	1004027	25118	223	1102865	25118	243	1202048	25118	263	1300745	25118	284	1404227	25118	304	1503183	25118	324	1601798	25118	344	1701062	25118	365	1804659	25118	385	1903940	25118	405	2002732	25118	425	2101861	25118	445	2200742	25118	466	2304253	25118	486	2403419	25118	500	2472710	25118	506	2502864	25118	
21	102112	25350	42	204407	25350	62	301822	25350	83	404018	25350	103	501326	25350	124	603641	25350	144	700935	25350	165	803140	25350	185	900383	25350	206	1002467	25350	227	1104731	25350	247	1201835	25350	268	1304224	25350	288	1401699	25350	309	1503660	25350	329	1600648	25350	350	1702610	25350	371	1804556	25350	391	1903856	25350	411	2001200	25350	432	2103915	25350	452	2201059	25350	473	2303172	25350	494	2404842	25350	500	2434198	25350	514	2502413	25350	
21	103023	25265	41	201076	25265	62	303775	25265	82	402181	25265	102	500352	25265	123	603164	25265	143	701247	25265	164	804313	25265	184	905208	25265	204	1003234	25265	224	1101181	25265	245	1204391	25265	265	1302760	25265	285	1400779	25265	306	1503415	25265	326	1601601	25265	347	1704689	25265	367	1802962	25265	387	1901092	25265	408	2003718	25265	428	2102090	25265	449	2205098	25265	469	2303064	25265	489	2401549	25265	500	2455886	25265	509	2500487	25265	
312	100280	78	500	160621	78	623	200049	78	934	300035	78	1000	321217	78	1246	400319	78	1500	481986	78	1556	500103	78	1867	600223	78	2000	642852	78	2178	700317	78	2488	800197	78	2500	804051	78	2797	900198	78	3000	965867	78	3106	1000038	78	3417	1100152	78	3500	1126906	78	3727	1200038	78	4000	1287894	78	4038	1300111	78	4349	1400250	78	4500	1448987	78	4658	1500020	78	4970	1600287	78	5000	1609958	78	5279	1700170	78	5500	1771103	78	5590	1800104	78	5901	1900055	78	6000	1931977	78	6210	2000083	78	6500	2093323	78	6521	2100057	78	6833	2200216	78	7000	2254282	78	7142	2300243	78	7452	2400241	78	7500	2415662	78	7762	2500017	78	
304	100170	66	500	164573	66	608	200085	66	913	300147	66	1000	328738	66	1217	400024	66	1500	493259	66	1521	500246	66	1824	600160	66	2000	658456	66	2127	700124	66	2432	800126	66	2500	822427	66	2735	900188	66	3000	987156	66	3040	1000238	66	3345	1100297	66	3500	1151137	66	3649	1200065	66	3954	1300091	66	4000	1315169	66	4259	1400199	66	4500	1479423	66	4563	1500215	66	4866	1600154	66	5000	1644396	66	5169	1700275	66	5473	1800085	66	5500	1809116	66	5776	1900091	66	6000	1973709	66	6080	2000047	66	6377	2100059	66	6500	2141062	66	6680	2200228	66	6984	2300102	66	7000	2305379	66	7289	2400293	66	7500	2470016	66	7592	2500317	66	
313	100105	86	500	159858	86	626	200133	86	938	300031	86	1000	319858	86	1252	400323	86	1500	479363	86	1565	500139	86	1878	600176	86	2000	639162	86	2191	700066	86	2500	799077	86	2503	800039	86	2817	900096	86	3000	958489	86	3131	1000309	86	3444	1100249	86	3500	1118124	86	3756	1200226	86	4000	1285442	86	4045	1300262	86	4356	1400164	86	4500	1446185	86	4669	1500261	86	4982	1600043	86	5000	1605834	86	5294	1700311	86	5500	1766167	86	5605	1800048	86	5918	1900093	86	6000	1926397	86	6230	2000044	86	6500	2086370	86	6543	2100128	86	6856	2200068	86	7000	2246096	86	7169	2300372	86	7477	2400108	86	7500	2407549	86	7787	2500232	86	
312	100308	59	500	160322	59	625	200215	59	937	300152	59	1000	320393	59	1250	400291	59	1500	482577	59	1555	500326	59	1867	600321	59	2000	643048	59	2179	700056	59	2492	800225	59	2500	802791	59	2803	900159	59	3000	963654	59	3114	1000029	59	3427	1100113	59	3500	1123820	59	3737	1200210	59	4000	1284338	59	4050	1300287	59	4362	1400228	59	4500	1444377	59	4674	1500032	59	4986	1600178	59	5000	1604645	59	5299	1700315	59	5500	1765394	59	5608	1800106	59	5921	1900078	59	6000	1925453	59	6234	2000313	59	6500	2085501	59	6546	2100198	59	6858	2200139	59	7000	2245590	59	7171	2300275	59	7484	2400165	59	7500	2405261	59	7797	2500179	59	
296	100360	87	500	169665	87	590	200155	87	885	300112	87	1000	338973	87	1181	400163	87	1476	500281	87	1500	508430	87	1772	600168	87	2000	677554	87	2067	700171	87	2361	800023	87	2500	846983	87	2657	900079	87	2952	1000041	87	3000	1016271	87	3249	1100273	87	3500	1185676	87	3543	1200230	87	3838	1300137	87	4000	1355151	87	4133	1400093	87	4429	1500208	87	4500	1524339	87	4724	1600065	87	5000	1693847	87	5019	1700289	87	5315	1800299	87	5500	1862692	87	5611	1900214	87	5906	2000022	87	6000	2031812	87	6202	2100153	87	6498	2200175	87	6500	2200864	87	6793	2300093	87	7000	2369949	87	7089	2400039	87	7386	2500334	87	
334	100109	88	500	149577	88	669	200197	88	1000	298792	88	1005	300292	88	1340	400198	88	1500	447784	88	1675	500181	88	2000	597953	88	2007	600076	88	2341	700261	88	2500	747657	88	2676	800198	88	3000	896932	88	3011	900232	88	3344	1000075	88	3500	1047066	88	3677	1100091	88	4000	1196738	88	4011	1200020	88	4346	1300199	88	4500	1346170	88	4681	1400233	88	5000	1495210	88	5017	1500278	88	5352	1600095	88	5500	1644731	88	5686	1700128	88	6000	1794092	88	6020	1800088	88	6348	1900060	88	6500	1945395	88	6683	2000074	88	7000	2094993	88	7017	2100094	88	7352	2200118	88	7500	2244411	88	7687	2300035	88	8000	2393510	88	8022	2400088	88	8357	2500035	88	
298	100193	86	500	168155	86	595	200090	86	891	300083	86	1000	336714	86	1189	400327	86	1485	500088	86	1500	505170	86	1782	600313	86	2000	673574	86	2079	700154	86	2377	800349	86	2500	841625	86	2674	900279	86	2971	1000325	86	3000	1010372	86	3260	1100267	86	3500	1181176	86	3557	1200345	86	3852	1300217	86	4000	1349962	86	4149	1400271	86	4443	1500194	86	4500	1519537	86	4738	1600238	86	5000	1688591	86	5034	1700051	86	5331	1800056	86	5500	1857004	86	5628	1900315	86	5923	2000225	86	6000	2026419	86	6219	2100062	86	6500	2194868	86	6516	2200256	86	6811	2300197	86	7000	2364248	86	7107	2400161	86	7403	2500215	86	
324	100145	55	500	154395	55	646	200174	55	958	300037	55	1000	313038	55	1282	400303	55	1500	467844	55	1604	500051	55	1928	600032	55	2000	622374	55	2252	700090	55	2500	776478	55	2577	800184	55	2899	900214	55	3000	931418	55	3223	1000298	55	3500	1086135	55	3545	1100025	55	3869	1200037	55	4000	1240516	55	4192	1300177	55	4500	1395549	55	4515	1400168	55	4838	1500293	55	5000	1550428	55	5160	1600026	55	5484	1700099	55	5500	1705187	55	5805	1800230	55	6000	1860703	55	6127	1900036	55	6451	2000158	55	6500	2015273	55	6774	2100294	55	7000	2170473	55	7096	2200177	55	7418	2300041	55	7500	2325574	55	7740	2400129	55	8000	2480733	55	8063	2500220	55	
304	100113	88	500	164433	88	609	200246	88	911	300217	88	1000	329747	88	1212	400073	88	1500	495351	88	1514	500029	88	1818	600323	88	2000	660329	88	2120	700054	88	2423	800244	88	2500	825631	88	2726	900018	88	3000	990272	88	3030	1000176	88	3334	1100285	88	3500	1154889	88	3637	1200074	88	3941	1300218	88	4000	1319651	88	4244	1400151	88	4500	1484437	88	4548	1500333	88	4851	1600157	88	5000	1649148	88	5155	1700131	88	5459	1800266	88	5500	1813756	88	5762	1900289	88	6000	1979019	88	6064	2000111	88	6369	2100253	88	6500	2143322	88	6673	2200194	88	6977	2300061	88	7000	2307661	88	7278	2400259	88	7500	2475191	88	7575	2500176	88	
305	100206	94	500	164124	94	610	200247	94	915	300160	94	1000	328011	94	1220	400213	94	1500	492138	94	1524	500032	94	1830	600339	94	2000	656001	94	2135	700245	94	2441	800333	94	2500	819800	94	2745	900125	94	3000	983860	94	3050	1000268	94	3355	1100270	94	3500	1148148	94	3659	1200244	94	3964	1300123	94	4000	1311905	94	4270	1400234	94	4500	1475484	94	4575	1500245	94	4872	1600033	94	5000	1642831	94	5174	1700114	94	5480	1800227	94	5500	1806788	94	5785	1900227	94	6000	1971306	94	6088	2000206	94	6393	2100115	94	6500	2135213	94	6698	2200115	94	7000	2299252	94	7003	2300246	94	7308	2400197	94	7500	2463031	94	7612	2500281	94	
361	100056	84	500	138546	84	723	200155	84	1000	276700	84	1085	300205	84	1447	400026	84	1500	414661	84	1810	500214	84	2000	552660	84	2171	600047	84	2500	691337	84	2532	700160	84	2886	800257	84	3000	832429	84	3242	900101	84	3500	971700	84	3602	1000054	84	3964	1100243	84	4000	1110364	84	4325	1200180	84	4500	1248720	84	4686	1300118	84	5000	1386644	84	5049	1400224	84	5410	1500107	84	5500	1529794	84	5754	1600046	84	6000	1668174	84	6115	1700170	84	6477	1800265	84	6500	1806601	84	6839	1900161	84	7000	1944416	84	7201	2000028	84	7500	2082523	84	7564	2100184	84	7926	2200084	84	8000	2220477	84	8288	2300177	84	8500	2358875	84	8650	2400238	84	9000	2497049	84	9011	2500069	84	
323	100088	82	500	154976	82	646	200293	82	967	300218	82	1000	310440	82	1290	400052	82	1500	464965	82	1613	500032	82	1937	600153	82	2000	619634	82	2260	700203	82	2500	774254	82	2584	800130	82	2907	900055	82	3000	928821	82	3231	1000175	82	3500	1083360	82	3554	1100052	82	3878	1200246	82	4000	1238726	82	4199	1300289	82	4500	1393369	82	4522	1400197	82	4844	1500183	82	5000	1548487	82	5167	1600198	82	5490	1700135	82	5500	1703245	82	5813	1800269	82	6000	1858047	82	6136	1900051	82	6460	2000152	82	6500	2012536	82	6783	2100022	82	7000	2167024	82	7107	2200074	82	7430	2300252	82	7500	2321979	82	7753	2400288	82	8000	2477092	82	8074	2500164	82	
338	100174	57	500	148272	57	675	200043	57	1000	296515	57	1012	300097	57	1348	400075	57	1500	445032	57	1685	500123	57	2000	593416	57	2023	600236	57	2357	700303	57	2500	743125	57	2692	800226	57	3000	891770	57	3028	900141	57	3366	1000260	57	3500	1040246	57	3702	1100178	57	4000	1188507	57	4039	1200106	57	4375	1300238	57	4500	1337233	57	4712	1400246	57	5000	1486151	57	5047	1500142	57	5383	1600263	57	5500	1635126	57	5719	1700199	57	6000	1783354	57	6056	1800058	57	6393	1900059	57	6500	1931849	57	6730	2000167	57	7000	2080303	57	7067	2100268	57	7396	2200186	57	7500	2231515	57	7731	2300161	57	8000	2379906	57	8068	2400072	57	8405	2500266	57	
350	100179	58	500	143110	58	700	200200	58	1000	285767	58	1051	300297	58	1401	400033	58	1500	428255	58	1752	500202	58	2000	571029	58	2101	600024	58	2452	700136	58	2500	713800	58	2802	800226	58	3000	856872	58	3151	900155	58	3500	999627	58	3502	1000207	58	3851	1100163	58	4000	1142815	58	4200	1200247	58	4500	1286054	58	4549	1300088	58	4891	1400074	58	5000	1431501	58	5238	1500032	58	5500	1574805	58	5588	1600287	58	5937	1700014	58	6000	1717926	58	6288	1800195	58	6500	1860888	58	6638	1900199	58	6987	2000032	58	7000	2003726	58	7337	2100034	58	7500	2146671	58	7687	2200066	58	8000	2289720	58	8036	2300084	58	8387	2400182	58	8500	2432664	58	8735	2500016	58	
312	100319	49	500	160511	49	624	200322	49	935	300070	49	1000	321040	49	1245	400194	49	1500	482215	49	1556	500130	49	1860	600236	49	2000	645039	49	2173	700269	49	2485	800285	49	2500	805133	49	2797	900145	49	3000	964982	49	3110	1000110	49	3422	1100030	49	3500	1125005	49	3735	1200093	49	4000	1285503	49	4046	1300270	49	4359	1400122	49	4500	1445381	49	4669	1500057	49	4982	1600110	49	5000	1605907	49	5294	1700111	49	5500	1765965	49	5606	1800070	49	5917	1900174	49	6000	1926794	49	6229	2000218	49	6500	2086998	49	6541	2100106	49	6853	2200084	49	7000	2247146	49	7165	2300072	49	7478	2400271	49	7500	2407345	49	7789	2500253	49	
348	100137	61	500	144103	61	694	200063	61	1000	288308	61	1041	300028	61	1389	400039	61	1500	432013	61	1738	500211	61	2000	575283	61	2087	600282	61	2436	700240	61	2500	718537	61	2784	800167	61	3000	862094	61	3133	900266	61	3480	1000107	61	3500	1005875	61	3828	1100140	61	4000	1149773	61	4175	1200046	61	4500	1293482	61	4523	1300131	61	4868	1400126	61	5000	1438384	61	5215	1500302	61	5500	1582011	61	5563	1600113	61	5912	1700059	61	6000	1725264	61	6261	1800098	61	6500	1868780	61	6609	1900209	61	6956	2000031	61	7000	2012590	61	7305	2100226	61	7500	2156126	61	7653	2200227	61	7999	2300085	61	8000	2300383	61	8348	2400245	61	8500	2443933	61	8696	2500256	61	
335	100183	64	500	149326	64	671	200202	64	1000	297705	64	1008	300096	64	1346	400198	64	1500	446162	64	1682	500072	64	2000	594791	64	2018	600222	64	2350	700063	64	2500	744929	64	2686	800034	64	3000	893110	64	3024	900238	64	3361	1000289	64	3500	1041950	64	3695	1100292	64	4000	1191015	64	4031	1200182	64	4368	1300156	64	4500	1339381	64	4705	1400269	64	5000	1487952	64	5041	1500141	64	5377	1600212	64	5500	1636625	64	5714	1700070	64	6000	1784666	64	6052	1800103	64	6387	1900212	64	6500	1935815	64	6714	2000110	64	7000	2085021	64	7051	2100179	64	7387	2200018	64	7500	2233734	64	7724	2300134	64	8000	2381632	64	8062	2400080	64	8398	2500042	64	
320	100221	63	500	156594	63	639	200079	63	959	300143	63	1000	312927	63	1279	400110	63	1500	469235	63	1599	500174	63	1919	600068	63	2000	625512	63	2239	700134	63	2500	781911	63	2558	800039	63	2878	900213	63	3000	938431	63	3197	1000319	63	3500	1095412	63	3512	1100243	63	3826	1200018	63	4000	1254609	63	4146	1300303	63	4465	1400027	63	4500	1411122	63	4784	1500098	63	5000	1567881	63	5103	1600090	63	5424	1700102	63	5500	1723869	63	5744	1800286	63	6000	1880496	63	6063	1900188	63	6382	2000148	63	6500	2037107	63	6701	2100207	63	7000	2193749	63	7020	2200021	63	7339	2300039	63	7500	2350193	63	7660	2400199	63	7980	2500205	63	
348	100273	61	500	143968	61	696	200216	61	1000	288791	61	1037	300105	61	1380	400024	61	1500	434846	61	1724	500015	61	2000	579782	61	2070	600019	61	2418	700235	61	2500	723807	61	2765	800253	61	3000	867904	61	3112	900191	61	3460	1000197	61	3500	1011670	61	3807	1100297	61	4000	1155896	61	4154	1200141	61	4500	1299695	61	4502	1300284	61	4848	1400065	61	5000	1443828	61	5196	1500259	61	5500	1587907	61	5542	1600032	61	5891	1700041	61	6000	1731298	61	6240	1800117	61	6500	1874667	61	6588	1900068	61	6936	2000136	61	7000	2018540	61	7284	2100201	61	7500	2162253	61	7632	2200232	61	7979	2300076	61	8000	2306117	61	8325	2400046	61	8500	2450960	61	8671	2500277	61	
312	100217	87	500	159979	87	626	200045	87	941	300078	87	1000	318781	87	1256	400220	87	1500	478046	87	1569	500135	87	1883	600021	87	2000	637220	87	2198	700210	87	2500	796360	87	2512	800199	87	2826	900159	87	3000	955618	87	3140	1000304	87	3454	1100025	87	3500	1114669	87	3768	1200089	87	4000	1273764	87	4083	1300095	87	4397	1400284	87	4500	1433037	87	4711	1500100	87	5000	1592039	87	5026	1600335	87	5339	1700184	87	5500	1751472	87	5653	1800126	87	5968	1900305	87	6000	1910489	87	6280	2000080	87	6500	2070159	87	6595	2100302	87	6909	2200049	87	7000	2228964	87	7224	2300197	87	7500	2388176	87	7538	2400244	87	7844	2500258	87	
114	100231	337	228	200381	337	342	300805	337	455	400248	337	500	439768	337	569	500625	337	683	600668	337	796	700091	337	910	800408	337	1000	879314	337	1024	900381	337	1137	1000133	337	1251	1100337	337	1365	1200300	337	1479	1300376	337	1500	1318731	337	1593	1400250	337	1707	1500260	337	1821	1600757	337	1932	1700207	337	2000	1759850	337	2046	1800112	337	2160	1900485	337	2274	2000445	337	2388	2100526	337	2500	2198649	337	2502	2200447	337	2616	2300415	337	2730	2400638	337	2844	2500700	337	
100	101028	351	199	200999	351	298	300978	351	397	400754	351	496	500963	351	500	505069	351	594	600084	351	693	700131	351	791	800478	351	889	900337	351	988	1000527	351	1000	1012775	351	1087	1100439	351	1186	1200180	351	1285	1300198	351	1385	1400848	351	1483	1500790	351	1500	1518050	351	1582	1600795	351	1681	1700934	351	1780	1800998	351	1879	1900695	351	1978	2000624	351	2000	2023073	351	2076	2100228	351	2176	2200967	351	2275	2301057	351	2374	2400800	351	2473	2500345	351	
103	100890	339	205	200709	339	307	300879	339	409	400957	339	500	489967	339	511	500830	339	613	600529	339	715	700287	339	818	800996	339	919	900240	339	1000	979545	339	1021	1000237	339	1123	1100470	339	1225	1200128	339	1328	1300971	339	1430	1400515	339	1500	1469145	339	1532	1500658	339	1634	1600602	339	1736	1700396	339	1838	1800644	339	1940	1900550	339	2000	1959411	339	2042	2000522	339	2144	2100109	339	2247	2200923	339	2348	2300332	339	2450	2400537	339	2500	2449415	339	2552	2500369	339	
110	100190	325	221	200979	325	331	300947	325	440	400110	325	500	454514	325	551	500781	325	661	600803	325	771	700917	325	881	800870	325	991	900877	325	1000	909079	325	1101	1000696	325	1211	1100850	325	1320	1200272	325	1430	1300136	325	1500	1363569	325	1541	1400939	325	1651	1500768	325	1761	1600709	325	1871	1700780	325	1980	1800147	325	2000	1818410	325	2090	1900349	325	2200	2000300	325	2308	2100523	325	2416	2200550	325	2500	2277299	325	2525	2300184	325	2635	2400354	325	2745	2500258	325	
108	100360	355	216	200850	355	323	300514	355	431	400547	355	500	464568	355	538	500122	355	645	600058	355	753	700170	355	861	800298	355	969	900932	355	1000	929639	355	1076	1000080	355	1184	1100186	355	1292	1200663	355	1397	1300767	355	1500	1396864	355	1504	1400670	355	1612	1500950	355	1719	1600610	355	1826	1700145	355	1933	1800594	355	2000	1862671	355	2041	1900722	355	2149	2000592	355	2256	2100333	355	2364	2200901	355	2471	2300393	355	2500	2327421	355	2579	2400765	355	2687	2500878	355	
102	100938	339	203	200555	339	304	300161	339	406	400781	339	500	493397	339	507	500363	339	608	601227	339	707	700659	339	808	800448	339	909	900247	339	1000	990289	339	1010	1000217	339	1112	1100749	339	1213	1200892	339	1314	1300505	339	1415	1400714	339	1500	1484918	339	1516	1500812	339	1616	1600300	339	1717	1700491	339	1818	1800253	339	1920	1900918	339	2000	1979754	339	2021	2000510	339	2122	2100594	339	2223	2201010	339	2324	2300967	339	2425	2400835	339	2500	2475475	339	2525	2500419	339	
111	100435	385	222	200694	385	332	300191	385	443	400441	385	500	452621	385	553	500555	385	662	600073	385	772	700321	385	883	800910	385	993	900414	385	1000	906763	385	1100	1000618	385	1210	1100078	385	1320	1200059	385	1430	1300598	385	1500	1363897	385	1539	1400291	385	1650	1500541	385	1760	1600372	385	1871	1700490	385	1982	1800850	385	2000	1817534	385	2092	1900653	385	2202	2000277	385	2313	2100800	385	2424	2200938	385	2500	2270643	385	2533	2300352	385	2644	2400820	385	2754	2500132	385	
116	100786	345	231	200102	345	347	300323	345	462	400433	345	500	433364	345	577	500257	345	693	600649	345	809	700844	345	924	800531	345	1000	866264	345	1039	900097	345	1155	1000597	345	1270	1100405	345	1385	1200334	345	1500	1299849	345	1501	1300762	345	1616	1400212	345	1732	1500535	345	1847	1600430	345	1962	1700346	345	2000	1733543	345	2077	1800327	345	2192	1900250	345	2304	2000396	345	2419	2100058	345	2500	2170107	345	2535	2200470	345	2650	2300566	345	2765	2400853	345	2880	2500836	345	
108	100072	369	217	200803	369	325	300273	369	434	400518	369	500	461403	369	542	500170	369	651	600758	369	760	700937	369	868	800275	369	976	900133	369	1000	922321	369	1084	1000143	369	1191	1100587	369	1298	1200872	369	1406	1300802	369	1500	1387248	369	1514	1400224	369	1622	1500086	369	1731	1600774	369	1839	1700270	369	1948	1800926	369	2000	1849216	369	2056	1900826	369	2164	2000214	369	2273	2100750	369	2381	2200533	369	2490	2300744	369	2500	2310006	369	2598	2400093	369	2707	2500419	369	
107	100096	358	214	200459	358	318	300322	358	425	400853	358	500	470973	358	531	500107	358	638	600295	358	745	700435	358	852	800557	358	959	900883	358	1000	939459	358	1065	1000363	358	1172	1100637	358	1279	1200915	358	1385	1300793	358	1491	1400317	358	1500	1408865	358	1598	1500594	358	1704	1600291	358	1811	1700654	358	1917	1800388	358	2000	1878189	358	2024	1900701	358	2131	2000990	358	2237	2100544	358	2343	2200356	358	2449	2300822	358	2500	2348793	358	2555	2400300	358	2662	2500572	358	
110	100218	376	220	200396	376	330	300982	376	439	400617	376	500	455890	376	549	500635	376	657	600266	376	767	700606	376	877	800791	376	987	900864	376	1000	912658	376	1097	1000842	376	1207	1100960	376	1315	1200303	376	1425	1300707	376	1500	1369160	376	1534	1400202	376	1644	1500227	376	1754	1600383	376	1864	1700341	376	1974	1800503	376	2000	1824360	376	2084	1900742	376	2194	2000949	376	2303	2100150	376	2413	2200360	376	2500	2279633	376	2523	2300783	376	2631	2400674	376	2740	2500217	376	
99	100534	333	197	200185	333	296	300507	333	395	400972	333	493	500431	333	500	507215	333	592	600786	333	690	700141	333	789	800259	333	892	900986	333	997	1000845	333	1000	1003742	333	1102	1100679	333	1206	1200438	333	1311	1300775	333	1416	1400657	333	1500	1481169	333	1520	1500225	333	1623	1600413	333	1728	1700520	333	1833	1800819	333	1938	1900842	333	2000	1959754	333	2043	2000707	333	2148	2100631	333	2253	2200538	333	2358	2300267	333	2463	2400073	333	2500	2435332	333	2568	2500144	333	
110	100758	357	219	200321	357	329	300674	357	438	400077	357	500	456458	357	548	500406	357	658	600752	357	766	700631	357	875	800735	357	984	900102	357	1000	914833	357	1093	1000497	357	1202	1100431	357	1312	1200889	357	1421	1300161	357	1500	1372052	357	1531	1400375	357	1641	1500478	357	1751	1600487	357	1861	1700189	357	1971	1800172	357	2000	1826575	357	2082	1900946	357	2192	2000807	357	2302	2100906	357	2411	2200274	357	2500	2281669	357	2521	2300854	357	2631	2400868	357	2741	2500736	357	
112	100611	337	224	200728	337	336	300903	337	448	400774	337	500	447544	337	559	500523	337	671	600749	337	782	700161	337	894	800314	337	1000	895122	337	1006	900527	337	1118	1000700	337	1229	1100112	337	1341	1200239	337	1453	1300400	337	1500	1342489	337	1565	1400562	337	1677	1500401	337	1789	1600622	337	1900	1700605	337	2000	1790163	337	2011	1800061	337	2123	1900190	337	2236	2000913	337	2347	2100518	337	2459	2200859	337	2500	2237599	337	2570	2300353	337	2682	2400769	337	2793	2500058	337	
114	100484	349	228	200820	349	341	300135	349	455	400731	349	500	440297	349	568	500221	349	682	600926	349	795	700317	349	909	800420	349	1000	880573	349	1022	900056	349	1136	1000698	349	1248	1100112	349	1362	1200284	349	1476	1300583	349	1500	1321696	349	1590	1400864	349	1703	1500270	349	1817	1600651	349	1930	1700174	349	2000	1761744	349	2044	1800562	349	2157	1900242	349	2268	2000385	349	2380	2100063	349	2493	2200173	349	2500	2206349	349	2607	2300720	349	2720	2400518	349	2833	2500184	349	
106	100941	355	210	200147	355	316	300798	355	420	400490	355	500	477071	355	525	500901	355	630	600585	355	735	700456	355	840	800228	355	945	900301	355	1000	952719	355	1050	1000227	355	1155	1100120	355	1258	1200152	355	1364	1300840	355	1469	1400462	355	1500	1430051	355	1574	1500845	355	1678	1600197	355	1783	1700215	355	1888	1800702	355	1993	1900645	355	2000	1907374	355	2098	2000549	355	2203	2100583	355	2308	2200422	355	2413	2300476	355	2500	2383878	355	2518	2400956	355	2623	2500832	355	
111	100889	349	221	200747	349	330	300494	349	439	400896	349	500	455924	349	549	500295	349	660	600803	349	770	700552	349	881	800873	349	991	900814	349	1000	909066	349	1101	1000765	349	1211	1100291	349	1322	1200929	349	1432	1300337	349	1500	1361938	349	1542	1400235	349	1653	1500732	349	1763	1600504	349	1874	1700757	349	1984	1800148	349	2000	1814703	349	2095	1900731	349	2205	2000485	349	2316	2100948	349	2426	2200325	349	2500	2267069	349	2537	2300388	349	2648	2400843	349	2758	2500571	349	
112	100938	375	222	200065	375	334	300629	375	445	400295	375	500	450231	375	556	500942	375	666	600486	375	777	700627	375	888	800860	375	999	900541	375	1000	901485	375	1110	1000392	375	1221	1100297	375	1332	1200906	375	1442	1300395	375	1500	1352527	375	1553	1400380	375	1664	1500196	375	1775	1600167	375	1887	1700811	375	1998	1800655	375	2000	1802520	375	2108	1900270	375	2220	2000937	375	2331	2100789	375	2442	2200463	375	2500	2252738	375	2553	2300494	375	2664	2400506	375	2772	2500275	375	
113	100429	332	226	200387	332	339	300235	332	452	400390	332	500	442933	332	565	500221	332	678	600230	332	791	700430	332	904	800210	332	1000	885387	332	1017	900516	332	1130	1000628	332	1243	1100293	332	1356	1200157	332	1469	1300378	332	1500	1328113	332	1582	1400708	332	1695	1500749	332	1805	1601094	332	1912	1700327	332	2000	1778056	332	2025	1800156	332	2138	1900348	332	2251	2000218	332	2364	2100131	332	2478	2200783	332	2500	2220417	332	2591	2300875	332	2704	2400757	332	2817	2500740	332	
118	100267	340	236	200600	340	353	300076	340	471	400178	340	500	424706	340	589	500201	340	707	600375	340	825	700153	340	935	800610	340	1000	855967	340	1052	900285	340	1170	1000685	340	1287	1100136	340	1405	1200318	340	1500	1281191	340	1523	1300678	340	1641	1400575	340	1759	1500396	340	1877	1600809	340	1994	1700116	340	2000	1705210	340	2112	1800425	340	2230	1900468	340	2348	2000194	340	2466	2100569	340	2500	2129415	340	2584	2200422	340	2702	2300236	340	2820	2400645	340	2937	2500140	340	
23	100724	1669	46	201586	1669	69	302482	1669	92	402840	1669	115	503660	1669	138	604427	1669	160	700615	1669	183	801813	1669	206	902894	1669	229	1003494	1669	251	1100633	1669	274	1201704	1669	297	1302579	1669	320	1403340	1669	343	1504281	1669	365	1601042	1669	388	1701663	1669	411	1802403	1669	434	1903309	1669	457	2003786	1669	480	2104709	1669	500	2192089	1669	502	2201077	1669	525	2301630	1669	548	2404323	1669	570	2500679	1669	
24	103706	1769	47	203007	1769	70	301986	1769	93	401493	1769	116	500936	1769	139	600327	1769	163	703674	1769	186	803152	1769	209	903425	1769	232	1002950	1769	255	1103101	1769	278	1202991	1769	301	1302406	1769	324	1402187	1769	347	1501829	1769	370	1601219	1769	393	1700506	1769	417	1805240	1769	439	1902006	1769	462	2001687	1769	485	2101104	1769	500	2166109	1769	508	2200874	1769	531	2300453	1769	555	2404449	1769	578	2504035	1769	
24	103071	1800	47	201573	1800	70	300468	1800	94	403324	1800	117	502131	1800	140	600399	1800	164	703315	1800	187	804099	1800	210	903334	1800	233	1001842	1800	256	1100816	1800	280	1203574	1800	303	1302733	1800	326	1401526	1800	350	1504187	1800	373	1602471	1800	396	1701204	1800	420	1803952	1800	443	1902756	1800	466	2000940	1800	490	2103457	1800	500	2146835	1800	513	2202841	1800	536	2301575	1800	560	2404371	1800	583	2502925	1800	
24	102500	1759	47	200846	1759	71	303565	1759	94	401671	1759	117	503935	1759	140	602441	1759	163	701274	1759	187	803615	1759	210	902267	1759	233	1001293	1759	257	1104238	1759	280	1202458	1759	303	1300981	1759	327	1403511	1759	350	1502441	1759	373	1600663	1759	397	1702618	1759	420	1800398	1759	444	1902996	1759	467	2001278	1759	491	2104211	1759	500	2142767	1759	514	2202423	1759	537	2300425	1759	561	2403000	1759	584	2501194	1759	
24	104031	1726	47	203985	1726	70	304236	1726	93	403590	1726	116	503424	1726	139	603332	1726	162	703807	1726	185	803941	1726	208	903763	1726	231	1003467	1726	254	1103118	1726	277	1202767	1726	300	1302650	1726	323	1402419	1726	346	1502113	1726	369	1602224	1726	392	1701761	1726	415	1803379	1726	438	1902979	1726	461	2002502	1726	484	2102055	1726	500	2171506	1726	507	2202133	1726	530	2302143	1726	553	2402251	1726	576	2502186	1726	
24	103685	1758	47	202223	1758	70	301001	1758	94	404277	1758	117	503554	1758	140	602568	1758	163	703482	1758	186	803181	1758	209	902057	1758	232	1000655	1758	256	1103682	1758	279	1203387	1758	302	1302544	1758	325	1401751	1758	348	1500545	1758	372	1603685	1758	395	1702184	1758	418	1801010	1758	442	1904083	1758	465	2003198	1758	488	2101952	1758	500	2153550	1758	511	2200899	1758	535	2304270	1758	558	2402931	1758	581	2501757	1758	
24	103069	1712	47	201495	1712	71	304337	1712	94	402814	1712	117	501005	1712	141	603828	1712	164	702845	1712	187	801726	1712	210	900946	1712	234	1003969	1712	257	1102432	1712	280	1201054	1712	304	1303798	1712	327	1401755	1712	351	1504200	1712	374	1602900	1712	397	1701306	1712	421	1803612	1712	444	1902043	1712	467	2000766	1712	491	2103397	1712	500	2142227	1712	514	2202825	1712	537	2301034	1712	561	2404187	1712	584	2502638	1712	
24	103567	1712	47	202122	1712	70	300467	1712	94	403097	1712	117	501552	1712	140	600476	1712	164	703523	1712	187	801989	1712	210	900809	1712	234	1004228	1712	257	1102331	1712	280	1200646	1712	304	1303178	1712	327	1401691	1712	350	1500426	1712	373	1600803	1712	397	1704471	1712	420	1803029	1712	443	1901774	1712	466	2000730	1712	490	2104101	1712	500	2147274	1712	513	2203798	1712	536	2302588	1712	559	2401390	1712	583	2504450	1712	
24	104426	1743	46	200347	1743	69	300890	1743	92	400852	1743	115	500853	1743	137	602034	1743	160	702375	1743	183	802462	1743	206	902244	1743	229	1002933	1743	252	1103417	1743	275	1203699	1743	298	1304102	1743	320	1400310	1743	344	1504670	1743	366	1600863	1743	389	1701398	1743	412	1802030	1743	435	1902218	1743	458	2002229	1743	481	2103330	1743	500	2186451	1743	504	2204211	1743	526	2300473	1743	549	2401053	1743	572	2501197	1743	
23	100506	1684	46	200743	1684	69	301005	1684	92	401025	1684	115	501254	1684	138	601344	1684	161	702120	1684	184	802084	1684	207	902816	1684	230	1003062	1684	253	1103449	1684	276	1203616	1684	299	1304030	1684	322	1404391	1684	344	1500369	1684	367	1600780	1684	390	1700824	1684	413	1801176	1684	436	1901839	1684	459	2002068	1684	482	2102898	1684	500	2181543	1684	505	2203476	1684	528	2303413	1684	551	2403508	1684	574	2504090	1684	
24	101509	1705	48	202851	1705	72	304172	1705	95	401202	1705	119	502078	1705	143	603569	1705	166	701431	1705	190	802834	1705	214	904056	1705	237	1001331	1705	261	1102973	1705	285	1203953	1705	308	1301010	1705	332	1402696	1705	356	1504188	1705	379	1603903	1705	402	1701199	1705	426	1802510	1705	450	1903668	1705	473	2000802	1705	497	2101922	1705	500	2114822	1705	521	2203151	1705	544	2300522	1705	568	2401552	1705	592	2502972	1705	
25	100979	1778	50	202761	1778	74	300323	1778	99	401221	1778	124	502400	1778	148	601546	1778	173	703412	1778	197	800339	1778	222	901618	1778	247	1003396	1778	271	1101169	1778	296	1201935	1778	321	1302719	1778	346	1403946	1778	370	1501148	1778	395	1602429	1778	420	1703616	1778	444	1800785	1778	469	1903023	1778	493	2000961	1778	500	2029374	1778	518	2102527	1778	543	2204101	1778	567	2301629	1778	592	2402133	1778	617	2503229	1778	
24	102817	1776	47	201211	1776	71	303854	1776	94	402626	1776	117	500794	1776	141	603388	1776	164	701881	1776	188	806539	1776	210	902065	1776	233	1000651	1776	257	1103122	1776	280	1201492	1776	304	1304214	1776	327	1402570	1776	350	1501120	1776	374	1603666	1776	397	1701959	1776	421	1804750	1776	444	1902975	1776	467	2001612	1776	491	2104403	1776	500	2143217	1776	514	2203394	1776	537	2301769	1776	561	2404625	1776	584	2503652	1776	
24	100406	1737	48	201226	1737	72	302186	1737	96	402557	1737	120	503406	1737	144	603933	1737	168	704399	1737	191	801102	1737	215	902080	1737	239	1002508	1737	263	1102852	1737	287	1203721	1737	311	1304274	1737	334	1400462	1737	357	1503644	1737	380	1600438	1737	404	1701008	1737	428	1801493	1737	452	1901939	1737	476	2002370	1737	500	2103547	1737	500	2103838	1737	524	2204359	1737	547	2301411	1737	571	2403352	1737	595	2504213	1737	
25	102583	1742	49	201581	1742	73	301203	1742	97	401128	1742	122	504347	1742	146	603189	1742	170	701847	1742	194	800452	1742	219	903905	1742	243	1002611	1742	267	1100662	1742	292	1203404	1742	316	1301851	1742	340	1400493	1742	365	1503658	1742	389	1602157	1742	413	1701015	1742	438	1803743	1742	462	1902106	1742	486	2001068	1742	500	2058926	1742	510	2100663	1742	535	2203248	1742	559	2301634	1742	584	2404249	1742	608	2502790	1742	
25	103063	1764	49	201694	1764	74	304223	1764	98	402441	1764	122	500914	1764	147	603458	1764	171	701887	1764	195	800416	1764	220	902601	1764	244	1000790	1764	269	1103244	1764	293	1201428	1764	318	1304032	1764	342	1403352	1764	366	1501684	1764	391	1604173	1764	415	1702655	1764	439	1800896	1764	464	1903299	1764	488	2001625	1764	500	2050683	1764	513	2104402	1764	537	2202704	1764	561	2300642	1764	585	2400997	1764	610	2504020	1764	
25	100818	1725	50	201133	1725	75	301291	1725	100	401615	1725	125	501954	1725	150	602855	1725	175	704399	1725	199	801211	1725	224	901827	1725	249	1001890	1725	274	1102310	1725	299	1202529	1725	324	1302562	1725	348	1400520	1725	373	1500646	1725	398	1600970	1725	423	1701157	1725	448	1801153	1725	473	1901429	1725	498	2001867	1725	500	2010211	1725	523	2102290	1725	548	2202729	1725	573	2303189	1725	598	2403483	1725	623	2503758	1725	
25	104197	1716	49	203602	1716	73	303378	1716	96	401450	1716	120	501052	1716	145	604441	1716	169	704178	1716	193	803531	1716	217	902798	1716	241	1001672	1716	265	1100609	1716	290	1204093	1716	314	1303181	1716	338	1401993	1716	362	1501123	1716	386	1601390	1716	410	1701230	1716	434	1800781	1716	459	1904290	1716	483	2003986	1716	500	2074287	1716	507	2103423	1716	531	2202707	1716	555	2302265	1716	579	2401969	1716	603	2501207	1716	
25	101355	1725	50	202678	1725	75	303689	1725	99	400701	1725	124	502083	1725	149	603361	1725	173	700525	1725	198	801654	1725	223	902249	1725	248	1003947	1725	272	1100887	1725	297	1202218	1725	322	1302997	1725	347	1404315	1725	371	1501469	1725	396	1602351	1725	421	1703265	1725	445	1800323	1725	470	1901792	1725	495	2003089	1725	500	2023853	1725	519	2100831	1725	544	2201893	1725	569	2302960	1725	593	2401654	1725	618	2503025	1725	
25	101288	1715	50	202010	1715	75	302223	1715	100	402706	1715	125	502819	1715	150	603124	1715	175	703645	1715	199	801204	1715	224	901817	1715	249	1001980	1715	274	1102923	1715	299	1203379	1715	324	1303745	1715	348	1402898	1715	373	1503671	1715	398	1604232	1715	422	1700946	1715	447	1801027	1715	472	1901643	1715	497	2002191	1715	500	2014545	1715	522	2103163	1715	547	2204029	1715	571	2300874	1715	596	2401534	1715	621	2502132	1715	
292	100236	456	500	172727	456	579	200206	456	866	300245	456	1000	346702	456	1154	400089	456	1433	500180	456	1500	523439	456	1721	600034	456	2000	697061	456	2009	700245	456	2297	800290	456	2500	871079	456	2584	900227	456	2872	1000076	456	3000	1044486	456	3160	1100089	456	3448	1200308	456	3500	1218345	456	3735	1300126	456	4000	1391998	456	4023	1400034	456	4311	1500160	456	4500	1566012	456	4598	1600212	456	4885	1700160	456	5000	1740247	456	5172	1800172	456	5459	1900357	456	5500	1914619	456	5747	2000325	456	6000	2088209	456	6034	2100044	456	6321	2200065	456	6500	2262167	456	6610	2300286	456	6897	2400048	456	7000	2435760	456	7186	2500203	456	
302	100109	235	500	166757	235	600	200304	235	897	300040	235	1000	334576	235	1195	400214	235	1493	500193	235	1500	502526	235	1790	600083	235	2000	670452	235	2089	700265	235	2387	800139	235	2500	837925	235	2686	900269	235	2984	1000325	235	3000	1005730	235	3280	1100096	235	3500	1174419	235	3576	1200165	235	3872	1300079	235	4000	1343295	235	4169	1400228	235	4464	1500112	235	4500	1512257	235	4761	1600092	235	5000	1680495	235	5059	1700279	235	5357	1800142	235	5500	1848404	235	5654	1900149	235	5952	2000327	235	6000	2016447	235	6248	2100121	235	6500	2185186	235	6545	2200249	235	6842	2300095	235	7000	2353534	235	7138	2400116	235	7436	2500294	235	
292	100044	391	500	172395	391	580	200217	391	867	300030	391	1000	346110	391	1155	400096	391	1443	500203	391	1500	520326	391	1729	600262	391	2000	694656	391	2016	700240	391	2303	800091	391	2500	868668	391	2591	900342	391	2878	1000338	391	3000	1042705	391	3166	1100308	391	3453	1200227	391	3500	1216601	391	3741	1300271	391	4000	1390526	391	4028	1400271	391	4315	1500154	391	4500	1564632	391	4602	1600243	391	4888	1700130	391	5000	1739117	391	5174	1800277	391	5457	1900106	391	5500	1915063	391	5745	2000229	391	6000	2089262	391	6031	2100151	391	6316	2200033	391	6500	2264186	391	6604	2300254	391	6892	2400269	391	7000	2437729	391	7180	2500186	391	
293	100194	284	500	171674	284	583	200283	284	872	300119	284	1000	344263	284	1161	400117	284	1451	500085	284	1500	516985	284	1741	600027	284	2000	689421	284	2031	700270	284	2320	800064	284	2500	862617	284	2608	900143	284	2892	1000028	284	3000	1038011	284	3180	1100160	284	3470	1200291	284	3500	1210651	284	3760	1300349	284	4000	1383276	284	4049	1400244	284	4338	1500258	284	4500	1556423	284	4627	1600132	284	4917	1700157	284	5000	1728831	284	5207	1800146	284	5495	1900028	284	5500	1901769	284	5784	2000049	284	6000	2074641	284	6074	2100226	284	6364	2200265	284	6500	2247159	284	6653	2300023	284	6944	2400208	284	7000	2419544	284	7234	2500094	284	
294	100123	389	500	170760	389	581	200155	389	873	300122	389	1000	343553	389	1166	400257	389	1459	500121	389	1500	514221	389	1751	600131	389	2000	685313	389	2043	700029	389	2336	800161	389	2500	856144	389	2628	900017	389	2921	1000170	389	3000	1027206	389	3213	1100118	389	3500	1198452	389	3505	1200184	389	3797	1300167	389	4000	1369454	389	4090	1400276	389	4382	1500277	389	4500	1540555	389	4674	1600125	389	4965	1700235	389	5000	1712198	389	5256	1800088	389	5500	1883470	389	5548	1900044	389	5841	2000294	389	6000	2054785	389	6133	2100283	389	6425	2200259	389	6500	2225961	389	6717	2300335	389	7000	2396941	389	7009	2400020	389	7302	2500150	389	
290	100184	313	500	173411	313	577	200119	313	865	300340	313	1000	347219	313	1152	400234	313	1439	500105	313	1500	521388	313	1727	600244	313	2000	695353	313	2014	700271	313	2301	800121	313	2500	869400	313	2588	900081	313	2876	1000155	313	3000	1043540	313	3162	1100143	313	3448	1200224	313	3500	1218416	313	3735	1300168	313	4000	1392485	313	4022	1400131	313	4310	1500163	313	4500	1566258	313	4597	1600163	313	4885	1700203	313	5000	1740227	313	5172	1800144	313	5459	1900151	313	5500	1914636	313	5745	2000051	313	6000	2088591	313	6033	2100142	313	6320	2200098	313	6500	2262632	313	6608	2300150	313	6890	2400289	313	7000	2439225	313	7175	2500145	313	
291	100071	327	500	172793	327	579	200148	327	867	300173	327	1000	346312	327	1154	400139	327	1442	500235	327	1500	520572	327	1727	600262	327	2000	695348	327	2014	700207	327	2302	800235	327	2500	869254	327	2589	900317	327	2876	1000239	327	3000	1043323	327	3163	1100135	327	3451	1200344	327	3500	1217320	327	3738	1300141	327	4000	1391272	327	4026	1400315	327	4312	1500315	327	4500	1567180	327	4593	1600176	327	4881	1700117	327	5000	1741813	327	5168	1800155	327	5456	1900339	327	5500	1915768	327	5742	2000159	327	6000	2090283	327	6029	2100316	327	6316	2200128	327	6500	2264221	327	6604	2300273	327	6891	2400308	327	7000	2438229	327	7179	2500342	327	
287	100251	362	500	175555	362	570	200284	362	853	300270	362	1000	352549	362	1136	400286	362	1419	500277	362	1500	529077	362	1701	600185	362	1984	700042	362	2000	705684	362	2262	800168	362	2500	884074	362	2546	900304	362	2829	1000063	362	3000	1060547	362	3112	1100080	362	3395	1200068	362	3500	1236966	362	3679	1300039	362	3964	1400286	362	4000	1412928	362	4248	1500367	362	4500	1589161	362	4531	1600062	362	4814	1700055	362	5000	1765768	362	5098	1800338	362	5380	1900142	362	5500	1942665	362	5663	2000312	362	5946	2100120	362	6000	2119129	362	6230	2200378	362	6500	2295374	362	6514	2300352	362	6798	2400317	362	7000	2471841	362	7081	2500352	362	
297	100233	455	500	169510	455	590	200207	455	883	300259	455	1000	340102	455	1176	400197	455	1469	500190	455	1500	510740	455	1760	600089	455	2000	682165	455	2053	700228	455	2346	800119	455	2500	852782	455	2639	900219	455	2932	1000333	455	3000	1023726	455	3224	1100077	455	3500	1194359	455	3517	1200134	455	3811	1300338	455	4000	1364662	455	4104	1400081	455	4398	1500156	455	4500	1535129	455	4691	1600050	455	4985	1700325	455	5000	1705461	455	5277	1800203	455	5500	1876356	455	5570	1900233	455	5863	2000238	455	6000	2047244	455	6155	2100098	455	6448	2200227	455	6500	2217994	455	6741	2300198	455	7000	2388763	455	7033	2400028	455	7326	2500071	455	
287	100072	461	500	175018	461	572	200319	461	856	300051	461	1000	350588	461	1141	400280	461	1426	500342	461	1500	526525	461	1709	600192	461	1994	700070	461	2000	702181	461	2277	800019	461	2500	878761	461	2560	900019	461	2844	1000260	461	3000	1055094	461	3129	1100363	461	3414	1200342	461	3500	1230487	461	3699	1300350	461	3983	1400301	461	4000	1406441	461	4267	1500158	461	4500	1582292	461	4550	1600025	461	4834	1700353	461	5000	1758539	461	5118	1800167	461	5402	1900212	461	5500	1934661	461	5687	2000207	461	5970	2100329	461	6000	2111688	461	6250	2200354	461	6500	2288130	461	6534	2300110	461	6819	2400201	461	7000	2463869	461	7103	2500169	461	
96	100937	1913	187	200758	1913	278	300562	1913	369	400472	1913	461	501116	1913	500	544035	1913	552	601002	1913	643	700809	1913	734	800700	1913	825	900432	1913	916	1000185	1913	1000	1092000	1913	1008	1100833	1913	1099	1201129	1913	1183	1300399	1913	1274	1400679	1913	1365	1500428	1913	1456	1600393	1913	1500	1648542	1913	1547	1700080	1913	1639	1801028	1913	1730	1900913	1913	1821	2000757	1913	1912	2100265	1913	2000	2196393	1913	2004	2200830	1913	2095	2300513	1913	2186	2400196	1913	2278	2500990	1913	
97	100791	2400	189	200862	2400	281	300632	2400	372	400319	2400	462	500296	2400	500	541721	2400	554	600176	2400	646	700228	2400	739	800871	2400	831	900685	2400	923	1000242	2400	1000	1083949	2400	1015	1100373	2400	1108	1200959	2400	1200	1301037	2400	1292	1400969	2400	1383	1500146	2400	1475	1600079	2400	1500	1627215	2400	1567	1700170	2400	1660	1801022	2400	1751	1900716	2400	1843	2000332	2400	1935	2100122	2400	2000	2170579	2400	2028	2201057	2400	2120	2300938	2400	2212	2400847	2400	2304	2500575	2400	
98	100668	1760	191	200737	1760	284	300976	1760	376	400164	1760	469	501146	1760	500	534878	1760	561	600909	1760	653	700336	1760	745	800564	1760	837	900408	1760	930	1000634	1760	1000	1075880	1760	1023	1100615	1760	1116	1200728	1760	1209	1301151	1760	1301	1400756	1760	1393	1500547	1760	1486	1601064	1760	1500	1616207	1760	1578	1700311	1760	1671	1800506	1760	1764	1900964	1760	1856	2000392	1760	1949	2101063	1760	2000	2156363	1760	2041	2200440	1760	2134	2301035	1760	2226	2400456	1760	2319	2500675	1760	
96	100102	2455	189	200382	2455	282	300578	2455	374	400582	2455	467	500561	2455	500	535959	2455	560	600482	2455	653	700768	2455	745	800303	2455	838	900539	2455	931	1000815	2455	1000	1075260	2455	1024	1101117	2455	1117	1201061	2455	1209	1300416	2455	1302	1400806	2455	1395	1500998	2455	1487	1600186	2455	1500	1614246	2455	1578	1700325	2455	1671	1800516	2455	1764	1900867	2455	1857	2000986	2455	1949	2100160	2455	2000	2155048	2455	2042	2200314	2455	2135	2300335	2455	2228	2400714	2455	2321	2501075	2455	
96	100904	1617	187	201004	1617	277	300413	1617	368	400821	1617	458	500309	1617	500	546770	1617	549	600948	1617	640	701178	1617	730	800552	1617	814	900342	1617	905	1000609	1617	996	1101088	1617	1000	1105569	1617	1086	1200728	1617	1177	1301127	1617	1267	1400155	1617	1358	1500405	1617	1449	1601005	1617	1500	1657075	1617	1539	1700470	1617	1629	1800086	1617	1720	1900344	1617	1811	2000665	1617	1902	2101130	1617	1993	2201160	1617	2000	2208901	1617	2084	2301129	1617	2174	2400260	1617	2265	2500350	1617	
96	100519	3055	188	200223	3055	281	300922	3055	373	400577	3055	466	501122	3055	500	537908	3055	557	600131	3055	650	701085	3055	742	800593	3055	834	900304	3055	926	1000065	3055	1000	1080543	3055	1018	1100152	3055	1110	1200071	3055	1203	1300948	3055	1294	1400655	3055	1387	1501119	3055	1479	1600821	3055	1500	1623542	3055	1571	1700487	3055	1663	1800366	3055	1756	1901098	3055	1848	2000953	3055	1940	2100612	3055	2000	2165923	3055	2032	2200597	3055	2124	2300183	3055	2217	2400833	3055	2309	2500192	3055	
97	101127	2217	189	200435	2217	282	301111	2217	374	400894	2217	467	500974	2217	500	536724	2217	559	600518	2217	652	701059	2217	744	800613	2217	837	900988	2217	929	1000637	2217	1000	1077607	2217	1021	1100709	2217	1113	1200542	2217	1206	1300899	2217	1298	1400290	2217	1391	1500464	2217	1484	1600637	2217	1500	1618238	2217	1576	1700491	2217	1669	1800743	2217	1761	1900300	2217	1854	2000726	2217	1946	2101008	2217	2000	2161022	2217	2037	2200959	2217	2129	2300494	2217	2222	2400993	2217	2315	2501132	2217	
98	101040	1535	190	200521	1535	282	300290	1535	374	400071	1535	467	500729	1535	500	536580	1535	559	600509	1535	651	700086	1535	743	800228	1535	836	900846	1535	928	1001111	1535	1000	1078936	1535	1020	1100551	1535	1112	1200398	1535	1203	1301023	1535	1294	1400179	1535	1387	1500786	1535	1479	1600226	1535	1500	1623243	1535	1571	1700414	1535	1664	1800977	1535	1756	1900188	1535	1849	2001086	1535	1940	2100858	1535	2000	2165869	1535	2032	2200584	1535	2123	2300280	1535	2216	2401142	1535	2308	2500574	1535	
97	100421	1401	189	200462	1401	282	301135	1401	374	401108	1401	464	500960	1401	500	540093	1401	556	601017	1401	648	701047	1401	740	800693	1401	832	900804	1401	923	1000541	1401	1000	1084434	1401	1015	1100868	1401	1106	1200273	1401	1198	1300212	1401	1290	1400136	1401	1382	1500482	1401	1474	1600234	1401	1500	1628477	1401	1566	1700204	1401	1658	1800360	1401	1750	1900166	1401	1843	2000875	1401	1935	2100834	1401	2000	2171194	1401	2027	2200603	1401	2119	2300526	1401	2211	2400441	1401	2303	2500154	1401	
99	101101	1787	191	200256	1787	284	300166	1787	378	400378	1787	472	500954	1787	500	530943	1787	565	600830	1787	658	700597	1787	751	800438	1787	845	900789	1787	938	1000180	1787	1000	1066475	1787	1032	1100607	1787	1125	1200236	1787	1219	1300705	1787	1313	1401109	1787	1406	1500659	1787	1499	1600116	1787	1500	1601257	1787	1593	1700525	1787	1687	1800909	1787	1780	1900504	1787	1874	2001077	1787	1967	2100437	1787	2000	2135814	1787	2061	2201100	1787	2154	2300422	1787	2247	2400636	1787	2340	2500304	1787	
21	104461	50387	41	204352	50387	61	303574	50387	81	402928	50387	101	502582	50387	121	601866	50387	141	701630	50387	161	801039	50387	181	900612	50387	202	1004917	50387	222	1104318	50387	242	1204102	50387	262	1303823	49434	282	1403553	49434	302	1503306	49434	322	1603251	49434	342	1705074	49434	362	1804721	49434	382	1904739	49434	402	2004250	49434	422	2104001	49434	442	2203797	49434	462	2304149	49434	482	2403459	49434	500	2493588	49434	502	2503880	49434	
21	105043	49956	41	205060	49956	61	304847	49956	81	404233	49956	101	503964	49956	120	601042	49956	140	701924	49956	160	801901	49956	180	900993	48081	200	1000916	48081	220	1100543	47069	240	1200453	47069	261	1304646	46102	281	1404207	46102	301	1503671	46102	321	1605148	46102	341	1704802	46102	361	1804681	46102	381	1904385	46102	401	2003643	46102	421	2103247	46102	441	2202858	46102	461	2302602	46102	481	2402679	46102	500	2497381	46102	501	2502711	46102	
21	103782	50094	41	202909	50094	61	301731	50094	81	400479	50094	102	503896	50094	122	602574	50094	142	701551	50094	162	800637	50094	183	904820	50094	203	1003745	50094	223	1103034	50094	243	1202045	50094	263	1300631	50094	284	1404390	50094	304	1503124	50094	324	1602534	50094	344	1701595	50094	364	1800554	50094	385	1904468	50094	405	2003166	50094	425	2102152	50094	445	2201201	50094	466	2305007	50094	486	2404015	50094	500	2473484	50094	506	2503509	50094	
21	104851	50271	41	203963	50271	61	303302	50271	81	402546	50271	101	501943	50271	121	601705	50271	141	701333	50271	161	800783	50271	182	905159	50271	202	1004531	50271	222	1104474	50271	242	1203638	50271	262	1303135	50271	282	1402506	50271	302	1504514	50271	322	1603869	50271	342	1703613	50271	362	1802653	49331	382	1902286	49331	402	2002226	49331	422	2101827	49331	442	2201596	49331	462	2301193	49331	482	2400665	49331	500	2490437	49331	502	2500676	49331	
21	104004	49591	41	203092	49591	61	302561	49591	81	403828	49591	101	503872	49591	121	602603	49591	141	701597	49591	161	800863	49591	182	904842	49591	202	1003813	49591	222	1102648	49591	242	1201824	49591	262	1300657	49591	283	1404620	49591	303	1503714	49591	323	1602390	49591	343	1701716	49591	363	1800515	49591	384	1904498	49591	404	2003520	49591	424	2102798	49591	444	2202117	49591	464	2301150	49591	485	2405111	49591	500	2479466	49591	505	2504444	49591	
20	100443	50128	40	200529	50128	60	300749	50128	80	400740	50128	100	501260	50128	120	600620	49114	141	705168	49114	161	804995	49114	181	904727	49114	201	1004443	48151	221	1103655	47182	241	1203337	47182	261	1302873	47182	281	1402944	47182	301	1502369	47182	321	1602263	47182	341	1702265	47182	361	1801864	47182	381	1901392	47182	401	2001649	47182	421	2101477	47182	441	2201297	47182	461	2300996	47182	481	2402943	47182	500	2498069	47182	501	2503443	47182	
21	104602	50437	41	203597	50437	61	302914	50437	81	401884	50437	101	500943	50437	122	605103	50437	142	704379	50437	162	803785	50437	182	903293	50437	202	1002828	50437	222	1101919	50437	242	1201379	50437	262	1302582	50437	282	1402263	50437	302	1501703	50437	322	1600970	50437	343	1705228	50437	363	1804555	50437	383	1903736	50437	403	2002945	50437	423	2102366	50437	443	2201560	50437	463	2300673	50437	484	2404811	50437	500	2484344	50437	504	2504472	50437	
21	105078	50327	41	205315	50327	60	302107	50327	80	402120	50327	100	502240	50327	120	602504	49334	140	702441	49334	160	802341	49334	180	902138	49334	200	1002195	49334	220	1102379	49334	240	1202488	49334	260	1302189	49334	280	1402565	49334	300	1502392	49334	320	1602613	49334	340	1702616	49334	360	1802699	49334	380	1902882	49334	400	2002738	48396	420	2102580	48396	440	2202308	47423	460	2301918	47423	480	2401683	47423	500	2501801	47423	500	2502189	47423	
21	105157	50194	41	204706	50194	61	304606	50194	81	404498	50194	101	504250	50194	121	604034	50194	141	704264	50194	161	803855	50194	181	903652	50194	201	1003675	50194	221	1103845	50194	241	1203756	50194	261	1303585	50194	281	1403323	50194	301	1503328	50194	321	1603360	50194	341	1703267	50194	361	1803289	50194	381	1903023	50194	401	2002983	50194	421	2102680	50194	441	2205359	50194	461	2305348	50194	480	2400543	50194	500	2501000	50194	500	2501360	50194	
21	103960	50329	41	202971	50329	61	302220	50329	81	401094	50329	102	505194	50329	122	604466	50329	142	703393	50329	162	801714	49345	182	901547	49345	202	1003379	49345	222	1103599	48352	242	1203211	48352	262	1302431	48352	282	1401726	48352	302	1500612	48352	323	1604773	48352	343	1703833	48352	363	1802820	48352	383	1902490	48352	403	2001792	48352	423	2100788	48352	444	2205285	48352	464	2304263	48352	484	2403177	48352	500	2482712	48352	504	2502897	48352	
