versja nr 1;wspolczynnik mutacji 0.300000;wielkosc populacji 60
305	100152	986	500	162422	772	620	200302	675	937	300209	486	1000	320045	449	1253	400153	307	1500	478906	177	1567	500152	147	1878	600037	44	2000	639246	44	2191	700134	44	2500	798089	44	2506	800027	44	2822	900292	44	3000	956688	44	3137	1000265	44	3449	1100257	44	3500	1116440	44	3761	1200108	44	4000	1276306	44	4075	1300154	44	4389	1400107	44	4500	1435378	44	4704	1500331	44	5000	1594616	44	5018	1600331	44	5333	1700139	44	5500	1753057	44	5645	1800075	44	5958	1900251	44	6000	1913589	44	6272	2000206	44	6500	2072742	44	6587	2100274	44	6901	2200062	44	7000	2231555	44	7215	2300151	44	7500	2390855	44	7527	2400085	44	7840	2500290	44	
318	100188	769	500	158650	607	626	200302	528	940	300319	357	1000	319572	324	1251	400200	200	1500	479942	95	1563	500055	77	1876	600284	50	2000	639732	50	2190	700274	50	2500	799327	50	2503	800309	50	2814	900056	50	3000	959421	50	3128	1000329	50	3441	1100280	50	3500	1119260	50	3754	1200192	50	4000	1278847	50	4067	1300201	50	4381	1400065	50	4500	1438276	50	4694	1500095	50	5000	1597913	50	5007	1600151	50	5321	1700071	50	5500	1757153	50	5612	1800312	50	5831	1900194	50	6000	1974965	50	6057	2000200	50	6329	2100160	50	6500	2161032	50	6607	2200092	50	6916	2300191	50	7000	2327157	50	7229	2400094	50	7500	2486728	50	7542	2500336	50	
322	100197	837	500	155658	654	642	200235	562	958	300031	391	1000	313277	369	1275	400131	230	1500	471420	126	1591	500107	91	1908	600073	48	2000	629110	48	2225	700064	48	2500	786771	48	2542	800053	48	2859	900276	48	3000	945197	48	3167	1000303	48	3482	1100271	48	3500	1106040	48	3798	1200244	48	4000	1264320	48	4113	1300105	48	4430	1400274	48	4500	1422338	48	4746	1500025	48	5000	1580381	48	5062	1600247	48	5379	1700030	48	5500	1738064	48	5695	1800208	48	6000	1896466	48	6012	1900252	48	6329	2000182	48	6500	2054128	48	6646	2100174	48	6963	2200165	48	7000	2211892	48	7280	2300163	48	7500	2369706	48	7596	2400187	48	7914	2500318	48	
326	100179	957	500	154391	750	647	200273	644	965	300261	478	1000	311373	459	1282	400098	316	1500	469050	210	1599	500206	163	1915	600074	56	2000	627149	56	2231	700176	56	2500	784789	56	2548	800038	56	2865	900128	56	3000	943130	56	3181	1000055	56	3497	1100286	56	3500	1101309	56	3814	1200213	56	4000	1259145	56	4124	1300136	56	4441	1400321	56	4500	1418853	56	4756	1500043	56	5000	1576935	56	5073	1600039	56	5391	1700086	56	5500	1734354	56	5708	1800123	56	6000	1892217	56	6025	1900073	56	6344	2000274	56	6500	2049407	56	6661	2100231	56	6980	2200322	56	7000	2206602	56	7297	2300085	56	7500	2364176	56	7614	2400099	56	7932	2500318	56	
319	100067	895	500	157025	702	636	200092	610	950	300323	432	1000	316326	402	1263	400251	264	1500	476541	143	1573	500142	113	1887	600291	46	2000	636232	46	2201	700197	46	2500	795213	46	2516	800319	46	2828	900136	46	3000	954958	46	3142	1000136	46	3456	1100208	46	3500	1114133	46	3771	1200308	46	4000	1273361	46	4083	1300027	46	4397	1400205	46	4500	1433194	46	4709	1500062	46	5000	1593418	46	5021	1600128	46	5336	1700234	46	5500	1752334	46	5649	1800081	46	5962	1900061	46	6000	1912163	46	6276	2000232	46	6500	2073838	46	6581	2100037	46	6896	2200263	46	7000	2233487	46	7210	2300303	46	7500	2392727	46	7523	2400163	46	7834	2500290	46	
320	100254	764	500	156302	593	641	200259	503	959	300093	327	1000	313004	305	1275	400199	178	1500	471317	89	1591	500307	62	1905	600247	50	2000	630562	50	2219	700033	50	2500	789270	50	2534	800120	50	2849	900177	50	3000	948161	50	3162	1000234	50	3469	1100220	50	3500	1110239	50	3783	1200159	50	4000	1269438	50	4096	1300023	50	4411	1400305	50	4500	1428591	50	4724	1500035	50	5000	1587522	50	5040	1600201	50	5353	1700146	50	5500	1746872	50	5668	1800316	50	5982	1900155	50	6000	1905876	50	6295	2000268	50	6500	2065628	50	6608	2100322	50	6919	2200233	50	7000	2225981	50	7234	2300159	50	7500	2384979	50	7547	2400039	50	7861	2500131	50	
310	100064	839	500	160162	658	627	200279	574	942	300236	405	1000	318532	373	1258	400297	238	1500	478776	130	1566	500060	105	1881	600088	55	2000	637586	55	2198	700133	55	2500	795592	55	2514	800044	55	2831	900284	55	3000	953695	55	3147	1000250	55	3462	1100228	55	3500	1112247	55	3778	1200068	55	4000	1270423	55	4094	1300137	55	4411	1400284	55	4500	1428361	55	4726	1500151	55	5000	1594967	55	5016	1600205	55	5331	1700199	55	5500	1753517	55	5647	1800216	55	5963	1900172	55	6000	1912155	55	6278	2000178	55	6500	2070105	55	6595	2100198	55	6912	2200313	55	7000	2228181	55	7228	2300295	55	7500	2386937	55	7542	2400246	55	7856	2500056	55	
317	100188	748	500	157827	603	634	200115	520	949	300185	344	1000	316342	316	1263	400211	184	1500	476029	75	1575	500274	50	1886	600039	48	2000	636683	48	2198	700251	48	2500	796594	48	2511	800117	48	2824	900266	48	3000	956339	48	3138	1000267	48	3449	1100034	48	3500	1116271	48	3763	1200115	48	4000	1275657	48	4077	1300161	48	4389	1400028	48	4500	1435666	48	4702	1500249	48	5000	1595192	48	5016	1600307	48	5327	1700095	48	5500	1755920	48	5638	1800158	48	5951	1900048	48	6000	1915796	48	6264	2000317	48	6500	2076103	48	6570	2100217	48	6880	2200064	48	7000	2238305	48	7194	2300252	48	7500	2398246	48	7506	2400157	48	7819	2500105	48	
319	100230	756	500	156984	583	637	200118	501	950	300120	335	1000	316059	307	1263	400166	178	1500	476760	91	1573	500068	72	1887	600308	56	2000	636333	56	2200	700129	56	2500	795337	56	2515	800140	56	2828	900106	56	3000	954795	56	3142	1000098	56	3454	1100296	56	3500	1116402	56	3756	1200101	56	4000	1277876	56	4070	1300277	56	4384	1400341	56	4500	1437305	56	4697	1500122	56	5000	1597094	56	5010	1600319	56	5320	1700126	56	5500	1758240	56	5630	1800197	56	5940	1900221	56	6000	1919522	56	6251	2000275	56	6500	2080944	56	6560	2100062	56	6872	2200268	56	7000	2241178	56	7185	2300168	56	7498	2400032	56	7500	2400688	56	7812	2500071	56	
321	100154	762	500	158532	607	631	200312	525	949	300122	359	1000	316184	333	1265	400320	218	1500	475335	129	1578	500082	98	1895	600115	55	2000	633295	55	2210	700203	55	2500	792545	55	2524	800180	55	2840	900112	55	3000	951131	55	3156	1000285	55	3472	1100025	55	3500	1108976	55	3789	1200153	55	4000	1267063	55	4105	1300102	55	4419	1400160	55	4500	1425810	55	4736	1500319	55	5000	1583527	55	5053	1600300	55	5371	1700326	55	5500	1741014	55	5688	1800195	55	6000	1898855	55	6004	1900147	55	6320	2000276	55	6500	2057600	55	6633	2100156	55	6950	2200261	55	7000	2216069	55	7267	2300274	55	7500	2373949	55	7582	2400041	55	7897	2500313	55	
326	100112	849	500	154201	725	650	200290	623	974	300326	426	1000	308376	403	1297	400210	223	1500	463973	121	1614	500168	80	1938	600268	46	2000	619587	46	2262	700106	46	2500	773170	46	2588	800183	46	2913	900274	46	3000	926952	46	3238	1000149	46	3500	1080578	46	3564	1100302	46	3889	1200143	46	4000	1234552	46	4211	1300118	46	4500	1389898	46	4533	1400132	46	4857	1500054	46	5000	1544300	46	5181	1600235	46	5500	1698351	46	5506	1700246	46	5831	1800083	46	6000	1851856	46	6157	1900028	46	6481	2000287	46	6500	2006208	46	6804	2100214	46	7000	2160710	46	7120	2200063	46	7443	2300155	46	7500	2317660	46	7768	2400232	46	8000	2471570	46	8093	2500135	46	
317	100322	835	500	158812	721	631	200282	646	946	300108	474	1000	317139	440	1262	400296	295	1500	476701	164	1573	500062	130	1886	600223	50	2000	636514	50	2201	700340	50	2500	795197	50	2516	800273	50	2830	900141	50	3000	954117	50	3145	1000108	50	3461	1100243	50	3500	1112637	50	3770	1200142	50	4000	1273892	50	4083	1300306	50	4397	1400097	50	4500	1432866	50	4712	1500261	50	5000	1592065	50	5025	1600068	50	5339	1700076	50	5500	1751306	50	5653	1800098	50	5968	1900150	50	6000	1910379	50	6282	2000259	50	6500	2069679	50	6595	2100130	50	6909	2200310	50	7000	2229337	50	7223	2300227	50	7500	2388428	50	7537	2400295	50	7850	2500038	50	
319	100115	876	500	157844	758	633	200324	675	943	300155	502	1000	318150	469	1260	400081	331	1500	477198	199	1572	500286	161	1884	600204	47	2000	636920	47	2200	700230	47	2500	795392	47	2515	800182	47	2829	900034	47	3000	955059	47	3142	1000308	47	3448	1100301	47	3500	1116890	47	3761	1200303	47	4000	1276283	47	4075	1300160	47	4390	1400049	47	4500	1435009	47	4704	1500170	47	5000	1594983	47	5016	1600062	47	5332	1700096	47	5500	1753250	47	5648	1800116	47	5964	1900291	47	6000	1911780	47	6278	2000061	47	6500	2070354	47	6593	2100064	47	6907	2200114	47	7000	2229675	47	7221	2300196	47	7500	2388752	47	7536	2400156	47	7851	2500045	47	
313	100297	819	500	160271	703	624	200057	630	936	300161	452	1000	320674	413	1248	400315	266	1500	482038	133	1555	500023	104	1866	600272	49	2000	643555	49	2175	700145	49	2485	800031	49	2500	804883	49	2796	900098	49	3000	965868	49	3106	1000069	49	3416	1100031	49	3500	1127110	49	3726	1200277	49	4000	1289053	49	4034	1300020	49	4344	1400044	49	4500	1450421	49	4654	1500243	49	4963	1600089	49	5000	1612064	49	5273	1700082	49	5500	1773216	49	5583	1800256	49	5893	1900273	49	6000	1935226	49	6202	2000201	49	6500	2096221	49	6512	2100123	49	6821	2200085	49	7000	2259713	49	7123	2300249	49	7432	2400059	49	7500	2422008	49	7742	2500336	49	
320	100101	852	500	156660	730	639	200024	641	958	300206	455	1000	313298	431	1276	400150	284	1500	471707	171	1589	500131	133	1904	600194	53	2000	630672	53	2220	700268	53	2500	788725	53	2536	800078	53	2853	900327	53	3000	946876	53	3167	1000027	53	3483	1100079	53	3500	1105463	53	3800	1200326	53	4000	1263741	53	4107	1300072	53	4420	1400119	53	4500	1425430	53	4736	1500333	53	5000	1584609	53	5049	1600257	53	5362	1700042	53	5500	1743655	53	5678	1800043	53	5994	1900093	53	6000	1902000	53	6309	2000240	53	6500	2060716	53	6624	2100034	53	6940	2200030	53	7000	2219043	53	7254	2300180	53	7500	2378000	53	7570	2400107	53	7886	2500183	53	
315	100241	812	500	159037	710	630	200041	634	943	300282	439	1000	319652	404	1251	400290	264	1500	480207	139	1562	500307	107	1873	600221	47	2000	640430	47	2188	700098	47	2500	798936	47	2504	800231	47	2819	900116	47	3000	957650	47	3134	1000098	47	3449	1100302	47	3500	1116501	47	3764	1200078	47	4000	1275737	47	4077	1300123	47	4392	1400332	47	4500	1434573	47	4707	1500215	47	5000	1593089	47	5022	1600129	47	5337	1700095	47	5500	1751951	47	5652	1800319	47	5967	1900077	47	6000	1910572	47	6280	2000277	47	6500	2070696	47	6592	2100233	47	6903	2200136	47	7000	2231413	47	7214	2300192	47	7500	2391003	47	7528	2400313	47	7843	2500304	47	
314	100339	826	500	159689	694	627	200284	621	937	300124	440	1000	320289	401	1248	400044	265	1500	481489	135	1558	500203	107	1869	600146	47	2000	641786	47	2182	700023	47	2496	800149	47	2500	801440	47	2809	900203	47	3000	960949	47	3123	1000104	47	3438	1100252	47	3500	1119978	47	3752	1200275	47	4000	1279377	47	4064	1300078	47	4377	1400129	47	4500	1444597	47	4674	1500328	47	4985	1600159	47	5000	1604925	47	5299	1700210	47	5500	1764374	47	5613	1800325	47	5927	1900216	47	6000	1923604	47	6240	2000059	47	6500	2082937	47	6554	2100180	47	6868	2200293	47	7000	2242383	47	7179	2300069	47	7482	2400173	47	7500	2405999	47	7795	2500091	47	
318	100307	905	500	158082	793	634	200260	711	952	300233	514	1000	315356	486	1266	400254	337	1500	474722	209	1580	500197	169	1893	600175	52	2000	634179	49	2208	700062	49	2500	792298	49	2525	800220	49	2842	900249	49	3000	950080	49	3158	1000198	49	3473	1100042	49	3500	1108870	49	3787	1200268	49	4000	1267600	49	4103	1300176	49	4411	1400074	49	4500	1428626	49	4726	1500266	49	5000	1587285	49	5041	1600305	49	5357	1700297	49	5500	1745619	49	5672	1800021	49	5988	1900327	49	6000	1904128	49	6304	2000087	49	6500	2062035	49	6621	2100277	49	6937	2200333	49	7000	2220285	49	7253	2300246	49	7500	2378778	49	7567	2400032	49	7881	2500154	49	
311	100102	849	500	160827	711	622	200033	639	930	300120	464	1000	322647	418	1231	400126	285	1500	488620	137	1536	500269	121	1845	600330	44	2000	650076	44	2156	700293	44	2467	800313	44	2500	810897	44	2778	900196	44	3000	971446	44	3089	1000035	44	3398	1100095	44	3500	1133218	44	3705	1200057	44	4000	1296077	44	4013	1300324	44	4321	1400307	44	4500	1458457	44	4629	1500234	44	4937	1600159	44	5000	1620429	44	5247	1700048	44	5500	1781507	44	5558	1800191	44	5869	1900130	44	6000	1942236	44	6178	2000146	44	6489	2100234	44	6500	2103791	44	6800	2200200	44	7000	2264516	44	7111	2300216	44	7422	2400166	44	7500	2425297	44	7732	2500065	44	
316	100222	819	500	158450	710	632	200271	629	947	300289	443	1000	317086	410	1260	400200	268	1500	477673	145	1569	500092	118	1880	600255	43	2000	638743	43	2193	700167	43	2500	797915	43	2507	800175	43	2821	900289	43	3000	957362	43	3134	1000110	43	3449	1100307	43	3500	1116612	43	3762	1200267	43	4000	1276572	43	4074	1300209	43	4388	1400235	43	4500	1435880	43	4701	1500226	43	5000	1595565	43	5014	1600046	43	5328	1700090	43	5500	1755056	43	5641	1800067	43	5955	1900188	43	6000	1914521	43	6269	2000314	43	6500	2074175	43	6582	2100235	43	6896	2200221	43	7000	2233319	43	7210	2300282	43	7500	2393297	43	7522	2400323	43	7827	2500198	43	
122	100419	4865	244	200272	4715	366	300625	4569	488	400893	4431	500	410826	4417	609	500391	4282	731	600882	4141	852	700762	4000	973	800536	3863	1000	822895	3833	1094	900841	3724	1215	1000773	3591	1335	1100478	3462	1456	1200401	3329	1500	1236918	3280	1577	1300847	3197	1696	1400109	3074	1813	1500411	2951	1932	1600909	2835	2000	1658226	2772	2050	1700433	2722	2169	1800768	2605	2288	1900285	2492	2407	2000638	2375	2500	2079092	2289	2525	2100214	2268	2645	2200669	2154	2764	2300482	2043	2882	2400943	1932	3000	2500725	1823	3000	2500816	1823	
122	100766	4987	243	200348	4835	364	300232	4673	486	400216	4523	500	412138	4508	603	500258	4385	722	600166	4243	843	700408	4100	964	800681	3961	1000	830550	3919	1084	900475	3816	1204	1000451	3683	1324	1100430	3551	1443	1200336	3421	1500	1248515	3359	1562	1300849	3293	1680	1400695	3169	1798	1500649	3039	1917	1600798	2918	2000	1670705	2833	2035	1700370	2799	2153	1800122	2686	2271	1900464	2575	2390	2000913	2453	2500	2093610	2348	2508	2100461	2340	2627	2200870	2228	2745	2300380	2113	2864	2400566	2007	2982	2500850	1897	
122	100137	4903	245	200387	4748	367	300332	4599	489	400167	4453	500	409362	4441	611	500237	4302	733	600181	4161	855	700493	4022	976	800104	3886	1000	820115	3858	1097	900228	3745	1218	1000174	3608	1339	1100180	3473	1460	1200636	3342	1500	1233864	3299	1580	1300161	3214	1700	1400255	3087	1821	1500678	2955	1941	1600754	2834	2000	1649803	2773	2061	1700416	2714	2181	1800470	2592	2301	1900416	2474	2421	2000689	2347	2500	2066642	2271	2540	2100212	2234	2660	2200856	2115	2779	2300498	1998	2898	2400829	1885	3000	2488029	1795	3013	2500845	1785	
124	100825	5122	248	200821	4967	371	300807	4809	494	400135	4657	500	405096	4650	616	500243	4498	739	600589	4351	861	700776	4204	983	800497	4060	1000	814352	4041	1106	900863	3918	1228	1000701	3783	1349	1100205	3654	1471	1200592	3527	1500	1224595	3497	1592	1300274	3390	1713	1400488	3267	1834	1500683	3139	1951	1600655	3022	2000	1641137	2969	2072	1700783	2893	2192	1800179	2774	2313	1900402	2649	2433	2000153	2522	2500	2056187	2456	2553	2100489	2404	2673	2200221	2289	2793	2300310	2179	2913	2400894	2068	3000	2474296	1991	3031	2500223	1965	
120	100406	4887	240	200530	4733	359	300388	4584	479	400723	4441	500	418417	4417	598	500458	4291	714	600564	4154	832	700520	4019	950	800146	3892	1000	842341	3836	1068	900119	3761	1186	1000356	3632	1304	1100617	3503	1422	1200640	3378	1500	1267211	3301	1539	1300245	3261	1656	1400321	3143	1773	1500586	3021	1890	1600688	2908	2000	1694292	2802	2007	1700428	2796	2124	1800096	2676	2242	1900716	2557	2358	2000097	2447	2475	2100355	2333	2500	2121908	2308	2591	2200205	2225	2706	2300091	2116	2823	2400818	2016	2938	2500172	1910	
122	100367	4767	244	200216	4606	366	300112	4446	489	400854	4287	500	409827	4275	610	500631	4135	731	600658	3988	852	700871	3844	972	800389	3704	1000	823586	3674	1093	900335	3570	1214	1000379	3428	1335	1100659	3296	1455	1200791	3169	1500	1238170	3123	1574	1300243	3039	1694	1400158	2899	1814	1500493	2768	1933	1600819	2648	2000	1657062	2574	2051	1700306	2523	2170	1800423	2406	2289	1900895	2291	2407	2000789	2173	2500	2079513	2085	2525	2100634	2062	2643	2200266	1948	2761	2300381	1853	2879	2400799	1747	2995	2500133	1642	
121	100536	5190	242	200415	5032	362	300351	4879	482	400187	4721	500	415124	4699	603	500726	4571	722	600441	4423	841	700276	4284	961	800688	4143	1000	833493	4099	1081	900912	4008	1199	1000558	3871	1318	1100948	3747	1435	1200204	3626	1500	1255192	3562	1554	1300611	3495	1672	1400394	3373	1790	1500598	3244	1905	1600763	3128	2000	1682634	3029	2021	1700720	3008	2138	1800395	2889	2256	1900819	2776	2374	2000861	2653	2491	2100663	2538	2500	2108530	2528	2608	2200710	2430	2725	2300443	2324	2842	2400175	2221	2960	2500707	2111	
122	100751	5580	243	200635	5420	364	300408	5262	486	400818	5100	500	412418	5084	607	500625	4942	727	600519	4793	844	700842	4655	964	800749	4516	1000	830852	4474	1084	900555	4380	1204	1000601	4239	1323	1100183	4105	1443	1200486	3973	1500	1248171	3910	1563	1300645	3838	1682	1400490	3705	1800	1500469	3573	1919	1600226	3445	2000	1667799	3356	2039	1700449	3315	2158	1800125	3189	2278	1900465	3061	2397	2000771	2929	2500	2087343	2822	2516	2100807	2807	2635	2200531	2688	2754	2300822	2573	2872	2400314	2451	2991	2500489	2336	
123	100618	5014	245	200592	4868	366	300163	4725	488	400306	4579	500	410212	4567	610	500714	4428	732	600835	4280	852	700160	4141	973	800226	4004	1000	822467	3975	1094	900206	3868	1215	1000284	3727	1336	1100810	3596	1455	1200354	3467	1500	1238011	3417	1575	1300550	3332	1695	1400569	3197	1815	1500797	3069	1934	1600386	2943	2000	1655460	2867	2054	1700759	2813	2173	1800254	2686	2293	1900671	2557	2411	2000596	2433	2500	2075120	2345	2530	2100347	2315	2650	2200849	2194	2768	2300235	2086	2887	2400405	1971	3000	2495596	1862	3006	2500747	1857	
121	100683	5232	241	200274	5076	361	300396	4925	481	400133	4784	500	416106	4761	602	500893	4634	721	600652	4495	840	700579	4362	960	800464	4226	1000	834078	4178	1080	900931	4083	1200	1000839	3943	1319	1100678	3804	1438	1200502	3671	1500	1252444	3600	1557	1300265	3535	1676	1400174	3402	1795	1500494	3271	1914	1600782	3151	2000	1675375	3062	2029	1700674	3034	2147	1800828	2911	2264	1900332	2789	2382	2000452	2672	2500	2100641	2552	2500	2100735	2552	2617	2200178	2435	2735	2300783	2322	2852	2400570	2210	2969	2500699	2100	
123	100781	4824	245	200670	4665	367	300149	4515	488	400249	4364	500	410121	4351	611	500735	4211	733	600610	4061	852	700814	3924	973	800723	3778	1000	823004	3745	1095	900545	3638	1217	1000760	3489	1338	1100650	3349	1460	1200858	3212	1500	1234017	3167	1581	1300331	3068	1703	1400820	2915	1824	1500563	2772	1934	1600902	2646	2000	1655417	2568	2055	1700890	2506	2176	1800592	2370	2296	1900269	2230	2417	2000628	2084	2500	2069090	1986	2538	2100866	1943	2658	2200650	1807	2779	2300891	1676	2898	2400801	1546	3000	2485909	1443	3017	2500181	1428	
124	100183	4990	249	200451	4827	374	300844	4670	498	400783	4514	500	402485	4512	621	500437	4358	745	600903	4193	868	700419	4047	992	800562	3901	1000	807076	3887	1116	900731	3740	1239	1000129	3587	1363	1100287	3434	1487	1200517	3282	1500	1211136	3265	1610	1300138	3131	1734	1400628	2982	1858	1500406	2824	1982	1600895	2676	2000	1615551	2653	2104	1700227	2530	2228	1800836	2383	2351	1900565	2231	2474	2000438	2083	2500	2021672	2051	2597	2100646	1938	2719	2200339	1788	2842	2300646	1647	2964	2400616	1511	3000	2430400	1472	3084	2500184	1378	
122	100229	4811	246	200753	4652	368	300318	4491	491	400582	4341	500	407964	4332	614	500827	4185	736	600335	4038	858	700292	3887	981	800443	3741	1000	815922	3718	1104	900538	3596	1227	1000846	3446	1349	1100162	3301	1472	1200289	3158	1500	1223310	3125	1595	1300693	3005	1717	1400584	2859	1839	1500828	2713	1961	1600852	2573	2000	1632826	2522	2082	1700857	2429	2200	1800413	2289	2322	1900719	2148	2443	2000702	2008	2500	2048368	1951	2563	2100764	1884	2683	2200512	1757	2804	2300889	1627	2924	2400816	1505	3000	2464527	1428	3043	2500502	1386	
124	100498	4963	246	200203	4810	370	300145	4658	494	400345	4506	500	405241	4498	618	500716	4354	741	600354	4199	864	700424	4054	985	800686	3907	1000	813048	3890	1108	900293	3754	1232	1000581	3597	1356	1100708	3446	1479	1200253	3297	1500	1217377	3270	1603	1300455	3144	1726	1400373	2998	1850	1500149	2846	1974	1600112	2697	2000	1621224	2661	2098	1700763	2550	2221	1800408	2404	2344	1900151	2255	2467	2000283	2109	2500	2027254	2067	2590	2100863	1961	2713	2200827	1812	2835	2300665	1676	2956	2400572	1546	3000	2437577	1499	3076	2500652	1412	
127	100547	5031	254	200472	4866	381	300607	4709	500	394715	4556	507	400341	4547	633	500195	4388	760	600391	4231	886	700528	4082	1000	790474	3942	1012	800132	3929	1139	900623	3772	1265	1000381	3614	1391	1100191	3462	1500	1186402	3330	1518	1200870	3310	1644	1300708	3146	1770	1400766	2997	1895	1500210	2844	2000	1583352	2720	2022	1600736	2688	2148	1700765	2533	2273	1800122	2375	2400	1900879	2222	2500	1980712	2095	2525	2000823	2065	2650	2100484	1917	2775	2200258	1772	2900	2300352	1624	3000	2380591	1504	3025	2400853	1477	3148	2500200	1340	
122	100604	4850	244	200628	4696	366	300847	4540	488	400683	4386	500	410520	4372	610	500704	4233	732	600837	4082	853	700175	3941	975	800788	3792	1000	821435	3763	1096	900850	3643	1216	1000750	3504	1338	1100653	3362	1460	1200857	3217	1500	1233780	3166	1581	1300702	3065	1703	1400910	2925	1824	1500260	2774	1946	1600520	2632	2000	1644842	2564	2068	1700490	2484	2189	1800705	2345	2307	1900546	2209	2428	2000307	2071	2500	2059653	1980	2550	2100840	1922	2671	2200636	1784	2791	2300200	1643	2911	2400276	1503	3000	2474713	1407	3031	2500941	1375	
128	100183	4818	257	200710	4647	385	300427	4492	500	390958	4343	512	400311	4328	640	500662	4181	768	600496	4026	895	700807	3881	1000	783462	3761	1022	800654	3734	1146	900538	3591	1274	1000815	3439	1401	1100690	3292	1500	1178192	3165	1528	1200189	3129	1656	1300614	2958	1783	1400369	2800	1911	1500561	2641	2000	1570940	2543	2038	1600786	2501	2164	1700215	2356	2291	1800211	2214	2418	1900497	2077	2500	1965581	1980	2544	2000611	1931	2670	2100212	1781	2797	2200396	1643	2923	2300394	1511	3000	2362053	1433	3048	2400474	1383	3173	2500370	1260	
122	100818	4806	243	200167	4647	365	300574	4492	487	400767	4328	500	411503	4314	608	500401	4172	729	600596	4023	850	700366	3879	972	800793	3741	1000	824074	3708	1093	900632	3599	1214	1000330	3447	1336	1100804	3305	1457	1200550	3160	1500	1235963	3109	1578	1300244	3012	1699	1400603	2868	1819	1500481	2728	1940	1600867	2588	2000	1650687	2514	2060	1700688	2447	2180	1800721	2303	2300	1900226	2166	2420	2000560	2022	2500	2067157	1929	2540	2100281	1884	2660	2200128	1745	2780	2300607	1613	2900	2400832	1478	3000	2485093	1372	3018	2500338	1354	
122	100465	5046	243	200239	4888	365	300524	4731	486	400729	4579	500	412302	4563	607	500601	4430	729	600707	4281	850	700568	4130	970	800170	3993	1000	825085	3955	1091	900180	3843	1212	1000125	3699	1334	1100370	3547	1456	1200895	3406	1500	1237342	3350	1577	1300886	3253	1697	1400785	3117	1817	1500671	2960	1938	1600362	2820	2000	1651542	2743	2059	1700324	2675	2179	1800105	2533	2298	1900404	2394	2417	2000359	2255	2500	2069290	2151	2538	2100694	2107	2658	2200210	1971	2778	2300207	1831	2898	2400495	1694	3000	2486265	1581	3017	2500685	1563	
126	100216	4810	252	200153	4651	378	300311	4485	500	397387	4332	504	400680	4327	629	500369	4170	755	600564	4015	880	700261	3863	1000	795716	3721	1006	800608	3710	1130	900753	3558	1254	1000629	3413	1380	1100691	3262	1500	1196323	3110	1505	1200431	3104	1631	1300384	2949	1756	1400176	2801	1883	1500750	2637	2000	1593786	2505	2008	1600313	2493	2134	1700526	2347	2259	1800612	2187	2384	1900751	2038	2500	1993771	1894	2508	2000245	1886	2633	2100834	1740	2757	2200279	1591	2881	2300134	1447	3000	2396493	1316	3005	2400637	1305	3128	2500682	1168	
29	101609	25211	58	202799	25104	87	303956	25009	115	401894	24911	144	503301	24814	172	601142	24722	201	701712	24632	230	802921	24535	258	900919	24442	287	1001869	24344	316	1103110	24252	344	1200904	24155	373	1302094	24058	401	1401441	23968	430	1502749	23874	459	1603623	23784	487	1701157	23684	500	1747031	23640	516	1802905	23586	544	1900809	23492	573	2002601	23400	602	2103597	23305	630	2201228	23213	659	2302538	23115	688	2404012	23026	716	2502994	22938	
29	101390	25152	58	201587	25056	87	301909	24959	116	402003	24857	145	502350	24763	174	602854	24670	203	703614	24572	231	800619	24483	260	901179	24384	289	1001472	24284	318	1101924	24185	347	1202476	24094	376	1303107	24003	405	1403699	23914	433	1501086	23830	462	1601859	23731	491	1702296	23640	500	1733932	23614	520	1803244	23549	548	1900683	23460	576	2000790	23371	605	2101519	23279	634	2202033	23180	663	2303039	23091	691	2400910	23006	720	2502425	22910	
29	101635	24514	58	202254	24407	87	302891	24307	116	403626	24204	144	501111	24116	173	601577	24019	202	702217	23927	231	802796	23832	260	903914	23729	288	1003592	23639	316	1101157	23544	345	1202462	23448	374	1303744	23347	402	1401477	23256	431	1502852	23161	459	1600736	23072	488	1701881	22983	500	1743711	22937	517	1803103	22882	545	1900858	22790	574	2001625	22688	603	2102793	22590	632	2203467	22488	660	2301016	22389	689	2402009	22299	718	2502839	22207	
30	103590	25114	59	202634	25017	88	301795	24922	118	403808	24819	147	502916	24727	176	602092	24628	205	701062	24528	235	803493	24434	264	903375	24338	293	1002492	24239	322	1102255	24142	351	1201452	24053	380	1300700	23958	409	1400689	23863	438	1500616	23767	468	1603544	23667	497	1702565	23568	500	1713237	23559	526	1801953	23474	555	1901379	23378	584	2000743	23284	614	2103389	23184	643	2202343	23087	672	2301898	22996	701	2401601	22905	730	2501054	22814	
29	102513	25582	57	200807	25486	86	302158	25385	115	403455	25286	143	501306	25187	172	603040	25089	200	701498	24992	229	803301	24901	257	901711	24804	286	1003627	24716	314	1101438	24629	343	1203484	24543	371	1301699	24454	399	1400707	24359	428	1502316	24260	456	1600634	24165	485	1702566	24063	500	1755538	24015	513	1801538	23970	542	1903602	23869	569	2001141	23776	598	2103130	23682	626	2201348	23592	655	2303449	23500	683	2402333	23410	711	2500904	23320	
30	103531	25150	59	202701	25055	88	302039	24957	117	401452	24853	146	500689	24757	176	603394	24664	205	702765	24569	234	802077	24475	263	902342	24381	291	1000726	24289	321	1103441	24187	350	1202923	24091	379	1301843	23997	408	1401603	23905	437	1501172	23813	466	1600853	23721	495	1700827	23632	500	1718382	23617	524	1800625	23542	554	1903544	23444	583	2002810	23346	612	2102209	23259	641	2201550	23173	670	2301475	23077	699	2401339	22984	728	2500871	22897	
29	101763	25552	58	201761	25458	87	301988	25359	116	401879	25259	145	502018	25164	174	602147	25068	203	701988	24973	232	802454	24871	261	902839	24771	290	1003196	24677	319	1103178	24584	348	1203687	24490	376	1301047	24395	405	1401449	24299	434	1501359	24207	463	1601629	24109	492	1701776	24014	500	1729737	23986	521	1802589	23913	550	1903416	23818	579	2003477	23721	607	2100681	23631	636	2200943	23541	665	2301227	23448	694	2401888	23360	723	2502429	23266	
29	101098	25330	58	200817	25234	88	303554	25137	117	403166	25036	146	502843	24937	175	602647	24840	204	701593	24747	233	801270	24652	262	901119	24556	291	1000864	24465	321	1103745	24363	349	1200637	24268	379	1303719	24164	408	1403502	24069	437	1503112	23976	466	1602973	23882	495	1702588	23783	500	1720253	23769	524	1802816	23689	553	1902879	23593	581	2001461	23496	610	2102418	23402	639	2202622	23309	668	2302551	23214	697	2402932	23121	726	2503284	23031	
29	102364	25428	58	203771	25323	86	301268	25226	115	402813	25119	143	500615	25028	172	602221	24930	201	703943	24837	229	802142	24747	257	900866	24653	286	1003824	24562	314	1102316	24465	342	1200772	24371	371	1302618	24273	399	1400977	24184	428	1502801	24096	456	1601224	24003	485	1703163	23913	500	1755948	23861	513	1801734	23822	541	1900553	23735	570	2002223	23639	598	2100523	23546	627	2202962	23458	655	2301259	23364	684	2403572	23267	712	2502255	23181	
29	103013	26236	57	200697	26142	86	301706	26040	115	402688	25946	144	503568	25841	172	600904	25746	201	701819	25645	230	803865	25550	258	901746	25453	287	1002666	25364	316	1103629	25271	344	1201979	25186	373	1303604	25092	401	1401555	25001	430	1502795	24897	458	1600618	24805	487	1701725	24707	500	1747254	24668	516	1803169	24609	544	1900976	24520	573	2002296	24422	602	2103379	24331	630	2201275	24241	659	2302961	24147	687	2401062	24059	716	2502986	23963	
29	100536	25469	59	203525	25375	88	303282	25280	117	402324	25178	146	502326	25079	175	601413	24990	204	700848	24899	233	800800	24804	263	903622	24710	292	1003215	24615	321	1103096	24521	350	1203760	24435	379	1303580	24344	408	1402734	24245	437	1502760	24149	466	1602006	24053	495	1701617	23959	500	1719194	23944	524	1802308	23871	553	1901671	23771	582	2002469	23683	611	2103766	23592	640	2203386	23497	669	2302790	23397	698	2402364	23307	727	2502067	23221	
30	101970	24998	60	202187	24901	90	302500	24803	120	402586	24706	150	503128	24609	180	603706	24522	209	700686	24425	239	800781	24328	269	901438	24226	299	1002763	24125	328	1101965	24032	358	1202793	23934	388	1303204	23821	418	1403439	23730	448	1503427	23634	477	1600618	23536	500	1677710	23464	507	1701669	23438	537	1801715	23341	567	1902347	23242	597	2002441	23148	627	2102760	23049	657	2202900	22958	687	2303119	22862	717	2403557	22774	746	2500891	22672	
29	103703	25199	58	202887	25107	87	301766	25010	116	400946	24915	146	503845	24816	175	603092	24720	204	702481	24621	233	801602	24522	262	901360	24434	291	1000993	24343	321	1103518	24245	350	1203287	24157	379	1302450	24062	408	1401279	23966	437	1500680	23873	467	1603466	23778	496	1702684	23685	500	1716915	23673	525	1802464	23590	554	1902103	23501	583	2001204	23408	612	2100729	23313	642	2203493	23215	671	2302988	23117	700	2402433	23025	729	2502318	22931	
30	103778	25038	59	202893	24941	88	302227	24847	117	401409	24746	146	500618	24653	176	603092	24560	205	702128	24469	234	801543	24380	263	900762	24284	293	1002965	24187	322	1102148	24091	351	1201466	23997	381	1303683	23897	410	1402526	23809	439	1501422	23714	468	1600663	23619	498	1703248	23520	500	1710461	23513	527	1802574	23421	556	1901407	23332	586	2003853	23243	614	2102258	23142	643	2201625	23047	672	2301203	22955	702	2403634	22867	731	2502584	22780	
29	100944	25003	59	202273	24899	88	300753	24801	118	402432	24692	147	500582	24596	177	602427	24497	206	701071	24406	236	802765	24301	265	901256	24200	295	1003058	24093	323	1100904	24000	350	1201846	23906	380	1303658	23814	409	1401993	23723	439	1503635	23624	468	1601900	23530	497	1700521	23438	500	1711186	23426	527	1803171	23337	556	1901816	23233	586	2003456	23132	615	2101840	23040	645	2203688	22945	674	2301976	22845	704	2403556	22750	733	2502951	22654	
29	102607	25527	58	201067	25427	88	302848	25323	117	400703	25222	147	502227	25127	176	600948	25036	206	702695	24946	235	800670	24848	265	902407	24745	294	1001224	24649	324	1102996	24557	353	1202608	24461	382	1301439	24373	412	1403272	24278	441	1501661	24182	471	1603566	24086	499	1700833	23998	500	1704660	23996	529	1803144	23901	558	1902369	23801	587	2001081	23716	617	2103392	23617	646	2201556	23526	675	2300661	23432	705	2402769	23341	734	2501635	23240	
29	101268	25254	58	201620	25159	87	301464	25066	116	401170	24965	145	501639	24870	174	601998	24782	203	702199	24689	232	802430	24601	261	902230	24509	290	1002600	24413	319	1103445	24319	347	1200601	24228	376	1300706	24129	405	1401363	24038	434	1501451	23942	463	1602056	23851	492	1702092	23758	500	1730359	23733	521	1803192	23663	550	1903703	23567	578	2000886	23476	606	2101219	23383	635	2201229	23289	664	2301041	23188	693	2401148	23093	722	2500642	23001	
30	103082	25027	59	201305	24923	89	303122	24822	118	401378	24721	148	503335	24622	177	601974	24532	206	700782	24436	236	802995	24340	265	901497	24247	295	1003579	24148	323	1101557	24048	352	1201151	23954	382	1302984	23864	411	1401456	23778	440	1500493	23677	470	1602637	23583	499	1701338	23490	500	1705220	23487	528	1800615	23388	558	1902506	23292	587	2001992	23195	616	2101184	23096	646	2203483	22995	675	2302666	22893	704	2401968	22802	733	2501859	22706	
29	100704	25251	59	201768	25164	89	302780	25058	119	403590	24960	148	500610	24868	178	601917	24779	208	702759	24680	238	803815	24587	267	901423	24488	297	1002832	24393	326	1100877	24299	356	1201691	24202	386	1302223	24105	415	1400640	24014	445	1501867	23919	475	1602549	23820	500	1686412	23746	505	1703547	23728	534	1801129	23637	564	1902016	23529	594	2003221	23425	623	2100862	23329	653	2202260	23224	683	2303522	23125	712	2401202	23032	742	2502812	22934	
30	102517	25169	60	203354	25073	89	300918	24976	119	401541	24870	149	502222	24778	179	603093	24675	208	701100	24582	238	802067	24489	268	903165	24397	297	1001149	24303	327	1102257	24202	357	1203209	24102	386	1301543	24005	416	1403190	23904	445	1501393	23812	475	1602655	23715	500	1686769	23630	504	1700625	23613	534	1801896	23519	564	1902921	23424	593	2001551	23332	622	2101337	23243	652	2202249	23154	682	2303191	23056	711	2400931	22967	741	2502085	22871	
336	100244	50	500	148923	50	673	200197	50	1000	297158	50	1010	300142	50	1347	400058	50	1500	445945	50	1682	500257	50	2000	594890	50	2018	600262	50	2354	700133	50	2500	743451	50	2691	800249	50	3000	892140	50	3027	900219	50	3361	1000181	50	3500	1041713	50	3690	1100232	50	4000	1192980	50	4024	1200112	50	4362	1300246	50	4500	1341138	50	4699	1400145	50	5000	1489332	50	5036	1500030	50	5374	1600141	50	5500	1637529	50	5711	1700133	50	6000	1785996	50	6048	1800169	50	6384	1900187	50	6500	1934932	50	6720	2000273	50	7000	2083226	50	7057	2100069	50	7394	2200221	50	7500	2231658	50	7729	2300284	50	8000	2380885	50	8065	2400163	50	8402	2500116	50	
329	100207	48	500	154834	48	650	200171	48	980	300064	48	1000	306163	48	1311	400256	48	1500	457362	48	1642	500298	48	1972	600160	48	2000	608658	48	2301	700060	48	2500	760482	48	2631	800087	48	2962	900180	48	3000	911636	48	3291	1000028	48	3500	1063221	48	3622	1100136	48	3952	1200034	48	4000	1214546	48	4284	1300229	48	4500	1365518	48	4614	1400031	48	4945	1500165	48	5000	1516903	48	5275	1600314	48	5500	1669554	48	5601	1700071	48	5931	1800139	48	6000	1821265	48	6260	1900241	48	6500	1973425	48	6588	2000055	48	6918	2100145	48	7000	2125005	48	7249	2200309	48	7500	2276293	48	7579	2300222	48	7910	2400231	48	8000	2427375	48	8241	2500295	48	
340	100038	44	500	146881	44	679	200075	44	1000	295379	44	1016	300146	44	1353	400259	44	1500	443885	44	1690	500197	44	2000	591704	44	2029	600222	44	2370	700102	44	2500	738114	44	2712	800239	44	3000	884508	44	3053	900286	44	3391	1000046	44	3500	1032162	44	3730	1100179	44	4000	1179398	44	4071	1200287	44	4413	1300248	44	4500	1325589	44	4756	1400313	44	5000	1471576	44	5098	1500179	44	5435	1600253	44	5500	1619499	44	5775	1700059	44	6000	1765891	44	6117	1800103	44	6457	1900041	44	6500	1912579	44	6799	2000201	44	7000	2059248	44	7139	2100111	44	7473	2200113	44	7500	2208040	44	7814	2300157	44	8000	2354816	44	8155	2400132	44	8497	2500060	44	
336	100192	54	500	148923	54	671	200019	54	1000	297858	54	1008	300247	54	1344	400296	54	1500	446596	54	1680	500106	54	2000	594978	54	2017	600021	54	2354	700095	54	2500	743506	54	2689	800037	54	3000	892366	54	3026	900073	54	3363	1000095	54	3500	1041000	54	3698	1100252	54	4000	1192161	54	4026	1200107	54	4360	1300280	54	4500	1341873	54	4697	1400283	54	5000	1490146	54	5034	1500239	54	5370	1600052	54	5500	1638544	54	5708	1700179	54	6000	1786719	54	6045	1800056	54	6381	1900075	54	6500	1935339	54	6716	2000300	54	7000	2084963	54	7051	2100191	54	7388	2200309	54	7500	2233540	54	7725	2300213	54	8000	2381636	54	8063	2400290	54	8400	2500154	54	
307	100230	53	500	163212	53	609	200097	53	910	300209	53	1000	329695	53	1216	400121	53	1500	492931	53	1522	500132	53	1829	600118	53	2000	655704	53	2137	700289	53	2443	800204	53	2500	818743	53	2746	900313	53	3000	983203	53	3052	1000127	53	3358	1100191	53	3500	1146845	53	3664	1200319	53	3969	1300096	53	4000	1310374	53	4272	1400077	53	4500	1474904	53	4576	1500059	53	4883	1600295	53	5000	1638651	53	5188	1700309	53	5493	1800310	53	5500	1802588	53	5800	1900258	53	6000	1965586	53	6106	2000117	53	6412	2100230	53	6500	2129017	53	6718	2200118	53	7000	2291847	53	7026	2300314	53	7333	2400179	53	7500	2454491	53	7640	2500324	53	
353	100072	49	500	141421	49	709	200241	49	1000	282025	49	1064	300100	49	1419	400144	49	1500	422838	49	1774	500216	49	2000	564123	49	2128	600061	49	2484	700296	49	2500	704832	49	2839	800204	49	3000	845646	49	3194	900103	49	3500	986061	49	3550	1000168	49	3905	1100283	49	4000	1126944	49	4257	1200241	49	4500	1268742	49	4612	1300223	49	4968	1400142	49	5000	1409109	49	5323	1500059	49	5500	1550614	49	5674	1600089	49	6000	1691823	49	6030	1700257	49	6386	1800118	49	6500	1832123	49	6741	1900189	49	7000	1973166	49	7096	2000200	49	7450	2100284	49	7500	2114463	49	7804	2200175	49	8000	2257871	49	8148	2300018	49	8500	2399069	49	8504	2400213	49	8858	2500059	49	
309	100147	47	500	161660	47	619	200049	47	929	300239	47	1000	323151	47	1238	400094	47	1500	484680	47	1548	500145	47	1857	600053	47	2000	646138	47	2166	700090	47	2476	800323	47	2500	808069	47	2783	900138	47	3000	970323	47	3092	1000154	47	3401	1100291	47	3500	1132185	47	3711	1200143	47	4000	1296390	47	4012	1300334	47	4322	1400286	47	4500	1457622	47	4632	1500232	47	4942	1600236	47	5000	1619291	47	5250	1700343	47	5500	1780802	47	5560	1800132	47	5870	1900048	47	6000	1942080	47	6180	2000307	47	6488	2100115	47	6500	2103978	47	6797	2200025	47	7000	2265525	47	7106	2300201	47	7414	2400027	47	7500	2427738	47	7725	2500257	47	
344	100047	44	500	145128	44	691	200246	44	1000	291235	44	1030	300075	44	1373	400024	44	1500	436879	44	1719	500201	44	2000	581410	44	2064	600200	44	2408	700164	44	2500	726784	44	2753	800145	44	3000	872043	44	3094	900211	44	3440	1000289	44	3500	1017625	44	3785	1100154	44	4000	1162536	44	4129	1200056	44	4470	1300064	44	4500	1308812	44	4816	1400036	44	5000	1453160	44	5163	1500219	44	5500	1598288	44	5506	1600076	44	5848	1700193	44	6000	1744614	44	6191	1800086	44	6500	1889738	44	6536	1900148	44	6882	2000079	44	7000	2034196	44	7228	2100115	44	7500	2178779	44	7574	2200145	44	7920	2300024	44	8000	2323147	44	8267	2400137	44	8500	2467579	44	8613	2500291	44	
327	100092	50	500	153086	50	655	200149	50	982	300024	50	1000	305513	50	1311	400195	50	1500	457699	50	1640	500282	50	1968	600081	50	2000	609856	50	2296	700084	50	2500	762208	50	2624	800049	50	2952	900263	50	3000	914928	50	3279	1000272	50	3500	1067660	50	3607	1100280	50	3934	1200310	50	4000	1220365	50	4262	1300196	50	4500	1372696	50	4590	1400034	50	4918	1500046	50	5000	1525060	50	5247	1600311	50	5500	1677395	50	5575	1700297	50	5903	1800096	50	6000	1829590	50	6232	1900191	50	6500	1981957	50	6559	2000031	50	6887	2100286	50	7000	2135009	50	7214	2200226	50	7500	2287316	50	7542	2300205	50	7859	2400283	50	8000	2443379	50	8187	2500284	50	
329	100039	43	500	151873	43	659	200302	43	989	300129	43	1000	303511	43	1319	400149	43	1500	454920	43	1650	500219	43	1980	600057	43	2000	606138	43	2311	700280	43	2500	757586	43	2641	800181	43	2972	900319	43	3000	908843	43	3302	1000204	43	3500	1060197	43	3632	1100045	43	3962	1200025	43	4000	1211469	43	4293	1300153	43	4500	1365232	43	4613	1400253	43	4942	1500258	43	5000	1517811	43	5273	1600313	43	5500	1668976	43	5603	1700154	43	5934	1800224	43	6000	1820251	43	6263	1900227	43	6500	1972262	43	6592	2000185	43	6920	2100080	43	7000	2124231	43	7248	2200164	43	7500	2276398	43	7578	2300097	43	7909	2400227	43	8000	2427717	43	8240	2500283	43	
380	100022	46	500	131501	46	761	200215	46	1000	262834	46	1141	300095	46	1500	396924	46	1512	400066	46	1891	500262	46	2000	528838	46	2272	600092	46	2500	659844	46	2652	700251	46	3000	791487	46	3033	800143	46	3414	900032	46	3500	922493	46	3793	1000100	46	4000	1054711	46	4174	1100240	46	4500	1185910	46	4554	1200039	46	4935	1300048	46	5000	1317182	46	5317	1400241	46	5500	1448532	46	5696	1500023	46	6000	1579889	46	6077	1600070	46	6456	1700139	46	6500	1711686	46	6838	1800136	46	7000	1842503	46	7220	1900220	46	7500	1973798	46	7600	2000105	46	7982	2100117	46	8000	2104864	46	8361	2200209	46	8500	2236566	46	8741	2300263	46	9000	2368048	46	9122	2400155	46	9500	2499315	46	9503	2500132	46	
344	100240	46	500	145237	46	689	200069	46	1000	289879	46	1036	300278	46	1381	400232	46	1500	434543	46	1725	500179	46	2000	579463	46	2072	600258	46	2417	700070	46	2500	724016	46	2762	800071	46	3000	868751	46	3109	900251	46	3456	1000286	46	3500	1012963	46	3803	1100255	46	4000	1157138	46	4148	1200226	46	4493	1300117	46	4500	1302152	46	4839	1400090	46	5000	1446525	46	5185	1500080	46	5500	1591035	46	5532	1600245	46	5879	1700181	46	6000	1735022	46	6224	1800161	46	6500	1879997	46	6570	1900262	46	6916	2000212	46	7000	2024621	46	7262	2100137	46	7500	2168724	46	7608	2200206	46	7953	2300229	46	8000	2313951	46	8292	2400127	46	8500	2461486	46	8634	2500295	46	
359	100280	40	500	139493	40	718	200126	40	1000	278649	40	1077	300064	40	1435	400088	40	1500	418156	40	1795	500170	40	2000	557318	40	2154	600092	40	2500	696262	40	2514	700176	40	2875	800279	40	3000	834957	40	3234	900257	40	3500	974438	40	3593	1000259	40	3952	1100216	40	4000	1113559	40	4309	1200068	40	4500	1253529	40	4668	1300200	40	5000	1392469	40	5028	1400266	40	5375	1500138	40	5500	1535174	40	5732	1600257	40	6000	1674666	40	6092	1700209	40	6452	1800141	40	6500	1813502	40	6812	1900172	40	7000	1952376	40	7170	2000184	40	7500	2091960	40	7529	2100071	40	7887	2200085	40	8000	2231726	40	8246	2300228	40	8500	2370787	40	8605	2400073	40	8965	2500171	40	
374	100222	46	500	133647	46	751	200231	46	1000	266339	46	1128	300172	46	1500	398544	46	1506	400181	46	1873	500266	46	2000	534134	46	2250	600235	46	2500	666427	46	2628	700238	46	3000	799000	46	3004	800084	46	3380	900137	46	3500	932100	46	3758	1000258	46	4000	1064631	46	4134	1100164	46	4500	1197579	46	4509	1200124	46	4886	1300044	46	5000	1330273	46	5264	1400269	46	5500	1462603	46	5642	1500033	46	6000	1594702	46	6021	1600234	46	6399	1700182	46	6500	1726880	46	6776	1800097	46	7000	1859172	46	7153	1900174	46	7500	1991936	46	7531	2000112	46	7907	2100269	46	8000	2124942	46	8283	2200148	46	8500	2258135	46	8658	2300137	46	9000	2390670	46	9036	2400253	46	9412	2500062	46	
334	100163	46	500	149827	46	669	200257	46	1000	299702	46	1001	300024	46	1336	400159	46	1500	449174	46	1671	500309	46	2000	598538	46	2005	600055	46	2340	700217	46	2500	748136	46	2671	800287	46	3000	898876	46	3004	900081	46	3339	1000159	46	3500	1048365	46	3674	1100163	46	4000	1197448	46	4009	1200140	46	4343	1300151	46	4500	1346974	46	4678	1400032	46	5000	1496488	46	5012	1500078	46	5347	1600121	46	5500	1645749	46	5683	1700258	46	6000	1795329	46	6016	1800137	46	6348	1900255	46	6500	1945640	46	6683	2000251	46	7000	2094806	46	7018	2100184	46	7353	2200069	46	7500	2243948	46	7688	2300281	46	8000	2393424	46	8023	2400290	46	8351	2500087	46	
370	100050	43	500	134802	43	744	200168	43	1000	268527	43	1118	300137	43	1491	400158	43	1500	402593	43	1862	500017	43	2000	536992	43	2235	600233	43	2500	671156	43	2609	700272	43	2983	800207	43	3000	804751	43	3357	900184	43	3500	938302	43	3731	1000139	43	4000	1072173	43	4105	1100184	43	4478	1200061	43	4500	1205968	43	4852	1300259	43	5000	1339877	43	5225	1400043	43	5500	1473658	43	5598	1500119	43	5963	1600075	43	6000	1610105	43	6336	1700026	43	6500	1744539	43	6707	1800143	43	7000	1878546	43	7081	1900198	43	7455	2000128	43	7500	2012221	43	7828	2100025	43	8000	2146241	43	8201	2200041	43	8500	2280064	43	8575	2300223	43	8948	2400143	43	9000	2414027	43	9322	2500088	43	
361	100141	45	500	138350	45	724	200219	45	1000	276876	45	1084	300075	45	1445	400067	45	1500	415344	45	1807	500076	45	2000	555288	45	2161	600159	45	2500	693601	45	2524	700215	45	2886	800237	45	3000	831789	45	3247	900159	45	3500	970039	45	3609	1000050	45	3972	1100295	45	4000	1108010	45	4335	1200145	45	4500	1245851	45	4697	1300052	45	5000	1383806	45	5059	1400087	45	5421	1500056	45	5500	1521754	45	5784	1600174	45	6000	1659671	45	6147	1700208	45	6500	1797542	45	6509	1800064	45	6872	1900133	45	7000	1935516	45	7235	2000243	45	7500	2073260	45	7598	2100237	45	7961	2200156	45	8000	2210916	45	8324	2300111	45	8500	2348573	45	8687	2400077	45	9000	2486238	45	9051	2500273	45	
346	100056	46	500	144621	46	692	200097	46	1000	289922	46	1035	300066	46	1380	400043	46	1500	434838	46	1725	500162	46	2000	579806	46	2070	600073	46	2416	700291	46	2500	724852	46	2761	800171	46	3000	869553	46	3106	900187	46	3451	1000153	46	3500	1014589	46	3795	1100194	46	4000	1159564	46	4140	1200104	46	4487	1300303	46	4500	1304092	46	4832	1400221	46	5000	1448744	46	5177	1500272	46	5500	1593821	46	5522	1600191	46	5868	1700226	46	6000	1738344	46	6214	1800086	46	6500	1884048	46	6555	1900082	46	6901	2000192	46	7000	2029048	46	7246	2100133	46	7500	2173388	46	7593	2200270	46	7938	2300028	46	8000	2318068	46	8284	2400287	46	8500	2462862	46	8629	2500077	46	
368	100190	43	500	136010	43	737	200288	43	1000	271354	43	1106	300082	43	1475	400265	43	1500	407067	43	1843	500028	43	2000	542793	43	2211	600089	43	2500	678305	43	2580	700060	43	2949	800203	43	3000	814056	43	3316	900131	43	3500	950214	43	3680	1001076	43	4000	1094173	43	4022	1100193	43	4390	1200109	43	4500	1229877	43	4758	1300040	43	5000	1365634	43	5128	1400233	43	5496	1500153	43	5500	1501240	43	5857	1600249	43	6000	1639867	43	6221	1700065	43	6500	1776823	43	6586	1800268	43	6954	1900234	43	7000	1912717	43	7323	2000226	43	7500	2048212	43	7690	2100136	43	8000	2184943	43	8056	2200124	43	8421	2300182	43	8500	2321608	43	8789	2400159	43	9000	2457249	43	9158	2500243	43	
334	100049	49	500	149423	49	670	200020	49	1000	298447	49	1006	300269	49	1341	400126	49	1500	447427	49	1677	500039	49	2000	596589	49	2012	600281	49	2335	700182	49	2500	749340	49	2671	800109	49	3000	898343	49	3006	900148	49	3339	1000100	49	3500	1048052	49	3675	1100271	49	4000	1196933	49	4011	1200227	49	4346	1300174	49	4500	1346041	49	4681	1400059	49	5000	1495130	49	5017	1500204	49	5353	1600146	49	5500	1643891	49	5689	1700051	49	6000	1792548	49	6026	1800295	49	6362	1900202	49	6500	1941241	49	6698	2000107	49	7000	2090303	49	7033	2100166	49	7368	2200136	49	7500	2239460	49	7704	2300100	49	8000	2388800	49	8038	2400265	49	8374	2500247	49	
135	100271	221	267	200642	186	397	300533	186	500	379761	186	527	400562	186	657	500374	186	787	600369	186	917	700233	186	1000	764321	186	1047	800529	186	1177	900429	186	1307	1000209	186	1437	1100206	186	1500	1148602	186	1567	1200096	186	1697	1300107	186	1828	1400710	186	1958	1500451	186	2000	1532814	186	2088	1600199	186	2219	1700707	186	2349	1800247	186	2479	1900499	186	2500	1916707	186	2609	2000731	186	2739	2100557	186	2869	2200769	186	2998	2300081	186	3000	2301684	186	3129	2400412	186	3259	2500179	186	
124	100348	259	243	200349	216	361	300432	209	478	400158	209	500	418728	209	597	500883	209	715	600605	209	833	700209	209	951	800185	209	1000	841626	209	1070	900860	209	1188	1000830	209	1306	1100456	209	1425	1200895	209	1500	1264216	209	1543	1300756	209	1660	1400339	209	1778	1500200	209	1896	1600083	209	2000	1690146	209	2012	1700722	209	2129	1800159	209	2247	1900425	209	2365	2000298	209	2483	2100282	209	2500	2114714	209	2601	2200283	209	2719	2300163	209	2838	2400917	209	2956	2500653	209	
128	100297	253	253	200081	205	376	300344	204	499	400544	204	500	401419	204	621	500148	204	744	600548	204	865	700334	204	986	800277	204	1000	811749	204	1109	900803	204	1228	1000348	204	1351	1100543	204	1473	1200439	204	1500	1222397	204	1596	1300527	204	1718	1400699	204	1840	1500323	204	1963	1600338	204	2000	1630442	204	2086	1700645	204	2209	1800795	204	2331	1900330	204	2454	2000882	204	2500	2038456	204	2576	2100395	204	2699	2200760	204	2821	2300611	204	2944	2400554	204	3000	2446233	204	3066	2500310	204	
139	100570	212	272	200122	184	405	300344	184	500	371690	184	538	400399	184	670	500182	184	803	600641	184	936	700724	184	1000	749160	184	1068	800689	184	1200	900411	184	1333	1000519	184	1465	1100097	184	1500	1126613	184	1598	1200737	184	1730	1300586	184	1863	1400715	184	1995	1500208	184	2000	1504056	184	2128	1600484	184	2261	1700664	184	2393	1800346	184	2500	1881089	184	2526	1900753	184	2658	2000151	184	2791	2100733	184	2923	2200465	184	3000	2259217	184	3054	2300152	184	3187	2400292	184	3319	2500135	184	
136	100640	235	267	200176	181	396	300350	181	500	381387	181	524	400108	181	653	500432	181	782	600668	181	910	700688	181	1000	770687	181	1038	800386	181	1165	900111	181	1294	1000786	181	1423	1100844	181	1500	1160604	181	1551	1200207	181	1680	1300362	181	1809	1400404	181	1937	1500512	181	2000	1549590	181	2065	1600109	181	2194	1700298	181	2320	1800654	181	2448	1900197	181	2500	1940460	181	2577	2000647	181	2705	2100240	181	2833	2200783	181	2962	2300664	181	3000	2330211	181	3090	2400207	181	3218	2500106	181	
130	100844	234	254	200566	186	376	300289	186	499	400459	186	500	401343	186	622	500685	186	744	600608	186	866	700293	186	986	800880	186	1000	812409	186	1108	900525	186	1230	1000232	186	1353	1100678	186	1476	1200771	186	1500	1220547	186	1598	1300435	186	1721	1400564	186	1844	1500856	186	1966	1600694	186	2000	1628425	186	2088	1700358	186	2210	1800685	186	2332	1900733	186	2453	2000495	186	2500	2038959	186	2575	2100324	186	2698	2200497	186	2821	2300753	186	2944	2400792	186	3000	2446658	186	3066	2500733	186	
139	100261	263	275	200571	191	407	300752	188	500	370681	188	539	400210	188	672	500763	188	804	600611	188	936	700559	188	1000	748858	188	1068	800193	188	1200	900391	188	1332	1000445	188	1465	1100817	188	1500	1127325	188	1597	1200807	188	1728	1300124	188	1860	1400139	188	1993	1500721	188	2000	1506092	188	2125	1600698	188	2257	1700140	188	2390	1800481	188	2500	1883537	188	2522	1900193	188	2655	2000733	188	2787	2100330	188	2919	2200125	188	3000	2261130	188	3052	2300351	188	3185	2400657	188	3317	2500150	188	
144	100089	224	284	200596	180	422	300271	180	500	356816	180	560	400512	180	699	500761	180	837	600435	180	974	700070	180	1000	718936	180	1112	800314	180	1250	900243	180	1389	1000586	180	1500	1080680	180	1527	1100230	180	1666	1200600	180	1804	1300574	180	1943	1400781	180	2000	1441968	180	2081	1500684	180	2218	1600149	180	2356	1700194	180	2495	1800780	180	2500	1804459	180	2629	1900235	180	2768	2000658	180	2906	2100744	180	3000	2169009	180	3043	2200100	180	3181	2300289	180	3319	2400359	180	3457	2500562	180	
138	100118	248	271	200073	199	403	300536	199	500	374459	199	534	400430	199	665	500495	199	796	600218	199	927	700294	199	1000	756170	199	1058	800583	199	1184	900811	199	1315	1000776	199	1446	1100664	199	1500	1141895	199	1577	1200626	199	1708	1300296	199	1839	1400158	199	1971	1500755	199	2000	1522859	199	2102	1600564	199	2233	1700356	199	2364	1800160	199	2495	1900444	199	2500	1904297	199	2626	2000408	199	2757	2100241	199	2889	2200691	199	3000	2285382	199	3020	2300682	199	3150	2400283	199	3280	2500116	199	
134	100202	237	264	200814	186	391	300531	186	500	386734	186	517	400214	186	644	500292	186	770	600074	186	898	700561	186	1000	780970	186	1025	800612	186	1153	900826	186	1280	1000488	186	1407	1100249	186	1500	1173117	186	1535	1200718	186	1662	1300530	186	1789	1400257	186	1916	1500690	186	2000	1566952	186	2042	1600155	186	2169	1700273	186	2297	1800671	186	2423	1900169	186	2500	1960820	186	2550	2000191	186	2677	2100471	186	2804	2200568	186	2931	2300269	186	3000	2354468	186	3059	2400832	186	3186	2500383	186	
138	100600	241	270	200590	191	399	300297	191	500	378083	191	529	400706	191	658	500441	191	788	600126	191	918	700310	191	1000	763415	191	1048	800311	191	1177	900138	191	1307	1000271	191	1437	1100271	191	1500	1148798	191	1567	1200389	191	1697	1300156	191	1828	1400663	191	1958	1500376	191	2000	1532667	191	2088	1600502	191	2218	1700738	191	2348	1800485	191	2469	1900608	191	2500	1925702	191	2596	2000433	191	2726	2100218	191	2857	2200679	191	2986	2300517	191	3000	2311446	191	3116	2400790	191	3246	2500664	191	
132	100478	228	259	200094	187	384	300343	187	500	393224	187	509	400474	187	634	500654	187	759	600759	187	883	700236	187	1000	793990	187	1008	800446	187	1133	900624	187	1253	1000078	187	1378	1100339	187	1500	1198140	187	1503	1200628	187	1628	1300757	187	1753	1400747	187	1877	1500610	187	2000	1599369	187	2001	1600263	187	2126	1700427	187	2251	1800644	187	2375	1900165	187	2500	2000273	187	2500	2000354	187	2625	2100305	187	2750	2200463	187	2874	2300126	187	3000	2400543	187	3000	2400624	187	3125	2500581	187	
138	100615	235	270	200280	182	401	300385	182	500	376283	182	531	400171	182	662	500168	182	793	600333	182	924	700427	182	1000	758818	182	1054	800163	182	1185	900450	182	1315	1000120	182	1446	1100554	182	1500	1142050	182	1576	1200164	182	1707	1300373	182	1838	1400239	182	1969	1500437	182	2000	1524187	182	2100	1600769	182	2230	1700346	182	2361	1800555	182	2492	1900461	182	2500	1906667	182	2623	2000456	182	2754	2100617	182	2885	2200802	182	3000	2288891	182	3015	2300399	182	3145	2400257	182	3276	2500610	182	
140	100792	226	273	200275	198	405	300246	198	500	371907	198	538	400728	198	669	500257	198	802	600630	198	934	700181	198	1000	750124	198	1067	800734	198	1198	900218	198	1331	1000569	198	1464	1100717	198	1500	1127865	198	1596	1200197	198	1729	1300819	198	1861	1400423	198	1993	1500196	198	2000	1505560	198	2125	1600194	198	2257	1700079	198	2389	1800795	198	2500	1884883	198	2521	1900762	198	2649	2000644	198	2780	2100134	198	2913	2200437	198	3000	2266264	198	3045	2300317	198	3177	2400200	198	3310	2500701	198	
143	100626	234	280	200615	206	416	300790	206	500	362479	206	551	400105	206	687	500356	206	823	600273	206	959	700259	206	1000	730566	206	1095	800793	206	1230	900562	206	1362	1000204	206	1496	1100745	206	1500	1103712	206	1631	1200674	206	1766	1300164	206	1902	1400327	206	2000	1472379	206	2038	1500332	206	2174	1600441	206	2309	1700434	206	2445	1800642	206	2500	1841162	206	2581	1900724	206	2716	2000112	206	2851	2100395	206	2987	2200368	206	3000	2209980	206	3123	2300573	206	3259	2400576	206	3394	2500106	206	
130	100150	239	259	200456	182	386	300819	182	500	390918	182	512	400500	182	638	500150	182	765	600310	182	892	700614	182	1000	786513	182	1018	800799	182	1144	900489	182	1270	1000424	182	1397	1100813	182	1500	1182040	182	1523	1200348	182	1650	1300734	182	1776	1400169	182	1903	1500735	182	2000	1577363	182	2029	1600451	182	2155	1700104	182	2281	1800300	182	2407	1900122	182	2500	1973873	182	2534	2000807	182	2660	2100662	182	2786	2200385	182	2912	2300114	182	3000	2369766	182	3039	2400588	182	3165	2500266	182	
138	100217	238	272	200567	200	404	300379	200	500	373116	200	536	400316	200	668	500701	200	799	600225	200	932	700767	200	1000	752467	200	1063	800321	200	1195	900253	200	1327	1000146	200	1459	1100091	200	1500	1131082	200	1591	1200092	200	1724	1300569	200	1856	1400387	200	1988	1500818	200	2000	1510072	200	2119	1600167	200	2251	1700163	200	2383	1800380	200	2500	1888904	200	2515	1900219	200	2648	2000772	200	2776	2100211	200	2909	2200797	200	3000	2269760	200	3041	2300707	200	3173	2400587	200	3305	2500406	200	
141	100590	244	276	200215	188	410	300655	188	500	368372	188	543	400760	188	675	500327	188	808	600202	188	942	700765	188	1000	744317	188	1074	800221	188	1207	900134	188	1340	1000505	188	1469	1100166	188	1500	1123821	188	1601	1200151	188	1734	1300160	188	1867	1400412	188	2000	1500545	188	2000	1500618	188	2132	1600187	188	2265	1700632	188	2397	1800470	188	2500	1878409	188	2529	1900418	188	2662	2000498	188	2795	2100610	188	2928	2200526	188	3000	2254634	188	3060	2300514	188	3193	2400328	188	3326	2500216	188	
129	100273	227	256	200233	193	384	300368	193	500	391335	193	512	400782	193	639	500499	193	767	600501	193	895	700552	193	1000	783153	193	1022	800524	193	1149	900083	193	1277	1000588	193	1405	1100584	193	1500	1174834	193	1532	1200079	193	1661	1300825	193	1788	1400326	193	1916	1500771	193	2000	1566599	193	2043	1600311	193	2171	1700331	193	2298	1800100	193	2426	1900664	193	2500	1958603	193	2553	2000152	193	2681	2100122	193	2809	2200525	193	2934	2300697	193	3000	2353008	193	3060	2400267	193	3187	2500410	193	
147	100626	214	289	200664	192	430	300600	192	500	350439	192	571	400522	192	712	500205	192	853	600178	192	995	700581	192	1000	704164	192	1135	800084	192	1277	900649	192	1418	1000345	192	1500	1058655	192	1559	1100458	192	1700	1200163	192	1841	1300072	192	1983	1400567	192	2000	1412796	192	2124	1500494	192	2265	1600444	192	2407	1700770	192	2500	1766683	192	2547	1800177	192	2689	1900664	192	2830	2000440	192	2971	2100644	192	3000	2122996	192	3108	2200588	192	3249	2300433	192	3390	2400544	192	3500	2478333	192	3531	2500375	192	
33	101723	1599	66	203070	1533	98	301536	1477	131	402953	1415	163	501873	1367	195	602809	1313	227	703036	1266	258	801568	1228	290	903110	1190	321	1000928	1157	353	1103744	1129	383	1203065	1104	414	1302042	1082	445	1402927	1058	476	1502970	1037	500	1582211	1021	506	1602046	1019	536	1702025	1001	566	1803448	988	595	1900637	975	625	2002322	967	654	2101708	964	683	2201703	959	712	2302222	959	741	2402852	959	770	2503654	959	
33	101125	1697	65	200752	1635	98	300948	1570	131	402038	1507	164	502284	1451	197	603073	1403	229	700567	1353	261	801547	1308	294	902595	1259	326	1002510	1221	358	1102037	1188	390	1201092	1151	422	1301742	1111	454	1403587	1087	485	1501627	1060	500	1550079	1048	516	1601868	1036	547	1702027	1012	578	1803463	1000	607	1900635	989	637	2001880	982	666	2101149	982	695	2200722	982	725	2303392	982	754	2402859	982	783	2502233	982	
34	101152	1711	68	202524	1641	101	301343	1575	135	403172	1512	168	502569	1453	201	602389	1402	234	703221	1339	266	802280	1297	296	902081	1248	328	1000605	1204	361	1103156	1164	393	1202755	1131	424	1300999	1101	456	1401334	1071	488	1503042	1042	500	1541098	1033	519	1602304	1020	550	1702853	1000	581	1803257	983	611	1900962	970	642	2003572	959	672	2102573	951	700	2200496	948	730	2302223	947	759	2401278	947	789	2503538	947	
34	102633	1679	67	202401	1610	100	302466	1554	133	402494	1492	166	502869	1442	198	600448	1397	231	701127	1342	264	802998	1289	296	902636	1240	328	1003337	1201	360	1103178	1159	391	1202602	1124	422	1301194	1095	453	1400394	1068	485	1502275	1041	500	1551047	1027	516	1602811	1016	546	1700960	997	577	1801872	982	607	1901865	970	637	2002754	962	666	2101372	959	696	2202973	956	725	2301666	955	754	2400850	955	784	2502841	955	
33	100468	1661	66	202287	1599	98	300678	1533	131	401362	1476	164	502575	1422	196	601245	1373	229	702635	1312	261	803197	1264	293	902815	1220	324	1000839	1184	356	1101048	1144	388	1202281	1108	419	1300765	1082	451	1402425	1050	482	1503294	1020	500	1561266	1010	512	1600893	1002	543	1702720	984	573	1801431	962	603	1900427	948	633	2001406	937	663	2103518	931	692	2203078	930	721	2302703	930	750	2402037	930	779	2502968	930	
34	102285	1687	67	200626	1615	101	302509	1540	134	402412	1472	167	502170	1410	200	603115	1360	232	701492	1305	264	800649	1259	297	902467	1220	329	1001806	1174	361	1101687	1144	393	1201111	1109	425	1301159	1082	457	1402708	1059	488	1500974	1037	500	1539465	1028	519	1600498	1017	550	1700484	997	581	1802273	981	611	1901301	972	641	2000713	963	671	2101872	958	700	2202486	958	729	2301845	958	759	2403729	958	788	2502058	958	
34	103109	1639	67	202165	1576	100	302791	1513	133	403193	1460	165	501075	1404	198	602604	1357	230	701090	1309	263	803210	1266	295	902704	1214	327	1003299	1175	359	1103009	1141	390	1200556	1102	422	1301326	1069	454	1400945	1042	485	1500727	1015	500	1549735	1007	516	1601662	990	547	1702309	973	577	1801499	960	607	1900406	951	637	2000989	947	667	2102779	946	696	2201397	946	726	2303496	946	755	2402146	946	784	2500828	946	
34	102414	1645	67	201872	1589	99	301486	1529	132	400935	1467	165	501580	1414	198	603191	1363	230	701602	1318	263	803114	1274	295	902003	1236	327	1000458	1193	360	1103024	1151	392	1201976	1117	424	1301944	1087	456	1402324	1059	487	1501119	1037	500	1542602	1028	519	1603547	1016	549	1701401	996	580	1802368	979	611	1903607	959	641	2003142	949	670	2101576	946	700	2203578	946	729	2302280	946	758	2400798	946	788	2502589	946	
33	101727	1671	66	202449	1602	98	300873	1536	131	402620	1471	163	500841	1424	196	603491	1371	228	703316	1318	259	800960	1268	291	901881	1225	323	1002074	1180	355	1103218	1136	386	1201107	1102	418	1303490	1068	448	1400812	1043	479	1502432	1020	500	1571282	1003	509	1601487	998	540	1703655	980	570	1801898	964	600	1902394	950	629	2000571	941	658	2101737	934	687	2201823	933	715	2302788	933	744	2403785	933	772	2501099	933	
33	101811	1615	66	202036	1540	98	302809	1480	130	401189	1424	163	503468	1374	195	602927	1325	227	703453	1281	258	801236	1242	290	902430	1203	321	1000947	1170	353	1101950	1133	384	1203506	1101	414	1302925	1072	445	1402274	1048	476	1502489	1028	500	1581852	1012	506	1602228	1008	537	1703691	989	566	1800993	974	596	1902128	960	625	2001540	953	654	2101240	950	683	2201121	948	712	2301124	947	741	2401452	947	770	2501581	947	
34	101235	1642	68	202080	1577	101	302804	1522	134	401635	1465	167	501482	1404	200	601611	1358	233	702544	1301	265	800712	1251	298	901792	1201	331	1003032	1163	363	1101334	1124	395	1200707	1092	428	1303409	1061	460	1403512	1029	491	1500429	1007	500	1528818	1000	523	1602218	983	554	1701554	968	585	1802424	955	615	1900671	946	646	2003446	940	676	2103524	937	705	2201169	936	735	2301035	930	765	2402024	930	795	2502561	929	
36	102698	1696	71	202011	1619	106	301435	1546	141	401842	1484	176	502618	1421	210	600723	1360	245	701753	1305	280	803096	1258	314	902171	1203	348	1001355	1174	382	1100953	1136	416	1202063	1096	449	1300776	1061	483	1402953	1030	500	1454323	1018	515	1500913	1008	548	1601547	974	581	1702821	959	613	1803201	947	644	1901026	938	675	2000417	936	707	2103223	936	738	2202508	936	768	2302006	936	799	2401938	936	830	2501705	936	
33	100805	1719	67	203155	1654	99	301139	1595	132	400938	1540	165	501558	1474	196	600861	1421	229	701726	1368	261	800706	1327	294	901991	1282	326	1001894	1237	358	1102270	1202	390	1201490	1171	421	1301717	1133	452	1400503	1107	484	1502550	1085	500	1554654	1074	515	1603356	1064	545	1701234	1047	576	1802994	1027	606	1902673	1016	636	2003605	1009	665	2102058	1004	695	2203423	999	724	2302401	998	753	2401681	998	782	2500794	998	
34	100633	1667	68	200952	1603	101	300996	1531	135	402271	1473	168	500709	1413	201	600756	1358	234	700647	1301	267	800501	1255	300	900725	1212	334	1003228	1165	366	1100632	1132	399	1201736	1096	432	1303333	1069	464	1402727	1039	496	1501944	1012	500	1515040	1007	528	1603465	985	559	1702695	970	590	1802436	960	620	1901236	951	650	2000488	946	680	2100724	944	710	2200516	943	740	2300761	943	770	2400869	943	800	2501590	943	
35	100985	1662	70	201881	1595	105	303094	1531	139	402329	1474	173	502219	1422	207	603355	1375	240	700573	1319	274	801523	1261	308	902262	1217	341	1000533	1180	375	1101903	1143	408	1201112	1108	441	1301707	1077	474	1402043	1053	500	1482520	1033	506	1501685	1030	538	1600461	1009	571	1703379	994	602	1801089	978	634	1902962	964	664	2000381	959	695	2100531	953	726	2201116	948	756	2302118	948	786	2400524	948	816	2503413	948	
35	101223	1675	70	202457	1598	104	300963	1534	139	402678	1465	173	502310	1396	207	602421	1343	240	700567	1279	274	801077	1228	308	902831	1181	341	1001744	1147	374	1100788	1106	408	1202530	1076	440	1301349	1050	473	1401820	1024	500	1484738	1001	505	1500488	999	538	1601406	973	570	1700965	959	602	1803038	941	633	1903197	931	663	2000996	926	694	2102606	926	724	2201153	926	755	2302611	926	785	2401116	926	816	2503213	926	
36	102246	1649	71	201066	1583	106	301546	1523	141	401053	1444	176	500450	1380	211	601215	1327	246	702428	1276	280	801342	1231	314	900868	1182	348	1000558	1143	383	1102821	1110	416	1200754	1075	450	1302647	1049	483	1401892	1027	500	1453887	1016	516	1502791	1007	548	1601302	990	581	1703355	975	612	1800951	969	644	1902368	964	675	2001791	964	706	2100500	963	737	2200858	963	769	2303114	963	800	2402040	963	831	2501099	963	
35	102053	1650	69	201189	1591	104	302544	1516	138	401555	1458	172	501830	1399	206	603143	1349	239	701356	1303	273	802364	1252	306	901998	1212	339	1001037	1161	372	1100534	1124	405	1201619	1091	438	1302587	1068	470	1401569	1048	500	1495093	1029	502	1501653	1029	534	1602860	1014	565	1702176	995	596	1801043	982	627	1900799	973	658	2001729	967	688	2100415	966	719	2202590	966	749	2302111	966	778	2400827	966	809	2503199	966	
36	102418	1657	71	201171	1601	106	300393	1532	142	403043	1475	176	500947	1412	211	602585	1360	245	701679	1306	279	801753	1251	313	901580	1204	347	1000800	1159	381	1101224	1119	415	1202771	1084	448	1301806	1054	480	1401110	1026	500	1462474	1012	513	1502529	1003	545	1601336	987	577	1701220	974	609	1802273	968	641	1903022	961	672	2001384	955	703	2100591	954	735	2202837	953	766	2302211	953	797	2401623	953	828	2501058	953	
36	102055	1641	72	203048	1576	107	302097	1511	141	401240	1442	176	501318	1378	211	602943	1322	246	703271	1268	280	802029	1215	314	902304	1165	348	1002313	1122	382	1102467	1085	415	1202237	1048	448	1302381	1020	481	1402638	999	500	1460699	990	513	1501511	984	545	1601408	971	577	1702153	962	608	1800512	956	640	1903081	952	671	2002901	952	702	2102431	952	733	2201805	952	764	2301078	952	796	2403608	952	827	2503135	952	
315	100089	1884	500	159476	1585	627	200114	1384	938	300198	948	1000	320221	869	1245	400087	683	1500	483016	528	1554	500351	496	1861	600037	311	2000	645363	231	2167	700170	146	2471	800200	48	2500	809621	47	2779	900185	47	3000	971810	47	3088	1000273	47	3396	1100194	47	3500	1133876	47	3704	1200223	47	4000	1296035	47	4013	1300267	47	4322	1400186	47	4500	1458366	47	4629	1500080	47	4936	1600070	47	5000	1621298	47	5243	1700145	47	5500	1783831	47	5550	1800173	47	5859	1900322	47	6000	1946312	47	6166	2000164	47	6474	2100047	47	6500	2108473	47	6784	2200228	47	7000	2270278	47	7092	2300191	47	7392	2400080	47	7500	2434993	47	7700	2500270	47	
336	100252	1869	500	149291	1579	671	200086	1259	1000	298685	807	1005	300243	802	1336	400245	607	1500	449823	505	1667	500122	406	1997	600264	202	2000	601204	200	2323	700104	45	2500	753634	44	2655	800290	44	2987	900226	44	3000	904172	44	3318	1000304	44	3500	1055305	44	3649	1100247	44	3981	1200129	44	4000	1205891	44	4312	1300094	44	4500	1358097	44	4634	1400047	44	4965	1500098	44	5000	1510844	44	5296	1600128	44	5500	1661699	44	5627	1700117	44	5957	1800152	44	6000	1813105	44	6288	1900259	44	6500	1964682	44	6617	2000207	44	6947	2100090	44	7000	2116368	44	7278	2200118	44	7500	2267370	44	7608	2300114	44	7938	2400189	44	8000	2418901	44	8269	2500222	44	
308	100337	2024	500	162440	1692	616	200124	1490	923	300129	1009	1000	325420	912	1220	400184	724	1500	493115	560	1521	500063	546	1826	600257	354	2000	657450	253	2129	700098	185	2429	800063	62	2500	823674	48	2732	900313	45	3000	988686	45	3034	1000118	45	3336	1100280	45	3500	1154337	45	3639	1200267	45	3942	1300349	45	4000	1319644	45	4243	1400091	45	4500	1484814	45	4546	1500042	45	4849	1600125	45	5000	1649969	45	5152	1700248	45	5452	1800055	45	5500	1816003	45	5753	1900198	45	6000	1981772	45	6055	2000138	45	6357	2100228	45	6500	2147581	45	6659	2200244	45	6960	2300185	45	7000	2313411	45	7260	2400122	45	7500	2479605	45	7563	2500306	45	
318	100209	1834	500	157227	1525	637	200105	1291	954	300258	855	1000	314849	809	1266	400125	651	1500	474773	507	1580	500187	460	1891	600022	286	2000	635536	233	2200	700042	140	2500	796981	49	2510	800237	49	2820	900183	48	3000	957934	48	3131	1000142	48	3443	1100339	48	3500	1118684	48	3754	1200331	48	4000	1279442	48	4064	1300080	48	4376	1400300	48	4500	1440090	48	4687	1500181	48	4999	1600285	48	5000	1600617	48	5311	1700340	48	5500	1761147	48	5622	1800241	48	5931	1900151	48	6000	1922227	48	6243	2000214	48	6500	2082886	48	6554	2100307	48	6866	2200277	48	7000	2243351	48	7177	2300135	48	7489	2400104	48	7500	2403774	48	7789	2500118	48	
317	100173	1839	500	157778	1551	634	200267	1331	946	300128	884	1000	317536	820	1256	400271	664	1500	478922	525	1566	500044	483	1878	600238	303	2000	639536	231	2187	700304	140	2492	800162	53	2500	802733	52	2802	900087	48	3000	963962	48	3113	1000314	48	3422	1100065	48	3500	1125219	48	3732	1200028	48	4000	1286639	48	4042	1300284	48	4352	1400290	48	4500	1450237	48	4652	1500225	48	4961	1600229	48	5000	1612838	48	5270	1700248	48	5500	1774505	48	5580	1800315	48	5890	1900310	48	6000	1935957	48	6199	2000335	48	6500	2097712	48	6508	2100324	48	6817	2200124	48	7000	2259161	48	7127	2300198	48	7436	2400337	48	7500	2420992	48	7745	2500182	48	
318	100245	1900	500	157206	1586	636	200194	1372	952	300153	965	1000	315385	916	1266	400317	737	1500	476683	593	1572	500140	550	1887	600257	364	2000	636114	302	2200	700093	191	2500	796299	70	2512	800186	66	2826	900096	45	3000	955455	45	3140	1000250	45	3452	1100228	45	3500	1115531	45	3765	1200140	45	4000	1275532	45	4077	1300030	45	4390	1400286	45	4500	1435239	45	4702	1500054	45	5000	1594919	45	5016	1600047	45	5331	1700337	45	5500	1754049	45	5645	1800304	45	5958	1900077	45	6000	1913512	45	6272	2000121	45	6500	2072877	45	6585	2100087	45	6899	2200305	45	7000	2232897	45	7210	2300348	45	7500	2392543	45	7524	2400215	45	7838	2500159	45	
320	100206	1925	500	156621	1623	639	200140	1396	956	300040	973	1000	314014	930	1272	400062	762	1500	472131	633	1583	500088	582	1896	600041	388	2000	632922	329	2212	700036	213	2500	792442	100	2524	800168	94	2837	900189	56	3000	952221	56	3150	1000216	56	3462	1100277	56	3500	1112504	56	3775	1200329	56	4000	1272243	56	4087	1300039	56	4400	1400255	56	4500	1432208	56	4713	1500248	56	5000	1591973	56	5026	1600294	56	5339	1700292	56	5500	1751708	56	5650	1800332	56	5963	1900164	56	6000	1911943	56	6276	2000041	56	6500	2071424	56	6590	2100206	56	6903	2200170	56	7000	2231183	56	7215	2300159	56	7500	2391383	56	7527	2400053	56	7835	2500168	56	
323	100129	1944	500	155072	1634	645	200295	1395	963	300181	959	1000	311899	920	1281	400179	738	1500	468470	602	1601	500026	540	1919	600035	356	2000	625538	313	2236	700267	184	2500	784439	76	2549	800136	65	2865	900210	49	3000	943222	49	3179	1000220	49	3495	1100180	49	3500	1101780	49	3809	1200121	49	4000	1260847	49	4124	1300155	49	4440	1400283	49	4500	1419404	49	4755	1500160	49	5000	1581362	49	5058	1600122	49	5372	1700138	49	5500	1741067	49	5687	1800228	49	6000	1899174	49	6003	1900146	49	6319	2000283	49	6500	2058557	49	6631	2100022	49	6946	2200116	49	7000	2217301	49	7262	2300291	49	7500	2375721	49	7577	2400107	49	7892	2500052	49	
314	100057	1794	500	159393	1487	628	200068	1271	941	300052	833	1000	319238	787	1249	400260	643	1500	481866	490	1556	500100	454	1856	600238	275	2000	647288	201	2162	700107	117	2470	800319	48	2500	810026	48	2778	900072	48	3000	971817	48	3087	1000023	48	3396	1100039	48	3500	1133743	48	3704	1200132	48	4000	1296213	48	4012	1300125	48	4321	1400300	48	4500	1458264	48	4629	1500036	48	4938	1600082	48	5000	1620086	48	5249	1700312	48	5500	1782089	48	5556	1800289	48	5864	1900026	48	6000	1943834	48	6175	2000278	48	6481	2100243	48	6500	2106399	48	6789	2200247	48	7000	2268435	48	7097	2300099	48	7404	2400033	48	7500	2431118	48	7713	2500127	48	
322	100262	1927	500	155165	1617	644	200203	1364	962	300181	920	1000	312444	884	1276	400145	702	1500	470874	567	1592	500154	516	1909	600316	327	2000	629327	280	2222	700104	156	2500	789816	56	2532	800085	51	2846	900200	50	3000	949280	50	3160	1000348	50	3473	1100099	50	3500	1108721	50	3784	1200288	50	4000	1269160	50	4097	1300038	50	4410	1400186	50	4500	1428870	50	4723	1500066	50	5000	1588287	50	5037	1600093	50	5352	1700311	50	5500	1747583	50	5664	1800092	50	5977	1900096	50	6000	1907439	50	6291	2000292	50	6500	2066879	50	6604	2100103	50	6918	2200317	50	7000	2226407	50	7232	2300141	50	7500	2385539	50	7546	2400235	50	7860	2500308	50	
121	100224	9807	242	200340	9652	363	300456	9490	484	400366	9336	500	413802	9317	604	500115	9178	726	600355	9025	847	700324	8877	969	800896	8729	1000	826488	8686	1090	900775	8567	1211	1000197	8411	1332	1100103	8257	1453	1200182	8106	1500	1239049	8049	1574	1300655	7961	1695	1400669	7821	1816	1500540	7680	1935	1600622	7544	2000	1655978	7469	2054	1700611	7404	2174	1800126	7263	2296	1900867	7121	2417	2000902	6975	2500	2069498	6875	2537	2100359	6833	2658	2200567	6685	2778	2300121	6537	2899	2400630	6390	3000	2484247	6276	3019	2500159	6255	
125	100592	9594	250	200657	9439	375	300878	9276	500	400839	9118	500	400930	9118	624	500493	8954	749	600351	8792	871	700456	8644	996	800111	8485	1000	803406	8481	1121	900235	8320	1245	1000464	8156	1370	1100654	8001	1494	1200323	7846	1500	1205381	7839	1618	1300498	7691	1742	1400615	7543	1866	1500300	7394	1991	1600720	7240	2000	1608012	7229	2115	1700470	7088	2239	1800257	6939	2364	1900740	6780	2488	2000723	6632	2500	2010326	6617	2612	2100450	6479	2737	2200735	6331	2861	2300540	6177	2985	2400856	6034	3000	2412962	6016	3108	2500131	5884	
125	100260	9845	251	200852	9686	375	300115	9532	500	400306	9377	500	400398	9377	626	500879	9212	751	600618	9041	876	700428	8890	1000	799036	8726	1002	800751	8724	1126	900138	8562	1252	1000831	8396	1377	1100753	8237	1500	1199161	8083	1502	1200858	8080	1626	1300237	7923	1751	1400298	7753	1876	1500445	7604	2000	1599660	7450	2001	1600548	7448	2125	1700501	7298	2249	1800667	7146	2373	1900087	6987	2498	2000379	6833	2500	2002096	6831	2622	2100107	6680	2748	2200856	6529	2872	2300297	6372	2996	2400370	6222	3000	2403637	6218	3120	2500393	6070	
122	100423	9961	244	200636	9804	365	300183	9646	487	400141	9491	500	410781	9475	609	500271	9333	730	600396	9180	851	700123	9032	973	800436	8882	1000	822719	8848	1095	900851	8737	1216	1000632	8582	1337	1100138	8437	1459	1200352	8291	1500	1234033	8243	1580	1300187	8143	1701	1400239	7990	1823	1500498	7835	1945	1600848	7692	2000	1645882	7621	2064	1700799	7545	2185	1800454	7394	2307	1900823	7246	2427	2000143	7096	2500	2060316	7000	2549	2100606	6940	2671	2200514	6790	2793	2300880	6644	2914	2400670	6499	3000	2471591	6396	3035	2500546	6357	
121	100257	10110	242	200227	9954	363	300662	9796	483	400101	9643	500	414268	9622	604	500208	9481	725	600188	9330	844	700295	9185	963	800398	9038	1000	831140	8991	1084	900707	8891	1204	1000197	8740	1325	1100847	8598	1446	1200877	8454	1500	1245900	8393	1566	1300762	8306	1687	1400764	8161	1808	1500748	8006	1929	1600714	7859	2000	1659244	7771	2050	1700886	7713	2170	1800173	7569	2291	1900710	7428	2411	2000726	7278	2500	2074406	7164	2532	2100870	7125	2652	2200347	6979	2772	2300268	6842	2894	2400878	6687	3000	2488721	6560	3014	2500501	6544	
123	100763	9831	246	200771	9668	368	300638	9509	491	400713	9350	500	408041	9341	614	500919	9187	736	600834	9030	858	700725	8878	980	800863	8728	1000	817439	8704	1102	900881	8584	1224	1000649	8432	1346	1100694	8285	1468	1200678	8142	1500	1227002	8105	1590	1300653	7991	1712	1400778	7846	1834	1500320	7693	1956	1600167	7547	2000	1636182	7489	2078	1700355	7396	2200	1800450	7244	2322	1900395	7095	2444	2000799	6940	2500	2046869	6871	2565	2100271	6786	2687	2200640	6639	2809	2300623	6491	2930	2400238	6345	3000	2457579	6261	3052	2500352	6200	
123	100473	9969	246	200580	9804	368	300495	9648	488	400091	9502	500	410040	9489	611	500610	9342	734	600746	9192	855	700677	9043	977	800692	8891	1000	819366	8861	1099	900398	8736	1221	1000116	8580	1344	1100557	8423	1466	1200399	8276	1500	1228306	8232	1588	1300671	8122	1710	1400780	7976	1832	1500520	7826	1954	1600295	7686	2000	1638077	7630	2076	1700338	7538	2194	1800556	7396	2316	1900679	7248	2438	2000829	7099	2500	2051812	7026	2559	2100097	6955	2682	2200286	6809	2805	2300942	6653	2926	2400755	6506	3000	2461794	6423	3047	2500434	6370	
122	100377	9791	245	200866	9640	366	300187	9482	488	400231	9327	500	410094	9314	610	500388	9179	733	600840	9030	855	700698	8886	974	800691	8743	1000	822515	8710	1094	900142	8589	1217	1000885	8445	1340	1100871	8292	1462	1200824	8142	1500	1232022	8092	1584	1300846	7986	1705	1400729	7840	1826	1500373	7682	1948	1600662	7538	2000	1643747	7475	2069	1700758	7394	2190	1800880	7251	2311	1900160	7101	2433	2000096	6956	2500	2055179	6868	2555	2100210	6800	2677	2200209	6652	2799	2300173	6499	2921	2400720	6355	3000	2465558	6261	3042	2500153	6214	
123	100572	10091	245	200252	9930	367	300323	9768	489	400752	9613	500	409875	9600	611	500757	9454	733	600421	9300	855	700347	9142	977	800295	8987	1000	819176	8958	1099	900274	8836	1221	1000431	8674	1343	1100503	8523	1465	1200109	8379	1500	1228836	8337	1588	1300671	8231	1709	1400308	8087	1832	1500888	7932	1954	1600771	7788	2000	1638537	7729	2075	1700191	7641	2197	1800549	7498	2319	1900423	7347	2441	2000633	7194	2500	2049290	7121	2562	2100100	7045	2685	2200779	6901	2808	2300846	6755	2928	2400777	6607	3000	2460028	6518	3049	2500320	6462	
125	100822	9692	249	200187	9528	374	300547	9378	498	400368	9221	500	402068	9218	622	500410	9059	747	600895	8894	871	700767	8744	995	800360	8589	1000	804466	8581	1119	900244	8430	1243	1000218	8278	1368	1100847	8120	1492	1200467	7963	1500	1206978	7954	1616	1300237	7803	1740	1400726	7651	1864	1500501	7500	1988	1600162	7344	2000	1609920	7328	2112	1700523	7191	2236	1800134	7033	2356	1900184	6880	2480	2000459	6728	2500	2016511	6702	2604	2100416	6570	2728	2200341	6414	2853	2300888	6252	2976	2400345	6103	3000	2419586	6077	3100	2500491	5950	
29	101452	50283	58	201639	50181	87	301449	50084	116	402129	49989	145	502311	49889	174	602363	49794	203	702157	49692	232	802054	49594	260	901054	49501	289	1001488	49409	318	1101891	49313	347	1201950	49215	376	1301645	49119	405	1401911	49019	434	1501850	48932	463	1601561	48836	492	1701360	48738	500	1729099	48713	521	1801175	48639	550	1901072	48541	579	2000794	48445	608	2101524	48353	637	2201483	48260	666	2301490	48162	695	2402416	48069	724	2503002	47967	
29	101127	49863	58	200645	49767	88	303569	49670	117	403240	49569	146	503065	49478	175	602746	49380	204	702284	49284	233	801903	49186	262	901596	49090	291	1001343	48994	320	1100820	48896	349	1201163	48799	378	1301203	48700	407	1400916	48602	436	1500958	48504	465	1600991	48408	494	1700584	48308	500	1721533	48288	523	1800790	48209	552	1900537	48109	581	2000503	48011	610	2100577	47917	640	2203791	47821	669	2303619	47725	698	2403601	47634	727	2503254	47541	
30	103716	49996	59	202146	49899	88	301264	49797	118	403764	49696	147	503253	49599	176	602332	49509	205	701115	49418	235	803116	49320	264	902889	49226	293	1001886	49129	322	1100664	49023	352	1202896	48923	381	1301525	48835	410	1400866	48747	440	1503252	48647	469	1602282	48552	498	1701066	48454	500	1708340	48447	528	1803452	48350	555	1903084	48264	584	2002186	48173	613	2101034	48077	643	2203276	47977	672	2302524	47878	701	2401931	47793	730	2500955	47702	
29	100510	50173	59	203131	50074	88	302431	49975	117	401494	49873	146	501055	49777	176	603845	49681	205	703031	49587	234	802884	49494	262	900902	49400	291	1000566	49301	320	1100602	49203	350	1203354	49099	379	1302518	49000	408	1402300	48909	437	1501766	48814	466	1600700	48721	496	1702826	48623	500	1716938	48611	525	1802760	48531	554	1902003	48435	583	2001072	48335	613	2103668	48240	642	2202567	48148	671	2301652	48050	700	2401032	47957	729	2500502	47867	
29	100978	49500	58	201015	49402	87	301279	49302	116	401306	49198	145	501640	49102	174	601393	49015	203	701050	48920	232	800832	48825	262	903732	48727	291	1003725	48630	320	1103435	48530	349	1203402	48439	378	1303855	48343	407	1403731	48254	435	1500745	48162	464	1600599	48062	493	1701271	47968	500	1725898	47941	522	1801843	47861	551	1901789	47775	580	2002144	47681	609	2102728	47582	638	2202843	47484	667	2303257	47383	695	2400810	47299	724	2501616	47206	
29	101345	50027	58	201872	49920	87	302498	49821	116	403008	49716	145	503436	49621	174	603818	49526	202	700542	49430	231	800931	49334	260	901042	49236	289	1001852	49143	318	1102334	49045	347	1202967	48950	376	1303476	48849	404	1400743	48757	433	1501245	48660	462	1601753	48566	491	1702425	48466	500	1734233	48437	520	1803921	48372	548	1903289	48276	576	2000852	48180	605	2101029	48081	634	2201364	47989	663	2301835	47882	692	2402419	47785	721	2502842	47686	
30	103110	50335	59	201959	50238	88	300766	50137	118	403331	50044	147	502234	49948	176	601084	49850	206	703253	49752	235	802115	49658	264	902307	49569	293	1001223	49475	323	1103324	49374	352	1201649	49278	382	1303808	49180	411	1402515	49080	440	1501705	48990	470	1603385	48891	499	1701469	48797	500	1705415	48795	529	1803801	48692	558	1902994	48594	587	2002226	48499	616	2101767	48406	645	2200738	48305	675	2303590	48208	704	2402231	48116	733	2501168	48011	
29	101902	50225	58	203235	50117	86	300561	50021	115	401682	49919	144	502651	49831	173	603789	49735	201	701382	49641	230	802592	49548	259	903374	49449	287	1000679	49358	316	1101581	49261	345	1202908	49164	374	1303866	49055	402	1401504	48967	431	1502877	48873	460	1603795	48784	488	1701357	48692	500	1743491	48647	517	1802893	48594	546	1903606	48498	574	2001089	48403	603	2101893	48311	632	2203010	48209	660	2300795	48109	689	2402341	48013	718	2503661	47921	
29	100493	50097	59	203575	49992	88	303075	49896	117	402503	49799	146	502118	49703	175	601413	49612	205	703551	49516	234	802866	49417	263	901712	49320	292	1000554	49224	322	1103119	49125	351	1202171	49029	380	1301397	48936	409	1401271	48846	438	1500784	48755	468	1603341	48656	497	1702481	48563	500	1713157	48548	526	1802076	48455	555	1901566	48354	584	2002750	48257	613	2102024	48164	642	2201712	48067	671	2301237	47969	701	2403697	47876	730	2503093	47784	
30	103643	50228	59	202387	50127	88	302933	50029	117	401731	49935	146	501008	49838	176	603202	49741	205	702073	49645	234	801346	49548	263	900801	49447	290	1001428	49358	320	1103582	49259	349	1203237	49171	378	1302392	49072	407	1401693	48979	436	1501200	48888	466	1603141	48791	495	1702088	48695	500	1719499	48681	524	1801452	48605	554	1903793	48501	583	2002695	48406	612	2101669	48314	641	2200581	48221	671	2302902	48123	700	2402031	48030	729	2501128	47941	
