wersja nr 3;wspolczynnik mutacji 0.050000;wielkosc populacji 10
1514	100015	1420	3030	200006	1420	4550	300047	1420	6046	400024	1420	7565	500060	1420	9073	600039	1420	10580	700010	1420	12095	800024	1420	13595	900049	1420	15099	1000068	1420	16607	1100037	1420	18124	1200043	1420	19637	1300029	1420	21138	1400062	1420	22652	1500011	1420	24160	1600063	1420	25663	1700018	1420	27183	1800037	1420	28704	1900065	1420	30183	2000006	1420	31681	2100014	1420	33198	2200067	1420	34699	2300022	1420	36217	2400067	1420	37725	2500046	1420	39237	2600010	1420	40752	2700059	1420	42265	2800013	1420	43774	2900043	1420	45267	3000047	1420	46784	3100033	1420	48300	3200028	1420	49814	3300040	1420	51325	3400018	1420	52840	3500010	1420	
1495	100005	1420	2984	200034	1420	4490	300052	1420	5989	400032	1420	7496	500048	1420	9002	600021	1420	10504	700066	1420	11996	800018	1420	13491	900063	1420	15000	1000066	1420	16507	1100040	1420	18018	1200049	1420	19528	1300048	1420	21036	1400004	1420	22549	1500025	1420	24058	1600068	1420	25559	1700014	1420	27059	1800040	1420	28566	1900041	1420	30067	2000055	1420	31577	2100022	1420	33088	2200008	1420	34597	2300015	1420	36109	2400067	1420	37616	2500033	1420	39122	2600010	1420	40623	2700053	1420	42124	2800046	1420	43613	2900017	1420	45109	3000044	1420	46620	3100050	1420	48129	3200043	1420	49638	3300041	1420	51143	3400060	1420	52646	3500035	1420	
1509	100054	1420	3012	200019	1420	4522	300034	1420	6022	400035	1420	7529	500052	1420	9039	600004	1420	10555	700027	1420	12049	800059	1420	13560	900030	1420	15075	1000025	1420	16592	1100006	1420	18109	1200031	1420	19608	1300014	1420	21100	1400009	1420	22610	1500012	1420	24123	1600060	1420	25633	1700070	1420	27133	1800033	1420	28635	1900056	1420	30133	2000011	1420	31646	2100047	1420	33154	2200030	1420	34667	2300025	1420	36177	2400056	1420	37674	2500025	1420	39190	2600063	1420	40698	2700045	1420	42202	2800031	1420	43713	2900020	1420	45228	3000019	1420	46740	3100051	1420	48246	3200074	1420	49730	3300049	1420	51234	3400038	1420	52744	3500051	1420	
1511	100020	1420	3027	200036	1420	4543	300011	1420	6053	400055	1420	7553	500020	1420	9055	600037	1420	10571	700039	1420	12087	800027	1420	13599	900045	1420	15109	1000048	1420	16619	1100041	1420	18129	1200015	1420	19647	1300045	1420	21167	1400017	1420	22674	1500035	1420	24165	1600042	1420	25676	1700011	1420	27170	1800018	1420	28663	1900054	1420	30171	2000030	1420	31683	2100007	1420	33194	2200041	1420	34703	2300055	1420	36211	2400057	1420	37718	2500024	1420	39215	2600031	1420	40725	2700055	1420	42232	2800071	1420	43736	2900058	1420	45233	3000071	1420	46734	3100060	1420	48244	3200029	1420	49754	3300055	1420	51263	3400006	1420	52767	3500049	1420	
1512	100062	1420	3016	200071	1420	4516	300023	1420	6012	400025	1420	7523	500050	1420	9040	600027	1420	10539	700010	1420	12047	800039	1420	13555	900011	1420	15057	1000067	1420	16557	1100059	1420	18060	1200055	1420	19575	1300030	1420	21080	1400036	1420	22586	1500042	1420	24080	1600012	1420	25589	1700031	1420	27096	1800032	1420	28589	1900062	1420	30090	2000052	1420	31596	2100053	1420	33103	2200003	1420	34612	2300033	1420	36090	2400025	1420	37602	2500010	1420	39106	2600004	1420	40598	2700028	1420	42112	2800029	1420	43621	2900042	1420	45132	3000007	1420	46646	3100030	1420	48151	3200010	1420	49667	3300006	1420	51165	3400010	1420	52677	3500017	1420	
1576	100059	1354	3151	200041	1354	4719	300062	1354	6286	400022	1354	7847	500058	1354	9425	600058	1354	10999	700043	1354	12578	800022	1354	14151	900059	1354	15718	1000006	1354	17294	1100056	1354	18863	1200032	1354	20430	1300026	1354	21999	1400037	1354	23570	1500019	1354	25143	1600032	1354	26714	1700066	1354	28275	1800044	1354	29839	1900035	1354	31403	2000004	1354	32957	2100044	1354	34527	2200003	1354	36100	2300034	1354	37662	2400035	1354	39232	2500020	1354	40809	2600064	1354	42375	2700012	1354	43945	2800068	1354	45512	2900055	1354	47085	3000062	1354	48651	3100014	1354	50221	3200065	1354	51780	3300052	1354	53354	3400060	1354	54912	3500101	1354	
1555	100046	1354	3119	200054	1354	4677	300030	1354	6246	400015	1354	7792	500070	1354	9362	600045	1354	10928	700030	1354	12482	800041	1354	14045	900029	1354	15623	1000031	1354	17203	1100040	1354	18770	1200035	1354	20344	1300009	1354	21908	1400025	1354	23461	1500011	1354	25008	1600028	1354	26580	1700050	1354	28142	1800060	1354	29709	1900004	1354	31269	2000029	1354	32846	2100034	1354	34419	2200015	1354	35997	2300055	1354	37568	2400053	1354	39138	2500028	1354	40707	2600064	1354	42272	2700053	1354	43847	2800030	1354	45423	2900024	1354	47001	3000024	1354	48559	3100063	1354	50111	3200045	1354	51676	3300038	1354	53234	3400039	1354	54793	3500035	1354	
1562	100057	1354	3137	200056	1354	4712	300031	1354	6277	400051	1354	7830	500058	1354	9406	600065	1354	10977	700059	1354	12553	800039	1354	14135	900061	1354	15713	1000016	1354	17283	1100018	1354	18849	1200042	1354	20426	1300020	1354	21998	1400021	1354	23566	1500037	1354	25139	1600025	1354	26709	1700034	1354	28273	1800009	1354	29832	1900058	1354	31377	2000029	1354	32947	2100019	1354	34512	2200004	1354	36061	2300018	1354	37624	2400040	1354	39192	2500051	1354	40768	2600060	1354	42340	2700042	1354	43912	2800018	1354	45485	2900045	1354	47049	3000004	1354	48619	3100011	1354	50189	3200058	1354	51761	3300044	1354	53322	3400059	1354	54867	3500027	1354	
1528	100061	1354	3098	200061	1354	4671	300061	1354	6239	400045	1354	7808	500044	1354	9353	600038	1354	10921	700060	1354	12495	800053	1354	14061	900050	1354	15633	1000054	1354	17205	1100060	1354	18777	1200060	1354	20344	1300022	1354	21919	1400045	1354	23484	1500058	1354	25047	1600008	1354	26615	1700039	1354	28166	1800040	1354	29730	1900012	1354	31307	2000066	1354	32883	2100058	1354	34453	2200058	1354	36031	2300004	1354	37603	2400059	1354	39172	2500017	1354	40737	2600029	1354	42305	2700055	1354	43855	2800015	1354	45411	2900014	1354	46980	3000030	1354	48538	3100010	1354	50108	3200003	1354	51678	3300064	1354	53252	3400019	1354	54818	3500009	1354	
1578	100010	1354	3153	200014	1354	4727	300007	1354	6308	400031	1354	7868	500041	1354	9434	600034	1354	11012	700028	1354	12576	800060	1354	14141	900049	1354	15711	1000016	1354	17279	1100012	1354	18850	1200016	1354	20424	1300050	1354	21990	1400041	1354	23563	1500056	1354	25138	1600058	1354	26716	1700025	1354	28285	1800038	1354	29856	1900020	1354	31408	2000036	1354	32972	2100046	1354	34541	2200042	1354	36114	2300040	1354	37663	2400016	1354	39233	2500013	1354	40812	2600037	1354	42378	2700014	1354	43950	2800024	1354	45516	2900068	1354	47078	3000021	1354	48657	3100005	1354	50233	3200005	1354	51804	3300049	1354	53373	3400033	1354	54932	3500013	1354	
480	100214	5189	961	200062	5189	1443	300207	5189	1924	400242	5189	2408	500073	5189	2889	600050	5189	3375	700187	5189	3849	800090	5189	4318	900151	5189	4802	1000153	5189	5286	1100182	5189	5769	1200132	5189	6253	1300178	5189	6739	1400122	5189	7224	1500200	5189	7702	1600162	5189	8188	1700141	5189	8675	1800098	5189	9156	1900060	5189	9641	2000094	5189	10128	2100144	5189	10614	2200064	5189	11098	2300191	5189	11577	2400065	5189	12061	2500141	5189	12547	2600158	5189	13033	2700206	5189	13518	2800148	5189	14001	2900033	5189	14482	3000187	5189	14958	3100116	5189	15441	3200020	5189	15927	3300157	5189	16412	3400084	5189	16896	3500207	5189	
484	100183	5189	968	200085	5189	1454	300122	5189	1936	400128	5189	2421	500211	5189	2904	600031	5189	3385	700056	5189	3857	800026	5189	4333	900059	5189	4818	1000125	5189	5306	1100147	5189	5791	1200143	5189	6274	1300107	5189	6758	1400173	5189	7239	1500043	5189	7724	1600052	5189	8206	1700088	5189	8687	1800211	5189	9161	1900108	5189	9642	2000033	5189	10120	2100139	5189	10604	2200062	5189	11080	2300174	5189	11560	2400179	5189	12041	2500078	5189	12526	2600190	5189	13011	2700071	5189	13495	2800084	5189	13975	2900266	5189	14460	3000058	5189	14930	3100165	5189	15415	3200018	5189	15901	3300052	5189	16382	3400145	5189	16865	3500215	5189	
487	100092	5189	961	200213	5189	1443	300020	5189	1925	400072	5189	2408	500085	5189	2893	600101	5189	3379	700157	5189	3865	800123	5189	4349	900213	5189	4832	1000124	5189	5317	1100115	5189	5798	1200175	5189	6278	1300028	5189	6758	1400054	5189	7244	1500091	5189	7728	1600029	5189	8209	1700145	5189	8689	1800170	5189	9167	1900087	5189	9650	2000078	5189	10134	2100028	5189	10622	2200221	5189	11097	2300019	5189	11580	2400054	5189	12057	2500069	5189	12541	2600162	5189	13027	2700097	5189	13511	2800153	5189	13995	2900024	5189	14479	3000209	5189	14964	3100064	5189	15448	3200185	5189	15929	3300070	5189	16414	3400098	5189	16897	3500193	5189	
485	100099	5189	970	200154	5189	1451	300224	5189	1931	400108	5189	2419	500119	5189	2904	600060	5189	3387	700227	5189	3872	800051	5189	4355	900123	5189	4841	1000197	5189	5325	1100099	5189	5808	1200174	5189	6293	1300203	5189	6777	1400048	5189	7265	1500091	5189	7749	1600157	5189	8229	1700091	5189	8713	1800174	5189	9197	1900079	5189	9681	2000165	5189	10167	2100180	5189	10652	2200029	5189	11138	2300102	5189	11619	2400124	5189	12104	2500022	5189	12589	2600161	5189	13076	2700214	5189	13563	2800204	5189	14050	2900100	5189	14534	3000090	5189	15019	3100215	5189	15500	3200136	5189	15974	3300190	5189	16460	3400063	5189	16945	3500043	5189	
483	100062	5189	963	200156	5189	1444	300128	5189	1929	400121	5189	2412	500184	5189	2898	600056	5189	3386	700201	5189	3866	800144	5189	4353	900167	5189	4834	1000135	5189	5313	1100223	5189	5800	1200178	5189	6287	1300114	5189	6771	1400127	5189	7255	1500034	5189	7744	1600109	5189	8230	1700055	5189	8705	1800120	5189	9186	1900151	5189	9666	2000113	5189	10147	2100186	5189	10626	2200139	5189	11107	2300079	5189	11587	2400089	5189	12072	2500081	5189	12558	2600049	5189	13046	2700132	5189	13526	2800039	5189	14008	2900156	5189	14488	3000132	5189	14972	3100116	5189	15458	3200113	5189	15942	3300202	5189	16425	3400076	5189	16907	3500025	5189	
491	100122	5037	985	200195	5037	1470	300152	5037	1953	400071	5037	2442	500194	5037	2932	600152	5037	3409	700149	5037	3901	800072	5037	4386	900079	5037	4880	1000177	5037	5373	1100194	5037	5865	1200031	5037	6357	1300210	5037	6842	1400130	5037	7335	1500111	5037	7824	1600207	5037	8319	1700103	5037	8807	1800037	5037	9297	1900033	5037	9792	2000189	5037	10282	2100049	5037	10756	2200171	5037	11249	2300017	5037	11740	2400080	5037	12229	2500166	5037	12714	2600172	5037	13192	2700091	5037	13681	2800101	5037	14174	2900036	5037	14665	3000023	5037	15155	3100210	5037	15646	3200156	5037	16134	3300025	5037	16625	3400066	5037	17117	3500083	5037	
488	100120	5037	977	200205	5037	1469	300083	5037	1954	400171	5037	2447	500216	5037	2935	600176	5037	3413	700086	5037	3899	800088	5037	4390	900077	5037	4881	1000109	5037	5371	1100158	5037	5861	1200173	5037	6344	1300050	5037	6823	1400086	5037	7313	1500140	5037	7807	1600180	5037	8296	1700066	5037	8782	1800100	5037	9270	1900079	5037	9756	2000022	5037	10239	2100171	5037	10708	2200022	5037	11199	2300155	5037	11690	2400160	5037	12181	2500055	5037	12674	2600167	5037	13164	2700025	5037	13657	2800051	5037	14152	2900180	5037	14643	3000146	5037	15123	3100194	5037	15611	3200211	5037	16105	3300031	5037	16598	3400025	5037	17083	3500086	5037	
483	100014	5037	970	200122	5037	1461	300148	5037	1952	400127	5037	2443	500168	5037	2936	600040	5037	3431	700068	5037	3915	800063	5037	4400	900184	5037	4878	1000082	5037	5371	1100087	5037	5864	1200062	5037	6355	1300132	5037	6847	1400036	5037	7338	1500131	5037	7831	1600201	5037	8325	1700128	5037	8817	1800189	5037	9300	1900022	5037	9790	2000199	5037	10275	2100137	5037	10761	2200075	5037	11250	2300066	5037	11738	2400058	5037	12233	2500022	5037	12724	2600108	5037	13204	2700170	5037	13697	2800184	5037	14187	2900196	5037	14674	3000188	5037	15159	3100024	5037	15648	3200184	5037	16133	3300140	5037	16619	3400047	5037	17108	3500154	5037	
482	100080	5037	968	200105	5037	1456	300118	5037	1943	400066	5037	2430	500042	5037	2924	600120	5037	3417	700096	5037	3907	800215	5037	4399	900121	5037	4886	1000045	5037	5381	1100068	5037	5875	1200130	5037	6366	1300122	5037	6858	1400194	5037	7349	1500121	5037	7834	1600048	5037	8327	1700116	5037	8814	1800148	5037	9304	1900190	5037	9796	2000021	5037	10289	2100094	5037	10779	2200177	5037	11271	2300064	5037	11762	2400147	5037	12253	2500085	5037	12746	2600179	5037	13236	2700150	5037	13726	2800086	5037	14219	2900204	5037	14705	3000127	5037	15197	3100143	5037	15686	3200033	5037	16175	3300020	5037	16668	3400115	5037	17150	3500059	5037	
489	100062	5037	979	200111	5037	1468	300172	5037	1961	400094	5037	2452	500045	5037	2945	600160	5037	3436	700189	5037	3926	800165	5037	4410	900093	5037	4899	1000155	5037	5391	1100165	5037	5882	1200055	5037	6375	1300056	5037	6866	1400048	5037	7358	1500182	5037	7851	1600101	5037	8336	1700183	5037	8828	1800200	5037	9320	1900150	5037	9815	2000187	5037	10309	2100097	5037	10802	2200037	5037	11290	2300081	5037	11781	2400117	5037	12267	2500124	5037	12755	2600170	5037	13244	2700020	5037	13735	2800030	5037	14222	2900221	5037	14711	3000026	5037	15204	3100223	5037	15697	3200076	5037	16187	3300217	5037	16671	3400207	5037	17159	3500162	5037	
103	100646	25272	206	200183	25272	310	300868	25272	413	400761	25272	517	500752	25272	621	600630	25272	724	700579	25272	827	800273	25272	931	900632	25272	1032	1000330	25272	1137	1100378	25272	1242	1200932	25272	1345	1300146	25272	1449	1400508	25272	1553	1500933	25272	1656	1600513	25272	1760	1700079	25272	1865	1800685	25272	1969	1900922	25272	2071	2000305	25272	2176	2100532	25272	2280	2200713	25272	2382	2300444	25272	2485	2400342	25272	2589	2500293	25272	2693	2600491	25272	2796	2700394	25272	2900	2800335	25272	3004	2900670	25272	3107	3000946	25272	3211	3100872	25272	3314	3200657	25272	3416	3301054	25272	3518	3400310	25272	3622	3500879	25272	
104	100141	25272	208	200629	25272	312	301068	25272	415	400570	25272	519	500842	25272	623	601003	25272	726	700085	25272	829	800752	25272	933	900336	25272	1038	1000956	25272	1142	1100823	25272	1245	1200638	25272	1349	1300846	25272	1452	1400829	25272	1555	1500993	25272	1658	1600330	25272	1761	1700220	25272	1865	1800339	25272	1967	1900714	25272	2070	2000358	25272	2175	2100970	25272	2278	2200563	25272	2382	2300776	25272	2486	2400400	25272	2589	2500901	25272	2693	2600603	25272	2797	2700690	25272	2901	2800593	25272	3005	2900853	25272	3110	3000766	25272	3214	3100832	25272	3318	3200893	25272	3422	3300800	25272	3525	3400300	25272	3629	3501039	25272	
103	100232	25272	207	200682	25272	309	300527	25272	412	400608	25272	515	500913	25272	618	600621	25272	721	700969	25272	825	800313	25272	929	900499	25272	1031	1000091	25272	1135	1100637	25272	1239	1200890	25272	1342	1300932	25272	1445	1400177	25272	1549	1500373	25272	1653	1600158	25272	1756	1700233	25272	1858	1800858	25272	1961	1900122	25272	2065	2000415	25272	2169	2100353	25272	2273	2200169	25272	2378	2300700	25272	2480	2400522	25272	2583	2500966	25272	2686	2600887	25272	2788	2700442	25272	2891	2800687	25272	2994	2900654	25272	3097	3000317	25272	3200	3100114	25272	3301	3200264	25272	3406	3300769	25272	3509	3400507	25272	3612	3500775	25272	
103	100671	25272	206	200284	25272	310	300876	25272	413	401054	25272	516	500377	25272	619	600597	25272	722	700771	25272	826	800749	25272	929	900578	25272	1033	1000595	25272	1137	1100111	25272	1240	1200604	25272	1344	1300595	25272	1448	1400847	25272	1552	1500391	25272	1657	1600894	25272	1760	1700811	25272	1863	1800995	25272	1966	1900557	25272	2070	2000212	25272	2174	2101025	25272	2277	2200999	25272	2380	2300594	25272	2484	2400341	25272	2588	2500996	25272	2691	2600295	25272	2794	2700545	25272	2895	2800478	25272	2998	2900775	25272	3101	3000619	25272	3204	3100919	25272	3308	3200324	25272	3413	3300703	25272	3516	3400115	25272	3621	3500736	25272	
106	101015	25272	210	200557	25272	314	300768	25272	417	400630	25272	521	500246	25272	625	600911	25272	729	700477	25272	834	800942	25272	938	900278	25272	1043	1000586	25272	1147	1100337	25272	1251	1200207	25272	1355	1300147	25272	1459	1400671	25272	1562	1500177	25272	1665	1600095	25272	1769	1700240	25272	1873	1800680	25272	1975	1900731	25272	2078	2000416	25272	2181	2100144	25272	2286	2200969	25272	2388	2300990	25272	2491	2400502	25272	2595	2500903	25272	2699	2600577	25272	2801	2700608	25272	2904	2800955	25272	3007	2901033	25272	3109	3000140	25272	3213	3100093	25272	3317	3200083	25272	3417	3300198	25272	3519	3400141	25272	3623	3501002	25272	
105	100508	25176	211	200354	25176	316	300088	25176	422	400836	25176	527	500295	25176	632	600403	25176	737	700160	25176	842	800249	25176	946	900983	25176	1050	1000701	25176	1153	1100124	25176	1258	1200314	25176	1364	1300803	25176	1467	1400222	25176	1572	1500465	25176	1677	1600978	25176	1782	1700185	25176	1888	1800278	25176	1993	1900250	25176	2098	2000709	25176	2203	2100122	25176	2309	2200683	25176	2413	2300264	25176	2518	2400115	25176	2623	2500302	25176	2729	2600343	25176	2835	2700197	25176	2940	2800162	25176	3045	2900337	25176	3149	3000710	25176	3253	3100641	25176	3358	3200400	25176	3462	3300161	25176	3567	3400684	25176	3671	3500087	25176	
105	100416	25176	210	200723	25176	315	300920	25176	419	400161	25176	524	500531	25176	629	600690	25176	733	700393	25176	837	800408	25176	942	900130	25176	1047	1000685	25176	1151	1100756	25176	1255	1200293	25176	1360	1300230	25176	1465	1400528	25176	1569	1500844	25176	1673	1600100	25176	1779	1700974	25176	1883	1800730	25176	1986	1900307	25176	2091	2000430	25176	2195	2100579	25176	2300	2200101	25176	2406	2300956	25176	2511	2400294	25176	2616	2500127	25176	2721	2600547	25176	2826	2700466	25176	2931	2800950	25176	3035	2900459	25176	3141	3000797	25176	3244	3100096	25176	3349	3200606	25176	3452	3300445	25176	3556	3400182	25176	3661	3500490	25176	
104	100085	25176	209	200579	25176	313	300574	25176	418	401013	25176	523	500437	25176	629	600908	25176	734	700514	25176	839	800807	25176	944	900180	25176	1048	1000138	25176	1154	1100973	25176	1259	1200539	25176	1364	1300741	25176	1468	1400534	25176	1573	1500290	25176	1679	1600682	25176	1784	1701031	25176	1887	1800917	25176	1989	1900203	25176	2093	2000604	25176	2197	2100126	25176	2301	2200141	25176	2407	2300880	25176	2512	2400530	25176	2617	2500910	25176	2722	2600931	25176	2826	2700291	25176	2930	2800407	25176	3035	2900985	25176	3140	3000981	25176	3245	3100823	25176	3350	3201012	25176	3455	3300903	25176	3558	3400131	25176	3663	3500270	25176	
105	100363	25176	209	200709	25176	313	300342	25176	418	400501	25176	523	500393	25176	628	600603	25176	733	700524	25176	837	800346	25176	942	900501	25176	1046	1000804	25176	1151	1100975	25176	1255	1200164	25176	1359	1300297	25176	1464	1400082	25176	1570	1500945	25176	1673	1600607	25176	1778	1700860	25176	1882	1800568	25176	1986	1900556	25176	2091	2000518	25176	2197	2100880	25176	2301	2200208	25176	2407	2300718	25176	2511	2400111	25176	2615	2500464	25176	2720	2600186	25176	2825	2700285	25176	2928	2800121	25176	3032	2900190	25176	3138	3000944	25176	3243	3100750	25176	3348	3200696	25176	3452	3300249	25176	3556	3400323	25176	3662	3500999	25176	
104	100928	25176	208	200133	25176	314	300979	25176	418	400723	25176	522	500515	25176	624	600184	25176	728	700643	25176	833	800833	25176	938	900894	25176	1043	1001041	25176	1147	1100858	25176	1252	1200932	25176	1357	1300633	25176	1463	1400952	25176	1567	1500824	25176	1672	1600479	25176	1775	1700440	25176	1880	1800729	25176	1984	1901008	25176	2088	2000691	25176	2193	2100985	25176	2297	2200937	25176	2400	2300694	25176	2505	2400671	25176	2609	2500253	25176	2714	2600352	25176	2818	2700315	25176	2923	2800941	25176	3028	2900458	25176	3133	3000275	25176	3237	3100255	25176	3341	3200644	25176	3444	3300178	25176	3549	3400852	25176	3653	3500886	25176	
1806	100034	87	3604	200051	87	5411	300032	87	7208	400017	87	9012	500031	87	10823	600044	87	12632	700013	87	14416	800055	87	16228	900033	87	18038	1000027	87	19844	1100007	87	21643	1200018	87	23439	1300011	87	25224	1400039	87	27021	1500007	87	28812	1600052	87	30601	1700012	87	32394	1800011	87	34202	1900034	87	36015	2000046	87	37813	2100050	87	39621	2200042	87	41426	2300037	87	43229	2400041	87	45037	2500006	87	46839	2600005	87	48643	2700014	87	50444	2800003	87	52253	2900007	87	54068	3000007	87	55880	3100016	87	57688	3200014	87	59483	3300039	87	61278	3400011	87	63084	3500012	87	
1810	100027	87	3612	200033	87	5419	300041	87	7218	400014	87	9037	500049	87	10833	600062	87	12613	700030	87	14421	800055	87	16232	900043	87	18038	1000014	87	19846	1100042	87	21655	1200020	87	23470	1300019	87	25284	1400031	87	27093	1500031	87	28908	1600007	87	30726	1700024	87	32539	1800014	87	34353	1900028	87	36152	2000014	87	37951	2100003	87	39764	2200048	87	41575	2300018	87	43385	2400009	87	45193	2500015	87	47011	2600028	87	48829	2700033	87	50646	2800021	87	52461	2900026	87	54269	3000042	87	56074	3100006	87	57877	3200058	87	59684	3300044	87	61490	3400037	87	63305	3500047	87	
1808	100029	87	3619	200042	87	5415	300030	87	7218	400047	87	9025	500042	87	10839	600008	87	12647	700009	87	14458	800058	87	16270	900044	87	18082	1000032	87	19895	1100010	87	21685	1200036	87	23473	1300043	87	25282	1400051	87	27067	1500021	87	28874	1600008	87	30675	1700041	87	32489	1800038	87	34288	1900029	87	36090	2000048	87	37892	2100011	87	39693	2200006	87	41502	2300006	87	43309	2400014	87	45113	2500029	87	46929	2600021	87	48744	2700040	87	50555	2800037	87	52369	2900055	87	54187	3000003	87	55987	3100063	87	57768	3200046	87	59563	3300007	87	61361	3400026	87	63172	3500014	87	
1798	100010	87	3581	200050	87	5368	300025	87	7158	400011	87	8963	500022	87	10766	600006	87	12572	700035	87	14374	800017	87	16176	900030	87	17983	1000015	87	19796	1100020	87	21610	1200040	87	23421	1300005	87	25232	1400010	87	27041	1500048	87	28845	1600019	87	30651	1700050	87	32448	1800017	87	34258	1900027	87	36075	2000045	87	37879	2100019	87	39672	2200055	87	41466	2300042	87	43274	2400046	87	45080	2500052	87	46879	2600028	87	48688	2700058	87	50501	2800036	87	52317	2900043	87	54136	3000033	87	55938	3100055	87	57744	3200019	87	59542	3300047	87	61344	3400031	87	63157	3500026	87	
1806	100022	87	3603	200059	87	5400	300009	87	7194	400008	87	8986	500022	87	10796	600019	87	12616	700057	87	14417	800027	87	16214	900003	87	18010	1000007	87	19819	1100004	87	21597	1200045	87	23391	1300003	87	25192	1400033	87	27009	1500038	87	28818	1600037	87	30624	1700008	87	32426	1800021	87	34240	1900031	87	36037	2000042	87	37849	2100040	87	39661	2200024	87	41459	2300025	87	43263	2400018	87	45079	2500057	87	46898	2600025	87	48708	2700053	87	50515	2800052	87	52311	2900047	87	54115	3000025	87	55927	3100005	87	57734	3200040	87	59528	3300014	87	61322	3400013	87	63121	3500055	87	
1993	100027	92	3996	200051	92	6000	300002	92	8012	400048	92	10019	500006	92	12027	600038	92	14046	700036	92	16069	800032	92	18070	900012	92	20075	1000005	92	22076	1100015	92	24080	1200027	92	26091	1300026	92	28084	1400009	92	30100	1500046	92	32121	1600017	92	34138	1700012	92	36141	1800033	92	38147	1900012	92	40162	2000006	92	42169	2100025	92	44178	2200004	92	46193	2300027	92	48199	2400021	92	50210	2500049	92	52217	2600015	92	54225	2700047	92	56234	2800014	92	58236	2900006	92	60241	3000015	92	62254	3100027	92	64259	3200005	92	66243	3300036	92	68251	3400020	92	70266	3500039	92	
2004	100051	92	4001	200038	92	6011	300034	92	8021	400050	92	10033	500032	92	12021	600010	92	14040	700025	92	16043	800032	92	18043	900041	92	20049	1000048	92	22065	1100006	92	24074	1200019	92	26064	1300026	92	28064	1400039	92	30069	1500027	92	32076	1600036	92	34075	1700049	92	36067	1800023	92	38066	1900046	92	40077	2000036	92	42090	2100025	92	44100	2200039	92	46105	2300029	92	48124	2400024	92	50129	2500004	92	52144	2600028	92	54166	2700003	92	56175	2800026	92	58186	2900045	92	60194	3000030	92	62210	3100035	92	64211	3200012	92	66214	3300048	92	68226	3400023	92	70238	3500024	92	
2009	100039	92	4020	200019	92	6019	300022	92	8025	400007	92	10022	500010	92	12031	600034	92	14027	700008	92	16031	800024	92	18042	900003	92	20048	1000044	92	22070	1100020	92	24089	1200023	92	26089	1300036	92	28097	1400050	92	30103	1500026	92	32108	1600045	92	34117	1700005	92	36127	1800038	92	38139	1900025	92	40156	2000005	92	42171	2100037	92	44177	2200010	92	46176	2300036	92	48174	2400050	92	50173	2500009	92	52182	2600021	92	54192	2700041	92	56199	2800023	92	58204	2900025	92	60218	3000011	92	62224	3100003	92	64239	3200021	92	66242	3300008	92	68246	3400036	92	70264	3500049	92	
2004	100031	92	4019	200033	92	6037	300030	92	8039	400051	92	10053	500044	92	12074	600032	92	14077	700034	92	16075	800030	92	18089	900016	92	20096	1000041	92	22106	1100017	92	24127	1200003	92	26143	1300013	92	28147	1400051	92	30152	1500006	92	32140	1600029	92	34132	1700008	92	36138	1800009	92	38152	1900019	92	40146	2000040	92	42142	2100010	92	44149	2200024	92	46154	2300012	92	48167	2400030	92	50173	2500049	92	52171	2600021	92	54172	2700029	92	56177	2800040	92	58172	2900037	92	60187	3000018	92	62189	3100036	92	64196	3200012	92	66208	3300015	92	68204	3400033	92	70209	3500023	92	
2009	100035	92	4012	200033	92	6022	300044	92	8030	400037	92	10044	500048	92	12055	600023	92	14057	700031	92	16073	800045	92	18091	900039	92	20093	1000040	92	22097	1100041	92	24102	1200042	92	26102	1300023	92	28105	1400041	92	30104	1500004	92	32119	1600024	92	34125	1700031	92	36130	1800026	92	38123	1900005	92	40138	2000041	92	42146	2100018	92	44142	2200046	92	46139	2300032	92	48156	2400046	92	50174	2500011	92	52179	2600035	92	54193	2700019	92	56199	2800003	92	58202	2900019	92	60203	3000050	92	62210	3100020	92	64219	3200040	92	66225	3300048	92	68220	3400004	92	70231	3500033	92	
523	100093	355	1052	200185	355	1580	300123	355	2109	400184	355	2638	500159	355	3159	600107	355	3688	700126	355	4215	800026	355	4745	900169	355	5261	1000069	355	5782	1100137	355	6307	1200208	355	6835	1300040	355	7361	1400142	355	7887	1500087	355	8417	1600193	355	8934	1700177	355	9463	1800169	355	9990	1900185	355	10518	2000175	355	11047	2100179	355	11575	2200229	355	12101	2300152	355	12625	2400184	355	13154	2500061	355	13680	2600014	355	14205	2700161	355	14727	2800203	355	15254	2900179	355	15782	3000046	355	16307	3100155	355	16831	3200072	355	17354	3300019	355	17882	3400190	355	18413	3500176	355	
532	100146	355	1054	200075	355	1570	300215	355	2093	400152	355	2622	500074	355	3148	600136	355	3670	700082	355	4196	800077	355	4725	900014	355	5250	1000222	355	5780	1100036	355	6305	1200053	355	6832	1300139	355	7363	1400103	355	7892	1500145	355	8419	1600204	355	8943	1700036	355	9470	1800150	355	9994	1900016	355	10518	2000068	355	11044	2100076	355	11574	2200101	355	12100	2300017	355	12626	2400116	355	13148	2500019	355	13667	2600193	355	14195	2700082	355	14717	2800026	355	15245	2900129	355	15774	3000036	355	16294	3100198	355	16822	3200069	355	17349	3300168	355	17878	3400065	355	18405	3500067	355	
528	100039	355	1049	200017	355	1574	300167	355	2102	400112	355	2631	500185	355	3157	600173	355	3685	700045	355	4217	800180	355	4740	900079	355	5266	1000052	355	5790	1100075	355	6319	1200063	355	6843	1300160	355	7371	1400034	355	7899	1500058	355	8430	1600165	355	8957	1700135	355	9487	1800145	355	10015	1900066	355	10544	2000149	355	11074	2100033	355	11601	2200087	355	12130	2300195	355	12659	2400142	355	13190	2500151	355	13707	2600132	355	14236	2700147	355	14763	2800100	355	15287	2900065	355	15813	3000178	355	16337	3100132	355	16860	3200018	355	17384	3300068	355	17911	3400043	355	18440	3500132	355	
530	100184	355	1057	200188	355	1584	300080	355	2111	400036	355	2641	500092	355	3164	600098	355	3694	700118	355	4217	800065	355	4747	900139	355	5270	1000116	355	5800	1100144	355	6329	1200155	355	6858	1300111	355	7384	1400125	355	7893	1500134	355	8416	1600098	355	8944	1700157	355	9468	1800166	355	9994	1900106	355	10519	2000134	355	11049	2100046	355	11574	2200129	355	12098	2300028	355	12626	2400049	355	13153	2500143	355	13680	2600017	355	14207	2700181	355	14734	2800080	355	15257	2900042	355	15774	3000078	355	16296	3100050	355	16819	3200017	355	17342	3300050	355	17869	3400192	355	18398	3500081	355	
530	100061	355	1061	200026	355	1590	300072	355	2118	400132	355	2641	500068	355	3168	600035	355	3698	700152	355	4229	800083	355	4757	900160	355	5279	1000107	355	5805	1100069	355	6333	1200067	355	6859	1300070	355	7385	1400048	355	7912	1500160	355	8438	1600105	355	8963	1700114	355	9491	1800033	355	10016	1900140	355	10543	2000120	355	11074	2100099	355	11604	2200170	355	12133	2300140	355	12660	2400056	355	13188	2500058	355	13719	2600126	355	14250	2700037	355	14776	2800066	355	15305	2900146	355	15829	3000134	355	16349	3100019	355	16876	3200188	355	17401	3300166	355	17926	3400156	355	18453	3500140	355	
574	100160	365	1149	200081	365	1720	300127	365	2292	400013	365	2862	500013	365	3436	600068	365	4011	700013	365	4582	800143	365	5146	900082	365	5718	1000022	365	6290	1100071	365	6860	1200020	365	7427	1300158	365	7998	1400152	365	8568	1500032	365	9130	1600048	365	9698	1700045	365	10269	1800074	365	10842	1900106	365	11409	2000171	365	11979	2100065	365	12555	2200169	365	13128	2300135	365	13702	2400081	365	14273	2500015	365	14845	2600132	365	15390	2700105	365	15949	2800076	365	16517	2900101	365	17086	3000014	365	17659	3100106	365	18228	3200049	365	18800	3300062	365	19373	3400144	365	19940	3500110	365	
575	100082	365	1146	200153	365	1718	300028	365	2288	400021	365	2861	500182	365	3431	600028	365	4000	700106	365	4566	800097	365	5136	900080	365	5708	1000074	365	6280	1100118	365	6850	1200025	365	7418	1300032	365	7989	1400175	365	8559	1500148	365	9126	1600168	365	9698	1700173	365	10269	1800110	365	10833	1900050	365	11403	2000094	365	11971	2100154	365	12542	2200073	365	13108	2300115	365	13676	2400184	365	14249	2500120	365	14817	2600117	365	15391	2700038	365	15966	2800043	365	16539	2900161	365	17113	3000071	365	17677	3100184	365	18236	3200111	365	18809	3300098	365	19380	3400094	365	19950	3500176	365	
570	100017	365	1143	200137	365	1712	300122	365	2279	400156	365	2850	500184	365	3422	600019	365	3996	700017	365	4564	800101	365	5135	900027	365	5704	1000087	365	6272	1100159	365	6844	1200141	365	7412	1300025	365	7983	1400095	365	8554	1500093	365	9127	1600167	365	9699	1700157	365	10276	1800039	365	10848	1900129	365	11418	2000020	365	11990	2100121	365	12557	2200097	365	13113	2300130	365	13680	2400153	365	14252	2500128	365	14825	2600020	365	15400	2700080	365	15975	2800143	365	16547	2900125	365	17121	3000181	365	17687	3100063	365	18259	3200137	365	18833	3300032	365	19403	3400074	365	19974	3500022	365	
567	100052	365	1137	200039	365	1711	300059	365	2280	400107	365	2833	500031	365	3404	600094	365	3981	700159	365	4549	800045	365	5121	900022	365	5684	1000098	365	6255	1100084	365	6826	1200154	365	7392	1300164	365	7963	1400092	365	8523	1500104	365	9095	1600156	365	9665	1700018	365	10235	1800133	365	10806	1900184	365	11376	2000096	365	11944	2100133	365	12509	2200189	365	13078	2300139	365	13645	2400093	365	14214	2500086	365	14781	2600057	365	15353	2700051	365	15923	2800109	365	16488	2900144	365	17059	3000142	365	17629	3100168	365	18199	3200062	365	18773	3300155	365	19336	3400047	365	19906	3500158	365	
558	100120	365	1124	200018	365	1696	300163	365	2267	400120	365	2837	500055	365	3407	600137	365	3974	700054	365	4544	800181	365	5114	900015	365	5680	1000107	365	6231	1100182	365	6790	1200022	365	7361	1300130	365	7930	1400068	365	8499	1500098	365	9058	1600031	365	9609	1700054	365	10168	1800096	365	10741	1900036	365	11307	2000180	365	11876	2100051	365	12448	2200045	365	13014	2300061	365	13583	2400080	365	14158	2500096	365	14732	2600143	365	15307	2700171	365	15884	2800173	365	16454	2900138	365	17027	3000147	365	17599	3100020	365	18172	3200157	365	18715	3300155	365	19285	3400194	365	19856	3500069	365	
121	100663	1803	242	200243	1803	364	300537	1803	486	400821	1803	607	500167	1803	728	600169	1803	849	700657	1803	971	800300	1803	1091	900642	1803	1212	1000834	1803	1334	1100530	1803	1455	1200709	1803	1576	1300151	1803	1697	1400557	1803	1819	1500166	1803	1942	1600465	1803	2064	1700643	1803	2186	1800623	1803	2309	1900597	1803	2431	2000218	1803	2553	2100173	1803	2674	2200428	1803	2794	2300546	1803	2916	2400883	1803	3038	2500834	1803	3160	2600904	1803	3281	2700756	1803	3403	2800358	1803	3524	2900773	1803	3645	3000530	1803	3767	3100308	1803	3889	3200291	1803	4012	3300519	1803	4134	3400461	1803	4256	3500353	1803	
123	100386	1803	245	200461	1803	368	300880	1803	490	400259	1803	611	500205	1803	734	600586	1803	855	700844	1803	976	800564	1803	1098	900770	1803	1220	1000473	1803	1342	1100249	1803	1465	1200766	1803	1586	1300117	1803	1709	1400678	1803	1832	1500749	1803	1953	1600215	1803	2074	1700185	1803	2195	1800362	1803	2318	1900713	1803	2441	2000340	1803	2564	2100751	1803	2686	2200564	1803	2808	2300576	1803	2930	2400839	1803	3051	2500422	1803	3173	2600807	1803	3293	2700088	1803	3414	2800420	1803	3535	2900246	1803	3656	3000299	1803	3779	3100357	1803	3899	3200095	1803	4022	3300561	1803	4143	3400671	1803	4263	3500081	1803	
123	100442	1803	245	200744	1803	366	300327	1803	488	400206	1803	609	500242	1803	731	600641	1803	852	700411	1803	974	800436	1803	1097	900482	1803	1219	1000774	1803	1340	1100121	1803	1460	1200168	1803	1582	1300713	1803	1704	1400329	1803	1827	1500411	1803	1948	1600236	1803	2070	1700535	1803	2192	1800765	1803	2314	1900346	1803	2436	2000471	1803	2558	2100201	1803	2681	2200174	1803	2803	2300767	1803	2924	2400561	1803	3046	2500139	1803	3168	2600133	1803	3291	2700798	1803	3413	2800683	1803	3534	2900144	1803	3656	3000807	1803	3778	3100201	1803	3901	3200826	1803	4021	3300776	1803	4141	3400160	1803	4262	3500676	1803	
121	100198	1803	243	200537	1803	363	300268	1803	486	400748	1803	606	500278	1803	727	600802	1803	847	700434	1803	968	800128	1803	1090	900733	1803	1211	1000476	1803	1333	1100586	1803	1455	1200142	1803	1576	1300194	1803	1697	1400606	1803	1818	1500635	1803	1940	1600688	1803	2062	1700206	1803	2185	1800747	1803	2307	1900385	1803	2429	2000266	1803	2550	2100195	1803	2671	2200872	1803	2792	2300293	1803	2914	2400366	1803	3037	2500356	1803	3158	2600514	1803	3278	2700400	1803	3400	2800296	1803	3523	2900681	1803	3644	3000350	1803	3766	3100336	1803	3888	3200337	1803	4010	3300661	1803	4131	3400231	1803	4254	3500805	1803	
122	100432	1803	245	200338	1803	367	300345	1803	489	400154	1803	613	500519	1803	736	600686	1803	857	700117	1803	979	800468	1803	1101	900443	1803	1222	1000090	1803	1345	1100319	1803	1467	1200296	1803	1589	1300678	1803	1710	1400207	1803	1832	1500675	1803	1954	1600086	1803	2076	1700117	1803	2197	1800440	1803	2317	1900281	1803	2439	2000769	1803	2560	2100366	1803	2682	2200127	1803	2805	2300742	1803	2926	2400079	1803	3049	2500696	1803	3169	2600399	1803	3292	2700700	1803	3414	2800545	1803	3536	2900374	1803	3658	3000206	1803	3781	3100356	1803	3902	3200120	1803	4024	3300609	1803	4146	3400275	1803	4269	3500398	1803	
134	100348	1754	268	200646	1754	401	300252	1754	534	400584	1754	666	500190	1754	798	600483	1754	932	700643	1754	1066	800663	1754	1199	900149	1754	1331	1000419	1754	1465	1100426	1754	1597	1200767	1754	1730	1300309	1754	1864	1400761	1754	1996	1500530	1754	2128	1600095	1754	2262	1700503	1754	2394	1800426	1754	2528	1900475	1754	2662	2000279	1754	2795	2100146	1754	2928	2200667	1754	3057	2300392	1754	3189	2400756	1754	3322	2500546	1754	3453	2600312	1754	3586	2700286	1754	3720	2800603	1754	3853	2900675	1754	3983	3000314	1754	4115	3100633	1754	4247	3200492	1754	4380	3300094	1754	4513	3400084	1754	4647	3500183	1754	
133	100074	1754	266	200353	1754	400	300758	1754	532	400462	1754	664	500675	1754	794	600296	1754	927	700316	1754	1061	800617	1754	1193	900545	1754	1324	1000616	1754	1456	1100283	1754	1589	1200631	1754	1721	1300165	1754	1855	1400266	1754	1988	1500113	1754	2122	1600547	1754	2254	1700732	1754	2386	1800156	1754	2519	1900197	1754	2652	2000236	1754	2786	2100291	1754	2920	2200694	1754	3052	2300351	1754	3187	2400713	1754	3321	2500657	1754	3453	2600319	1754	3586	2700767	1754	3719	2800660	1754	3851	2900474	1754	3984	3000463	1754	4118	3100412	1754	4253	3200789	1754	4384	3300701	1754	4516	3400606	1754	4648	3500764	1754	
133	100241	1754	266	200250	1754	399	300750	1754	531	400625	1754	665	500345	1754	797	600759	1754	927	700298	1754	1061	800567	1754	1193	900518	1754	1325	1000485	1754	1457	1100439	1754	1590	1200756	1754	1722	1300744	1754	1855	1400752	1754	1988	1500743	1754	2121	1600702	1754	2254	1700753	1754	2386	1800255	1754	2519	1900537	1754	2650	2000109	1754	2783	2100148	1754	2916	2200491	1754	3047	2300731	1754	3179	2400108	1754	3311	2500364	1754	3443	2600407	1754	3575	2700183	1754	3708	2800261	1754	3840	2900524	1754	3972	3000580	1754	4106	3100352	1754	4238	3200687	1754	4370	3300729	1754	4503	3400473	1754	4637	3500719	1754	
133	100268	1754	265	200190	1754	398	300462	1754	531	400475	1754	664	500548	1754	796	600427	1754	929	700172	1754	1063	800605	1754	1196	900641	1754	1327	1000336	1754	1460	1100074	1754	1594	1200495	1754	1727	1300210	1754	1860	1400695	1754	1993	1500360	1754	2126	1600151	1754	2259	1700257	1754	2393	1800547	1754	2525	1900571	1754	2657	2000237	1754	2790	2100726	1754	2922	2200524	1754	3055	2300466	1754	3189	2400631	1754	3322	2500738	1754	3453	2600239	1754	3586	2700685	1754	3719	2800602	1754	3851	2900142	1754	3984	3000706	1754	4117	3100592	1754	4249	3200416	1754	4383	3300296	1754	4517	3400790	1754	4648	3500140	1754	
133	100542	1754	265	200491	1754	399	300185	1754	532	400368	1754	666	500438	1754	799	600644	1754	932	700158	1754	1066	800641	1754	1198	900580	1754	1331	1000078	1754	1466	1100588	1754	1599	1200332	1754	1732	1300376	1754	1866	1400122	1754	1999	1500349	1754	2130	1600463	1754	2263	1700263	1754	2395	1800215	1754	2529	1900220	1754	2662	2000376	1754	2794	2100306	1754	2923	2200309	1754	3056	2300210	1754	3189	2400651	1754	3321	2500088	1754	3455	2600431	1754	3588	2700627	1754	3721	2800824	1754	3853	2900188	1754	3987	3000648	1754	4120	3100408	1754	4253	3200774	1754	4386	3300388	1754	4518	3400836	1754	4650	3500841	1754	
1597	100062	2611	3199	200023	2611	4802	300013	2611	6417	400027	2611	8030	500026	2611	9640	600020	2611	11244	700046	2611	12851	800015	2611	14468	900063	2611	16078	1000007	2611	17680	1100020	2611	19282	1200043	2611	20887	1300051	2611	22496	1400009	2611	24100	1500025	2611	25701	1600052	2611	27310	1700070	2611	28913	1800021	2611	30509	1900034	2611	32106	2000039	2611	33709	2100022	2611	35299	2200047	2611	36904	2300031	2611	38506	2400047	2611	40122	2500042	2611	41729	2600006	2611	43334	2700019	2611	44943	2800036	2611	46548	2900024	2611	48146	3000021	2611	49750	3100035	2611	51357	3200037	2611	52960	3300018	2611	54569	3400049	2611	56169	3500012	2611	
1608	100008	2611	3191	200009	2611	4782	300009	2611	6394	400053	2611	8000	500034	2611	9609	600025	2611	11206	700040	2611	12809	800056	2611	14418	900058	2611	16016	1000050	2611	17622	1100012	2611	19232	1200056	2611	20827	1300026	2611	22427	1400031	2611	24029	1500040	2611	25638	1600045	2611	27251	1700057	2611	28856	1800019	2611	30462	1900054	2611	32063	2000014	2611	33669	2100010	2611	35267	2200049	2611	36873	2300030	2611	38477	2400026	2611	40082	2500011	2611	41682	2600039	2611	43272	2700039	2611	44876	2800041	2611	46483	2900050	2611	48092	3000006	2611	49701	3100021	2611	51311	3200065	2611	52917	3300066	2611	54520	3400030	2611	56118	3500056	2611	
1607	100061	2611	3195	200055	2611	4794	300008	2611	6407	400032	2611	8010	500006	2611	9622	600023	2611	11232	700059	2611	12839	800058	2611	14453	900060	2611	16050	1000037	2611	17653	1100032	2611	19251	1200059	2611	20855	1300052	2611	22455	1400016	2611	24059	1500019	2611	25657	1600053	2611	27265	1700053	2611	28856	1800053	2611	30468	1900046	2611	32077	2000068	2611	33684	2100021	2611	35287	2200032	2611	36870	2300059	2611	38473	2400004	2611	40084	2500042	2611	41688	2600029	2611	43297	2700042	2611	44902	2800040	2611	46510	2900042	2611	48108	3000019	2611	49698	3100023	2611	51298	3200012	2611	52906	3300005	2611	54497	3400037	2611	56096	3500019	2611	
1617	100042	2611	3221	200028	2611	4816	300014	2611	6433	400052	2611	8025	500022	2611	9633	600050	2611	11240	700006	2611	12849	800006	2611	14452	900041	2611	16067	1000047	2611	17677	1100023	2611	19288	1200052	2611	20889	1300024	2611	22497	1400014	2611	24101	1500058	2611	25710	1600039	2611	27310	1700060	2611	28910	1800025	2611	30511	1900053	2611	32120	2000038	2611	33717	2100062	2611	35318	2200052	2611	36919	2300040	2611	38524	2400012	2611	40131	2500017	2611	41739	2600065	2611	43338	2700027	2611	44934	2800027	2611	46544	2900032	2611	48145	3000043	2611	49728	3100050	2611	51314	3200047	2611	52911	3300025	2611	54496	3400056	2611	56102	3500003	2611	
1607	100005	2611	3202	200041	2611	4808	300056	2611	6411	400042	2611	8009	500011	2611	9614	600036	2611	11221	700012	2611	12829	800064	2611	14439	900055	2611	16038	1000057	2611	17644	1100003	2611	19254	1200062	2611	20859	1300063	2611	22462	1400012	2611	24064	1500047	2611	25668	1600016	2611	27280	1700010	2611	28889	1800037	2611	30500	1900066	2611	32097	2000056	2611	33706	2100041	2611	35315	2200062	2611	36923	2300023	2611	38535	2400023	2611	40140	2500037	2611	41737	2600025	2611	43347	2700034	2611	44938	2800018	2611	46552	2900048	2611	48153	3000013	2611	49759	3100050	2611	51280	3200017	2611	52884	3300022	2611	54490	3400015	2611	56099	3500041	2611	
483	100052	10027	967	200096	10027	1449	300218	10027	1935	400069	10027	2417	500103	10027	2898	600164	10027	3376	700042	10027	3858	800078	10027	4341	900208	10027	4827	1000119	10027	5315	1100218	10027	5802	1200052	10027	6287	1300193	10027	6773	1400045	10027	7256	1500081	10027	7740	1600122	10027	8223	1700111	10027	8701	1800063	10027	9189	1900170	10027	9672	2000181	10027	10154	2100034	10027	10638	2200082	10027	11120	2300110	10027	11607	2400030	10027	12094	2500187	10027	12580	2600173	10027	13066	2700054	10027	13551	2800107	10027	14036	2900128	10027	14520	3000089	10027	15007	3100072	10027	15491	3200024	10027	15979	3300210	10027	16464	3400210	10027	16943	3500156	10027	
485	100155	10027	970	200091	10027	1456	300199	10027	1942	400163	10027	2428	500138	10027	2914	600092	10027	3401	700095	10027	3880	800149	10027	4358	900031	10027	4843	1000144	10027	5330	1100161	10027	5816	1200045	10027	6301	1300076	10027	6788	1400152	10027	7271	1500217	10027	7754	1600211	10027	8233	1700044	10027	8720	1800107	10027	9206	1900077	10027	9691	2000070	10027	10170	2100046	10027	10653	2200077	10027	11137	2300167	10027	11624	2400190	10027	12109	2500069	10027	12594	2600037	10027	13076	2700091	10027	13556	2800161	10027	14044	2900184	10027	14532	3000219	10027	15013	3100174	10027	15494	3200034	10027	15981	3300176	10027	16465	3400140	10027	16943	3500075	10027	
484	100036	10027	969	200113	10027	1454	300221	10027	1935	400174	10027	2422	500182	10027	2909	600077	10027	3393	700101	10027	3874	800024	10027	4363	900146	10027	4845	1000020	10027	5328	1100201	10027	5809	1200192	10027	6293	1300051	10027	6779	1400182	10027	7264	1500094	10027	7744	1600170	10027	8230	1700148	10027	8715	1800034	10027	9201	1900162	10027	9686	2000081	10027	10157	2100173	10027	10639	2200045	10027	11128	2300157	10027	11616	2400077	10027	12100	2500046	10027	12587	2600147	10027	13073	2700074	10027	13560	2800066	10027	14048	2900133	10027	14534	3000110	10027	15017	3100197	10027	15500	3200016	10027	15980	3300077	10027	16463	3400149	10027	16944	3500067	10027	
486	100021	10027	972	200076	10027	1459	300117	10027	1945	400190	10027	2430	500044	10027	2914	600105	10027	3397	700048	10027	3882	800094	10027	4364	900104	10027	4844	1000164	10027	5329	1100016	10027	5815	1200156	10027	6302	1300165	10027	6789	1400087	10027	7277	1500177	10027	7758	1600188	10027	8241	1700255	10027	8726	1800207	10027	9211	1900189	10027	9699	2000067	10027	10186	2100098	10027	10670	2200035	10027	11157	2300219	10027	11636	2400095	10027	12112	2500161	10027	12598	2600045	10027	13085	2700130	10027	13569	2800164	10027	14056	2900066	10027	14539	3000017	10027	15025	3100102	10027	15510	3200129	10027	15992	3300033	10027	16475	3400185	10027	16957	3500069	10027	
484	100133	10027	972	200095	10027	1461	300116	10027	1939	400083	10027	2425	500144	10027	2912	600150	10027	3398	700086	10027	3884	800027	10027	4369	900024	10027	4853	1000061	10027	5341	1100120	10027	5828	1200135	10027	6313	1300094	10027	6797	1400191	10027	7284	1500101	10027	7772	1600172	10027	8258	1700136	10027	8737	1800049	10027	9220	1900204	10027	9703	2000179	10027	10185	2100064	10027	10669	2200112	10027	11155	2300205	10027	11644	2400169	10027	12124	2500144	10027	12602	2600218	10027	13086	2700181	10027	13568	2800091	10027	14050	2900090	10027	14533	3000037	10027	15017	3100056	10027	15496	3200044	10027	15981	3300186	10027	16464	3400057	10027	16951	3500123	10027	
106	100235	50414	211	200272	50414	316	300258	50414	422	400478	50414	528	500172	50414	633	600282	50414	739	700433	50414	844	800674	50414	950	900907	50414	1055	1000684	50414	1160	1100358	50414	1264	1200116	50414	1368	1300910	50414	1474	1400857	50414	1579	1500568	50414	1685	1600959	50414	1791	1700569	50414	1896	1800756	50414	2001	1900183	50414	2108	2000905	50414	2213	2100605	50414	2318	2200641	50414	2424	2300897	50414	2529	2401030	50414	2632	2500588	50414	2736	2601030	50414	2840	2700884	50414	2942	2800883	50414	3047	2900758	50414	3151	3000382	50414	3257	3101015	50414	3362	3200701	50414	3467	3300102	50414	3572	3400933	50414	3676	3500549	50414	
106	100525	50414	212	200191	50414	318	300519	50414	424	400829	50414	530	500517	50414	636	600809	50414	741	700197	50414	847	800517	50414	952	900619	50414	1057	1000733	50414	1162	1100437	50414	1267	1200292	50414	1372	1300479	50414	1478	1400664	50414	1584	1500368	50414	1689	1600700	50414	1795	1700419	50414	1901	1800704	50414	2006	1900243	50414	2112	2000606	50414	2215	2100333	50414	2321	2200346	50414	2427	2300086	50414	2533	2400479	50414	2638	2500237	50414	2744	2600212	50414	2849	2700368	50414	2955	2800745	50414	3060	2900655	50414	3166	3000666	50414	3271	3100414	50414	3377	3200570	50414	3483	3300696	50414	3589	3400477	50414	3694	3500224	50414	
105	100288	50414	210	200369	50414	316	300955	50414	421	400350	50414	527	500520	50414	633	600728	50414	738	700373	50414	845	800691	50414	952	900570	50414	1057	1000201	50414	1162	1100722	50414	1267	1200974	50414	1372	1300195	50414	1477	1400424	50414	1584	1501043	50414	1688	1600530	50414	1794	1700732	50414	1900	1800850	50414	2004	1900566	50414	2109	2000239	50414	2215	2100322	50414	2320	2200878	50414	2424	2300503	50414	2530	2400299	50414	2636	2500773	50414	2741	2600882	50414	2846	2700229	50414	2951	2801026	50414	3052	2900951	50414	3155	3000340	50414	3261	3101026	50414	3365	3200270	50414	3471	3300166	50414	3577	3400861	50414	3683	3500790	50414	
106	101001	50414	211	200893	50414	316	300585	50414	421	400243	50414	527	500575	50414	632	600874	50414	737	700435	50414	843	800563	50414	947	900204	50414	1053	1000595	50414	1158	1100088	50414	1262	1200515	50414	1367	1300679	50414	1470	1400731	50414	1573	1500654	50414	1678	1600780	50414	1784	1700971	50414	1889	1800110	50414	1995	1900883	50414	2101	2000767	50414	2207	2100861	50414	2312	2200564	50414	2418	2300535	50414	2524	2400838	50414	2629	2500685	50414	2735	2600714	50414	2840	2700779	50414	2945	2800346	50414	3050	2900740	50414	3155	3000309	50414	3262	3100966	50414	3363	3200629	50414	3467	3301021	50414	3573	3400701	50414	3679	3500915	50414	
106	100412	50414	212	200114	50414	318	300898	50414	424	400579	50414	530	500597	50414	636	600293	50414	742	700779	50414	848	800755	50414	952	900282	50414	1057	1000988	50414	1162	1100115	50414	1267	1200191	50414	1373	1300353	50414	1479	1400932	50414	1583	1500307	50414	1689	1600855	50414	1793	1700804	50414	1899	1800381	50414	2005	1900835	50414	2110	2000643	50414	2212	2100163	50414	2316	2200226	50414	2422	2300424	50414	2526	2400245	50414	2631	2500825	50414	2736	2600666	50414	2840	2700379	50414	2946	2800982	50414	3052	2900868	50414	3157	3000608	50414	3262	3100980	50414	3367	3200801	50414	3472	3300945	50414	3575	3400348	50414	3681	3500590	50414	
