versja nr 2;wspolczynnik mutacji 0.600000;wielkosc populacji 45
298	100083	112	500	169884	83	589	200344	80	882	300222	74	1000	340301	72	1177	400279	69	1472	500333	69	1500	509869	69	1766	600325	69	2000	679804	69	2059	700089	69	2352	800131	67	2500	850452	67	2646	900054	67	2940	1000244	67	3000	1020600	67	3235	1100222	66	3500	1190119	65	3530	1200328	65	3824	1300230	65	4000	1361285	65	4115	1400265	65	4409	1500055	65	4500	1531292	65	4701	1600239	63	4996	1700186	63	5000	1701534	63	5291	1800277	63	5500	1871172	63	5585	1900332	63	5877	2000326	63	6000	2042260	62	6171	2100082	62	6455	2200308	62	6500	2215497	62	6750	2300342	62	7000	2385173	61	7042	2400077	61	7317	2500079	59	
300	100316	190	500	167877	159	593	200261	148	888	300225	143	1000	338342	139	1183	400121	134	1479	500055	132	1500	507196	132	1773	600223	132	2000	677180	132	2068	700247	132	2362	800233	129	2500	846754	128	2658	900205	128	2953	1000068	127	3000	1015969	125	3249	1100301	123	3500	1185101	121	3544	1200034	121	3840	1300142	121	4000	1354251	121	4135	1400038	121	4431	1500092	121	4500	1523455	121	4728	1600140	113	5000	1692142	108	5023	1700288	108	5312	1800277	103	5500	1863891	103	5607	1900178	103	5903	2000209	101	6000	2033006	99	6199	2100243	95	6494	2200090	90	6500	2202124	90	6789	2300097	88	7000	2371542	88	7085	2400163	88	7380	2500061	88	
303	100052	163	500	166689	109	599	200309	106	894	300083	86	1000	335790	80	1191	400156	66	1487	500350	58	1500	504791	58	1782	600153	54	2000	673833	54	2078	700074	51	2375	800224	49	2500	844532	49	2662	900041	49	2957	1000062	49	3000	1014713	49	3253	1100138	49	3500	1183153	49	3551	1200307	49	3848	1300169	49	4000	1351214	49	4145	1400030	49	4443	1500338	49	4500	1519605	49	4739	1600174	49	5000	1688451	49	5035	1700227	49	5332	1800107	49	5500	1856709	49	5629	1900260	49	5926	2000255	49	6000	2025214	49	6222	2100111	49	6500	2193575	49	6520	2200325	49	6817	2300202	49	7000	2362013	49	7114	2400318	49	7410	2500180	49	
304	100292	157	500	166458	144	600	200182	134	898	300203	115	1000	334384	115	1197	400282	115	1495	500185	110	1500	501876	110	1793	600017	110	2000	669713	110	2091	700186	110	2389	800115	104	2500	837328	104	2687	900044	100	2986	1000245	98	3000	1004970	98	3283	1100149	98	3500	1172877	98	3581	1200211	98	3876	1300018	98	4000	1341432	98	4174	1400060	98	4473	1500218	95	4500	1509299	95	4771	1600021	93	5000	1676603	92	5070	1700057	91	5369	1800168	89	5500	1844063	89	5668	1900198	84	5964	2000247	84	6000	2012559	84	6260	2100215	83	6500	2180645	83	6558	2200110	83	6857	2300222	83	7000	2348299	83	7154	2400070	83	7451	2500084	83	
302	100336	151	500	167372	102	597	200148	93	893	300128	67	1000	336097	67	1189	400054	65	1485	500155	64	1500	505261	64	1781	600047	64	2000	673999	64	2078	700342	64	2374	800151	64	2500	842854	64	2669	900218	64	2965	1000206	64	3000	1012116	64	3260	1100139	64	3500	1181246	64	3556	1200059	64	3852	1300166	64	4000	1350142	64	4148	1400057	64	4445	1500234	64	4500	1518762	64	4741	1600218	64	5000	1688100	64	5036	1700262	64	5332	1800268	64	5500	1856882	64	5629	1900318	64	5925	2000347	64	6000	2025692	64	6213	2100263	64	6500	2197419	64	6508	2200119	64	6804	2300261	64	7000	2366483	64	7100	2400216	64	7395	2500063	64	
301	100033	145	500	167718	129	596	200243	118	893	300340	112	1000	336409	111	1190	400207	108	1486	500071	108	1500	504811	108	1784	600064	108	2000	672808	108	2082	700299	108	2379	800202	100	2500	841186	100	2675	900065	95	2971	1000117	91	3000	1009929	87	3267	1100237	84	3500	1181305	84	3555	1200075	84	3850	1300016	84	4000	1350437	84	4147	1400120	84	4444	1500211	84	4500	1519092	84	4742	1600272	81	5000	1687627	81	5037	1700132	81	5333	1800091	81	5500	1856340	81	5630	1900176	81	5927	2000107	81	6000	2024607	81	6224	2100105	81	6500	2193157	81	6521	2200212	81	6818	2300199	81	7000	2362219	81	7113	2400287	81	7410	2500274	81	
301	100253	210	500	168035	182	595	200321	178	882	300037	162	1000	340403	162	1176	400064	159	1473	500240	155	1500	509371	155	1769	600167	154	2000	678246	146	2065	700287	142	2358	800257	141	2500	848399	141	2652	900244	135	2948	1000311	128	3000	1017859	128	3243	1100050	121	3500	1186872	121	3539	1200070	120	3835	1300122	120	4000	1355662	120	4132	1400334	118	4427	1500212	118	4500	1525143	118	4722	1600320	111	5000	1695017	111	5015	1700166	111	5310	1800164	111	5500	1864531	105	5605	1900066	104	5901	2000066	104	6000	2033412	100	6197	2100193	100	6493	2200260	100	6500	2202613	100	6788	2300103	100	7000	2371688	97	7084	2400049	97	7380	2500274	97	
299	100250	211	500	169025	204	592	200183	204	886	300019	198	1000	338834	198	1180	400096	191	1475	500039	186	1500	508542	186	1771	600303	178	2000	678155	164	2065	700216	164	2359	800337	159	2500	848743	156	2651	900079	151	2946	1000165	130	3000	1018480	130	3241	1100198	121	3500	1187856	110	3536	1200063	110	3831	1300068	98	4000	1357406	93	4126	1400291	93	4421	1500079	90	4500	1526738	87	4717	1600227	83	5000	1696248	83	5012	1700344	83	5306	1800109	75	5500	1866114	75	5600	1900132	75	5895	2000240	70	6000	2035875	70	6190	2100329	69	6485	2200335	69	6500	2205481	69	6780	2300333	69	7000	2375692	68	7069	2400325	67	7360	2500072	66	
313	100256	186	500	161332	167	619	200149	159	926	300307	142	1000	324338	139	1233	400223	135	1500	486897	126	1541	500233	126	1849	600271	122	2000	649247	122	2156	700137	122	2463	800326	122	2500	812418	122	2769	900216	122	3000	975460	122	3076	1000145	122	3383	1100252	118	3500	1138349	118	3690	1200281	118	3996	1300157	118	4000	1301459	118	4303	1400027	118	4500	1464233	115	4605	1500247	115	4911	1600027	115	5000	1628899	115	5220	1700303	115	5500	1791256	114	5527	1800068	114	5835	1900190	110	6000	1953786	106	6143	2000243	106	6450	2100042	102	6500	2116315	102	6757	2200105	98	7000	2279282	96	7064	2300136	94	7371	2400331	94	7500	2442456	91	7678	2500326	91	
301	100255	267	500	167864	216	596	200214	208	892	300210	179	1000	336962	179	1187	400256	167	1483	500142	158	1500	505914	158	1775	600047	158	2000	676854	158	2068	700053	158	2365	800135	158	2500	845776	155	2661	900272	145	2958	1000270	140	3000	1014424	140	3254	1100151	140	3500	1183059	140	3551	1200202	140	3848	1300071	140	4000	1351105	140	4146	1400310	140	4443	1500112	140	4500	1519232	140	4741	1600312	139	5000	1687729	137	5037	1700200	137	5334	1800330	137	5500	1856443	137	5630	1900194	137	5926	2000180	136	6000	2025167	136	6222	2100089	136	6500	2193860	132	6519	2200310	132	6816	2300139	132	7000	2362247	124	7112	2400074	124	7409	2500265	116	
315	100194	69	500	160437	60	622	200115	60	931	300310	57	1000	322585	57	1239	400331	54	1500	485066	54	1546	500085	54	1855	600141	54	2000	647152	54	2164	700202	52	2472	800076	49	2500	809169	49	2781	900037	49	3000	971267	49	3089	1000091	49	3397	1100118	49	3500	1133535	49	3706	1200312	49	4000	1295584	49	4014	1300136	49	4322	1400085	47	4500	1458051	47	4629	1500165	46	4937	1600158	46	5000	1620653	46	5245	1700035	46	5500	1782650	46	5554	1800178	46	5862	1900201	46	6000	1945528	46	6168	2000135	46	6476	2100180	46	6500	2108028	46	6783	2200060	46	7000	2270539	46	7091	2300202	46	7399	2400300	46	7500	2433095	46	7707	2500265	46	
301	100254	101	500	167791	99	596	200211	94	891	300355	93	1000	337224	93	1186	400172	93	1480	500037	93	1500	506851	93	1775	600177	90	2000	676655	89	2069	700023	81	2364	800077	77	2500	846214	77	2659	900156	77	2954	1000058	77	3000	1015672	77	3249	1100130	77	3500	1185101	77	3545	1200318	77	3840	1300279	75	4000	1354489	71	4135	1400058	71	4431	1500245	71	4500	1523679	71	4726	1600087	70	5000	1692871	69	5022	1700302	68	5318	1800363	68	5500	1864844	68	5603	1900181	68	5899	2000096	67	6000	2034365	67	6194	2100107	67	6490	2200195	67	6500	2203573	67	6786	2300162	67	7000	2372500	67	7082	2400222	67	7377	2500132	67	
301	100341	63	500	167989	62	595	200057	58	891	300334	58	1000	337043	56	1187	400146	56	1484	500173	56	1500	505582	56	1781	600357	54	2000	674295	54	2077	700311	54	2373	800114	54	2500	842958	54	2670	900256	53	2957	1000115	52	3000	1014927	52	3252	1100042	52	3500	1183711	52	3549	1200314	52	3846	1300301	52	4000	1352286	51	4142	1400028	50	4439	1500197	48	4500	1520769	48	4736	1600210	48	5000	1689944	48	5030	1700116	48	5328	1800268	48	5500	1858274	48	5624	1900046	48	5922	2000335	48	6000	2026544	47	6218	2100120	47	6500	2195391	47	6514	2200113	47	6811	2300128	47	7000	2363862	47	7108	2400294	47	7405	2500339	47	
301	100303	91	500	166103	80	604	200246	80	908	300226	72	1000	330503	72	1212	400333	70	1500	494789	70	1516	500037	70	1820	600156	70	2000	659183	63	2124	700092	63	2428	800217	63	2500	824000	62	2731	900247	62	3000	989174	58	3033	1000103	58	3337	1100228	58	3500	1154102	58	3639	1200051	58	3943	1300238	55	4000	1319057	55	4246	1400267	54	4500	1484340	53	4548	1500089	53	4851	1600025	53	5000	1649014	53	5155	1700198	53	5459	1800231	53	5500	1813761	53	5762	1900037	53	6000	1978478	53	6066	2000255	53	6370	2100337	53	6500	2143137	53	6673	2200116	53	6977	2300159	53	7000	2307745	53	7281	2400305	53	7500	2472506	53	7584	2500166	53	
301	100248	101	500	167493	93	597	200197	85	893	300299	68	1000	336611	67	1188	400308	66	1482	500066	66	1500	506190	66	1777	600083	66	2000	675507	65	2073	700208	63	2368	800127	63	2500	844971	63	2663	900199	63	2958	1000251	63	3000	1014454	63	3253	1100079	63	3500	1183792	63	3548	1200028	63	3844	1300047	63	4000	1352852	62	4140	1400107	62	4436	1500177	62	4500	1521803	62	4731	1600098	62	5000	1691075	62	5027	1700240	62	5323	1800076	62	5500	1860219	62	5618	1900199	62	5913	2000187	62	6000	2029683	62	6208	2100230	62	6494	2200089	62	6500	2202116	62	6787	2300254	62	7000	2372253	62	7083	2400342	62	7378	2500212	61	
311	100094	61	500	162066	60	616	200167	58	920	300142	54	1000	326273	52	1225	400133	52	1500	490521	52	1529	500030	52	1834	600271	52	2000	654711	52	2139	700261	50	2443	800065	50	2500	818875	50	2747	900239	50	3000	983112	48	3052	1000126	48	3357	1100264	48	3500	1147136	48	3662	1200269	48	3960	1300067	48	4000	1313177	48	4265	1400204	48	4500	1477323	48	4570	1500244	48	4874	1600052	48	5000	1641260	48	5179	1700017	47	5484	1800047	47	5500	1805297	47	5789	1900121	47	6000	1969290	47	6094	2000122	47	6398	2100015	47	6500	2133516	47	6703	2200231	47	7000	2297456	47	7008	2300101	47	7314	2400332	47	7500	2461432	47	7618	2500180	47	
309	100154	77	500	163165	76	612	200225	76	915	300171	61	1000	328147	61	1210	400083	57	1500	495573	56	1514	500176	56	1817	600113	54	2000	660338	54	2121	700251	54	2424	800222	53	2500	825335	53	2727	900156	53	3000	990409	53	3030	1000324	53	3333	1100274	51	3500	1155403	51	3635	1200270	51	3938	1300189	51	4000	1320579	51	4241	1400039	51	4500	1485363	50	4545	1500234	50	4848	1600215	50	5000	1650371	50	5151	1700223	50	5454	1800152	50	5500	1815324	50	5757	1900018	50	6000	1980117	50	6061	2000269	50	6364	2100166	50	6500	2145478	50	6665	2200066	50	6967	2300258	50	7000	2311125	50	7270	2400150	50	7500	2476072	50	7573	2500142	50	
301	100352	102	500	168391	102	593	200057	99	888	300135	92	1000	338069	92	1183	400178	92	1477	500172	86	1500	508034	86	1771	600199	84	2000	677877	84	2066	700298	84	2360	800084	78	2500	847609	73	2655	900100	73	2950	1000203	70	3000	1017121	70	3245	1100245	70	3500	1186659	70	3540	1200201	70	3834	1300101	67	4000	1356582	67	4128	1400064	67	4423	1500049	67	4500	1526153	67	4717	1600058	67	5000	1696076	67	5012	1700177	67	5307	1800263	67	5500	1865758	67	5601	1900179	67	5896	2000163	67	6000	2035267	67	6191	2100207	67	6485	2200060	67	6500	2205129	67	6781	2300331	67	7000	2374584	67	7076	2400330	67	7364	2500159	66	
307	100148	67	500	163884	64	610	200132	58	913	300162	57	1000	328882	57	1216	400189	55	1500	493850	55	1519	500147	55	1822	600305	52	2000	660076	52	2121	700070	52	2423	800044	52	2500	825479	52	2726	900226	51	3000	990683	49	3029	1000250	49	3332	1100215	45	3500	1155756	45	3635	1200276	45	3938	1300239	45	4000	1320727	45	4240	1400203	45	4500	1486111	45	4542	1500065	45	4840	1600051	45	5000	1653989	45	5139	1700074	45	5442	1800345	45	5500	1819490	45	5744	1900060	45	6000	1984759	45	6047	2000293	45	6350	2100236	44	6500	2149786	44	6653	2200234	44	6956	2300298	44	7000	2314821	44	7258	2400145	44	7500	2480061	44	7561	2500211	44	
298	100081	64	500	169143	56	591	200322	56	882	300160	50	1000	340466	50	1175	400304	48	1467	500053	47	1500	511357	47	1760	600323	47	2000	682681	47	2047	700397	47	2337	800347	47	2500	856045	47	2629	900081	45	2922	1000184	45	3000	1026733	45	3215	1100053	45	3500	1197152	44	3509	1200286	44	3802	1300232	44	4000	1367537	44	4096	1400216	44	4388	1500066	44	4500	1538130	44	4682	1600151	44	4975	1700029	44	5000	1708638	44	5269	1800228	43	5500	1879003	43	5562	1900192	43	5855	2000258	43	6000	2049569	43	6147	2100146	43	6441	2200336	43	6500	2220458	43	6734	2300290	43	7000	2391033	43	7027	2400240	43	7319	2500054	43	
100	100892	2838	195	200127	2762	291	300217	2482	387	400503	2439	482	500209	2413	500	519099	2413	578	600905	2342	673	700653	2317	768	800365	2278	864	900908	2228	959	1000645	2163	1000	1043705	2163	1054	1100640	2163	1149	1200195	2163	1245	1300901	2137	1340	1400885	2107	1435	1501013	2107	1500	1569848	2107	1529	1600405	2107	1624	1700185	2107	1720	1800694	2107	1815	1900233	2107	1910	2000211	2107	2000	2094539	2107	2006	2101020	2107	2101	2200793	2075	2196	2300564	2047	2291	2400248	2047	2386	2500274	2047	
100	100297	2758	195	200567	2463	290	300181	2165	385	400110	2140	481	501076	2103	500	521065	2103	575	600187	2103	670	700072	2041	766	800348	1980	862	900828	1980	957	1000116	1980	1000	1045024	1955	1053	1100583	1914	1149	1200804	1773	1244	1300204	1773	1340	1400903	1773	1435	1500222	1773	1500	1568196	1773	1531	1600615	1773	1626	1700387	1773	1722	1800937	1773	1816	1900240	1773	1910	2000704	1773	2000	2094687	1773	2006	2101048	1773	2101	2200269	1773	2197	2300420	1743	2293	2400870	1743	2388	2500717	1743	
101	100249	2369	197	200859	2148	292	300942	2050	387	400646	1913	482	500963	1823	500	520216	1823	576	600393	1790	671	700575	1761	766	801095	1735	860	900715	1735	953	1000706	1735	1000	1051100	1735	1047	1101023	1713	1141	1200647	1713	1236	1300959	1713	1330	1400732	1713	1424	1500332	1713	1500	1580406	1713	1519	1600479	1713	1614	1700799	1713	1708	1800477	1713	1803	1900996	1713	1897	2000423	1713	1992	2101090	1713	2000	2109579	1713	2086	2200913	1713	2180	2300315	1713	2275	2400347	1713	2370	2500972	1686	
100	100638	2681	194	200071	2614	290	300108	2614	387	400869	2531	482	500381	2531	500	519366	2531	578	600761	2504	674	700441	2461	770	800388	2461	866	900928	2461	962	1000947	2461	1000	1040462	2461	1058	1100823	2461	1154	1200893	2461	1249	1300349	2461	1345	1400794	2461	1441	1500718	2461	1500	1562080	2461	1537	1600459	2461	1633	1700637	2461	1729	1800717	2461	1824	1900081	2461	1921	2001068	2461	2000	2083269	2461	2017	2101105	2461	2113	2201040	2429	2209	2300740	2429	2305	2400359	2429	2401	2500468	2429	
98	100256	3012	193	200499	2708	287	300570	2597	381	400275	2535	475	500396	2535	500	527054	2535	569	600698	2535	663	700209	2535	758	800870	2535	852	900895	2442	946	1001000	2271	1000	1058367	2238	1040	1100892	2211	1134	1200964	2134	1228	1301077	2134	1322	1400782	2094	1416	1501005	2066	1500	1590356	2066	1510	1601075	2066	1603	1700120	2066	1697	1800254	2066	1791	1900667	2008	1885	2001089	2008	1979	2100890	1974	2000	2123238	1974	2071	2200485	1974	2164	2300989	1974	2257	2400092	1974	2351	2500132	1974	
99	100241	2536	195	200710	2267	290	300642	2229	385	400581	2200	480	500682	2136	500	521898	2136	574	600282	2136	668	700244	2136	763	801120	2108	857	900179	2079	953	1001007	2050	1000	1050289	2050	1048	1100533	2027	1143	1200403	2027	1237	1300986	1993	1331	1401019	1963	1426	1500771	1963	1500	1578582	1895	1521	1600592	1895	1616	1700751	1895	1711	1800972	1895	1806	1901024	1895	1900	2000524	1895	1995	2100461	1895	2000	2105780	1895	2089	2200213	1895	2185	2300992	1895	2280	2401088	1895	2375	2500924	1895	
99	100696	3257	194	201081	3189	288	300361	3119	382	400923	3027	475	500140	2923	500	526531	2923	570	600155	2845	665	700203	2724	761	800864	2661	856	900676	2591	951	1000794	2591	1000	1052636	2591	1046	1100889	2560	1141	1201121	2560	1235	1300159	2560	1330	1400223	2560	1425	1500387	2560	1500	1579291	2560	1520	1600338	2560	1615	1700248	2560	1710	1800567	2560	1805	1900665	2560	1900	2001012	2560	1994	2100215	2560	2000	2106577	2560	2089	2200242	2560	2184	2300318	2560	2279	2400172	2560	2374	2500322	2560	
101	100185	2630	197	200182	2258	293	300367	2111	389	400743	2045	484	500754	2006	500	517539	2006	579	600114	2006	675	700702	1982	770	800349	1982	866	900926	1982	961	1000449	1982	1000	1041025	1952	1057	1100613	1952	1153	1200848	1952	1249	1301063	1952	1344	1400354	1917	1439	1500282	1885	1500	1563870	1843	1535	1600482	1843	1631	1700840	1843	1726	1800533	1843	1821	1900344	1843	1917	2000808	1843	2000	2087907	1843	2012	2100649	1843	2107	2200260	1843	2203	2300670	1843	2298	2400111	1843	2388	2500427	1843	
102	100200	2189	198	200181	2041	294	300426	2041	390	400506	2013	486	500468	1985	500	515101	1985	582	600584	1959	678	700443	1937	774	800537	1937	870	900700	1937	966	1000825	1937	1000	1036261	1937	1061	1100234	1937	1157	1200173	1937	1253	1300104	1937	1349	1400437	1937	1445	1500395	1937	1500	1557593	1937	1540	1601052	1937	1635	1700794	1937	1731	1801007	1937	1827	1901165	1937	1922	2000313	1937	2000	2081406	1937	2018	2100273	1937	2114	2200583	1937	2210	2300923	1895	2306	2400837	1895	2402	2500951	1895	
101	100223	2308	196	200468	1938	290	300670	1910	384	400597	1787	478	500512	1761	500	524088	1761	572	600551	1733	665	700971	1733	759	800950	1709	853	900545	1709	948	1001109	1709	1000	1056239	1709	1042	1100538	1709	1137	1201010	1709	1231	1300614	1709	1325	1400496	1709	1419	1500143	1709	1500	1586016	1709	1514	1600882	1709	1608	1700661	1709	1702	1800254	1709	1797	1900965	1709	1891	2000893	1709	1985	2100200	1709	2000	2116143	1709	2080	2201102	1709	2174	2300600	1709	2268	2400368	1709	2363	2501098	1709	
102	100772	1288	198	201071	1112	293	300193	1037	389	400921	997	483	500627	997	500	518697	997	578	600358	933	674	700484	898	770	801099	869	865	900610	869	961	1000957	869	1000	1041915	869	1055	1100108	869	1151	1200952	869	1246	1300339	869	1342	1401016	869	1437	1500559	869	1500	1566569	869	1532	1600263	869	1628	1700984	869	1723	1800731	869	1818	1900622	869	1914	2001042	869	2000	2091097	869	2009	2100546	869	2105	2201052	843	2200	2300295	843	2295	2400273	843	2390	2500087	843	
105	100503	956	202	200135	956	299	300208	956	396	400206	956	494	500955	956	500	507178	956	591	600885	956	687	700213	956	784	800123	925	881	900193	925	979	1001042	925	1000	1022613	925	1075	1100432	925	1172	1200349	925	1269	1300247	925	1366	1400176	925	1463	1500189	925	1500	1538328	925	1560	1600099	925	1657	1700244	925	1754	1800202	925	1849	1900603	925	1946	2000926	925	2000	2056374	889	2043	2100632	865	2140	2200298	865	2238	2301038	865	2335	2400679	865	2432	2501069	865	
103	101074	1142	198	200135	1006	294	300159	969	390	400500	969	486	500896	969	500	515523	969	581	600254	969	677	700583	969	772	800129	938	868	900643	938	962	1001069	899	1000	1041007	899	1057	1100830	874	1152	1200356	874	1247	1300902	874	1342	1400170	874	1438	1500711	874	1500	1565383	874	1534	1600883	874	1629	1700710	874	1725	1801089	874	1820	1900313	874	1916	2000955	874	2000	2089110	874	2011	2100642	874	2106	2200362	874	2202	2300531	874	2298	2401072	874	2393	2500838	874	
102	101049	1038	199	200976	972	296	301073	972	393	401066	945	490	500842	945	500	511155	945	587	600557	945	684	700340	915	782	800918	877	879	900564	877	976	1000492	877	1000	1025337	877	1073	1100468	847	1170	1200550	847	1267	1300821	847	1364	1400694	847	1460	1500256	847	1500	1541437	847	1557	1600230	847	1654	1700570	847	1750	1800232	847	1847	1900077	847	1945	2001023	847	2000	2057818	847	2042	2100933	847	2139	2200814	847	2235	2300212	847	2333	2400868	847	2430	2500818	847	
107	100810	961	206	200816	921	305	300768	921	404	400602	921	500	497339	921	503	500440	921	602	600258	843	701	700519	843	800	800551	843	899	900737	843	998	1000526	843	1000	1002598	843	1097	1100405	843	1196	1200196	843	1296	1300675	811	1395	1400530	811	1494	1500517	811	1500	1506619	811	1593	1600748	811	1692	1700731	811	1791	1800239	751	1889	1900157	751	1988	2000604	751	2000	2012894	751	2086	2100394	751	2183	2200764	724	2281	2300123	724	2380	2400576	687	2479	2500899	687	
103	100125	1158	200	200933	1036	296	300429	963	392	400711	886	489	500922	852	500	512519	852	585	600831	852	681	700443	852	777	800212	852	874	901040	852	970	1001027	852	1000	1032160	852	1066	1100747	852	1162	1200786	852	1256	1300286	852	1352	1400085	852	1449	1500967	852	1500	1554096	852	1545	1600883	852	1641	1700736	852	1737	1800462	852	1833	1900246	852	1929	2000074	852	2000	2073891	852	2026	2101026	852	2121	2200151	852	2217	2300726	852	2313	2400411	852	2409	2500125	852	
108	100815	1086	206	200082	963	306	300592	926	404	400545	926	500	496965	926	503	500076	926	603	600659	926	702	700218	926	801	800159	926	901	900914	926	1000	1000330	926	1000	1000398	926	1100	1100518	926	1200	1200885	926	1299	1300610	926	1398	1400777	926	1497	1500700	926	1500	1503812	926	1596	1600849	926	1695	1700128	926	1795	1800686	926	1895	1900947	926	1994	2000428	926	2000	2006508	926	2093	2100363	926	2192	2200147	926	2292	2300759	926	2391	2400444	926	2491	2500791	926	
102	100291	954	197	200655	830	291	300276	773	385	400966	739	479	500235	701	500	522522	701	574	600498	670	669	700970	670	763	800131	670	858	900411	670	953	1000418	670	1000	1050297	670	1048	1101080	670	1142	1200343	670	1237	1300653	651	1332	1400978	651	1427	1501039	651	1500	1578062	651	1521	1600193	651	1616	1700181	651	1711	1800472	651	1806	1900860	651	1900	2000588	651	1995	2100783	628	2000	2106124	628	2089	2200157	628	2184	2300472	628	2279	2400478	628	2371	2500481	628	
103	100840	1012	198	200709	847	293	301012	815	387	400124	778	482	501007	778	500	520110	778	576	600229	778	671	700592	754	766	800813	754	860	900101	754	955	1000399	754	1000	1047840	754	1050	1100561	754	1144	1200317	754	1239	1300747	754	1333	1400119	754	1429	1501090	725	1500	1578566	725	1521	1601113	725	1615	1700355	725	1710	1800524	725	1805	1900515	725	1900	2000642	725	1995	2100579	725	2000	2105871	725	2090	2200780	725	2185	2300950	725	2279	2400187	725	2374	2500249	693	
107	100914	1066	206	200544	976	305	300281	838	404	400421	764	500	497451	732	503	500547	697	602	600844	697	693	700945	697	791	800770	662	889	900108	629	988	1000244	629	1000	1012355	629	1087	1100205	629	1186	1200331	629	1285	1300242	629	1384	1400086	629	1483	1500311	629	1500	1517687	629	1582	1600748	629	1681	1701002	629	1780	1801062	629	1879	1900954	629	1977	2000162	629	2000	2023249	629	2076	2100142	629	2175	2200318	629	2274	2300620	629	2373	2401038	629	2471	2500177	629	
22	104041	23090	43	204086	22075	63	302237	21619	84	403934	20964	104	500703	20508	125	602063	20040	146	704435	19809	166	802168	19809	187	904588	19809	207	1002755	19809	228	1105155	19809	248	1202898	19809	268	1301077	19809	289	1403908	19809	309	1501963	19809	330	1604203	19608	350	1702750	19608	370	1800668	19608	391	1903415	19608	411	2000960	19608	432	2103765	19608	452	2201968	19410	473	2305243	19410	493	2403247	19410	500	2437774	19410	513	2501955	19410	
22	103667	22584	43	203829	21446	63	301784	20759	84	404806	20540	104	503076	20540	124	600984	20540	145	704124	20540	165	802145	20314	186	904816	20314	206	1002919	20314	226	1101020	20314	247	1204084	20314	267	1302348	20113	288	1405150	20113	308	1502796	19886	328	1600819	19666	349	1703331	19444	368	1803454	19444	388	1901961	19444	409	2004568	19444	429	2102430	19444	450	2204821	19444	470	2303041	19444	490	2401442	19444	500	2450682	19444	511	2504640	19444	
21	101403	22897	42	203970	22153	62	300980	21198	83	401591	20306	104	503789	20059	124	600502	18955	145	703041	18955	165	803429	18955	185	901566	18955	206	1004575	18955	226	1102295	18955	247	1204596	18729	267	1302530	18729	287	1400587	18729	308	1503439	18729	328	1601341	18729	349	1703872	18729	369	1801962	18729	390	1904717	18729	410	2002882	18729	430	2100656	18729	451	2204170	18729	471	2302166	18729	491	2400713	18729	500	2445093	18729	512	2504165	18729	
21	101968	25212	42	202993	24235	63	304186	23463	84	404925	22737	104	501364	22539	125	602894	21836	145	700663	21625	166	801799	21195	187	903934	21195	207	1001392	21195	228	1103500	21195	248	1201110	21195	269	1303523	21195	289	1401378	21195	310	1503618	21195	330	1601123	21195	351	1703440	21195	371	1801194	21195	392	1903721	21195	412	2000745	20963	433	2102881	20511	453	2200813	20511	474	2304270	20511	494	2401911	20511	500	2431334	20511	515	2504474	20511	
22	102890	22737	43	204239	21500	63	301214	21064	84	403703	20614	104	501764	20189	125	605135	19979	145	703831	19771	165	802055	19771	185	900597	19771	206	1003887	19771	226	1102259	19771	246	1200926	19771	267	1304273	19771	287	1402984	19771	307	1501251	19771	328	1604878	19771	348	1703336	19771	368	1804086	19771	388	1902526	19771	408	2001277	19771	429	2104715	19771	449	2203933	19771	469	2302093	19771	489	2400401	19771	500	2454614	19771	510	2503894	19771	
22	101749	21962	44	205082	20183	64	302237	19952	85	404249	19744	105	501416	19744	126	603509	19744	146	700488	19744	167	804218	19744	187	901503	19744	208	1003140	19744	229	1105132	19744	249	1202190	19744	270	1304254	19744	290	1401130	19744	311	1503172	19537	331	1600619	19537	352	1702762	19537	372	1800365	19537	393	1902269	19537	414	2004327	19537	434	2101547	19537	455	2203921	19537	475	2301117	19537	496	2403160	19537	500	2422881	19537	516	2500632	19537	
22	104066	23671	43	201207	21397	64	301863	20464	85	404160	19830	105	501870	19618	126	605029	19398	146	703648	19398	166	802102	19398	186	900881	19398	207	1004665	19398	227	1103954	19398	247	1202505	19398	267	1301393	19398	288	1404754	19193	308	1503650	19193	328	1602590	19193	348	1701548	19193	369	1805149	19193	389	1904587	19193	409	2003676	19193	429	2102856	19193	449	2202274	19193	469	2300919	19193	490	2404688	19193	500	2454141	19193	510	2503746	19193	
21	100828	24762	42	200499	23544	63	302255	23544	84	402242	22374	105	503296	22154	126	603713	20987	147	704006	20072	167	801556	20072	188	903753	20072	208	1000766	19641	229	1102638	19214	250	1204942	19023	270	1301547	19023	291	1403553	19023	311	1500504	19023	332	1601874	18806	353	1703486	18806	373	1800638	18806	393	1900671	18806	414	2002674	18806	435	2104416	18806	455	2201318	18806	476	2303018	18580	496	2400530	18580	500	2420254	18580	517	2502696	18580	
22	103412	22297	43	203265	20685	64	304721	19750	84	402816	19525	104	500677	19309	125	603850	19309	145	701470	19106	166	804768	19106	186	905076	19106	206	1003021	19106	226	1101112	19106	247	1204295	18878	267	1301597	18423	288	1405116	18423	308	1503577	18208	328	1601939	17788	348	1700447	17582	369	1804579	17582	389	1903345	17358	409	2001165	17152	430	2104577	17152	450	2203179	17152	470	2301648	17152	491	2404710	16953	500	2448967	16953	511	2503102	16953	
21	100577	24550	42	201872	22612	63	304490	21899	83	402636	21404	103	500972	20477	124	603476	19790	144	701931	19790	164	800866	19790	185	904463	19341	205	1002698	19341	225	1101212	19341	246	1204867	19341	266	1303406	19341	286	1401696	19341	307	1505038	19341	327	1603742	19341	347	1702628	19341	367	1801373	19341	388	1905169	19341	408	2004554	19341	428	2103330	19341	448	2201941	19341	468	2300428	19117	489	2403949	19117	500	2458230	19117	509	2502784	19117	
21	102005	25565	42	203662	25565	62	300561	25565	83	401434	25315	104	502438	25315	125	604082	25315	145	700895	25315	166	801914	25315	187	902913	25315	208	1004067	25315	228	1100580	25315	249	1201402	25315	270	1303055	25315	291	1404214	25315	311	1500961	25315	332	1602034	25068	353	1703018	25068	374	1804083	25068	394	1900609	25068	415	2004648	25068	435	2101263	25068	456	2202378	25068	477	2303852	25068	497	2400515	24802	500	2415310	24802	518	2502489	24802	
22	103353	25100	43	202200	25100	64	300548	25100	86	403838	25100	107	502632	25100	128	601284	25100	150	704978	25100	171	803393	25100	192	901866	25100	213	1002418	25100	234	1101271	25100	256	1204734	25100	277	1303304	25100	298	1401999	25100	319	1500733	25100	341	1604120	25100	362	1702790	25100	383	1801170	25100	405	1904514	25100	426	2002873	25100	447	2101185	25100	469	2204230	25100	490	2302879	25100	500	2349989	25100	511	2401685	25100	532	2500454	25100	
21	102774	25298	42	204827	25298	62	301760	25298	83	403594	25298	103	500804	25298	124	602872	25298	145	704606	25298	165	801732	25298	186	903575	25298	206	1000505	25298	227	1102553	25298	248	1204324	25298	268	1301661	25298	289	1403433	25298	309	1500802	25298	330	1602764	25298	351	1704639	25298	371	1801648	25298	392	1903791	25298	412	2000899	25298	433	2102524	25298	454	2203983	25298	474	2300828	25298	495	2402841	25298	500	2427494	25298	515	2500517	25298	
21	100605	25129	42	201390	25129	63	302081	25129	84	402585	25129	105	503585	25129	126	603874	25129	147	704469	25129	168	804932	25129	188	900720	25129	209	1001073	25129	230	1101495	25129	251	1201970	25129	272	1302095	25129	293	1402878	25129	314	1503370	25129	335	1603830	25129	356	1704035	25129	377	1804605	25129	397	1900372	25129	418	2000917	25129	439	2103256	25129	460	2203877	25129	481	2304498	25129	500	2396010	25129	501	2401125	25129	522	2501777	25129	
21	100969	25094	42	201282	25094	63	302253	25094	84	402486	25094	105	502518	25094	126	602716	25094	147	702685	25094	168	803021	25094	189	903282	25094	210	1003666	25094	230	1101536	25094	251	1202021	25094	272	1302236	25094	293	1402596	25094	314	1502606	25094	335	1602216	24602	356	1701967	24602	377	1802187	24602	398	1902130	24602	419	2002273	24602	440	2102219	24602	461	2202171	24602	482	2303105	24602	500	2389942	24345	503	2404667	24345	524	2504945	24345	
21	102413	25616	42	203291	25616	63	302853	25616	84	402220	25616	105	501974	25616	126	601884	25616	147	701439	25616	168	801109	25616	189	900698	25616	211	1004830	25616	232	1104417	25616	253	1204240	25616	274	1304362	25616	295	1404415	25616	316	1503915	25616	337	1603730	25616	358	1703319	25616	379	1802912	25616	400	1902351	25616	421	2001900	25616	442	2101639	25616	463	2201458	25616	484	2301002	25616	500	2376738	25616	505	2400560	25616	527	2505002	25616	
21	101758	25347	42	203599	25347	63	304773	25347	83	401493	25347	104	503268	25347	125	604796	25347	145	701526	25347	166	802964	25347	187	904640	25347	207	1001226	25347	228	1103273	25347	249	1204956	25347	269	1301791	25347	290	1402737	24866	311	1504281	24866	331	1601284	24866	352	1702852	24866	373	1804819	24866	393	1901636	24866	414	2003755	24866	434	2101877	24866	454	2200410	24866	475	2302486	24866	496	2404058	24626	500	2423291	24626	516	2500391	24400	
21	101377	25118	42	202209	24619	63	303244	24619	84	404379	24619	105	504487	24370	125	600521	24370	146	700920	24370	167	801564	24370	188	902121	24370	209	1003064	24370	230	1103735	24370	250	1200773	24130	271	1301646	24130	292	1402810	24130	313	1503674	24130	334	1604328	24130	354	1700438	24130	375	1801128	24130	396	1901652	24130	417	2002522	24130	438	2103709	24130	459	2204518	23884	480	2305098	23884	500	2401477	23884	500	2401855	23884	521	2502721	23884	
22	103785	25350	42	200608	25350	63	300571	25350	85	404572	25350	106	504005	25350	127	603711	25350	148	702659	25350	169	801618	25350	190	900890	25350	212	1004636	25350	233	1103830	25350	254	1202623	25350	275	1301863	25350	296	1400777	25350	318	1504528	25350	339	1603578	25350	360	1702354	25350	381	1801565	25350	402	1900894	25350	423	2000426	25350	445	2104620	25350	466	2203254	25350	487	2302001	25350	500	2363383	25350	508	2401451	25350	529	2500733	25350	
22	104683	25265	43	204749	25265	64	305074	25265	85	404954	25265	106	505005	25265	126	600691	25265	147	701145	25265	168	801786	25265	189	901811	25265	210	1002055	25265	231	1102057	25014	252	1202164	25014	273	1302544	25014	294	1402372	25014	315	1502311	25014	336	1602706	25014	357	1702811	25014	378	1803216	25014	399	1903901	25014	420	2004503	25014	441	2104461	24765	461	2201030	24765	482	2302400	24765	500	2388742	24765	503	2403411	24765	524	2503620	24765	
321	100032	52	500	155729	52	643	200208	52	963	300271	52	1000	311828	52	1283	400064	51	1500	467687	51	1603	500018	51	1923	600054	51	2000	623980	51	2244	700145	51	2500	780154	51	2565	800304	51	2885	900064	51	3000	935848	51	3207	1000267	51	3500	1091520	51	3528	1100254	51	3848	1200087	51	4000	1249016	51	4162	1300167	51	4483	1400175	51	4500	1405460	51	4803	1500154	51	5000	1561496	51	5124	1600055	51	5444	1700186	51	5500	1717889	51	5762	1800040	51	6000	1874474	51	6082	1900027	51	6402	2000313	51	6500	2031014	51	6722	2100222	51	7000	2187857	51	7039	2200068	51	7361	2300307	51	7500	2343443	51	7683	2400139	51	8000	2498977	51	8004	2500226	51	
314	100132	54	500	160050	53	625	200146	51	937	300194	51	1000	320316	51	1243	400265	50	1500	482952	50	1554	500279	50	1865	600126	49	2000	643307	49	2177	700284	49	2489	800177	49	2500	803697	49	2801	900142	49	3000	964015	49	3112	1000081	49	3424	1100213	49	3500	1124665	49	3735	1200122	49	4000	1284989	49	4048	1300340	49	4360	1400264	49	4500	1445283	48	4671	1500160	48	4984	1600218	48	5000	1605374	48	5295	1700163	48	5500	1766196	48	5606	1800331	48	5917	1900219	48	6000	1926846	48	6229	2000017	48	6500	2086793	48	6542	2100245	48	6854	2200312	48	7000	2247131	48	7165	2300199	48	7477	2400316	48	7500	2407655	48	7787	2500072	48	
319	100046	45	500	157120	45	637	200169	45	958	300080	44	1000	313160	44	1279	400057	44	1500	468772	44	1602	500290	44	1922	600074	44	2000	624599	44	2243	700134	44	2500	780065	44	2565	800303	44	2885	900077	44	3000	935737	44	3208	1000247	44	3500	1090924	44	3530	1100256	44	3851	1200254	44	4000	1246621	44	4172	1300209	44	4493	1400206	44	4500	1402418	44	4814	1500156	44	5000	1558023	44	5135	1600173	44	5457	1700232	44	5500	1713677	44	5777	1800138	44	6000	1869608	44	6098	1900197	44	6419	2000169	44	6500	2025328	44	6741	2100101	44	7000	2180511	44	7063	2200294	44	7383	2300125	44	7500	2336608	44	7704	2400066	44	8000	2494293	44	8019	2500283	44	
324	100154	58	500	154485	58	647	200139	58	971	300217	57	1000	309224	57	1294	400047	57	1500	463773	57	1618	500249	57	1940	600211	55	2000	618695	55	2263	700165	55	2500	773276	55	2587	800144	55	2911	900296	55	3000	927669	55	3234	1000075	55	3500	1082520	55	3557	1100187	55	3881	1200292	55	4000	1237199	55	4204	1300104	55	4500	1391645	55	4528	1400311	55	4850	1500025	55	5000	1546603	55	5166	1600103	55	5483	1700167	55	5500	1705457	55	5806	1800260	55	6000	1860421	55	6129	1900184	55	6453	2000167	55	6500	2014678	55	6777	2100023	55	7000	2169321	55	7100	2200085	55	7425	2300159	55	7500	2323275	55	7750	2400132	55	8000	2477141	55	8075	2500168	55	
303	100051	62	500	165168	62	606	200059	62	910	300323	62	1000	329937	62	1214	400280	62	1500	494570	62	1517	500220	62	1820	600063	62	2000	659188	62	2119	700022	62	2419	800136	62	2500	826878	57	2723	900102	55	3000	991639	55	3026	1000186	55	3329	1100105	55	3500	1156415	55	3633	1200184	55	3937	1300114	55	4000	1320966	55	4239	1400030	55	4500	1485854	55	4544	1500316	55	4846	1600144	55	5000	1650914	55	5149	1700331	55	5451	1800118	55	5500	1816488	55	5754	1900237	55	6000	1981093	55	6058	2000132	55	6361	2100079	55	6500	2145765	55	6665	2200138	55	6969	2300322	55	7000	2310560	55	7271	2400093	55	7500	2475520	55	7574	2500239	55	
345	100239	49	500	145308	49	689	200249	49	1000	290701	49	1032	300044	49	1376	400041	49	1500	436055	49	1721	500300	49	2000	581642	49	2063	600085	49	2405	700061	49	2500	727721	49	2749	800274	49	3000	873513	49	3092	900296	49	3435	1000059	49	3500	1018919	49	3780	1100215	49	4000	1164094	49	4124	1200180	49	4467	1300217	49	4500	1309761	49	4810	1400142	49	5000	1455785	49	5153	1500293	49	5497	1600050	49	5500	1600944	49	5841	1700215	49	6000	1746550	49	6184	1800316	49	6500	1892417	49	6527	1900286	49	6870	2000206	49	7000	2037948	49	7213	2100294	49	7500	2185483	49	7550	2200198	49	7891	2300295	49	8000	2331933	49	8235	2400135	49	8500	2477225	49	8579	2500266	49	
303	100236	48	500	165246	48	606	200343	48	906	300298	48	1000	331421	48	1207	400069	48	1500	496846	48	1510	500189	48	1813	600200	48	2000	661769	48	2117	700320	48	2419	800110	48	2500	826847	48	2722	900172	48	3000	991809	48	3025	1000044	48	3329	1100329	48	3500	1156819	48	3632	1200250	48	3935	1300138	48	4000	1321622	48	4239	1400255	48	4500	1486545	47	4542	1500325	47	4845	1600183	47	5000	1651584	47	5146	1700208	47	5446	1800062	47	5500	1817875	47	5749	1900081	47	6000	1985372	47	6045	2000285	47	6348	2100102	47	6500	2150129	47	6652	2200279	47	6954	2300036	47	7000	2315211	47	7258	2400182	47	7500	2480277	47	7560	2500153	47	
329	100063	45	500	151597	45	660	200205	44	990	300035	44	1000	303071	44	1321	400232	44	1500	454514	44	1651	500166	44	1982	600162	44	2000	605593	44	2312	700306	44	2500	757273	44	2642	800149	44	2972	900249	44	3000	908737	44	3301	1000172	44	3500	1062799	44	3623	1100272	44	3953	1200188	44	4000	1214377	44	4284	1300254	44	4500	1365493	44	4614	1400105	44	4944	1500223	44	5000	1517225	44	5274	1600254	44	5500	1668973	44	5602	1700033	44	5932	1800142	44	6000	1820816	44	6260	1900032	44	6500	1972723	44	6590	2000070	44	6920	2100259	44	7000	2124556	44	7249	2200034	44	7500	2275995	44	7580	2300302	44	7908	2400080	44	8000	2427957	44	8238	2500143	44	
312	100180	55	500	162146	55	616	200015	54	926	300078	53	1000	323865	53	1238	400156	53	1500	483926	53	1551	500337	53	1863	600147	52	2000	644065	52	2174	700092	52	2485	800110	51	2500	804908	51	2797	900298	50	3000	965405	50	3108	1000288	50	3419	1100123	50	3500	1126246	50	3730	1200165	50	4000	1287079	50	4041	1300225	50	4350	1400251	50	4500	1448966	50	4657	1500229	50	4966	1600134	50	5000	1611148	50	5276	1700120	50	5500	1771865	50	5588	1800306	50	5899	1900054	50	6000	1932391	50	6213	2000309	50	6500	2092138	50	6525	2100159	50	6838	2200268	50	7000	2252268	50	7149	2300034	50	7462	2400211	50	7500	2412340	50	7773	2500022	50	
314	100219	49	500	159902	47	625	200090	47	939	300334	44	1000	319919	44	1250	400041	43	1500	480318	43	1561	500054	43	1871	600256	43	2000	641948	43	2179	700151	43	2491	800110	43	2500	803002	43	2804	900311	43	3000	963077	43	3116	1000208	43	3427	1100112	43	3500	1123638	43	3738	1200045	43	4000	1283744	43	4051	1300158	43	4364	1400309	43	4500	1443644	43	4677	1500064	43	4989	1600163	43	5000	1603706	43	5301	1700093	43	5500	1763779	43	5613	1800173	43	5926	1900334	43	6000	1924015	43	6238	2000265	43	6500	2084159	43	6550	2100118	43	6863	2200249	43	7000	2244276	43	7167	2300124	43	7480	2400290	43	7500	2406700	43	7793	2500245	43	
371	100099	46	500	134795	46	743	200187	46	1000	269517	46	1113	300105	46	1485	400280	46	1500	404305	46	1854	500153	46	2000	539341	46	2225	600047	46	2500	675014	46	2593	700113	46	2965	800218	46	3000	809650	46	3335	900263	46	3500	944886	46	3705	1000139	46	4000	1079708	46	4076	1100109	46	4448	1200129	46	4500	1214165	46	4819	1300073	46	5000	1348946	46	5182	1400170	46	5500	1486286	46	5552	1500250	46	5923	1600229	46	6000	1621067	46	6292	1700174	46	6500	1756043	46	6662	1800065	46	7000	1891190	46	7033	1900110	46	7405	2000031	46	7500	2025539	46	7776	2100086	46	8000	2160600	46	8147	2200095	46	8500	2294971	46	8519	2300092	46	8890	2400086	46	9000	2429690	46	9262	2500038	46	
331	100255	47	500	151542	47	661	200157	46	991	300090	46	1000	302794	46	1323	400103	46	1500	453417	46	1649	500178	46	1977	600161	46	2000	607086	46	2308	700276	46	2500	758203	46	2639	800148	46	2970	900256	46	3000	909345	46	3301	1000208	46	3500	1060280	46	3632	1100164	46	3963	1200197	46	4000	1211359	46	4294	1300137	46	4500	1362437	46	4625	1400088	46	4956	1500100	46	5000	1513384	46	5287	1600177	46	5500	1664770	46	5617	1700136	46	5947	1800311	46	6000	1816384	46	6277	1900195	46	6500	1967782	46	6607	2000294	46	6936	2100024	46	7000	2119261	46	7268	2200058	46	7500	2269955	46	7600	2300147	46	7930	2400080	46	8000	2421177	46	8262	2500180	46	
345	100264	40	500	145282	40	689	200201	40	1000	290524	40	1033	300071	40	1378	400078	40	1500	435483	40	1723	500172	40	2000	580559	40	2067	600036	40	2410	700101	40	2500	726289	40	2753	800023	40	3000	871761	40	3098	900181	40	3442	1000218	40	3500	1017073	40	3787	1100177	40	4000	1162025	40	4131	1200096	40	4473	1300216	40	4500	1308090	40	4817	1400050	40	5000	1453332	40	5161	1500120	40	5500	1598699	40	5505	1600177	40	5848	1700086	40	6000	1744186	40	6192	1800258	40	6500	1889799	40	6536	1900278	40	6880	2000068	40	7000	2034867	40	7225	2100104	40	7500	2179718	40	7571	2200285	40	7915	2300058	40	8000	2324687	40	8261	2400237	40	8500	2469450	40	8606	2500199	40	
360	100047	46	500	139007	46	719	200092	46	1000	278312	46	1078	300038	46	1438	400016	46	1500	417321	46	1797	500074	46	2000	556577	46	2157	600110	46	2500	696423	46	2513	700052	46	2871	800135	46	3000	836038	46	3230	900292	46	3500	975730	46	3587	1000120	46	3946	1100249	46	4000	1115265	46	4304	1200032	46	4500	1254376	46	4664	1300106	46	5000	1393433	46	5024	1400181	46	5384	1500290	46	5500	1532848	46	5742	1600124	46	6000	1672623	46	6098	1700191	46	6447	1800203	46	6500	1815136	46	6805	1900065	46	7000	1954320	46	7164	2000066	46	7500	2093542	46	7524	2100264	46	7883	2200049	46	8000	2232595	46	8242	2300016	46	8500	2372081	46	8601	2400144	46	8960	2500055	46	
320	100258	49	500	156909	49	638	200066	48	958	300267	47	1000	313393	47	1277	400140	47	1500	469743	47	1597	500088	47	1919	600268	47	2000	625842	47	2238	700159	46	2500	781918	46	2558	800284	46	2868	900169	46	3000	941366	46	3189	1000225	46	3500	1097197	46	3509	1100014	46	3830	1200077	46	4000	1253094	46	4151	1300148	46	4471	1400139	46	4500	1409274	46	4792	1500063	46	5000	1564991	46	5113	1600303	46	5431	1700138	46	5500	1721723	46	5750	1800017	46	6000	1877942	46	6071	1900140	46	6391	2000175	46	6500	2034071	46	6712	2100055	46	7000	2189650	46	7034	2200213	46	7354	2300057	46	7500	2345646	46	7673	2400183	46	7989	2500230	46	
357	100100	43	500	140062	43	715	200044	43	1000	279922	43	1072	300166	43	1428	400155	43	1500	420410	43	1784	500102	43	2000	560414	43	2142	600032	43	2498	700027	43	2500	700586	43	2855	800111	43	3000	840712	43	3212	900026	43	3500	981216	43	3568	1000275	43	3923	1100117	43	4000	1121590	43	4279	1200043	43	4500	1261902	43	4635	1300063	43	4987	1400056	43	5000	1403760	43	5342	1500092	43	5500	1544417	43	5699	1600090	43	6000	1684727	43	6055	1700265	43	6411	1800281	43	6500	1825124	43	6768	1900139	43	7000	1965055	43	7125	2000031	43	7482	2100067	43	7500	2105264	43	7838	2200173	43	8000	2245558	43	8195	2300210	43	8500	2385715	43	8551	2400040	43	8908	2500168	43	
347	100183	47	500	144343	47	694	200190	47	1000	288613	47	1040	300122	47	1387	400285	47	1500	433103	46	1731	500125	46	2000	577794	46	2078	600249	46	2424	700199	45	2500	722151	45	2770	800172	45	3000	866378	45	3117	900097	45	3461	1000025	45	3500	1011487	45	3807	1100175	45	4000	1156160	45	4151	1200211	45	4497	1300031	45	4500	1300900	45	4843	1400089	45	5000	1445547	45	5189	1500057	45	5500	1589945	45	5535	1600140	45	5879	1700091	45	6000	1735126	45	6225	1800262	45	6500	1879377	45	6572	1900187	45	6917	2000018	45	7000	2023942	45	7253	2100154	45	7500	2171904	45	7597	2200249	45	7943	2300156	45	8000	2316648	45	8289	2400090	45	8500	2460894	45	8636	2500178	45	
331	100070	48	500	151138	48	662	200239	48	992	300155	48	1000	302552	48	1323	400255	46	1500	453868	46	1653	500070	46	1984	600245	46	2000	605113	46	2314	700220	46	2500	756460	46	2644	800026	46	2975	900311	46	3000	907935	46	3305	1000137	46	3500	1059230	46	3635	1100279	46	3956	1200165	46	4000	1213764	46	4283	1300021	46	4500	1365772	46	4614	1400153	46	4945	1500292	46	5000	1516983	46	5275	1600200	46	5500	1668610	46	5603	1700161	46	5933	1800107	46	6000	1820207	46	6264	1900185	46	6500	1971509	46	6595	2000225	46	6925	2100097	46	7000	2122858	46	7256	2200272	46	7500	2274227	46	7585	2300044	46	7916	2400245	46	8000	2425538	46	8248	2500293	46	
358	100069	43	500	139849	43	715	200104	43	1000	281724	43	1065	300288	43	1419	400023	43	1500	422675	43	1777	500134	43	2000	562638	43	2133	600233	43	2486	700026	43	2500	703930	43	2842	800216	43	3000	844558	43	3197	900208	43	3500	985280	43	3553	1000255	43	3909	1100145	43	4000	1125764	43	4266	1200201	43	4500	1266238	43	4621	1300121	43	4979	1400145	43	5000	1406016	43	5336	1500131	43	5500	1546093	43	5692	1600105	43	6000	1686868	43	6047	1700178	43	6403	1800257	43	6500	1827559	43	6758	1900169	43	7000	1968143	43	7114	2000239	43	7468	2100108	43	7500	2109066	43	7826	2200260	43	8000	2249064	43	8182	2300038	43	8500	2388992	43	8540	2400255	43	8897	2500055	43	
322	100260	53	500	155630	53	643	200294	53	963	300306	51	1000	311883	51	1282	400084	51	1500	468139	51	1603	500256	51	1923	600263	51	2000	624261	51	2244	700239	51	2500	780514	51	2563	800262	51	2883	900141	51	3000	936632	51	3203	1000045	51	3500	1092602	51	3524	1100126	51	3844	1200208	51	4000	1248859	51	4164	1300280	51	4483	1400262	51	4500	1405580	51	4802	1500232	51	5000	1562361	51	5121	1600331	51	5438	1700027	51	5500	1719435	51	5757	1800129	51	6000	1875874	51	6078	1900308	51	6398	2000221	51	6500	2032045	51	6718	2100078	51	7000	2188538	51	7037	2200102	51	7357	2300203	49	7500	2345178	49	7669	2400145	49	7985	2500030	49	
120	100881	337	238	200609	337	356	300083	337	475	400232	337	500	421455	337	594	500429	337	712	600400	337	831	700849	337	949	800114	337	1000	843091	337	1068	900457	337	1186	1000405	313	1304	1100299	313	1422	1200755	313	1500	1267133	313	1540	1300890	313	1658	1400337	313	1774	1500459	313	1891	1600158	313	2000	1692936	313	2009	1700648	313	2126	1800152	313	2245	1900831	313	2363	2000609	313	2481	2100497	313	2500	2116660	313	2599	2200635	313	2717	2300637	313	2834	2400172	313	2952	2500277	313	
103	100365	351	206	200149	351	310	300883	351	413	400772	351	500	485063	351	516	500565	351	617	600425	351	720	700243	351	824	800682	351	927	900635	351	1000	971336	351	1030	1000301	351	1134	1100828	351	1237	1200217	351	1340	1300139	351	1444	1400279	351	1500	1454714	351	1547	1500637	351	1650	1600405	351	1753	1700230	351	1857	1800748	351	1960	1900089	351	2000	1938664	351	2064	2000511	351	2167	2100147	351	2271	2200701	351	2374	2300473	351	2477	2400709	351	2500	2423029	351	2579	2500198	351	
107	100623	339	213	200195	339	319	300601	339	426	400928	339	500	470398	339	532	500752	339	637	600200	339	743	700080	339	850	800762	339	956	900450	339	1000	941851	339	1062	1000112	339	1168	1100066	339	1275	1200946	339	1381	1300582	339	1487	1400435	339	1500	1412751	339	1593	1500161	339	1699	1600592	339	1805	1700889	339	1911	1800562	339	2000	1884490	339	2017	1900620	339	2123	2000548	339	2229	2100723	339	2334	2200245	339	2440	2300252	339	2500	2356485	339	2547	2400554	339	2653	2500091	339	
115	100496	325	229	200619	272	343	300612	272	456	400109	272	500	438608	272	570	500128	272	684	600190	272	798	700450	272	912	800578	272	1000	877867	272	1026	900891	272	1139	1000104	272	1254	1100891	272	1367	1200505	272	1481	1300853	272	1500	1317821	272	1594	1400435	272	1708	1500793	272	1821	1600707	272	1934	1700777	272	2000	1758759	272	2045	1800441	272	2158	1900335	272	2272	2000252	272	2386	2100166	272	2500	2200577	272	2500	2200632	272	2614	2300570	272	2728	2400752	272	2842	2500732	272	
113	100768	355	224	200236	355	336	300295	355	449	400829	355	500	446123	355	561	500287	355	673	600478	355	785	700749	355	896	800357	355	1000	894652	355	1006	900180	355	1118	1000532	355	1230	1100343	355	1342	1200122	355	1455	1300620	355	1500	1340717	355	1567	1400819	355	1678	1500148	355	1790	1600838	355	1901	1700358	355	2000	1789217	355	2013	1800873	355	2124	1900085	319	2236	2000223	319	2348	2100214	319	2460	2200382	319	2500	2236244	319	2572	2300713	319	2683	2400148	319	2795	2500484	319	
106	100867	339	211	200890	339	316	300803	339	421	400259	339	500	475166	339	526	500849	339	631	600593	339	736	700430	339	841	800239	339	946	900321	339	1000	951657	339	1051	1000390	339	1157	1100986	339	1262	1200737	339	1367	1300236	339	1472	1400133	339	1500	1426866	339	1577	1500242	339	1682	1600406	339	1787	1700594	339	1892	1800576	339	1997	1900652	339	2000	1903557	339	2102	2000650	339	2207	2100453	339	2312	2200078	339	2417	2300138	339	2500	2378924	339	2523	2400945	339	2628	2500909	339	
115	100077	342	230	200159	302	345	300533	302	459	400172	302	500	436121	302	573	500157	302	688	600265	302	803	700835	302	917	800625	302	1000	873474	264	1031	900715	264	1145	1000496	264	1259	1100447	264	1373	1200685	264	1487	1300338	264	1500	1311741	264	1601	1400133	264	1715	1500096	264	1830	1600824	264	1944	1700749	264	2000	1749879	264	2058	1800797	264	2172	1900545	264	2286	2000901	264	2397	2100060	264	2500	2191326	264	2511	2200912	264	2625	2300618	264	2739	2400396	264	2853	2500156	264	
121	100411	345	241	200112	345	362	300786	345	482	400723	345	500	415627	345	602	500475	345	723	600959	345	843	700175	345	964	800623	345	1000	830629	345	1084	900345	345	1205	1000569	345	1325	1100102	345	1444	1200608	345	1500	1247627	345	1564	1300706	345	1684	1400188	345	1804	1500241	345	1925	1600848	345	2000	1663200	345	2045	1700503	345	2166	1800871	345	2286	1900180	345	2407	2000733	345	2500	2078182	345	2527	2100622	345	2647	2200088	345	2768	2300298	345	2889	2400489	316	3000	2492976	316	3009	2500522	316	
113	100117	369	226	200308	369	337	300382	369	450	400859	369	500	445012	369	563	500928	369	675	600167	369	789	700745	369	902	800822	369	1000	887398	369	1015	900776	369	1128	1000664	369	1241	1100910	369	1354	1200885	369	1467	1300670	369	1500	1329838	369	1580	1400776	369	1692	1500154	369	1805	1600600	369	1918	1700376	369	2000	1772867	369	2031	1800147	369	2145	1900816	369	2258	2000698	369	2371	2100758	369	2483	2200209	369	2500	2215362	369	2596	2300305	369	2710	2400784	369	2823	2500546	369	
112	100941	358	223	200811	358	334	300470	358	445	400413	358	500	449980	358	556	500302	358	668	600913	358	779	700148	358	891	800526	358	1000	898725	358	1002	900587	358	1114	1000753	358	1225	1100162	358	1337	1200757	358	1448	1300083	358	1500	1346609	358	1560	1400665	358	1670	1500145	358	1781	1600060	358	1893	1700056	358	2000	1795725	358	2005	1800284	358	2117	1900658	358	2228	2000300	358	2340	2100657	358	2451	2200390	358	2500	2244462	358	2563	2300843	358	2672	2400512	358	2782	2500316	358	
115	100171	376	230	200602	376	345	300645	376	460	400824	376	500	435716	376	575	500899	376	689	600160	376	804	700112	376	919	800625	376	1000	871494	376	1033	900394	376	1148	1000556	376	1263	1100654	376	1377	1200261	308	1491	1300428	308	1500	1308339	308	1605	1400639	308	1716	1500818	308	1828	1600125	308	1943	1700864	308	2000	1750660	308	2057	1800527	308	2171	1900318	308	2285	2000086	308	2399	2100696	308	2500	2189391	308	2513	2200857	308	2626	2300349	308	2740	2400225	308	2855	2500834	308	
110	100309	333	220	200301	333	330	300454	333	440	400503	333	500	455134	333	550	500695	333	657	600300	333	767	700868	333	876	800341	333	986	900516	333	1000	913316	333	1096	1000811	333	1205	1100261	333	1315	1200333	333	1424	1300508	333	1500	1369820	333	1534	1400876	333	1643	1500859	333	1752	1600413	333	1862	1700935	333	1971	1800559	333	2000	1827084	333	2081	1900804	333	2191	2000920	333	2300	2100140	333	2409	2200075	333	2500	2282772	333	2519	2300192	333	2629	2400587	333	2738	2500231	333	
115	100058	357	231	200678	357	345	300073	357	460	400357	357	500	435226	357	575	500576	357	688	600348	357	803	700677	357	917	800210	357	1000	872738	357	1032	900495	357	1147	1000084	357	1263	1100650	357	1378	1200603	357	1493	1300762	357	1500	1306911	357	1607	1400466	357	1722	1500649	357	1836	1600191	357	1951	1700330	357	2000	1743172	357	2066	1800364	357	2181	1900137	357	2296	2000143	357	2412	2100664	357	2500	2176917	357	2527	2200397	357	2642	2300209	357	2757	2400177	357	2872	2500490	357	
117	100462	337	234	200615	337	351	300444	337	468	400598	337	500	427856	337	585	500636	337	702	600778	337	819	700797	337	936	800399	337	1000	855152	337	1053	900406	337	1170	1000785	337	1287	1100541	337	1404	1200474	337	1500	1282476	337	1521	1300712	337	1637	1400542	337	1753	1500057	337	1870	1600568	337	1987	1700850	337	2000	1711924	337	2102	1800567	337	2218	1900542	337	2335	2000257	337	2452	2100308	337	2500	2141459	337	2569	2200483	337	2686	2300341	337	2803	2400567	337	2920	2500649	337	
119	100552	349	237	200119	349	356	300058	349	475	400057	349	500	421138	349	594	500458	349	713	600774	349	831	700321	349	950	800350	349	1000	842458	349	1067	900437	349	1185	1000303	349	1304	1100215	349	1423	1200833	349	1500	1265631	349	1541	1300346	349	1660	1400418	349	1778	1500338	349	1897	1600603	349	2000	1687400	349	2015	1700093	349	2134	1800574	349	2253	1900576	349	2371	2000226	349	2490	2100338	349	2500	2108809	349	2609	2200348	349	2728	2300430	349	2846	2400074	349	2965	2500572	349	
110	100852	355	219	200495	314	328	300642	314	436	400649	314	500	459620	314	544	500120	314	653	600135	314	763	700820	314	872	800695	314	981	900911	314	1000	918506	314	1089	1000272	314	1198	1100617	314	1307	1200727	314	1416	1300700	314	1500	1378213	314	1524	1400322	314	1633	1500694	314	1742	1600672	281	1850	1700332	281	1959	1800660	281	2000	1838379	281	2067	1900066	281	2176	2000454	281	2284	2100183	281	2393	2200416	281	2500	2299460	281	2501	2300449	281	2610	2400871	281	2718	2500631	281	
115	100106	349	231	200424	349	346	300325	349	461	400348	349	500	434106	349	577	500838	349	692	600243	349	808	700891	349	923	800090	349	1000	872911	349	1031	900248	349	1146	1000060	349	1262	1100207	349	1378	1200661	349	1493	1300073	349	1500	1306188	349	1608	1400087	349	1723	1500146	349	1839	1600474	349	1955	1700670	349	2000	1739522	349	2070	1800220	349	2186	1900707	349	2301	2000552	349	2414	2100298	349	2500	2175272	349	2529	2200460	349	2644	2300257	349	2760	2400563	349	2876	2500887	349	
117	100664	375	233	200679	375	348	300405	375	464	400164	375	500	431190	375	580	500460	375	696	600351	375	812	700559	375	927	800072	375	1000	862958	375	1044	900812	375	1160	1000638	375	1276	1100212	375	1390	1200747	375	1500	1296519	375	1504	1300139	375	1620	1400584	375	1735	1500197	375	1851	1600199	375	1968	1700869	375	2000	1728375	375	2084	1800497	375	2200	1900720	375	2316	2000452	375	2432	2100877	375	2500	2159865	375	2547	2200326	375	2663	2300130	375	2780	2400614	375	2896	2500394	375	
118	100387	332	235	200154	332	351	300434	332	468	400787	332	500	428070	332	585	500410	332	702	600312	332	819	700078	332	937	800878	332	1000	854174	332	1054	900225	332	1172	1000592	332	1290	1100494	332	1408	1200429	332	1500	1279178	332	1525	1300853	332	1642	1400590	332	1759	1500438	332	1876	1600055	332	1994	1700282	332	2000	1705430	332	2112	1800298	332	2230	1900592	332	2347	2000192	285	2465	2100726	285	2500	2130560	285	2582	2200473	285	2700	2300770	285	2817	2400668	285	2934	2500192	285	
124	100752	340	247	200380	340	370	300188	340	494	400682	340	500	405694	340	617	500331	340	739	600053	309	862	700324	309	985	800333	309	1000	812612	309	1108	900332	309	1231	1000691	309	1354	1100813	309	1477	1200848	309	1500	1219490	309	1599	1300076	309	1722	1400509	309	1845	1500675	309	1968	1600597	309	2000	1626956	309	2090	1700306	309	2213	1800531	309	2336	1900366	309	2459	2000440	309	2500	2033719	309	2582	2100278	309	2705	2200269	309	2828	2300154	309	2949	2400786	309	3000	2443174	309	3070	2500466	309	
24	100585	1669	48	200784	1669	72	302584	1669	96	402770	1669	120	502762	1669	144	604168	1669	167	700431	1669	191	801135	1669	215	901445	1669	239	1001841	1669	263	1102375	1669	287	1202571	1669	311	1303100	1669	335	1404107	1669	357	1503260	1669	381	1603683	1669	405	1704267	1669	428	1800626	1669	452	1901149	1669	476	2001865	1669	500	2102407	1669	500	2102721	1669	524	2203213	1669	548	2303884	1669	572	2404333	1669	595	2500697	1669	
25	103504	1769	49	202588	1769	73	301964	1769	97	401302	1769	121	503008	1769	145	602236	1769	169	701429	1769	193	800923	1769	218	903854	1769	242	1003304	1769	266	1102329	1769	290	1202062	1769	314	1301671	1769	338	1400554	1769	363	1503312	1769	387	1602334	1769	411	1701529	1769	435	1800883	1769	460	1904339	1769	484	2003680	1769	500	2070172	1769	508	2103548	1769	532	2203031	1769	556	2301681	1769	580	2400650	1769	605	2503772	1769	
25	102742	1800	49	200881	1800	74	303125	1800	98	401012	1800	123	503295	1800	147	601406	1800	172	704351	1800	196	802754	1800	220	901126	1800	245	1003206	1800	269	1101793	1800	294	1203967	1800	318	1302547	1800	342	1401165	1800	367	1503386	1800	391	1601498	1800	416	1703288	1800	440	1801995	1800	464	1900624	1800	489	2002513	1800	500	2047464	1800	513	2100662	1800	538	2202922	1800	562	2300877	1800	587	2403046	1800	611	2501258	1800	
25	101930	1759	50	204043	1759	74	302283	1759	99	404201	1759	123	501705	1759	148	603468	1759	172	701080	1759	197	803369	1759	221	901297	1759	246	1003855	1759	270	1101924	1759	295	1203744	1759	319	1301538	1759	344	1403354	1759	368	1501526	1759	392	1601667	1759	417	1704104	1759	441	1802120	1759	466	1904170	1759	490	2001789	1759	500	2042573	1759	515	2104374	1759	539	2202409	1759	563	2300447	1759	588	2402422	1759	613	2504364	1759	
25	103495	1726	49	202566	1726	73	301856	1726	97	400888	1726	122	504308	1726	145	601368	1726	169	701276	1726	193	800944	1726	217	900574	1726	241	1000420	1726	266	1104084	1726	290	1203622	1726	314	1303087	1726	338	1402596	1726	362	1502545	1726	386	1601606	1726	410	1701309	1726	434	1800844	1726	459	1904442	1726	483	2003460	1726	500	2074885	1726	507	2103961	1726	531	2203652	1726	555	2303264	1726	579	2403113	1726	603	2502833	1726	
25	102540	1758	49	200681	1758	74	303029	1758	98	401490	1758	123	504006	1758	147	602281	1758	171	700535	1758	196	802954	1758	220	901666	1758	245	1004011	1758	269	1102038	1758	294	1204391	1758	318	1302627	1758	342	1400532	1758	367	1502823	1758	391	1601729	1758	416	1703815	1758	440	1801911	1758	464	1900418	1758	489	2003062	1758	500	2048197	1758	513	2101619	1758	538	2204024	1758	562	2302672	1758	586	2400972	1758	611	2503483	1758	
25	102132	1712	49	200464	1712	74	302288	1712	99	404166	1712	123	502480	1712	147	600422	1712	172	702547	1712	196	800462	1712	221	903482	1712	245	1002061	1712	270	1104057	1712	294	1201783	1712	319	1303648	1712	343	1401920	1712	368	1504020	1712	392	1602285	1712	416	1702269	1712	440	1800358	1712	465	1902994	1712	489	2001501	1712	500	2046571	1712	514	2104076	1712	538	2202154	1712	563	2304138	1712	587	2402091	1712	612	2504208	1712	
25	102831	1712	49	201444	1712	74	303802	1712	98	402732	1712	122	501244	1712	147	603809	1712	170	700414	1712	194	800446	1712	219	903154	1712	243	1001645	1712	268	1103915	1712	292	1202942	1712	316	1301396	1712	341	1403826	1712	365	1502525	1712	389	1600880	1712	414	1703195	1712	438	1801847	1712	462	1900626	1712	487	2003018	1712	500	2056362	1712	511	2101492	1712	536	2203560	1712	560	2301801	1712	585	2404100	1712	609	2502667	1712	
25	103996	1743	49	203963	1743	73	303645	1743	97	402998	1743	121	502758	1743	145	603075	1743	169	702966	1743	193	802847	1743	217	902573	1743	241	1002473	1743	265	1101959	1743	289	1201206	1743	313	1300623	1743	337	1400440	1743	362	1504269	1743	386	1604103	1743	410	1704109	1743	434	1804463	1743	458	1904350	1743	482	2004156	1743	500	2078766	1743	506	2103979	1743	530	2203801	1743	554	2303677	1743	578	2403688	1743	602	2503716	1743	
25	103618	1684	49	203719	1684	73	303853	1684	97	403470	1684	121	503326	1684	145	603457	1684	169	703662	1684	193	803544	1684	217	903609	1684	241	1003081	1684	265	1103363	1684	289	1202980	1684	313	1302899	1684	337	1402929	1684	361	1502977	1684	385	1602509	1684	409	1702222	1684	432	1800506	1684	456	1900530	1684	480	2000740	1684	500	2083735	1684	504	2100595	1684	528	2200745	1684	552	2300602	1684	576	2400851	1684	600	2500869	1684	
25	101341	1705	50	202194	1705	75	302923	1705	100	403219	1705	125	504033	1705	149	601761	1705	174	702971	1705	199	803590	1705	223	902492	1705	248	1003314	1705	273	1103779	1705	297	1200387	1705	322	1301272	1705	347	1401623	1705	372	1501982	1705	397	1602987	1705	422	1703315	1705	447	1803868	1705	472	1904283	1705	496	2000664	1705	500	2017360	1705	521	2102014	1705	546	2202737	1705	571	2303323	1705	596	2404403	1705	620	2500977	1705	
26	100314	1778	52	200432	1778	78	300950	1778	104	401584	1778	130	502427	1778	156	603426	1778	181	700935	1778	207	801666	1778	233	901897	1778	259	1002248	1778	285	1102711	1778	311	1203460	1778	336	1300772	1778	362	1401467	1778	388	1501602	1778	414	1602049	1778	440	1702899	1778	466	1803400	1778	492	1903996	1778	500	1934967	1778	517	2000814	1778	543	2100976	1778	569	2201512	1778	595	2302047	1778	621	2402646	1778	647	2502971	1778	
25	101783	1776	50	203743	1776	74	301959	1776	98	400441	1776	123	502942	1776	147	600913	1776	172	702982	1776	196	801113	1776	221	903225	1776	245	1001635	1776	270	1103958	1776	294	1202312	1776	319	1304181	1776	343	1402587	1776	367	1500524	1776	392	1602813	1776	416	1701462	1776	441	1803501	1776	465	1901763	1776	489	2002157	1776	500	2047375	1776	513	2100547	1776	538	2202853	1776	562	2301165	1776	587	2403191	1776	611	2501591	1776	
25	100416	1737	50	200687	1737	75	300800	1737	100	400747	1737	125	500756	1737	150	600454	1737	175	700587	1737	200	800518	1737	225	900369	1737	250	1002525	1737	275	1102228	1737	300	1202107	1737	325	1301795	1737	350	1401899	1737	375	1502810	1737	400	1602749	1737	425	1702373	1737	450	1802300	1737	475	1902132	1737	500	2002284	1737	500	2002580	1737	525	2102626	1737	550	2202481	1737	575	2302712	1737	600	2402978	1737	625	2502789	1737	
26	103735	1742	51	201990	1742	77	303839	1742	102	402039	1742	128	503213	1742	153	601241	1742	179	703323	1742	204	801269	1742	230	904012	1742	255	1002642	1742	280	1100692	1742	306	1202922	1742	331	1300828	1742	357	1402996	1742	382	1500725	1742	408	1602111	1742	434	1704110	1742	459	1801908	1742	485	1903813	1742	500	1962399	1742	510	2001699	1742	536	2103564	1742	561	2201310	1742	587	2303748	1742	612	2402140	1742	637	2500571	1742	
26	101931	1764	52	203632	1764	77	302154	1764	103	403615	1764	128	501431	1764	154	603092	1764	179	700764	1764	205	802642	1764	230	901067	1764	256	1003231	1764	281	1101115	1764	307	1202536	1764	332	1300342	1764	358	1402144	1764	384	1503937	1764	409	1601802	1764	435	1703654	1764	460	1801473	1764	486	1903351	1764	500	1958002	1764	511	2001430	1764	536	2101794	1764	562	2203735	1764	587	2301646	1764	613	2403660	1764	638	2501411	1764	
27	103731	1725	53	203078	1725	79	302374	1725	105	401538	1725	131	501073	1725	158	604083	1725	184	703780	1725	210	802779	1725	236	902412	1725	262	1001962	1725	288	1102907	1725	314	1203476	1725	340	1302600	1725	366	1401693	1725	392	1501150	1725	418	1600800	1725	444	1700567	1725	471	1803558	1725	497	1903294	1725	500	1915101	1725	523	2002962	1725	549	2102156	1725	575	2201403	1725	602	2304063	1725	628	2403649	1725	654	2502786	1725	
26	103385	1716	50	200335	1716	76	303086	1716	101	401581	1716	126	500554	1716	152	603085	1716	177	701622	1716	202	800381	1716	228	902745	1716	253	1001624	1716	279	1104151	1716	304	1202944	1716	329	1301212	1716	355	1403642	1716	380	1502329	1716	405	1600895	1716	431	1703505	1716	456	1802546	1716	481	1901210	1716	500	1976184	1716	507	2004141	1716	532	2102767	1716	557	2201642	1716	582	2300316	1716	608	2403119	1716	633	2501930	1716	
27	104144	1725	52	200635	1725	78	300742	1725	104	400955	1725	130	501082	1725	156	601737	1725	182	702492	1725	208	802647	1725	234	902940	1725	260	1003109	1725	286	1103460	1725	312	1204001	1725	337	1300627	1725	363	1400750	1725	389	1501052	1725	415	1601954	1725	441	1701921	1725	467	1802093	1725	493	1902373	1725	500	1929696	1725	519	2003384	1725	545	2103689	1725	569	2202589	1725	595	2303676	1725	620	2400434	1725	646	2500826	1725	
27	104022	1715	53	203892	1715	79	303765	1715	105	403661	1715	131	503640	1715	157	603135	1715	183	703261	1715	209	803361	1715	235	903233	1715	261	1003141	1715	287	1102714	1715	313	1202661	1715	337	1300858	1715	363	1400986	1715	389	1500895	1715	415	1600905	1715	442	1704025	1715	468	1803999	1715	494	1903838	1715	500	1927098	1715	519	2000289	1715	546	2103707	1715	572	2203650	1715	598	2303197	1715	624	2402826	1715	650	2502346	1715	
313	100216	99	500	161869	68	616	200205	64	911	300431	64	1000	330262	64	1210	400085	64	1500	496033	63	1512	500122	63	1813	600046	62	2000	661780	53	2116	700074	53	2419	800284	52	2500	827248	52	2720	900202	51	3000	992644	49	3023	1000278	49	3325	1100150	49	3500	1158234	49	3627	1200116	49	3931	1300205	49	4000	1322942	48	4234	1400086	48	4500	1488230	48	4536	1500287	48	4834	1600343	48	5000	1655498	48	5135	1700199	48	5438	1800263	48	5500	1820776	48	5740	1900169	48	6000	1986142	48	6043	2000334	48	6346	2100262	48	6500	2151059	48	6649	2200045	48	6952	2300067	48	7000	2316078	48	7255	2400086	48	7500	2480833	48	7559	2500311	48	
322	100024	71	500	157155	61	634	200069	61	946	300198	60	1000	317493	60	1258	400205	59	1500	477993	59	1569	500137	59	1881	600085	59	2000	638379	59	2190	700251	59	2500	799841	56	2501	800182	56	2811	900058	56	3000	960902	56	3123	1000194	53	3434	1100172	53	3500	1121418	53	3745	1200094	53	4000	1281858	53	4057	1300285	53	4369	1400131	53	4500	1442243	53	4680	1500293	50	4990	1600220	50	5000	1603447	50	5301	1700348	47	5500	1765100	47	5610	1800323	47	5922	1900328	47	6000	1925308	47	6233	2000097	44	6500	2085937	44	6544	2100113	44	6856	2200271	44	7000	2246351	44	7168	2300191	44	7474	2400271	44	7500	2408732	44	7784	2500220	44	
312	100277	105	500	162895	76	610	200215	64	909	300056	54	1000	330362	52	1208	400069	52	1500	497412	52	1508	500120	52	1807	600169	49	2000	664368	49	2107	700032	47	2408	800295	46	2500	830966	46	2708	900278	46	3000	998151	46	3006	1000189	46	3305	1100188	46	3500	1165190	46	3604	1200202	46	3904	1300222	46	4000	1332164	46	4205	1400286	46	4499	1500106	46	4500	1500445	46	4797	1600354	46	5000	1667964	46	5097	1700312	46	5398	1800332	46	5500	1834292	46	5697	1900065	46	5997	2000066	46	6000	2001083	46	6296	2100071	46	6500	2168402	46	6594	2200094	46	6894	2300228	46	7000	2335512	46	7193	2400160	46	7493	2500230	46	
316	100222	115	500	160721	107	620	200314	107	923	300345	102	1000	325991	99	1225	400095	79	1500	490655	76	1529	500152	70	1828	600278	68	2000	658207	68	2126	700111	68	2430	800115	68	2500	823227	68	2734	900019	67	3000	987335	67	3039	1000134	67	3344	1100095	67	3500	1151269	67	3650	1200246	67	3956	1300252	67	4000	1314662	67	4261	1400016	67	4500	1478483	67	4566	1500047	67	4873	1600189	67	5000	1641676	67	5178	1700059	67	5483	1800267	67	5500	1805841	67	5789	1900279	67	6000	1969850	67	6092	2000068	67	6396	2100051	67	6500	2134253	67	6702	2200239	67	7000	2297888	67	7007	2300199	67	7313	2400330	67	7500	2461285	67	7619	2500226	67	
315	100281	95	500	161462	90	617	200022	87	920	300037	81	1000	326476	81	1223	400062	76	1500	491770	76	1525	500023	76	1828	600192	75	2000	656985	72	2131	700119	64	2434	800238	64	2500	822049	62	2736	900080	62	3000	987051	61	3040	1000238	61	3343	1100285	61	3500	1151965	61	3646	1200212	61	3950	1300216	61	4000	1316649	61	4254	1400330	61	4500	1481271	60	4557	1500104	60	4861	1600291	59	5000	1645975	59	5164	1700216	59	5466	1800182	59	5500	1811473	59	5768	1900140	59	6000	1976551	59	6072	2000185	57	6375	2100070	57	6500	2141408	57	6678	2200124	57	6981	2300213	57	7000	2306535	57	7284	2400221	57	7500	2471327	57	7588	2500224	57	
307	100274	94	500	165687	75	601	200275	72	896	300255	66	1000	335634	62	1190	400212	62	1483	500182	61	1500	505993	61	1777	600086	57	2000	676275	57	2070	700073	57	2365	800324	57	2500	846306	57	2657	900178	57	2951	1000292	57	3000	1017057	57	3242	1100239	57	3500	1188976	57	3533	1200298	57	3824	1300277	57	4000	1360468	57	4117	1400197	57	4410	1500344	55	4500	1531040	55	4703	1600148	54	4997	1700107	54	5000	1701134	54	5290	1800387	54	5500	1879373	54	5560	1900211	54	5854	2000196	54	6000	2049710	54	6148	2100190	54	6442	2200147	54	6500	2219771	54	6737	2300131	54	7000	2389723	53	7031	2400213	53	7325	2500165	53	
308	100258	179	500	164841	129	605	200184	117	901	300223	100	1000	333866	96	1194	400297	96	1488	500241	96	1500	504257	96	1785	600210	96	2000	672531	96	2082	700186	96	2380	800351	96	2500	840773	96	2675	900104	96	2964	1000176	91	3000	1012390	91	3259	1100096	89	3500	1181304	89	3556	1200197	89	3852	1300174	89	4000	1350094	89	4148	1400202	89	4443	1500036	89	4500	1519194	89	4740	1600097	89	5000	1687899	89	5036	1700113	89	5332	1800030	85	5500	1856939	85	5628	1900041	85	5924	2000301	85	6000	2026095	85	6219	2100161	83	6500	2195046	83	6515	2200159	83	6812	2300144	83	7000	2363466	83	7108	2400070	83	7404	2500195	77	
300	100216	159	500	167721	151	596	200078	149	892	300018	128	1000	336567	116	1188	400037	116	1484	500080	95	1500	505464	92	1780	600251	78	2000	674645	70	2075	700174	70	2370	800162	68	2500	844166	68	2666	900209	64	2961	1000069	64	3000	1013353	64	3256	1100261	64	3500	1182883	63	3551	1200106	63	3846	1300023	60	4000	1352037	60	4142	1400234	60	4438	1500149	60	4500	1521035	60	4736	1600237	60	5000	1693744	60	5019	1700165	60	5317	1800198	60	5500	1861894	60	5613	1900025	60	5911	2000295	60	6000	2030144	60	6208	2100312	60	6500	2198631	60	6505	2200316	60	6802	2300323	60	7000	2367584	60	7096	2400348	60	7390	2500293	60	
314	100056	150	500	161194	124	618	200041	124	921	300016	115	1000	326117	115	1224	400205	113	1500	491729	113	1526	500300	113	1829	600235	106	2000	656763	103	2132	700311	100	2435	800326	92	2500	821855	89	2737	900215	84	3000	986792	81	3041	1000317	81	3344	1100038	78	3500	1151531	76	3648	1200304	76	3951	1300295	76	4000	1316469	76	4254	1400029	76	4500	1481507	76	4557	1500263	76	4860	1600030	74	5000	1646261	73	5164	1700340	73	5467	1800034	73	5500	1811119	73	5770	1900230	73	6000	1976089	73	6073	2000100	73	6377	2100285	73	6500	2141091	73	6673	2200133	73	6975	2300033	73	7000	2308268	73	7279	2400205	73	7500	2473386	73	7581	2500077	73	
308	100104	181	500	164818	146	605	200134	137	900	300042	118	1000	333752	111	1196	400269	105	1490	500185	93	1500	503610	93	1784	600086	87	2000	673031	87	2080	700130	87	2376	800257	85	2500	842324	85	2671	900153	85	2967	1000166	82	3000	1011294	82	3262	1100193	80	3500	1180736	80	3558	1200341	80	3845	1300039	80	4000	1352817	78	4138	1400089	76	4434	1500212	76	4500	1522530	76	4728	1600319	76	5000	1692822	76	5022	1700260	76	5317	1800154	73	5500	1862293	73	5612	1900037	73	5908	2000042	71	6000	2031226	71	6204	2100127	71	6500	2199929	71	6501	2200281	71	6796	2300075	71	7000	2369626	71	7090	2400222	71	7383	2500097	71	
104	100974	4411	204	201037	1563	299	300808	1495	392	400954	1407	487	501104	1407	500	514910	1407	581	600242	1407	676	700402	1407	771	800594	1407	866	900829	1407	961	1000901	1407	1000	1041987	1366	1055	1100202	1366	1150	1200086	1366	1246	1301078	1325	1340	1400224	1263	1435	1500623	1263	1500	1569391	1263	1529	1600124	1263	1624	1700533	1227	1719	1800669	1159	1814	1901112	1159	1908	2000342	1159	2000	2097942	1159	2002	2100133	1159	2097	2200937	1159	2191	2300364	1159	2286	2400628	1159	2381	2500634	1159	
107	100884	4232	209	200798	1441	306	300571	1379	404	400623	1379	500	499196	1379	501	500289	1379	599	600390	1379	697	700872	1379	794	800092	1379	892	900961	1379	989	1000354	1379	1000	1011705	1379	1087	1100778	1379	1184	1200285	1379	1282	1300792	1379	1379	1400182	1379	1476	1500266	1379	1500	1524954	1379	1574	1600632	1379	1671	1700168	1379	1769	1800278	1379	1867	1900479	1379	1965	2000720	1379	2000	2036570	1379	2062	2100420	1342	2159	2200275	1281	2257	2300721	1281	2354	2400174	1281	2446	2500981	1281	
106	100068	4179	209	200913	1356	305	300666	1293	401	400079	1293	498	500263	1264	500	502410	1264	595	600558	1264	692	700327	1264	789	800320	1264	886	900966	1198	982	1000403	1198	1000	1019126	1198	1079	1100900	1198	1175	1200114	1198	1272	1300193	1174	1369	1400595	1174	1465	1500190	1174	1500	1536188	1138	1560	1600240	1138	1657	1700953	1138	1753	1800119	1138	1850	1900271	1138	1947	2000388	1138	2000	2055043	1109	2044	2100705	1109	2140	2200220	1109	2237	2300500	1109	2334	2400904	1109	2430	2500158	1109	
104	100183	4292	206	200904	1416	301	301165	1352	395	400169	1305	491	501055	1240	500	510654	1240	585	600111	1240	678	700258	1240	773	800813	1212	868	900630	1150	963	1000598	1150	1000	1039495	1150	1058	1100501	1150	1153	1200425	1124	1248	1300716	1124	1343	1400809	1124	1438	1501046	1124	1500	1566280	1124	1532	1600777	1124	1627	1700955	1124	1722	1801064	1108	1817	1900747	1108	1912	2000740	1108	2000	2093219	1052	2007	2100603	1052	2102	2200266	1052	2197	2300409	1052	2293	2400774	1052	2388	2500329	1052	
105	100895	4421	205	200718	1454	300	300453	1336	395	400243	1296	490	500367	1233	500	511017	1233	585	600251	1196	681	701058	1161	776	800644	1161	871	900455	1161	966	1000287	1161	1000	1035994	1161	1061	1100091	1161	1157	1201087	1161	1252	1300942	1161	1347	1400694	1161	1442	1500549	1161	1500	1561270	1161	1537	1600271	1161	1632	1700421	1161	1727	1800127	1161	1823	1900941	1161	1918	2000924	1134	2000	2087279	1134	2013	2101088	1134	2108	2200939	1134	2203	2300742	1134	2298	2400391	1134	2393	2500241	1134	
104	100457	4325	205	200677	1312	299	300365	1151	393	400457	1151	487	500346	1093	500	514310	1093	581	600361	1093	675	700265	1069	770	800671	1037	865	900974	1037	960	1000887	1037	1000	1043288	1037	1054	1100156	1037	1149	1200797	1037	1243	1300083	1002	1338	1400189	1002	1433	1500211	1002	1500	1570721	1002	1528	1600443	1002	1623	1700563	1002	1718	1800543	1002	1811	1900738	1002	1905	2000390	1002	2000	2100268	1002	2000	2100335	1002	2095	2200533	1002	2190	2300553	1002	2285	2400389	1002	2380	2500138	1002	
104	100538	4294	205	200946	1514	300	300861	1292	395	400915	1229	490	501084	1229	500	511636	1229	584	600147	1199	679	700789	1199	774	800631	1140	869	900850	1140	962	1000757	1140	1000	1041119	1140	1056	1100169	1140	1151	1200220	1140	1246	1300624	1140	1341	1400428	1140	1436	1500698	1140	1500	1568292	1140	1531	1601076	1140	1626	1700880	1140	1721	1800948	1140	1816	1900957	1140	1911	2000803	1140	2000	2094766	1140	2005	2100092	1140	2100	2200541	1140	2195	2300930	1140	2289	2400615	1140	2383	2500110	1140	
102	100360	4654	204	200537	1189	300	300795	1142	395	400523	1121	491	500856	1121	500	510327	1121	586	600419	1121	682	700798	1121	777	800095	1121	873	900784	1121	968	1000515	1095	1000	1034228	1095	1063	1100129	1095	1159	1200444	1095	1254	1300141	1063	1350	1400625	1063	1446	1501011	1063	1500	1557420	1063	1541	1600353	1063	1637	1700841	1035	1732	1800224	1035	1828	1900850	1035	1923	2000170	1035	2000	2081251	1035	2018	2100104	1035	2114	2200957	1035	2209	2300225	1035	2305	2400418	1035	2401	2500865	1035	
105	100785	4301	205	200592	1283	300	300927	1252	395	400457	1252	491	500868	1252	500	510288	1252	586	600859	1252	680	700305	1252	775	800572	1252	870	900497	1252	965	1000809	1252	1000	1037548	1228	1060	1100518	1195	1155	1200227	1195	1251	1300571	1195	1346	1400103	1195	1442	1500603	1195	1500	1561404	1195	1537	1600285	1195	1632	1700160	1195	1727	1800194	1168	1823	1901028	1168	1917	2000066	1138	2000	2086828	1096	2013	2100449	1096	2102	2200884	1096	2197	2300578	1096	2292	2400266	1096	2388	2501016	1096	
107	100769	3915	208	200454	1132	305	300962	1093	402	400779	1093	498	500226	1093	500	502351	1093	595	600438	1093	691	700102	1093	788	800670	1093	885	900851	1093	981	1000104	1071	1000	1019866	1071	1078	1100531	1071	1175	1200904	1071	1264	1300088	1071	1360	1400356	1071	1455	1500265	1071	1500	1547135	1071	1552	1600998	1071	1648	1700268	1071	1745	1800730	1071	1842	1901063	1017	1939	2001028	987	2000	2064378	987	2035	2100675	987	2132	2200923	987	2228	2300474	987	2325	2400901	987	2421	2500357	987	
21	101303	49622	42	202492	49360	63	303817	48872	82	401260	48384	103	502648	47887	124	604480	47662	144	701519	47147	165	800896	45322	186	901548	44808	207	1001271	43517	228	1102753	43018	249	1203145	41453	270	1302525	40472	291	1403671	40252	312	1503712	39501	333	1604805	39001	354	1705023	38235	375	1804570	37713	396	1904242	36183	417	2002192	34680	438	2102760	34168	459	2203446	33342	480	2304743	32805	500	2399586	31323	501	2404611	31323	522	2504540	31063	
21	101360	49460	42	202186	48434	63	303834	47203	84	405001	46164	104	501658	45148	125	604182	44368	145	701540	43631	166	803210	42915	187	904854	42915	207	1000801	42151	228	1102205	41870	249	1204789	41132	269	1302093	41132	290	1404877	41132	310	1502857	40904	331	1604883	40451	351	1702134	40451	372	1803449	39385	392	1900639	38369	413	2001736	36856	434	2101583	35602	455	2203387	35325	475	2300729	35325	496	2403913	34285	500	2423444	34285	517	2504654	33247	
21	101199	49840	42	202048	49840	63	302727	49594	84	404264	49080	105	505052	48558	125	601161	48301	146	701357	47531	167	802372	47531	188	903445	47531	209	1004282	47016	230	1104893	46520	250	1201328	45762	271	1302540	45498	291	1401126	44952	312	1501732	43976	333	1602932	43251	354	1703330	42505	375	1802849	41277	396	1902651	40494	417	2002244	39486	438	2103165	39486	459	2203469	38755	480	2303686	38751	500	2399746	38751	501	2404877	38751	521	2501113	38486	
21	101668	50005	42	203410	49256	63	305042	49015	83	401354	47496	104	502212	46503	125	602200	45016	146	700526	43231	167	801698	42778	188	902736	41992	209	1004468	41733	230	1104664	39917	251	1203048	37865	272	1303665	36886	293	1403407	35888	314	1503144	34411	335	1603199	32456	356	1702921	31201	377	1802586	29190	398	1901450	27006	420	2004525	25459	441	2103561	23720	462	2201632	21951	483	2300859	20412	500	2382365	20158	504	2402057	19932	525	2501532	18416	
21	101029	49591	42	201821	49591	63	303087	49591	84	403876	49591	105	504514	49591	125	600933	49355	146	702251	49101	167	803150	48584	188	904487	48061	209	1004035	47366	230	1104832	46864	250	1201820	46864	271	1302862	46864	292	1404206	46864	312	1500502	46390	333	1602250	46390	354	1703828	45873	375	1803756	44536	396	1904055	43998	417	2004363	43741	437	2100662	43741	458	2200657	42988	479	2301606	42471	500	2402709	41708	500	2403071	41708	520	2501316	41464	
21	102930	49643	41	200646	49643	62	302652	49415	83	404359	49161	103	500835	48637	124	602392	48190	145	704304	47676	165	800830	47167	186	902551	46685	206	1001356	46423	227	1103912	46423	247	1201496	46423	268	1304279	46155	288	1402356	45903	308	1502159	45656	329	1603871	45656	349	1701303	45656	370	1803204	45656	391	1904750	45656	411	2001725	45656	432	2103535	45656	452	2200649	45656	473	2302458	45656	494	2404230	45656	500	2433691	45656	514	2501749	45656	
21	101400	50437	42	202871	50437	63	304278	50437	83	400429	50437	104	504473	50437	124	601261	50437	145	702722	50437	166	804146	50437	186	900876	50192	207	1001528	49422	228	1102083	48728	249	1203111	48205	270	1303758	48205	291	1404732	48205	311	1500570	47203	332	1600416	46725	353	1700357	46282	374	1801230	46023	395	1901584	45493	416	2002533	45493	437	2103357	44995	458	2204232	44722	479	2305151	44475	499	2401429	44475	500	2406595	44475	520	2502837	44475	
21	100855	49516	42	202385	48988	63	304284	48988	83	401439	48988	104	503193	48988	125	604884	48755	145	702657	48755	166	804608	48259	186	902520	48026	207	1005009	48026	227	1102430	48026	248	1204841	48026	268	1301086	47233	289	1401564	46523	310	1503311	46523	331	1604228	46025	352	1705096	44767	372	1800791	44251	393	1902681	44023	414	2004629	43259	434	2101478	42276	455	2203001	42047	476	2303967	41276	497	2404535	40290	500	2419509	40032	516	2501665	39512	
21	101986	49956	42	203958	49700	63	301745	47654	85	404296	45334	106	504258	44570	127	604581	43810	148	705058	42527	169	804813	41007	190	904415	39506	210	1000997	39506	231	1102822	39506	252	1204672	39506	272	1301483	39506	293	1403377	39506	314	1504831	39506	334	1603662	38765	355	1704058	37511	376	1805069	36488	396	1901709	36241	417	2003486	35754	437	2100497	35512	458	2202070	35009	479	2303141	34751	500	2404850	34751	500	2405205	34751	520	2502153	34751	
22	104699	49070	43	204651	48545	64	304650	48028	85	404269	46511	106	501565	44719	127	601347	41927	149	702603	40332	170	801250	37753	192	901743	34975	214	1001843	32068	236	1102373	29522	258	1204652	27938	279	1305057	27401	300	1404761	26405	321	1502660	23891	343	1603093	20866	365	1704798	18856	386	1803972	17592	407	1901870	15609	428	2001172	13656	449	2101079	12993	470	2201969	12565	491	2302742	12090	500	2346381	12090	512	2404528	12090	532	2501040	12090	
