wersja nr 1;wspolczynnik mutacji 1.600000;wielkosc populacji 30
694	100089	179	1379	200012	44	2065	300082	44	2751	400150	44	3436	500032	44	4121	600064	44	4807	700020	44	5492	800130	44	6178	900024	44	6864	1000067	44	7549	1100011	44	8236	1200100	44	8921	1300143	44	9606	1400035	44	10293	1500114	44	10980	1600027	44	11667	1700096	44	12353	1800067	44	13039	1900038	44	13725	2000149	44	14408	2100100	44	15093	2200048	44	15780	2300159	44	16463	2400118	44	17151	2500104	44	17838	2600049	44	18523	2700108	44	19209	2800012	44	19896	2900045	44	20580	3000146	44	21265	3100073	44	21951	3200115	44	22638	3300031	44	23325	3400147	44	24012	3500107	44	
695	100037	176	1377	200014	44	2063	300045	44	2747	400082	44	3434	500050	44	4119	600088	44	4805	700104	44	5490	800023	44	6175	900111	44	6857	1000054	44	7543	1100048	44	8229	1200066	44	8914	1300024	44	9601	1400118	44	10288	1500145	44	10975	1600101	44	11661	1700035	44	12348	1800122	44	13035	1900042	44	13723	2000130	44	14408	2100124	44	15085	2200092	44	15770	2300016	44	16456	2400059	44	17142	2500081	44	17825	2600018	44	18513	2700105	44	19199	2800109	44	19885	2900090	44	20571	3000015	44	21258	3100074	44	21945	3200052	44	22633	3300119	44	23319	3400153	44	24004	3500051	44	
693	100059	159	1378	200071	44	2063	300016	44	2750	400029	44	3438	500025	44	4125	600034	44	4809	700037	44	5495	800027	44	6178	900037	44	6864	1000043	44	7551	1100098	44	8236	1200048	44	8921	1300070	44	9606	1400046	44	10292	1500080	44	10979	1600026	44	11665	1700026	44	12351	1800134	44	13035	1900024	44	13718	2000112	44	14404	2100125	44	15087	2200066	44	15773	2300031	44	16458	2400138	44	17141	2500070	44	17826	2600011	44	18512	2700086	44	19197	2800138	44	19882	2900032	44	20567	3000146	44	21250	3100041	44	21937	3200144	44	22623	3300043	44	23309	3400132	44	23995	3500036	44	
691	100011	161	1377	200050	44	2064	300021	44	2750	400122	44	3435	500034	44	4118	600140	44	4804	700151	44	5490	800124	44	6177	900139	44	6863	1000030	44	7548	1100084	44	8230	1200090	44	8915	1300118	44	9598	1400017	44	10283	1500063	44	10967	1600068	44	11653	1700152	44	12338	1800044	44	13023	1900099	44	13710	2000109	44	14395	2100077	44	15079	2200060	44	15766	2300148	44	16452	2400066	44	17137	2500059	44	17821	2600022	44	18506	2700089	44	19193	2800052	44	19879	2900078	44	20565	3000089	44	21248	3100120	44	21934	3200132	44	22620	3300041	44	23307	3400096	44	23994	3500128	44	
691	100040	189	1376	200021	44	2062	300055	44	2744	400033	44	3426	500116	44	4109	600029	44	4794	700099	44	5480	800131	44	6166	900148	44	6852	1000024	44	7538	1100018	44	8225	1200075	44	8912	1300121	44	9597	1400067	44	10285	1500084	44	10972	1600104	44	11656	1700100	44	12336	1800091	44	13020	1900129	44	13706	2000125	44	14391	2100059	44	15077	2200050	44	15762	2300028	44	16442	2400045	44	17129	2500127	44	17815	2600120	44	18496	2700074	44	19182	2800088	44	19865	2900096	44	20550	3000058	44	21235	3100109	44	21920	3200151	44	22604	3300030	44	23291	3400065	44	23978	3500040	44	
706	100109	143	1412	200047	46	2122	300112	46	2831	400134	46	3541	500082	46	4251	600030	46	4962	700133	46	5669	800041	46	6378	900111	46	7088	1000122	46	7798	1100027	46	8507	1200032	46	9218	1300037	46	9927	1400047	46	10637	1500016	46	11348	1600107	46	12050	1700076	46	12758	1800037	46	13466	1900151	46	14175	2000110	46	14882	2100026	46	15594	2200140	46	16299	2300073	46	17007	2400127	46	17716	2500105	46	18427	2600105	46	19137	2700127	46	19846	2800118	46	20554	2900093	46	21261	3000059	46	21971	3100129	46	22680	3200093	46	23391	3300120	46	24100	3400016	46	24804	3500123	46	
704	100044	160	1408	200110	46	2119	300077	46	2828	400077	46	3540	500134	46	4251	600078	46	4961	700067	46	5672	800084	46	6381	900071	46	7088	1000149	46	7791	1100133	46	8500	1200012	46	9211	1300120	46	9921	1400132	46	10632	1500024	46	11344	1600066	46	12056	1700105	46	12766	1800100	46	13477	1900069	46	14188	2000114	46	14900	2100096	46	15612	2200129	46	16320	2300029	46	17030	2400137	46	17738	2500097	46	18449	2600079	46	19161	2700096	46	19873	2800118	46	20584	2900145	46	21294	3000053	46	22003	3100058	46	22715	3200135	46	23426	3300132	46	24134	3400026	46	24843	3500146	46	
707	100122	138	1413	200094	46	2124	300054	46	2837	400115	46	3546	500079	46	4256	600090	46	4963	700074	46	5672	800037	46	6382	900107	46	7091	1000103	46	7802	1100112	46	8513	1200139	46	9223	1300044	46	9934	1400143	46	10643	1500017	46	11354	1600065	46	12065	1700122	46	12774	1800116	46	13484	1900133	46	14194	2000092	46	14901	2100079	46	15610	2200063	46	16317	2300115	46	17027	2400119	46	17734	2500057	46	18445	2600044	46	19157	2700067	46	19868	2800125	46	20578	2900113	46	21287	3000135	46	21997	3100053	46	22708	3200018	46	23419	3300053	46	24128	3400055	46	24837	3500027	46	
713	100057	135	1419	200091	46	2130	300071	46	2840	400033	46	3547	500096	46	4260	600130	46	4972	700138	46	5683	800086	46	6389	900120	46	7098	1000100	46	7804	1100048	46	8509	1200083	46	9219	1300058	46	9928	1400089	46	10637	1500018	46	11348	1600119	46	12053	1700100	46	12760	1800015	46	13472	1900028	46	14185	2000096	46	14892	2100047	46	15603	2200144	46	16315	2300084	46	17026	2400032	46	17735	2500070	46	18446	2600126	46	19156	2700027	46	19866	2800107	46	20578	2900051	46	21290	3000050	46	22003	3100122	46	22710	3200029	46	23418	3300012	46	24129	3400027	46	24840	3500085	46	
707	100052	117	1410	200095	46	2120	300090	46	2827	400014	46	3537	500028	46	4243	600119	46	4951	700131	46	5659	800055	46	6367	900118	46	7071	1000032	46	7775	1100036	46	8483	1200037	46	9191	1300040	46	9900	1400063	46	10607	1500108	46	11311	1600062	46	12016	1700084	46	12720	1800105	46	13430	1900073	46	14138	2000066	46	14843	2100034	46	15552	2200061	46	16261	2300094	46	16970	2400115	46	17677	2500029	46	18385	2600120	46	19092	2700148	46	19799	2800087	46	20504	2900011	46	21212	3000078	46	21914	3100012	46	22624	3200078	46	23331	3300042	46	24038	3400053	46	24746	3500088	46	
266	100107	4314	531	200096	3506	794	300229	2802	1054	400093	2217	1315	500324	1689	1571	600295	1254	1829	700415	890	2084	800148	587	2337	900357	348	2584	1000208	219	2828	1100331	200	3072	1200432	200	3315	1300401	200	3558	1400115	200	3802	1500196	200	4045	1600372	200	4284	1700233	200	4528	1800448	200	4771	1900281	200	5013	2000131	200	5257	2100378	200	5500	2200175	200	5744	2300105	200	5988	2400184	200	6231	2500115	200	6473	2600256	200	6716	2700079	200	6959	2800128	200	7203	2900254	200	7447	3000393	200	7690	3100245	200	7934	3200240	200	8177	3300062	200	8420	3400185	200	8664	3500226	200	
266	100335	4324	528	200082	3535	791	300232	2831	1051	400069	2223	1311	500358	1692	1569	600370	1249	1826	700298	856	2080	800111	567	2333	900323	364	2581	1000357	237	2824	1100391	200	3067	1200435	200	3309	1300164	200	3552	1400161	200	3795	1500275	200	4038	1600392	200	4280	1700057	200	4523	1800082	200	4765	1900181	200	5007	2000131	200	5248	2100251	200	5490	2200180	200	5733	2300265	200	5977	2400430	200	6219	2500210	200	6461	2600075	200	6705	2700367	200	6947	2800108	200	7190	2900148	200	7433	3000446	200	7676	3100255	200	7918	3200274	200	8161	3300264	200	8404	3400450	200	8644	3500236	200	
267	100199	4329	531	200089	3531	795	300136	2809	1057	400415	2206	1317	500394	1702	1574	600440	1288	1826	700061	925	2082	800237	612	2335	900319	385	2584	1000082	244	2828	1100126	200	3071	1200343	200	3313	1300121	200	3557	1400236	200	3800	1500121	200	4041	1600144	200	4283	1700111	200	4527	1800315	200	4770	1900325	200	5013	2000088	200	5256	2100230	200	5500	2200279	200	5743	2300056	200	5987	2400446	200	6230	2500438	200	6472	2600285	200	6714	2700239	200	6957	2800337	200	7200	2900324	200	7444	3000359	200	7686	3100222	200	7930	3200267	200	8172	3300270	200	8414	3400223	200	8657	3500198	200	
266	100362	4301	528	200249	3506	791	300409	2820	1050	400089	2226	1311	500296	1692	1570	600423	1220	1825	700193	820	2080	800240	506	2330	900223	312	2576	1000152	201	2819	1100092	200	3059	1200253	200	3301	1300086	200	3544	1400404	200	3786	1500241	200	4028	1600150	200	4271	1700394	200	4513	1800361	200	4756	1900172	200	4999	2000438	200	5242	2100419	200	5483	2200368	200	5725	2300237	200	5967	2400356	200	6209	2500077	200	6453	2600326	200	6696	2700377	200	6939	2800380	200	7182	2900382	200	7425	3000393	200	7667	3100120	200	7910	3200235	200	8153	3300449	200	8395	3400276	200	8638	3500387	200	
267	100317	4291	532	200355	3534	794	300409	2843	1055	400387	2227	1315	500159	1703	1573	600200	1230	1831	700316	843	2086	800450	559	2338	900320	320	2584	1000064	206	2828	1100340	200	3072	1200269	200	3316	1300331	200	3559	1400330	200	3802	1500088	200	4046	1600285	200	4288	1700306	200	4531	1800199	200	4773	1900146	200	5017	2000324	200	5260	2100072	200	5504	2200300	200	5747	2300245	200	5990	2400195	200	6231	2500079	200	6475	2600288	200	6719	2700427	200	6961	2800093	200	7204	2900292	200	7447	3000128	200	7691	3100206	200	7934	3200064	200	8177	3300150	200	8421	3400218	200	8665	3500254	200	
273	100390	4156	544	200267	3322	816	300425	2498	1085	400177	1726	1352	500177	1057	1617	600108	548	1877	700135	277	2127	800091	215	2376	900186	205	2625	1000344	205	2873	1100076	205	3122	1200444	205	3370	1300173	205	3618	1400061	205	3866	1500342	205	4109	1600177	205	4358	1700345	205	4603	1800047	205	4853	1900456	205	5101	2000223	205	5350	2100342	205	5598	2200156	205	5847	2300275	205	6096	2400403	205	6344	2500393	205	6592	2600277	205	6841	2700259	205	7087	2800235	205	7335	2900048	205	7584	3000286	205	7832	3100113	205	8080	3200046	205	8328	3300387	205	8577	3400393	205	8825	3500332	205	
272	100397	4147	542	200282	3303	812	300338	2451	1080	400057	1656	1347	500111	949	1611	600253	485	1867	700287	273	2116	800383	205	2364	900411	205	2611	1000131	205	2859	1100304	205	3106	1200367	205	3354	1300433	205	3601	1400174	205	3849	1500080	205	4097	1600255	205	4344	1700079	205	4592	1800209	205	4842	1900436	205	5090	2000398	205	5337	2100307	205	5584	2200435	205	5832	2300436	205	6079	2400051	205	6326	2500280	205	6573	2600407	205	6820	2700203	205	7068	2800239	205	7315	2900085	205	7564	3000184	205	7812	3100111	205	8060	3200140	205	8308	3300129	205	8557	3400383	205	8803	3500086	205	
272	100144	4129	544	200350	3268	814	300126	2414	1085	400215	1610	1354	500247	910	1617	600452	439	1872	700188	252	2121	800172	205	2370	900162	205	2617	1000252	205	2866	1100231	205	3115	1200318	205	3363	1300390	205	3610	1400155	205	3858	1500435	205	4105	1600279	205	4353	1700236	205	4602	1800276	205	4849	1900165	205	5097	2000109	205	5346	2100141	205	5594	2200288	205	5843	2300346	205	6092	2400266	205	6340	2500404	205	6587	2600232	205	6835	2700051	205	7083	2800205	205	7332	2900064	205	7581	3000354	205	7829	3100161	205	8079	3200342	205	8327	3300217	205	8576	3400382	205	8823	3500134	205	
272	100070	4135	544	200120	3264	812	300363	2431	1084	400312	1601	1350	500220	942	1613	600050	491	1870	700402	261	2120	800229	205	2368	900162	205	2616	1000127	205	2863	1100105	205	3112	1200075	205	3358	1300100	205	3607	1400330	205	3855	1500048	205	4104	1600158	205	4353	1700373	205	4600	1800278	205	4847	1900138	205	5095	2000396	205	5343	2100279	205	5591	2200300	205	5839	2300047	205	6087	2400293	205	6334	2500319	205	6581	2600109	205	6829	2700350	205	7076	2800054	205	7325	2900156	205	7574	3000313	205	7821	3100217	205	8069	3200285	205	8318	3300429	205	8565	3400218	205	8814	3500153	205	
273	100355	4131	545	200378	3286	816	300188	2458	1086	400058	1700	1355	500231	1000	1620	600156	470	1877	700393	258	2126	800147	205	2375	900185	205	2624	1000179	205	2873	1100229	205	3121	1200093	205	3370	1300207	205	3619	1400248	205	3868	1500345	205	4114	1600372	205	4360	1700134	205	4609	1800379	205	4858	1900307	205	5107	2000431	205	5354	2100431	205	5601	2200316	205	5849	2300064	205	6098	2400343	205	6347	2500344	205	6596	2600364	205	6844	2700304	205	7093	2800436	205	7341	2900417	205	7590	3000377	205	7838	3100082	205	8087	3200434	205	8334	3300247	205	8583	3400285	205	8832	3500199	205	
61	100427	24597	122	200640	23925	184	301463	23245	245	401626	22603	306	501172	21950	367	600644	21356	428	701249	20729	489	800749	20120	550	900533	19528	611	1000465	18964	673	1101851	18389	733	1200481	17834	795	1301601	17282	855	1400562	16766	916	1500572	16215	977	1600427	15686	1039	1701215	15161	1099	1800265	14672	1161	1901132	14183	1222	2000410	13725	1283	2100527	13281	1344	2200688	12867	1405	2300498	12449	1466	2400744	12047	1527	2500461	11647	1589	2601827	11265	1650	2701774	10894	1710	2800452	10554	1772	2901637	10203	1833	3001415	9876	1893	3100771	9575	1953	3201179	9303	2013	3301558	8996	2073	3401874	8719	2133	3501701	8457	
61	100523	24581	122	200397	23920	183	300720	23271	243	400706	22637	303	500920	22014	364	600981	21385	425	701442	20771	486	801722	20146	546	900287	19561	607	1001527	18958	667	1100659	18393	728	1201332	17829	789	1301581	17297	849	1400345	16760	911	1501659	16237	972	1601689	15708	1033	1701445	15230	1093	1800594	14751	1154	1900402	14279	1215	2000663	13858	1276	2100746	13425	1337	2201433	13027	1397	2300245	12628	1459	2401561	12207	1520	2501438	11800	1581	2601840	11420	1641	2700326	11065	1702	2800360	10714	1763	2900846	10374	1823	3000413	10065	1884	3101744	9760	1944	3201250	9469	2005	3301896	9159	2065	3401771	8913	2124	3501252	8655	
61	100883	24595	122	201178	23932	183	301806	23261	243	400599	22654	304	501640	22036	365	601378	21399	426	701592	20796	486	800488	20188	547	900442	19593	607	1000362	19007	668	1100599	18427	729	1200569	17879	790	1301219	17320	851	1401269	16793	912	1501787	16285	972	1600487	15766	1033	1700576	15265	1094	1800749	14778	1155	1900393	14307	1216	2000956	13834	1277	2101093	13374	1338	2200631	12953	1399	2300556	12536	1460	2401021	12159	1521	2501338	11792	1581	2600469	11437	1642	2700712	11076	1703	2801582	10735	1763	2900335	10390	1824	3000878	10069	1885	3101545	9766	1945	3201051	9469	2006	3300875	9150	2067	3401598	8852	2127	3501602	8576	
61	101009	24581	122	200891	23899	183	300620	23248	244	400814	22592	304	500289	21948	366	601749	21312	427	701591	20672	488	801518	20062	549	901685	19453	609	1001253	18867	670	1101312	18288	731	1200563	17717	793	1301603	17177	854	1401529	16646	915	1500777	16079	976	1600878	15553	1037	1700557	15061	1098	1801257	14575	1159	1900930	14099	1220	2000925	13644	1281	2101209	13221	1341	2200938	12805	1401	2301495	12423	1461	2401249	12033	1522	2501085	11654	1583	2600631	11309	1644	2701129	10975	1705	2801764	10660	1766	2901544	10360	1826	3001062	10055	1887	3101435	9753	1947	3201402	9460	2007	3301287	9198	2067	3400825	8945	2127	3500599	8708	
62	101570	24583	122	200606	23921	183	300417	23270	245	401557	22641	306	501226	22014	367	601227	21383	428	701819	20749	488	800331	20147	550	901396	19544	611	1001758	18963	672	1101440	18388	733	1201371	17844	794	1301526	17300	855	1401822	16779	916	1501748	16246	976	1600432	15760	1037	1700295	15274	1099	1800672	14779	1160	1900456	14313	1221	2000448	13854	1282	2100438	13425	1343	2200263	12999	1405	2301700	12562	1465	2400297	12177	1526	2500708	11792	1587	2601439	11430	1647	2700326	11088	1708	2801028	10728	1769	2901795	10412	1829	3001773	10094	1889	3100915	9791	1949	3200852	9512	2010	3301723	9225	2070	3401130	8972	2130	3500726	8719	
63	101492	24499	125	201025	23812	188	301853	23124	250	401062	22474	312	500384	21823	374	600464	21176	436	700474	20505	499	800836	19827	562	901180	19186	625	1001526	18517	687	1100565	17886	749	1200556	17255	812	1301798	16629	874	1401909	16015	936	1500709	15396	999	1600648	14793	1062	1701324	14156	1124	1800979	13503	1187	1901429	12851	1249	2000950	12267	1311	2100479	11665	1374	2201513	11050	1436	2301083	10455	1498	2401142	9858	1560	2500969	9313	1622	2600952	8744	1684	2700244	8230	1747	2801531	7691	1809	2900665	7162	1871	3000754	6698	1934	3101738	6229	1995	3200408	5819	2057	3301005	5439	2118	3400671	5047	2180	3501818	4693	
63	100763	24524	126	201518	23845	188	300476	23183	251	400706	22545	314	501747	21867	376	600674	21197	439	701363	20552	501	800276	19905	563	900342	19223	626	1001192	18576	688	1100441	17915	750	1200480	17269	813	1301332	16581	876	1401347	15944	938	1500778	15310	1001	1600934	14637	1064	1701128	13977	1127	1801648	13332	1189	1901522	12716	1251	2000968	12091	1313	2100887	11472	1375	2200310	10866	1438	2301215	10255	1500	2400350	9680	1563	2501876	9129	1625	2601223	8551	1687	2700448	8012	1750	2801721	7499	1812	2901639	7022	1874	3001039	6571	1936	3101720	6129	1997	3201273	5721	2059	3301967	5322	2120	3401600	5024	2181	3501759	4707	
63	101188	24523	125	200304	23860	188	301506	23205	250	400948	22595	313	501681	21947	375	600306	21319	438	701660	20674	501	801759	20014	563	900709	19393	626	1001069	18744	689	1101176	18105	752	1201775	17484	814	1300703	16859	877	1401640	16270	939	1500643	15629	1001	1600253	14998	1063	1700580	14363	1126	1801396	13716	1188	1901187	13068	1250	2000839	12467	1312	2100597	11849	1375	2201417	11245	1437	2300389	10656	1500	2401423	10044	1562	2501017	9476	1625	2601736	8896	1687	2701205	8314	1749	2801585	7745	1811	2900801	7245	1873	3001032	6759	1935	3100504	6284	1997	3200598	5849	2059	3300773	5421	2121	3400958	5055	2182	3501002	4685	
63	101192	24514	126	201781	23851	188	301389	23224	250	401735	22593	312	501063	21955	374	600635	21343	437	700975	20701	499	800676	20046	562	901661	19414	624	1001084	18773	687	1101482	18157	749	1201111	17511	811	1300479	16875	874	1401781	16237	936	1501362	15558	998	1601014	14907	1060	1700822	14290	1122	1801219	13659	1184	1900329	13046	1247	2001820	12410	1309	2101128	11772	1371	2200922	11160	1433	2300588	10566	1495	2400451	9980	1558	2501277	9405	1620	2601497	8818	1682	2701259	8266	1744	2801240	7742	1806	2901727	7258	1868	3001226	6763	1930	3101311	6309	1991	3200409	5883	2053	3301146	5501	2114	3400746	5164	2175	3501354	4861	
63	100602	24506	126	201426	23809	189	301501	23118	251	400380	22481	314	501174	21804	376	600310	21129	439	701505	20460	501	801048	19825	564	901727	19167	626	1000335	18523	690	1101601	17856	752	1200572	17216	815	1301246	16563	877	1400483	15938	940	1501258	15319	1002	1600616	14702	1065	1701440	14067	1127	1800556	13421	1189	1900542	12782	1252	2001777	12150	1314	2100899	11512	1377	2201752	10911	1439	2301633	10304	1501	2400802	9728	1564	2501315	9149	1627	2601472	8566	1689	2701032	8035	1750	2800500	7516	1813	2901345	6972	1875	3001027	6502	1937	3100572	6042	1998	3200462	5659	2060	3300954	5311	2121	3400479	4926	2183	3501623	4621	
808	100109	47	1614	200035	47	2423	300058	47	3228	400072	47	4036	500079	47	4841	600031	47	5649	700104	47	6459	800122	47	7262	900080	47	8070	1000012	47	8876	1100027	47	9686	1200056	47	10494	1300036	47	11301	1400100	47	12108	1500050	47	12910	1600057	47	13708	1700076	47	14515	1800045	47	15322	1900010	47	16128	2000052	47	16936	2100118	47	17742	2200098	47	18550	2300033	47	19355	2400121	47	20163	2500063	47	20970	2600075	47	21776	2700044	47	22584	2800018	47	23392	2900065	47	24200	3000074	47	25010	3100079	47	25819	3200068	47	26620	3300015	47	27427	3400064	47	28235	3500083	47	
805	100092	47	1613	200058	47	2420	300031	47	3229	400067	47	4037	500073	47	4845	600029	47	5654	700100	47	6451	800119	47	7258	900064	47	8066	1000014	47	8874	1100017	47	9684	1200081	47	10492	1300119	47	11300	1400025	47	12108	1500015	47	12916	1600019	47	13720	1700034	47	14528	1800037	47	15331	1900054	47	16140	2000093	47	16948	2100033	47	17755	2200110	47	18563	2300090	47	19370	2400009	47	20179	2500116	47	20987	2600012	47	21797	2700129	47	22603	2800033	47	23409	2900127	47	24217	3000114	47	25024	3100092	47	25831	3200096	47	26641	3300063	47	27449	3400060	47	28255	3500046	47	
807	100043	47	1615	200114	47	2416	300016	47	3225	400091	47	4032	500124	47	4840	600036	47	5651	700052	47	6460	800032	47	7270	900131	47	8079	1000114	47	8885	1100038	47	9695	1200100	47	10503	1300101	47	11310	1400032	47	12117	1500066	47	12926	1600067	47	13733	1700054	47	14541	1800130	47	15347	1900095	47	16154	2000030	47	16962	2100067	47	17771	2200063	47	18574	2300078	47	19381	2400016	47	20187	2500111	47	20996	2600068	47	21805	2700036	47	22613	2800033	47	23421	2900123	47	24227	3000110	47	25037	3100119	47	25845	3200018	47	26653	3300017	47	27462	3400026	47	28268	3500069	47	
808	100048	47	1617	200032	47	2427	300081	47	3234	400020	47	4043	500023	47	4851	600025	47	5660	700062	47	6459	800104	47	7266	900083	47	8070	1000130	47	8877	1100108	47	9685	1200102	47	10493	1300050	47	11302	1400075	47	12111	1500094	47	12918	1600128	47	13722	1700122	47	14528	1800048	47	15337	1900091	47	16145	2000012	47	16952	2100111	47	17760	2200045	47	18569	2300034	47	19378	2400098	47	20185	2500015	47	20994	2600097	47	21802	2700093	47	22608	2800008	47	23413	2900129	47	24221	3000041	47	25026	3100091	47	25835	3200037	47	26644	3300057	47	27453	3400095	47	28258	3500017	47	
798	100024	47	1596	200055	47	2404	300099	47	3211	400050	47	4021	500101	47	4828	600076	47	5636	700125	47	6444	800034	47	7252	900125	47	8061	1000119	47	8868	1100077	47	9673	1200061	47	10474	1300062	47	11280	1400111	47	12087	1500023	47	12895	1600014	47	13703	1700044	47	14513	1800069	47	15320	1900120	47	16128	2000130	47	16936	2100070	47	17745	2200034	47	18554	2300054	47	19363	2400132	47	20173	2500100	47	20982	2600055	47	21788	2700043	47	22595	2800128	47	23397	2900113	47	24206	3000128	47	25013	3100079	47	25820	3200042	47	26628	3300053	47	27432	3400033	47	28241	3500123	47	
871	100068	53	1744	200027	53	2610	300104	53	3481	400079	53	4353	500099	53	5222	600057	53	6095	700035	53	6967	800047	53	7840	900093	53	8713	1000059	53	9574	1100069	53	10447	1200033	53	11307	1300043	53	12174	1400067	53	13046	1500074	53	13915	1600036	53	14787	1700040	53	15659	1800038	53	16532	1900021	53	17405	2000038	53	18278	2100045	53	19147	2200037	53	20015	2300007	53	20886	2400008	53	21757	2500012	53	22626	2600019	53	23496	2700026	53	24368	2800041	53	25241	2900009	53	26115	3000103	53	26985	3100031	53	27859	3200070	53	28727	3300091	53	29599	3400114	53	30471	3500113	53	
869	100116	53	1734	200099	53	2605	300112	53	3477	400098	53	4338	500022	53	5200	600104	53	6073	700088	53	6947	800012	53	7819	900070	53	8693	1000062	53	9563	1100035	53	10433	1200088	53	11305	1300101	53	12177	1400024	53	13051	1500084	53	13924	1600055	53	14799	1700096	53	15673	1800094	53	16546	1900090	53	17420	2000047	53	18293	2100096	53	19164	2200098	53	20036	2300037	53	20910	2400017	53	21781	2500097	53	22649	2600053	53	23519	2700088	53	24393	2800116	53	25264	2900011	53	26137	3000111	53	27004	3100059	53	27874	3200018	53	28748	3300064	53	29621	3400075	53	30494	3500105	53	
872	100094	53	1747	200073	53	2613	300030	53	3486	400047	53	4359	500115	53	5233	600096	53	6101	700091	53	6973	800023	53	7845	900100	53	8717	1000050	53	9589	1100110	53	10461	1200024	53	11333	1300014	53	12206	1400027	53	13079	1500079	53	13953	1600021	53	14820	1700089	53	15693	1800089	53	16565	1900018	53	17440	2000085	53	18315	2100069	53	19190	2200044	53	20065	2300089	53	20934	2400015	53	21806	2500091	53	22677	2600013	53	23548	2700076	53	24420	2800082	53	25295	2900089	53	26168	3000089	53	27042	3100105	53	27915	3200065	53	28789	3300122	53	29657	3400078	53	30531	3500113	53	
872	100031	53	1745	200107	53	2613	300013	53	3489	400112	53	4361	500112	53	5233	600106	53	6097	700050	53	6961	800068	53	7834	900071	53	8706	1000015	53	9579	1100031	53	10447	1200055	53	11317	1300056	53	12189	1400051	53	13062	1500048	53	13935	1600037	53	14807	1700029	53	15683	1800117	53	16556	1900071	53	17426	2000040	53	18295	2100092	53	19166	2200092	53	20037	2300104	53	20909	2400060	53	21784	2500116	53	22658	2600012	53	23531	2700008	53	24404	2800027	53	25278	2900079	53	26152	3000086	53	27026	3100013	53	27901	3200089	53	28775	3300065	53	29645	3400120	53	30517	3500092	53	
871	100050	53	1743	200009	53	2616	300072	53	3488	400116	53	4360	500049	53	5230	600040	53	6102	700020	53	6975	800059	53	7845	900088	53	8718	1000047	53	9593	1100114	53	10465	1200026	53	11333	1300049	53	12206	1400092	53	13077	1500092	53	13936	1600083	53	14798	1700125	53	15670	1800030	53	16539	1900041	53	17409	2000064	53	18282	2100056	53	19152	2200109	53	20023	2300046	53	20893	2400014	53	21766	2500022	53	22638	2600032	53	23511	2700037	53	24384	2800094	53	25254	2900037	53	26127	3000082	53	26999	3100032	53	27873	3200096	53	28743	3300047	53	29616	3400096	53	30489	3500054	53	
270	100078	191	534	200062	191	798	300039	191	1062	400071	191	1326	500193	191	1590	600151	191	1855	700241	191	2118	800145	191	2383	900251	191	2647	1000168	191	2911	1100058	191	3176	1200361	191	3436	1300295	191	3700	1400393	191	3964	1500060	191	4228	1600078	191	4493	1700323	191	4757	1800395	191	5020	1900187	191	5284	2000091	191	5549	2100403	191	5813	2200179	191	6078	2300411	191	6341	2400197	191	6605	2500135	191	6870	2600350	191	7134	2700177	191	7397	2800151	191	7660	2900066	191	7924	3000043	191	8189	3100378	191	8452	3200338	191	8715	3300337	191	8979	3400376	191	9243	3500231	191	
270	100238	191	534	200313	191	797	300299	191	1060	400397	191	1324	500310	191	1587	600115	191	1850	700251	191	2115	800276	191	2379	900358	191	2642	1000088	191	2906	1100389	191	3170	1200380	191	3434	1300153	191	3697	1400091	191	3961	1500253	191	4225	1600098	191	4489	1700365	191	4752	1800316	191	5016	1900212	191	5280	2000094	191	5544	2100240	191	5806	2200239	191	6068	2300279	191	6330	2400160	191	6593	2500093	191	6857	2600236	191	7120	2700108	191	7383	2800163	191	7647	2900291	191	7911	3000238	191	8172	3100066	191	8437	3200375	191	8701	3300240	191	8964	3400344	191	9227	3500239	191	
269	100083	191	533	200343	191	796	300201	191	1060	400189	191	1323	500252	191	1587	600411	191	1851	700271	191	2113	800140	191	2375	900394	191	2637	1000165	191	2898	1100193	191	3162	1200376	191	3426	1300290	191	3691	1400410	191	3955	1500411	191	4218	1600383	191	4481	1700155	191	4745	1800286	191	5008	1900135	191	5271	2000051	191	5535	2100073	191	5800	2200286	191	6064	2300106	191	6328	2400223	191	6592	2500209	191	6855	2600198	191	7119	2700054	191	7384	2800412	191	7646	2900311	191	7909	3000062	191	8173	3100067	191	8438	3200403	191	8701	3300125	191	8965	3400116	191	9230	3500389	191	
270	100281	191	534	200321	191	798	300392	191	1062	400398	191	1325	500123	191	1589	600143	191	1853	700234	191	2116	800377	191	2378	900177	191	2642	1000169	191	2905	1100061	191	3169	1200057	191	3434	1300401	191	3697	1400058	191	3961	1500093	191	4225	1600076	191	4488	1700210	191	4751	1800167	191	5015	1900123	191	5279	2000147	191	5543	2100338	191	5807	2200280	191	6071	2300149	191	6335	2400242	191	6598	2500080	191	6860	2600277	191	7123	2700061	191	7387	2800372	191	7650	2900159	191	7913	3000068	191	8177	3100078	191	8442	3200404	191	8706	3300154	191	8970	3400358	191	9233	3500142	191	
270	100313	191	533	200402	191	795	300158	191	1059	400342	191	1323	500388	191	1587	600210	191	1851	700090	191	2116	800231	191	2380	900210	191	2643	1000159	191	2907	1100414	191	3170	1200233	191	3433	1300223	191	3697	1400330	191	3960	1500120	191	4224	1600154	191	4488	1700252	191	4752	1800121	191	5015	1900097	191	5278	2000261	191	5541	2100127	191	5805	2200349	191	6068	2300127	191	6333	2400391	191	6596	2500264	191	6859	2600306	191	7123	2700211	191	7387	2800211	191	7651	2900188	191	7914	3000231	191	8176	3100264	191	8439	3200144	191	8703	3300299	191	8966	3400188	191	9230	3500041	191	
289	100149	194	573	200142	194	858	300084	194	1143	400217	194	1428	500300	194	1711	600079	194	1996	700053	194	2281	800086	194	2566	900088	194	2851	1000346	194	3136	1100368	194	3417	1200185	194	3702	1300287	194	3986	1400229	194	4271	1500351	194	4555	1600232	194	4840	1700282	194	5124	1800188	194	5408	1900206	194	5692	2000163	194	5977	2100147	194	6262	2200198	194	6547	2300161	194	6832	2400272	194	7117	2500083	194	7402	2600323	194	7687	2700238	194	7972	2800221	194	8257	2900239	194	8542	3000084	194	8827	3100370	194	9110	3200241	194	9395	3300331	194	9679	3400063	194	9963	3500267	194	
291	100353	194	577	200374	194	861	300168	194	1144	400140	194	1429	500083	194	1714	600230	194	1996	700163	194	2282	800192	194	2567	900384	194	2851	1000060	194	3135	1100210	194	3421	1200384	194	3706	1300300	194	3991	1400094	194	4277	1500220	194	4562	1600389	194	4848	1700402	194	5131	1800202	194	5416	1900145	194	5702	2000039	194	5987	2100045	194	6273	2200216	194	6559	2300247	194	6843	2400203	194	7129	2500152	194	7415	2600142	194	7701	2700278	194	7986	2800373	194	8271	2900268	194	8555	3000102	194	8839	3100245	194	9125	3200287	194	9410	3300156	194	9695	3400375	194	9980	3500238	194	
290	100369	194	573	200378	194	857	300303	194	1142	400228	194	1427	500093	194	1713	600326	194	1999	700355	194	2284	800304	194	2568	900125	194	2854	1000252	194	3140	1100348	194	3425	1200064	194	3710	1300328	194	3995	1400109	194	4281	1500150	194	4565	1600309	194	4850	1700073	194	5136	1800041	194	5422	1900235	194	5707	2000236	194	5992	2100102	194	6278	2200293	194	6561	2300284	194	6846	2400302	194	7132	2500278	194	7417	2600269	194	7703	2700201	194	7988	2800060	194	8273	2900326	194	8558	3000281	194	8842	3100194	194	9125	3200217	194	9408	3300198	194	9693	3400148	194	9978	3500143	194	
291	100363	194	576	200312	194	860	300170	194	1146	400360	194	1432	500288	194	1717	600164	194	2001	700292	194	2284	800160	194	2569	900261	194	2854	1000114	194	3139	1100211	194	3424	1200233	194	3709	1300229	194	3993	1400052	194	4279	1500223	194	4565	1600276	194	4850	1700258	194	5135	1800168	194	5419	1900179	194	5704	2000316	194	5987	2100113	194	6273	2200250	194	6558	2300268	194	6842	2400115	194	7127	2500090	194	7413	2600334	194	7698	2700225	194	7983	2800290	194	8266	2900181	194	8551	3000362	194	8836	3100345	194	9121	3200069	194	9407	3300240	194	9691	3400213	194	9975	3500232	194	
289	100132	194	574	200128	194	860	300379	194	1142	400045	194	1427	500110	194	1712	600040	194	1997	700075	194	2282	800059	194	2567	900081	194	2853	1000340	194	3137	1100264	194	3420	1200256	194	3704	1300332	194	3987	1400337	194	4272	1500360	194	4556	1600089	194	4841	1700059	194	5127	1800235	194	5411	1900146	194	5696	2000251	194	5981	2100255	194	6265	2200174	194	6550	2300126	194	6833	2400283	194	7117	2500232	194	7400	2600073	194	7683	2700184	194	7968	2800388	194	8253	2900378	194	8537	3000222	194	8822	3100219	194	9107	3200315	194	9390	3300217	194	9675	3400271	194	9959	3500257	194	
71	100859	1580	141	201446	1398	210	300602	1269	278	400228	1189	346	500389	1138	414	600838	1094	482	701255	1054	549	800285	1029	617	901769	1016	683	1000214	1001	751	1101467	989	818	1201287	984	884	1300489	982	951	1401051	978	1018	1501627	976	1085	1601343	974	1152	1700716	972	1219	1800877	971	1286	1901057	969	1353	2001335	967	1420	2101449	966	1487	2201502	965	1553	2301114	965	1619	2400239	965	1686	2501099	965	1752	2600747	965	1819	2700716	965	1886	2800986	965	1953	2901202	965	2019	3000519	965	2086	3101164	965	2153	3201520	965	2219	3300717	965	2286	3401353	965	2353	3501144	965	
71	100870	1589	141	200833	1396	210	301589	1286	278	400657	1194	346	500504	1132	413	601081	1086	480	700591	1041	548	801655	1018	615	901475	1005	682	1001283	995	749	1100716	988	816	1200548	981	883	1300518	977	950	1401226	973	1016	1500350	971	1083	1600622	970	1150	1701230	970	1216	1800575	970	1283	1900719	970	1350	2001126	969	1416	2101163	967	1482	2200900	967	1549	2301511	967	1615	2400550	966	1682	2501116	965	1749	2601554	965	1815	2700253	965	1882	2801068	965	1949	2901166	965	2016	3001588	965	2083	3101465	965	2149	3201073	965	2216	3300890	965	2283	3401168	965	2350	3501491	965	
70	100325	1563	140	200673	1407	210	301442	1281	278	401283	1183	346	500705	1119	414	600890	1069	481	700241	1037	548	800597	1010	615	900339	992	682	1000452	984	748	1100632	984	815	1201390	982	882	1301455	976	949	1401161	970	1016	1501616	967	1083	1601504	966	1150	1701308	966	1217	1801612	966	1282	1900310	965	1349	2000641	965	1416	2100657	965	1483	2200621	965	1550	2300891	965	1617	2401475	965	1683	2500559	965	1750	2600574	965	1817	2701508	965	1883	2800694	965	1950	2901017	965	2017	3001311	965	2083	3100435	965	2150	3200424	965	2217	3300590	965	2284	3401313	965	2350	3500528	965	
71	101147	1561	141	201172	1397	209	300688	1278	278	401163	1167	346	500786	1100	414	600776	1049	481	700829	1023	548	800815	1014	615	900805	1002	682	1001075	997	749	1101103	991	816	1200551	980	883	1300875	973	950	1401249	971	1017	1501569	968	1083	1600393	967	1150	1700378	967	1217	1800408	967	1284	1901471	966	1350	2000571	966	1417	2101216	966	1484	2201554	965	1550	2300414	965	1617	2401349	965	1684	2501366	965	1750	2600287	965	1817	2700762	965	1884	2800883	965	1951	2901102	965	2018	3001563	965	2084	3100545	965	2151	3201219	965	2217	3300397	965	2283	3400282	965	2350	3500430	965	
71	101070	1568	141	200705	1391	210	300652	1259	278	400464	1174	347	501617	1115	414	601212	1086	481	700953	1060	548	800545	1037	615	900788	1014	682	1000488	1003	749	1100732	992	816	1200853	982	883	1301408	978	950	1401585	972	1016	1500532	972	1083	1601311	969	1149	1700470	968	1216	1800223	967	1283	1900348	965	1350	2000264	965	1416	2100212	965	1483	2200463	965	1550	2301387	965	1616	2400278	965	1683	2501520	965	1749	2600781	965	1816	2700993	965	1883	2801383	965	1949	2900800	965	2016	3001532	965	2082	3100410	965	2149	3201115	965	2216	3301248	965	2283	3400968	965	2350	3501727	965	
77	101296	1517	153	201029	1323	228	301131	1204	302	401149	1094	376	501109	1040	449	600563	1005	522	700780	978	595	801125	960	668	901271	951	739	1000710	946	812	1101024	942	885	1201525	932	957	1301431	932	1029	1400656	932	1101	1500936	932	1174	1601209	932	1246	1700494	932	1319	1801186	932	1391	1900637	932	1463	2000611	932	1536	2100838	932	1609	2201295	932	1681	2300755	932	1753	2400208	932	1825	2500305	932	1898	2601510	932	1970	2700523	932	2043	2801178	932	2115	2900548	932	2187	3000376	932	2260	3101382	932	2332	3200905	932	2405	3301439	932	2477	3401162	932	2549	3500608	932	
77	101346	1526	153	200895	1323	227	300245	1191	302	400801	1114	376	500533	1050	449	600694	1019	522	700935	994	594	800848	979	666	900768	974	739	1000932	957	812	1101032	947	884	1200453	941	957	1300793	939	1029	1400310	934	1102	1501052	934	1174	1600455	932	1247	1701202	932	1318	1800239	932	1391	1900632	932	1463	2000258	932	1536	2100427	932	1608	2200473	932	1681	2301296	932	1753	2400285	932	1826	2500557	932	1899	2601363	932	1971	2700540	932	2044	2801175	932	2116	2901318	932	2188	3001152	932	2260	3101299	932	2332	3200779	932	2404	3300467	932	2477	3401025	932	2549	3500777	932	
77	100800	1543	153	201097	1314	227	300216	1181	302	400873	1077	376	501585	1016	448	600583	983	521	701571	967	593	801395	955	665	900275	942	738	1000656	936	810	1100574	934	882	1200267	933	955	1300700	933	1028	1401169	933	1100	1500703	932	1172	1600368	932	1245	1700839	932	1317	1800633	932	1390	1901390	932	1462	2000882	932	1534	2100585	932	1607	2201434	932	1679	2301284	932	1751	2400993	932	1823	2500456	932	1895	2600417	932	1967	2700670	932	2039	2800493	932	2111	2900461	932	2184	3001193	932	2256	3100848	932	2329	3201501	932	2401	3301273	932	2473	3400631	932	2545	3500392	932	
77	100626	1528	153	200580	1348	227	300275	1202	302	400913	1103	376	501546	1034	449	601200	995	522	701260	975	594	800213	963	667	900494	953	739	1000284	947	812	1101374	945	884	1200278	941	957	1300665	938	1030	1400945	933	1102	1500796	933	1174	1600655	933	1246	1700326	933	1319	1801318	932	1391	1900359	932	1464	2001300	932	1536	2100929	932	1608	2200718	932	1680	2301255	932	1752	2401214	932	1824	2500334	932	1897	2601211	932	1969	2700925	932	2041	2800880	932	2113	2900257	932	2186	3001111	932	2259	3101542	932	2331	3201270	932	2403	3300355	932	2476	3400628	932	2549	3501023	932	
77	101480	1553	153	201142	1349	227	300694	1206	302	401172	1106	376	500882	1046	450	601511	1001	522	700205	980	595	801349	970	667	900817	958	739	1000430	943	812	1101107	938	885	1201452	935	957	1300695	933	1029	1400403	933	1102	1501095	932	1174	1600307	932	1247	1701458	932	1319	1800903	932	1392	1901489	932	1464	2001606	932	1536	2101421	932	1608	2200398	932	1680	2300252	932	1753	2400799	932	1825	2500359	932	1898	2601311	932	1969	2700343	932	2042	2800954	932	2114	2900278	932	2187	3001179	932	2259	3100277	932	2332	3201003	932	2404	3301335	932	2476	3401046	932	2548	3500380	932	
735	100114	427	1458	200130	50	2182	300103	50	2909	400095	50	3635	500034	50	4360	600124	50	5087	700136	50	5814	800062	50	6532	900055	50	7256	1000090	50	7982	1100143	50	8705	1200018	50	9433	1300051	50	10160	1400127	50	10886	1500087	50	11608	1600143	50	12330	1700134	50	13053	1800027	50	13781	1900043	50	14507	2000125	50	15233	2100076	50	15960	2200056	50	16686	2300030	50	17414	2400108	50	18140	2500096	50	18863	2600023	50	19589	2700071	50	20317	2800146	50	21040	2900050	50	21765	3000055	50	22487	3100043	50	23213	3200102	50	23940	3300019	50	24668	3400068	50	25394	3500037	50	
734	100123	408	1455	200122	50	2183	300135	50	2910	400092	50	3637	500108	50	4359	600139	50	5086	700134	50	5812	800084	50	6539	900051	50	7265	1000094	50	7990	1100010	50	8714	1200096	50	9439	1300089	50	10165	1400103	50	10890	1500069	50	11614	1600062	50	12342	1700112	50	13069	1800106	50	13796	1900059	50	14523	2000134	50	15245	2100106	50	15961	2200119	50	16686	2300123	50	17413	2400026	50	18141	2500110	50	18867	2600109	50	19594	2700034	50	20314	2800066	50	21041	2900043	50	21767	3000020	50	22493	3100144	50	23216	3200025	50	23943	3300010	50	24666	3400032	50	25387	3500072	50	
733	100032	446	1458	200079	50	2186	300106	50	2914	400142	50	3641	500138	50	4366	600116	50	5088	700010	50	5814	800015	50	6540	900068	50	7265	1000031	50	7990	1100040	50	8715	1200073	50	9439	1300075	50	10165	1400033	50	10892	1500092	50	11617	1600098	50	12340	1700036	50	13058	1800113	50	13777	1900030	50	14503	2000084	50	15226	2100128	50	15950	2200123	50	16675	2300074	50	17401	2400102	50	18125	2500095	50	18848	2600012	50	19568	2700108	50	20292	2800115	50	21018	2900074	50	21740	3000015	50	22467	3100073	50	23190	3200021	50	23906	3300138	50	24626	3400046	50	25353	3500079	50	
736	100044	428	1458	200088	50	2183	300141	50	2905	400031	50	3629	500070	50	4352	600034	50	5077	700144	50	5801	800106	50	6526	900012	50	7252	1000036	50	7978	1100065	50	8701	1200023	50	9425	1300011	50	10151	1400039	50	10878	1500027	50	11605	1600076	50	12330	1700058	50	13055	1800083	50	13778	1900049	50	14499	2000031	50	15225	2100143	50	15947	2200092	50	16669	2300096	50	17395	2400111	50	18120	2500119	50	18845	2600021	50	19572	2700061	50	20299	2800060	50	21027	2900075	50	21752	3000012	50	22477	3100144	50	23199	3200091	50	23923	3300134	50	24643	3400135	50	25368	3500127	50	
735	100131	447	1458	200133	50	2184	300121	50	2909	400068	50	3635	500143	50	4361	600128	50	5083	700042	50	5808	800087	50	6528	900054	50	7251	1000110	50	7977	1100054	50	8703	1200143	50	9429	1300025	50	10155	1400090	50	10880	1500061	50	11607	1600142	50	12333	1700073	50	13057	1800040	50	13783	1900138	50	14505	2000011	50	15230	2100082	50	15958	2200117	50	16683	2300122	50	17408	2400127	50	18135	2500059	50	18860	2600028	50	19588	2700134	50	20312	2800083	50	21037	2900027	50	21757	3000060	50	22483	3100129	50	23207	3200106	50	23933	3300045	50	24658	3400061	50	25383	3500057	50	
270	100409	9120	539	200330	8257	807	300102	7408	1075	400384	6566	1342	500095	5734	1611	600390	4891	1878	700226	4062	2146	800400	3232	2407	900161	2484	2671	1000112	1792	2933	1100201	1182	3194	1200411	733	3450	1300217	437	3699	1400083	275	3946	1500425	204	4188	1600075	204	4431	1700153	204	4674	1800051	204	4917	1900084	204	5160	2000399	204	5404	2100431	204	5647	2200398	204	5890	2300193	204	6132	2400287	204	6375	2500227	204	6619	2600118	204	6863	2700437	204	7106	2800395	204	7348	2900202	204	7591	3000164	204	7835	3100313	204	8079	3200417	204	8322	3300111	204	8565	3400062	204	8809	3500138	204	
269	100195	9143	537	200181	8297	806	300359	7426	1073	400300	6579	1339	500177	5716	1607	600079	4860	1873	700080	4028	2140	800314	3208	2404	900070	2450	2669	1000352	1734	2931	1100170	1128	3190	1200108	698	3445	1300331	430	3695	1400354	268	3939	1500159	206	4182	1600229	204	4426	1700284	204	4669	1800053	204	4912	1900072	204	5156	2000365	204	5398	2100119	204	5642	2200266	204	5886	2300275	204	6129	2400151	204	6372	2500309	204	6615	2600329	204	6857	2700409	204	7098	2800386	204	7340	2900448	204	7583	3000415	204	7826	3100184	204	8068	3200075	204	8312	3300346	204	8555	3400375	204	8798	3500440	204	
269	100276	9136	538	200285	8267	806	300186	7392	1074	400141	6541	1341	500228	5708	1609	600085	4863	1877	700099	4039	2145	800200	3223	2411	900209	2446	2675	1000322	1764	2937	1100358	1180	3197	1200099	720	3453	1300277	411	3703	1400348	261	3947	1500278	204	4191	1600346	204	4435	1700068	204	4679	1800152	204	4923	1900205	204	5167	2000083	204	5411	2100205	204	5654	2200313	204	5897	2300244	204	6141	2400220	204	6384	2500404	204	6627	2600326	204	6870	2700051	204	7113	2800392	204	7356	2900304	204	7600	3000423	204	7843	3100180	204	8088	3200380	204	8331	3300053	204	8575	3400427	204	8818	3500417	204	
269	100125	9119	536	200131	8232	805	300172	7355	1072	400110	6492	1339	500163	5650	1607	600169	4802	1875	700076	3946	2143	800174	3116	2410	900284	2342	2672	1000171	1699	2934	1100203	1173	3193	1200302	740	3448	1300166	452	3698	1400256	285	3943	1500267	206	4186	1600207	204	4431	1700398	204	4675	1800252	204	4919	1900189	204	5161	2000080	204	5405	2100308	204	5649	2200298	204	5894	2300365	204	6138	2400396	204	6382	2500323	204	6625	2600163	204	6870	2700332	204	7114	2800334	204	7358	2900290	204	7600	3000092	204	7844	3100086	204	8089	3200342	204	8333	3300136	204	8578	3400448	204	8821	3500198	204	
267	100244	9115	534	200162	8252	804	300292	7364	1071	400290	6508	1338	500251	5662	1606	600275	4788	1874	700348	3954	2141	800249	3130	2406	900267	2341	2669	1000235	1681	2932	1100334	1108	3193	1200307	642	3449	1300433	341	3698	1400349	222	3942	1500277	204	4186	1600177	204	4431	1700427	204	4675	1800325	204	4919	1900284	204	5162	2000272	204	5406	2100207	204	5649	2200214	204	5891	2300144	204	6133	2400109	204	6375	2500429	204	6618	2600303	204	6863	2700375	204	7107	2800266	204	7351	2900226	204	7593	3000168	204	7836	3100160	204	8080	3200126	204	8324	3300192	204	8569	3400393	204	8813	3500280	204	
62	100328	49716	124	201450	49030	186	300333	48342	249	401523	47635	311	500757	46941	374	601644	46260	436	700760	45585	498	801708	44930	560	901049	44265	622	1001584	43599	684	1101092	42927	747	1201332	42245	809	1300329	41589	872	1401398	40890	934	1501257	40225	996	1600581	39574	1059	1701443	38892	1121	1800688	38201	1184	1901442	37493	1246	2000439	36820	1309	2100977	36123	1371	2200623	35444	1434	2301483	34729	1496	2401095	34051	1559	2501429	33350	1621	2600668	32673	1683	2700311	31977	1746	2801541	31307	1808	2900411	30627	1871	3001590	29936	1933	3101789	29240	1995	3201232	28558	2057	3301231	27865	2119	3400470	27199	2182	3501529	26496	
63	101816	49733	125	201364	49045	187	301021	48377	249	400517	47695	312	501393	47011	374	600619	46344	437	701795	45663	499	801357	44992	561	900319	44305	624	1001501	43585	686	1101072	42921	748	1200324	42220	810	1300472	41518	873	1401190	40839	936	1501550	40162	998	1600968	39485	1060	1700360	38798	1123	1801386	38097	1185	1900895	37424	1248	2001646	36776	1310	2101060	36072	1373	2201377	35367	1436	2301593	34683	1498	2401768	33988	1560	2501018	33342	1623	2601848	32660	1685	2701171	32002	1747	2800597	31357	1810	2901426	30686	1872	3000663	29987	1935	3101419	29300	1997	3200888	28614	2059	3301273	27926	2121	3401359	27245	2183	3500791	26590	
63	101085	49710	126	201699	48991	188	301243	48295	251	401828	47635	313	501611	46970	375	600834	46313	438	701531	45632	500	801367	44962	562	901474	44279	624	1000984	43577	686	1100565	42896	749	1200685	42228	812	1301307	41530	874	1401204	40857	936	1500774	40177	999	1601632	39471	1061	1701230	38786	1123	1800929	38124	1185	1900438	37469	1248	2001448	36753	1310	2100870	36103	1373	2201678	35406	1435	2300700	34745	1498	2401714	34074	1560	2500834	33418	1623	2601482	32758	1685	2700762	32067	1748	2801792	31397	1810	2900948	30721	1872	3000998	30044	1935	3101681	29373	1997	3200930	28727	2059	3300575	28042	2121	3400418	27366	2184	3501259	26682	
62	101849	49717	124	201597	49042	185	300435	48365	248	401328	47650	310	500282	46983	373	600847	46302	436	701742	45615	497	800368	44925	560	901394	44243	623	1001659	43552	686	1101804	42890	748	1200614	42237	811	1301387	41594	873	1400965	40944	935	1501402	40253	996	1600567	39601	1058	1701149	38960	1121	1801603	38282	1183	1901437	37605	1245	2000759	36943	1307	2100807	36293	1369	2200663	35593	1431	2300817	34918	1494	2401704	34239	1556	2501016	33582	1619	2601367	32897	1682	2701749	32198	1744	2801060	31519	1806	2900517	30847	1869	3001412	30173	1931	3100840	29505	1993	3200703	28832	2056	3301829	28128	2118	3401594	27471	2180	3500892	26798	
63	101681	49722	125	201436	49042	187	301009	48328	249	401024	47634	311	500357	46917	373	600379	46215	435	700384	45516	497	801353	44830	559	901190	44140	621	1000252	43476	684	1101165	42781	746	1200258	42098	809	1301428	41388	871	1400575	40708	933	1500513	40031	996	1601332	39375	1058	1700921	38696	1120	1800403	38030	1182	1900388	37340	1245	2001110	36665	1307	2100508	35998	1369	2200386	35309	1432	2301601	34629	1494	2400832	33961	1556	2500468	33275	1618	2600308	32606	1681	2701632	31910	1743	2801405	31199	1805	2900972	30527	1868	3001359	29849	1930	3100735	29195	1993	3201172	28516	2055	3300554	27846	2118	3401495	27190	2180	3501241	26524	
