versja nr 2;wspolczynnik mutacji 2.700000;wielkosc populacji 60
226	100287	165	448	200247	165	500	223967	165	668	300331	165	889	400045	151	1000	450282	151	1110	500204	151	1333	600341	151	1500	675218	151	1556	700449	151	1778	800047	151	2000	900250	150	2000	900276	150	2223	1000448	150	2445	1100269	150	2500	1125058	150	2667	1200081	150	2890	1300283	150	3000	1349754	150	3113	1400365	150	3336	1500379	150	3500	1573891	150	3558	1600103	150	3779	1700060	150	4000	1799462	150	4002	1800384	150	4225	1900415	146	4448	2000047	116	4500	2023360	109	4672	2100408	98	4890	2200030	98	5000	2249448	98	5113	2300278	98	5337	2400400	98	5500	2473370	98	5560	2500231	98	
226	100320	236	449	200351	166	500	223217	162	672	300113	162	896	400114	162	1000	446538	162	1120	500239	155	1342	600061	151	1500	671243	151	1564	700287	151	1785	800076	151	2000	896519	147	2008	900131	147	2232	1000350	147	2454	1100023	147	2500	1120729	147	2677	1200167	147	2896	1300367	147	3000	1347933	147	3116	1400227	147	3339	1500363	147	3500	1572891	147	3561	1600305	147	3783	1700369	147	4000	1797872	147	4005	1800121	147	4227	1900051	147	4448	2000186	147	4500	2023564	147	4671	2100233	147	4894	2200442	147	5000	2248061	147	5116	2300179	147	5338	2400099	147	5500	2473351	147	5560	2500347	147	
227	100478	170	449	200100	155	500	223046	155	672	300189	155	894	400383	151	1000	449061	151	1114	500266	150	1337	600331	150	1500	673591	130	1559	700100	130	1783	800255	130	2000	897211	130	2007	900364	130	2230	1000225	130	2453	1100104	130	2500	1121101	130	2676	1200047	130	2900	1300356	130	3000	1345004	130	3123	1400158	130	3346	1500381	130	3500	1569214	130	3569	1600238	130	3792	1700277	130	4000	1793617	130	4015	1800369	130	4237	1900313	130	4460	2000041	130	4500	2017955	130	4684	2100133	130	4907	2200066	130	5000	2241775	130	5131	2300460	129	5354	2400209	129	5500	2465470	129	5578	2500350	129	
228	100095	198	453	200182	179	500	221108	179	679	300337	172	904	400053	171	1000	442584	171	1130	500254	164	1354	600022	153	1500	665166	153	1578	700148	153	1803	800422	130	2000	888230	130	2027	900297	130	2252	1000255	130	2476	1100109	125	2500	1110801	125	2701	1200106	125	2926	1300399	125	3000	1333439	125	3150	1400373	125	3374	1500065	125	3500	1556128	125	3598	1600260	125	3823	1700407	125	4000	1779007	125	4047	1800031	125	4272	1900185	117	4497	2000146	114	4500	2001510	114	4721	2100150	114	4945	2200151	107	5000	2224696	107	5169	2300247	107	5392	2400043	107	5500	2448326	107	5616	2500314	107	
225	100264	233	446	200415	233	500	224948	233	667	300266	233	888	400041	230	1000	450617	221	1110	500300	186	1332	600165	186	1500	675397	173	1555	700121	173	1779	800469	168	2000	899384	168	2002	900292	168	2226	1000441	168	2449	1100297	151	2500	1123109	151	2671	1200356	151	2890	1300437	145	3000	1350359	145	3111	1400348	145	3333	1500353	145	3500	1575330	145	3555	1600408	145	3770	1700062	145	3992	1800048	145	4000	1803662	145	4214	1900125	145	4436	2000093	131	4500	2028906	131	4658	2100145	131	4880	2200064	131	5000	2254296	131	5102	2300462	131	5324	2400403	131	5500	2479539	131	5546	2500296	131	
227	100257	167	451	200265	167	500	222275	167	675	300442	167	899	400426	167	1000	445489	167	1122	500353	167	1346	600178	167	1500	668910	167	1570	700132	167	1788	800305	167	2000	894882	167	2012	900222	167	2236	1000056	167	2460	1100102	167	2500	1117965	167	2684	1200358	167	2908	1300344	167	3000	1341279	167	3132	1400423	167	3356	1500330	166	3500	1564827	164	3578	1600130	164	3801	1700407	158	4000	1789484	158	4024	1800247	158	4248	1900400	154	4471	2000159	139	4500	2013166	139	4694	2100065	139	4915	2200028	139	5000	2238799	133	5137	2300290	123	5360	2400232	117	5500	2462694	117	5584	2500228	117	
227	100328	197	449	200247	172	500	223064	172	672	300166	159	894	400342	142	1000	448025	142	1117	500462	141	1339	600285	141	1500	672692	138	1562	700421	138	1784	800166	130	2000	896943	128	2007	900071	128	2231	1000061	128	2455	1100205	128	2500	1120199	127	2679	1200286	127	2902	1300025	127	3000	1343766	127	3126	1400039	127	3350	1500433	127	3500	1567496	127	3573	1600305	127	3795	1700382	127	4000	1792158	127	4018	1800226	127	4240	1900068	127	4463	2000039	127	4500	2016607	127	4686	2100055	127	4910	2200371	127	5000	2240579	127	5133	2300279	127	5356	2400283	127	5500	2464874	127	5579	2500187	127	
226	100257	159	449	200276	128	500	223431	128	672	300384	128	896	400370	123	1000	446739	120	1119	500195	116	1342	600195	110	1500	671192	99	1564	700315	99	1785	800480	99	2000	897878	99	2005	900141	99	2228	1000342	99	2451	1100293	99	2500	1122152	99	2674	1200248	99	2897	1300370	99	3000	1346575	99	3119	1400073	99	3342	1500256	99	3500	1571333	99	3564	1600126	99	3787	1700317	99	4000	1796012	99	4009	1800077	99	4232	1900472	99	4449	2000250	99	4500	2023172	99	4671	2100414	98	4893	2200116	93	5000	2248221	93	5116	2300165	93	5339	2400333	93	5500	2472928	93	5561	2500414	93	
235	100212	265	466	200367	219	500	215021	208	697	300373	198	928	400223	198	1000	431361	198	1158	500074	189	1390	600130	179	1500	647764	173	1621	700145	161	1853	800022	133	2000	863267	133	2086	900228	133	2319	1000287	133	2500	1079752	133	2547	1100376	133	2778	1200237	133	3000	1295824	133	3010	1300150	133	3242	1400248	133	3474	1500094	133	3500	1511277	133	3707	1600425	133	3939	1700222	125	4000	1726553	115	4170	1800168	115	4402	1900163	113	4500	1942439	113	4633	2000025	113	4865	2100092	113	5000	2158477	113	5097	2200378	113	5328	2300062	113	5500	2374178	113	5560	2400112	113	5791	2500095	113	
226	100231	224	444	200175	184	500	225541	184	667	300351	172	890	400329	172	1000	449520	172	1113	500089	172	1337	600270	172	1500	672989	172	1561	700217	172	1785	800140	172	2000	895966	172	2010	900433	172	2234	1000437	172	2457	1100034	172	2500	1119254	172	2682	1200334	172	2906	1300175	172	3000	1342129	172	3130	1400141	172	3355	1500270	172	3500	1565162	172	3578	1600296	172	3800	1700211	161	4000	1789665	138	4024	1800446	138	4247	1900247	138	4471	2000311	138	4500	2013337	138	4694	2100185	138	4917	2200230	138	5000	2237393	138	5140	2300233	138	5363	2400241	138	5500	2461801	138	5586	2500404	138	
239	100405	111	473	200056	111	500	211661	111	708	300349	111	943	400281	111	1000	424545	111	1177	500312	111	1412	600354	111	1500	637844	111	1646	700075	111	1881	800418	98	2000	851477	95	2114	900382	95	2347	1000348	95	2500	1066114	93	2579	1100205	93	2812	1200181	94	3000	1281582	89	3043	1300148	89	3277	1400393	89	3500	1496164	89	3509	1500030	89	3743	1600309	89	3976	1700192	89	4000	1710459	89	4209	1800371	89	4442	1900214	89	4500	1925009	89	4676	2000360	89	4909	2100328	89	5000	2139474	89	5142	2200283	89	5371	2300250	89	5500	2355879	89	5603	2400035	89	5837	2500292	89	
227	100468	184	450	200339	140	500	222788	140	673	300464	136	895	400273	127	1000	447452	127	1117	500248	127	1339	600048	125	1500	672491	125	1562	700393	125	1784	800347	125	2000	897418	125	2006	900113	125	2229	1000338	125	2451	1100186	125	2500	1122176	125	2674	1200267	125	2896	1300194	123	3000	1346994	123	3114	1400249	123	3333	1500216	123	3500	1575510	123	3555	1600283	123	3776	1700251	123	3998	1800403	120	4000	1801315	120	4220	1900267	120	4443	2000396	120	4500	2026039	115	4665	2100072	115	4888	2200137	115	5000	2250383	115	5111	2300165	106	5334	2400026	106	5500	2474488	106	5557	2500077	106	
227	100336	149	450	200302	112	500	222794	112	673	300201	111	896	400148	111	1000	446699	111	1117	500447	107	1337	600317	96	1500	673808	96	1558	700032	96	1781	800476	96	2000	899005	93	2003	900359	93	2225	1000122	93	2448	1100324	93	2500	1123570	93	2671	1200264	93	2894	1300417	93	3000	1347836	93	3117	1400272	93	3340	1500259	93	3500	1572501	93	3562	1600376	93	3784	1700242	93	4000	1797392	93	4006	1800107	93	4229	1900176	87	4452	2000085	87	4500	2021593	87	4675	2100249	87	4897	2200028	87	5000	2246365	87	5120	2300230	87	5343	2400413	87	5500	2470651	87	5566	2500303	87	
234	100259	178	463	200107	140	500	216272	140	693	300419	140	922	400233	135	1000	434235	135	1151	500229	122	1380	600038	111	1500	652361	111	1610	700344	111	1839	800405	111	2000	871164	100	2067	900469	100	2295	1000304	89	2500	1090031	89	2523	1100166	89	2752	1200345	89	2980	1300268	83	3000	1309027	83	3209	1400077	83	3438	1500249	83	3500	1527397	83	3666	1600071	83	3895	1700163	83	4000	1746006	83	4124	1800120	83	4354	1900394	83	4500	1963940	83	4583	2000050	83	4813	2100339	83	5000	2182366	83	5041	2200168	83	5270	2300086	83	5500	2400352	83	5500	2400378	83	5729	2500094	83	
228	100140	146	453	200159	136	500	221091	136	678	300173	136	903	400157	136	1000	443231	136	1127	500046	136	1352	600082	130	1500	665968	130	1577	700366	130	1802	800295	129	2000	888375	129	2027	900325	129	2251	1000041	129	2475	1100296	129	2500	1111483	129	2700	1200379	129	2924	1300214	129	3000	1333941	129	3149	1400269	129	3374	1500373	129	3500	1556693	129	3598	1600385	129	3823	1700271	129	4000	1781216	129	4043	1800414	129	4268	1900335	129	4493	2000364	129	4500	2003479	129	4718	2100400	126	4941	2200063	126	5000	2226429	126	5166	2300381	126	5390	2400442	123	5500	2449673	123	5613	2500315	123	
234	100215	174	465	200177	117	500	215365	117	695	300161	103	926	400082	103	1000	432125	91	1157	500333	91	1387	600376	91	1500	649551	91	1617	700385	91	1847	800397	91	2000	869785	91	2069	900244	91	2299	1000432	91	2500	1088020	91	2528	1100190	91	2758	1200104	91	2988	1300227	91	3000	1305476	91	3218	1400173	91	3448	1500394	91	3500	1523151	91	3677	1600166	91	3907	1700126	91	4000	1740609	91	4137	1800187	91	4367	1900068	91	4500	1957852	91	4597	2000066	91	4828	2100390	91	5000	2175183	91	5058	2200429	91	5288	2300311	91	5500	2392297	91	5518	2400143	91	5748	2500112	91	
233	100280	124	462	200179	117	500	216778	117	692	300442	109	921	400371	95	1000	435135	95	1149	500389	95	1377	600292	95	1500	654092	95	1605	700072	95	1833	800205	95	2000	873303	95	2061	900082	95	2290	1000249	91	2500	1092900	87	2517	1100400	87	2744	1200022	87	2972	1300171	87	3000	1312433	87	3200	1400350	87	3427	1500237	87	3500	1532392	87	3654	1600078	87	3882	1700153	87	4000	1751807	87	4110	1800189	87	4338	1900351	87	4500	1971529	87	4565	2000095	87	4793	2100175	87	5000	2190902	87	5021	2200096	87	5249	2300268	87	5477	2400298	87	5500	2410586	87	5704	2500261	87	
226	100172	181	449	200477	127	500	223333	122	672	300367	117	894	400110	117	1000	448007	117	1116	500200	116	1339	600189	116	1500	672218	116	1562	700029	116	1785	800037	116	2000	896819	116	2008	900391	116	2231	1000293	116	2453	1100265	115	2500	1121511	115	2675	1200424	115	2896	1300045	115	3000	1346719	115	3119	1400328	115	3340	1500171	115	3500	1572275	114	3562	1600170	114	3784	1700185	114	4000	1797716	97	4005	1800027	97	4227	1900225	97	4449	2000408	97	4500	2023421	97	4665	2100261	97	4886	2200350	97	5000	2251721	97	5107	2300158	97	5329	2400205	97	5500	2477324	97	5551	2500392	97	
233	100195	106	462	200223	106	500	216875	106	690	300037	99	919	400239	99	1000	435668	88	1148	500392	88	1376	600127	88	1500	654224	88	1605	700121	88	1834	800341	88	2000	872936	88	2062	900095	88	2290	1000265	88	2500	1092287	88	2518	1100154	88	2741	1200112	88	2968	1300177	88	3000	1314227	88	3196	1400125	88	3424	1500388	88	3500	1533665	88	3652	1600101	88	3881	1700123	88	4000	1752149	88	4110	1800258	88	4338	1900285	88	4500	1970997	88	4567	2000347	88	4795	2100084	88	5000	2189824	88	5024	2200298	88	5253	2300348	88	5481	2400374	88	5500	2408725	88	5709	2500226	88	
224	100218	97	445	200413	86	500	225427	86	660	300274	86	879	400171	86	1000	455150	86	1099	500068	86	1320	600073	86	1500	681569	86	1541	700203	86	1762	800308	86	1983	900446	86	2000	908150	86	2203	1000381	86	2422	1100426	86	2500	1135731	86	2643	1200467	86	2863	1300097	86	3000	1362137	86	3084	1400323	86	3303	1500208	86	3500	1589436	86	3524	1600339	86	3745	1700368	86	3965	1800111	86	4000	1815983	86	4186	1900342	84	4407	2000299	84	4500	2042422	84	4628	2100453	84	4848	2200117	84	5000	2269304	84	5068	2300108	84	5289	2400351	84	5500	2495989	84	5509	2500103	84	
74	101279	3726	147	201443	2782	219	301302	2489	290	400473	2398	362	501081	2270	434	601407	2219	500	693460	2219	505	700481	2219	577	801079	2153	649	901438	2094	720	1000386	2064	792	1100770	2064	863	1200285	2064	935	1300685	2032	1000	1390982	2032	1007	1400867	2032	1079	1501426	2032	1151	1601429	2032	1222	1700170	2032	1294	1800475	2032	1366	1900843	2032	1438	2000850	2032	1500	2087244	2032	1510	2101330	2032	1581	2200210	2032	1653	2300619	2032	1723	2400293	2032	1794	2500658	2032	
75	100477	2961	148	201474	2409	220	301190	2129	291	400687	2102	362	500099	2030	435	601458	2030	500	691918	1961	506	700293	1961	578	800143	1860	650	900237	1813	722	1000244	1801	795	1101289	1801	867	1201404	1801	938	1300691	1801	1000	1386749	1801	1010	1400662	1801	1081	1501507	1801	1152	1600286	1801	1225	1701495	1801	1296	1800131	1801	1368	1900407	1801	1440	2000704	1760	1500	2084441	1760	1512	2101070	1760	1583	2200354	1761	1655	2300791	1740	1726	2400161	1740	1798	2500741	1701	
75	100695	2994	147	200464	2538	219	300826	2538	291	401074	2538	363	501298	2490	433	601397	2475	500	694868	2475	504	700520	2475	576	801116	2475	647	900287	2475	719	1001067	2409	791	1101406	2279	862	1200283	2236	934	1300907	2236	1000	1393707	2182	1005	1400838	2182	1076	1500473	2175	1147	1600132	2175	1219	1700686	2101	1291	1801257	2092	1362	1900189	2073	1434	2000689	2073	1500	2092730	2073	1506	2101141	2073	1577	2200300	2073	1649	2300611	2073	1721	2401127	2073	1792	2500306	2073	
75	100173	3163	148	200727	2910	220	300936	2790	292	400878	2672	364	500650	2630	437	601390	2587	500	688725	2570	509	701193	2570	581	800362	2570	654	901339	2570	726	1000799	2570	798	1100180	2354	871	1200947	2333	943	1300965	2294	1000	1380091	2225	1014	1400159	2225	1086	1500999	2225	1157	1600195	2174	1230	1701243	2174	1302	1800953	2174	1374	1900814	2102	1446	2000707	2091	1500	2075378	2091	1518	2100283	2091	1590	2200118	2091	1662	2300425	2091	1734	2400677	2045	1806	2501139	2045	
74	101424	3210	145	200468	2601	216	300392	2474	287	400629	2461	358	500702	2439	429	600521	2439	500	700609	2439	500	700705	2439	571	801017	2439	642	901158	2439	713	1001185	2439	784	1101298	2413	855	1201497	2413	926	1301423	2346	996	1400203	2311	1000	1405918	2311	1067	1500834	2294	1138	1601188	2294	1208	1700282	2294	1277	1800186	2294	1348	1901171	2294	1419	2001385	2274	1490	2101042	2274	1500	2115274	2274	1561	2201278	2259	1632	2301390	2209	1702	2400153	2209	1774	2501451	2183	
74	100284	3134	147	201450	2716	218	300200	2401	290	400588	2347	362	501058	2285	434	600579	2273	500	691934	2273	506	700317	2273	578	800307	2273	648	900307	2273	720	1000462	2273	792	1100321	2273	865	1201289	2273	936	1300339	2273	1000	1389466	2273	1008	1400680	2273	1080	1500500	2273	1152	1600633	2273	1224	1701189	2273	1296	1801400	2273	1368	1901347	2254	1439	2000284	2254	1500	2085080	2254	1511	2100521	2254	1583	2200617	2254	1655	2300921	2254	1727	2400465	2254	1799	2500485	2233	
74	100382	3392	146	201451	2861	217	300891	2557	288	400435	2449	360	501366	2411	431	600826	2411	500	697535	2404	502	700411	2404	574	801131	2404	645	900588	2404	717	1001447	2404	788	1100859	2326	860	1200882	2326	932	1301214	2326	1000	1396476	2301	1003	1400779	2301	1075	1501343	2301	1146	1600342	2301	1218	1701150	2301	1290	1801398	2249	1361	1900641	2249	1433	2001239	2249	1500	2094610	2194	1504	2100267	2194	1576	2201029	2194	1647	2300615	2194	1719	2401135	2194	1790	2500177	2194	
76	101133	2988	148	201289	2736	219	300967	2544	291	401068	2476	363	500938	2476	435	601367	2458	500	692107	2452	506	700576	2452	578	800913	2435	650	901036	2394	722	1001009	2391	794	1101103	2308	865	1200428	2243	937	1301298	2243	1000	1389831	2243	1008	1401164	2243	1079	1500805	2058	1150	1600190	2058	1222	1701058	2038	1293	1800465	2038	1365	1901026	2024	1436	2000302	2024	1500	2091633	2024	1506	2100331	2024	1578	2201112	2024	1649	2300270	2009	1720	2400406	2009	1792	2501062	1952	
76	101462	2924	148	201144	2589	219	300122	2291	291	400509	2182	363	500794	2132	435	601371	2132	500	692101	1968	506	700547	1968	578	800618	1926	650	900935	1879	722	1000508	1879	794	1100628	1847	864	1200353	1847	936	1300402	1847	1000	1390284	1847	1007	1400131	1847	1079	1500208	1847	1151	1600312	1847	1223	1700182	1847	1295	1800479	1811	1367	1900837	1810	1439	2000904	1810	1500	2085436	1810	1511	2100785	1810	1583	2200922	1810	1655	2300830	1810	1727	2401236	1782	1799	2501189	1770	
75	101489	3173	146	201078	2669	215	300580	2483	286	400444	2351	358	501419	2307	429	601105	2225	500	701347	2119	500	701447	2119	570	800293	2096	641	900186	2047	712	1000149	2044	784	1101452	2026	855	1201194	1997	926	1301108	1997	997	1400825	1983	1000	1405125	1983	1068	1501245	1983	1139	1601093	1983	1210	1700661	1958	1281	1800853	1902	1352	1900756	1887	1423	2000539	1887	1494	2100860	1887	1500	2109397	1887	1565	2200994	1887	1636	2300303	1777	1707	2400123	1777	1779	2501405	1753	
72	100237	4983	144	200597	4983	216	300629	4983	288	400295	4983	361	501341	4983	432	600637	4983	500	694781	4983	504	700436	4983	576	800747	4983	648	900624	4983	720	1000577	4983	792	1100806	4983	864	1200811	4983	936	1301011	4983	1000	1389887	4983	1008	1401046	4983	1080	1500917	4983	1152	1600571	4945	1224	1700426	4856	1297	1801483	4856	1368	1900226	4856	1440	2000789	4856	1500	2084264	4793	1512	2100928	4742	1584	2200479	4574	1656	2300329	4104	1729	2401124	2183	1801	2500885	1905	
74	100292	5150	148	201028	5150	222	301206	5052	295	400422	4793	370	501085	3742	445	601020	2307	500	675761	1936	518	700227	1904	592	800737	1904	665	900374	1904	739	1001170	1813	812	1100760	1758	885	1200521	1758	958	1300603	1685	1000	1357962	1685	1031	1400396	1678	1103	1501224	1678	1176	1601081	1678	1249	1700555	1678	1323	1801390	1678	1396	1901043	1678	1469	2000240	1646	1500	2042414	1631	1543	2101382	1631	1616	2201410	1615	1689	2301066	1615	1762	2400708	1590	1835	2500153	1590	
73	101040	4968	145	200880	4968	217	300268	4968	290	400971	4968	362	501064	4968	433	601168	4968	500	693453	4968	505	700453	4968	578	801247	4968	650	900852	4968	723	1001221	4968	795	1100594	4968	868	1201223	4968	940	1301014	4968	1000	1383477	4968	1012	1400125	4968	1085	1501176	4968	1157	1600719	4968	1230	1701321	4968	1302	1800625	4968	1375	1901217	4877	1447	2000529	4838	1500	2074032	4838	1519	2100518	4838	1591	2200602	4838	1663	2300280	4838	1736	2400596	4581	1809	2500571	3930	
74	100148	5110	148	200743	5110	222	301182	5110	296	401372	5110	369	501015	5110	442	600604	5110	500	679630	5110	516	701419	5110	589	800406	5110	663	900681	5110	737	1000995	5110	811	1101105	5110	884	1200244	5110	958	1300504	5110	1000	1357975	5110	1031	1400328	5110	1105	1500404	5110	1179	1600735	5110	1253	1700987	5110	1326	1800888	5110	1400	1901288	5110	1474	2001386	5110	1500	2036631	5110	1547	2100317	5110	1621	2200836	5110	1695	2301352	5110	1768	2400143	5110	1842	2500340	5110	
76	101105	4763	150	200294	4763	225	300208	4642	300	400824	4446	375	501317	4376	450	601069	3551	500	666452	2454	526	700692	2059	600	800149	1921	674	900212	1921	749	1001220	1854	823	1100146	1804	898	1200523	1558	973	1300866	1558	1000	1336866	1529	1048	1400995	1529	1123	1501200	1529	1197	1600953	1529	1271	1700311	1529	1345	1800991	1529	1420	1900940	1529	1494	2000141	1529	1500	2008261	1529	1569	2100798	1529	1644	2201351	1492	1718	2300306	1492	1793	2400747	1492	1868	2501239	1492	
73	101275	5016	145	200703	4976	218	300833	4976	291	401014	4601	365	500993	3072	438	600427	2117	500	686179	1983	511	701412	1960	582	800213	1960	653	900402	1960	726	1001066	1886	798	1100719	1886	870	1200744	1886	942	1300909	1808	1000	1381152	1746	1014	1400576	1746	1086	1501027	1746	1158	1601118	1746	1230	1701098	1746	1302	1801188	1746	1374	1901408	1746	1446	2001382	1746	1500	2076150	1746	1518	2101344	1746	1590	2201392	1746	1662	2301435	1734	1733	2400385	1734	1805	2500568	1734	
77	101349	4996	152	200305	4996	228	300939	4996	304	400789	4996	380	500693	4996	456	600464	4996	500	658410	4996	532	700765	4996	608	800783	4996	684	901028	4996	760	1001068	4996	836	1101169	4996	911	1200125	4996	987	1300370	4996	1000	1317400	4996	1064	1401330	4996	1139	1500342	4996	1215	1600330	4996	1291	1700329	4996	1368	1801269	4996	1443	1900303	4996	1500	1975436	4996	1519	2000372	4996	1596	2101299	4996	1672	2201032	4996	1748	2301056	4996	1824	2400826	4996	1900	2501340	4996	
73	101142	4964	145	200883	4964	217	300572	4964	290	401297	4964	362	500977	4964	434	600915	4964	500	692149	4964	506	700610	4964	578	800776	4964	650	900623	4964	722	1000376	4964	794	1100367	4964	866	1200288	4964	939	1301337	4876	1000	1386292	4876	1010	1400413	4876	1082	1500166	4828	1154	1600291	4828	1227	1701402	4828	1298	1800321	4828	1370	1900112	4828	1442	2000365	4828	1500	2082613	4828	1513	2100661	4828	1585	2200140	4828	1658	2301335	4828	1730	2400740	4828	1802	2500394	4828	
73	100909	4978	145	200897	4670	217	300111	4102	291	401212	3112	363	500712	2136	435	601505	2136	500	692246	1990	506	700655	1990	578	800873	1936	650	901140	1842	721	1000616	1756	793	1100964	1756	863	1200699	1756	935	1300637	1676	1000	1390887	1531	1007	1400708	1527	1079	1500754	1527	1151	1600801	1486	1223	1700441	1451	1295	1800593	1451	1367	1901149	1451	1439	2001217	1383	1500	2086208	1383	1510	2100408	1383	1582	2200539	1383	1653	2300241	1383	1725	2400685	1383	1797	2501264	1383	
75	100142	4977	147	200736	4977	220	300775	4977	295	400625	4977	370	500184	4893	446	600919	4893	500	673138	4724	521	701169	4620	596	800399	3959	672	900718	2769	747	1001066	2061	822	1101403	1999	896	1200837	2000	971	1301144	2000	1000	1339902	1979	1045	1400089	1860	1120	1500797	1740	1195	1601322	1665	1269	1700534	1647	1343	1800089	1640	1418	1900831	1640	1492	2000131	1629	1500	2010952	1629	1567	2100956	1629	1641	2200907	1629	1715	2300476	1629	1790	2401039	1629	1863	2500358	1587	
16	104423	25314	31	202334	25314	47	306607	25314	62	404269	25314	77	501898	25314	93	606026	25314	108	703563	25314	123	801245	25314	139	905384	25314	154	1003132	25314	169	1100916	25314	185	1205039	25314	200	1302837	25314	215	1400505	25314	231	1504865	25314	246	1602302	25314	262	1706748	25314	277	1804804	25314	292	1902589	25314	307	2000542	25314	323	2104723	25314	338	2202427	25314	352	2300568	25314	368	2405610	25314	383	2503887	25314	
16	104467	25248	31	201958	25248	47	305818	25248	62	403152	25248	77	500725	25248	93	604811	25248	108	702851	25248	123	800700	25248	139	905702	25248	154	1003197	25248	169	1101500	25248	185	1205552	25248	200	1305788	25248	215	1403841	25248	230	1501296	25248	246	1605405	25248	261	1703492	25248	276	1801266	25248	292	1905437	25248	307	2002839	25248	323	2106890	25248	338	2204724	25248	353	2302551	25248	369	2406724	25248	384	2503992	25248	
16	103915	24614	31	201161	24614	46	301255	24614	62	405333	24614	77	503268	24614	92	600984	24614	108	704960	24614	123	803001	24614	138	900635	24614	154	1004784	24614	169	1102537	24614	185	1206235	24614	200	1303691	24614	215	1401354	24614	231	1505218	24614	246	1602912	24614	261	1700693	24614	277	1804630	24614	292	1901734	24614	308	2006071	24614	323	2103388	24614	338	2202145	24614	354	2305784	24614	369	2403327	24614	385	2506788	24614	
16	103487	25212	32	206926	25212	47	303954	25212	62	401191	25212	78	504475	25212	93	601039	25212	109	704377	25212	124	801779	25212	140	905049	25212	155	1001859	25212	171	1105389	25212	186	1202147	25212	202	1305446	25212	217	1402245	25212	233	1505273	25212	248	1602256	25212	264	1705693	25212	279	1802653	25212	295	1905414	25212	310	2002357	25212	326	2105939	25212	341	2202910	25212	356	2301717	25212	372	2405293	25212	387	2502409	25212	
16	104277	25681	31	201761	25681	47	305821	25681	62	403244	25681	77	501414	25681	93	605976	25681	108	704008	25681	123	801623	25681	139	905645	25681	154	1003052	25681	169	1100690	25681	185	1205227	25681	200	1305610	25681	215	1403947	25681	230	1501714	25681	246	1606219	25681	261	1703678	25681	276	1801191	25681	292	1905020	25681	307	2002957	25681	322	2100590	25681	338	2204666	25681	353	2303133	25681	368	2400891	25681	384	2505349	25681	
16	103837	25250	31	200824	25250	47	305605	25250	62	403258	25250	78	506931	25250	93	603942	25250	108	700689	25250	124	803873	25250	139	900753	25250	155	1004211	25250	170	1101195	25250	186	1204613	25250	201	1302462	25250	217	1405383	25250	232	1502214	25250	248	1605455	25250	263	1702442	25250	279	1805832	25250	294	1904025	25250	309	2001198	25250	325	2104606	25250	340	2201921	25250	356	2304713	25250	371	2401668	25250	387	2505873	25250	
16	103296	25643	32	206580	25643	47	303244	25643	63	406628	25643	78	504119	25643	93	602235	25643	109	705512	25643	124	802239	25643	140	905253	25643	155	1001990	25643	171	1105016	25643	186	1201819	25643	202	1305661	25643	217	1402659	25643	233	1506173	25643	248	1603157	25643	264	1706221	25643	279	1803046	25643	295	1906055	25643	310	2002984	25643	326	2106328	25643	341	2203008	25643	357	2305972	25643	372	2405763	25643	387	2503462	25643	
16	103066	25425	32	205921	25425	47	302585	25425	63	406073	25425	78	502722	25425	94	606148	25425	109	702917	25425	125	805706	25425	140	902366	25425	156	1005835	25425	171	1102354	25425	187	1205608	25425	202	1302432	25425	217	1401695	25425	233	1504799	25425	248	1601702	25425	264	1705067	25425	279	1801657	25425	295	1904813	25425	310	2002286	25425	326	2105344	25425	341	2202164	25425	357	2305635	25425	372	2402848	25425	388	2506446	25425	
16	104330	25531	31	202076	25531	47	306897	25531	62	407046	25531	77	505667	25531	92	603241	25531	107	700979	25531	123	805274	25531	138	902862	25531	154	1006923	25531	169	1104199	25531	184	1201876	25531	200	1306270	25531	215	1404168	25531	230	1502087	25531	246	1606876	25531	261	1704706	25531	276	1802482	25531	292	1906843	25531	307	2004338	25531	322	2101966	25531	338	2206671	25531	353	2304073	25531	368	2402001	25531	384	2506155	25531	
16	104008	26332	31	201703	26332	47	306100	26332	62	403574	26332	77	500821	26332	93	604858	26332	108	702432	26332	124	806578	26332	139	904061	26332	154	1001407	26332	170	1105431	26332	185	1203048	26332	200	1300962	26332	216	1405494	26332	231	1503058	26332	246	1600690	26332	262	1704636	26332	277	1802232	26332	293	1906440	26332	308	2003740	26332	323	2101782	26332	339	2205704	26332	354	2303361	26332	369	2400738	26332	384	2501006	26332	
16	102593	25565	32	204967	25565	47	300938	25565	63	403195	25565	79	505438	25565	94	601369	25565	110	703944	25565	126	806305	25565	141	902264	25565	157	1004265	25565	173	1106836	25565	188	1202544	25565	204	1304505	25565	219	1400605	25565	235	1505425	25565	250	1601317	25565	266	1703401	25565	281	1800479	25565	297	1902589	25565	313	2005022	25565	328	2101295	25565	344	2203845	25565	360	2305956	25565	375	2401617	25565	391	2503815	25565	
17	106262	25100	33	205844	25100	49	305644	25100	65	405437	25100	80	500948	25100	96	602027	25100	112	702187	25100	128	801908	25100	144	901630	25100	160	1001876	25100	176	1102050	25100	192	1201909	25100	208	1301581	25100	224	1403125	25100	240	1503148	25100	256	1603197	25100	272	1703173	25100	288	1802902	25100	304	1902497	25100	320	2003394	25100	336	2104840	25100	352	2204653	25100	368	2304769	25100	384	2404513	25100	400	2504534	25100	
16	102923	25298	32	205742	25298	47	302000	25298	63	404576	25298	78	500970	25298	94	603802	25298	110	706038	25298	125	802203	25298	141	905062	25298	156	1001483	25298	172	1104051	25298	188	1206667	25298	203	1302476	25298	219	1405059	25298	234	1501179	25298	250	1603780	25298	266	1706765	25298	281	1803536	25298	297	1906479	25298	312	2002941	25298	328	2105729	25298	343	2201739	25298	359	2304259	25298	374	2400828	25298	390	2503865	25298	
16	102681	25129	32	205039	25129	48	306716	25129	63	402221	25129	79	504122	25129	95	605891	25129	110	701348	25129	126	803348	25129	142	905226	25129	157	1000631	25129	173	1102526	25129	189	1204429	25129	205	1306188	25129	220	1401552	25129	236	1505065	25129	251	1602770	25129	267	1704852	25129	282	1801067	25129	298	1903665	25129	314	2005693	25129	329	2101416	25129	345	2202871	25129	361	2305228	25129	376	2401222	25129	392	2503620	25129	
16	101512	25094	32	202394	25094	48	303430	25094	64	404216	25094	80	505251	25094	95	602091	25094	111	704022	25094	127	805042	25094	143	905825	25094	158	1000670	25094	174	1103257	25094	190	1204335	25094	206	1305636	25094	221	1400501	25094	237	1501424	25094	253	1602172	25094	269	1703615	25094	285	1805415	25094	301	1906591	25094	316	2001573	25094	332	2102500	25094	348	2203560	25094	364	2304328	25094	380	2405675	25094	395	2500783	25094	
16	101690	25616	32	203092	25616	48	304784	25616	64	405985	25616	79	500662	25616	95	601943	25616	111	703326	25616	127	804463	25616	143	905733	25616	158	1000544	25616	174	1101801	25616	190	1203208	25616	206	1304338	25616	222	1405373	25616	238	1506467	25616	253	1601612	25616	269	1703022	25616	285	1804450	25616	301	1905816	25616	316	2000536	25616	332	2102261	25616	348	2203458	25616	364	2304503	25616	380	2406248	25616	395	2501377	25616	
16	103123	25347	32	206309	25347	47	303187	25347	63	406111	25347	78	502693	25347	94	605815	25347	109	702691	25347	125	805842	25347	140	902600	25347	156	1005258	25347	171	1101678	25347	187	1205286	25347	202	1302032	25347	218	1405324	25347	233	1502127	25347	249	1604741	25347	264	1703818	25347	279	1800564	25347	295	1903405	25347	311	2006591	25347	326	2103224	25347	342	2206318	25347	357	2302968	25347	373	2406279	25347	388	2502947	25347	
16	102125	25118	32	203956	25118	48	305819	25118	63	401169	25118	79	502990	25118	95	604690	25118	110	702719	25118	126	806018	25118	141	902201	25118	157	1004110	25118	173	1105804	25118	188	1201192	25118	204	1302583	25118	220	1405036	25118	236	1506684	25118	251	1602515	25118	267	1704014	25118	283	1805993	25118	298	1901157	25118	314	2002721	25118	330	2104503	25118	346	2206540	25118	361	2302057	25118	377	2404251	25118	393	2506554	25118	
16	101039	25350	32	201960	25350	48	302631	25350	64	403268	25350	80	504199	25350	96	604694	25350	112	705675	25350	128	806253	25350	143	900739	25350	159	1001358	25350	175	1102287	25350	191	1202608	25350	207	1303592	25350	223	1404919	25350	239	1505670	25350	255	1606306	25350	270	1700646	25350	286	1800998	25350	302	1901783	25350	318	2002359	25350	334	2103122	25350	350	2203777	25350	366	2304217	25350	382	2404631	25350	398	2505378	25350	
16	101865	25265	32	203329	25265	48	304433	25265	64	405599	25265	79	500777	25265	95	602482	25265	111	703833	25265	127	804943	25265	143	906269	25265	158	1002830	25265	174	1104073	25265	190	1205374	25265	205	1301255	25265	221	1402852	25265	237	1504339	25265	253	1605202	25265	269	1706907	25265	284	1803731	25265	300	1905042	25265	316	2006256	25265	331	2101359	25265	347	2202828	25265	363	2304174	25265	379	2405565	25265	394	2500476	25265	
242	100051	78	483	200076	78	500	207116	78	725	300140	78	968	400397	78	1000	413571	78	1210	500192	78	1451	600379	78	1500	621446	78	1690	700164	78	1932	800048	78	2000	829409	78	2169	900022	78	2412	1000433	78	2500	1036771	78	2654	1100186	78	2896	1200212	78	3000	1243291	78	3138	1300327	78	3379	1400078	78	3500	1450149	78	3621	1500181	78	3863	1600403	78	4000	1657312	78	4104	1700330	78	4345	1800102	78	4500	1864393	78	4587	1900327	78	4828	2000053	78	5000	2070867	78	5071	2100153	78	5313	2200275	78	5500	2277509	78	5555	2300281	78	5796	2400030	78	6000	2484699	78	6038	2500366	78	
236	100063	80	471	200060	80	500	212298	80	708	300364	80	944	400403	80	1000	424143	80	1180	500315	80	1416	600210	80	1500	635938	80	1652	700422	80	1887	800285	80	2000	848150	80	2123	900110	80	2359	1000259	80	2500	1059866	80	2595	1100080	80	2831	1200063	78	3000	1271617	78	3067	1300068	78	3303	1400230	78	3500	1483929	78	3538	1500136	78	3774	1600359	78	4000	1696335	78	4009	1700147	78	4245	1800105	78	4482	1900396	78	4500	1908025	78	4718	2000419	78	4953	2100057	78	5000	2120199	78	5189	2200258	78	5425	2300197	78	5500	2332019	78	5661	2400361	78	5896	2500124	78	
245	100191	86	489	200147	86	500	204675	86	733	300255	86	976	400421	77	1000	410324	77	1219	500147	77	1463	600089	77	1500	615226	77	1708	700334	77	1952	800316	77	2000	819908	77	2195	900241	77	2436	1000225	77	2500	1026365	77	2681	1100394	77	2924	1200161	77	3000	1231535	77	3167	1300156	77	3410	1400021	77	3500	1437137	77	3654	1500298	77	3898	1600157	77	4000	1642003	77	4141	1700072	77	4386	1800388	77	4500	1847053	77	4629	1900114	73	4873	2000228	73	5000	2053585	73	5110	2100092	73	5353	2200103	73	5500	2260365	73	5597	2300176	73	5841	2400312	73	6000	2465298	73	6085	2500043	73	
245	100235	88	489	200127	88	500	204661	88	733	300247	88	977	400131	88	1000	409498	88	1222	500244	88	1463	600119	88	1500	615403	88	1707	700087	88	1951	800152	88	2000	820047	88	2196	900278	88	2440	1000188	88	2500	1024747	88	2684	1100144	88	2922	1200356	88	3000	1232687	88	3165	1300295	88	3409	1400290	88	3500	1437423	88	3654	1500319	88	3899	1600383	88	4000	1641846	88	4142	1700039	88	4387	1800034	88	4500	1846264	88	4632	1900113	88	4876	2000140	88	5000	2050743	88	5121	2100248	88	5365	2200132	88	5500	2255282	88	5610	2300299	88	5853	2400382	88	6000	2460364	88	6097	2500045	88	
230	100301	87	459	200098	87	500	217947	87	683	300120	87	911	400226	87	1000	438996	87	1140	500069	87	1370	600147	87	1500	656656	87	1599	700140	86	1828	800286	86	2000	875679	86	2055	900200	86	2283	1000107	86	2500	1095122	86	2512	1100438	86	2739	1200159	86	2969	1300432	86	3000	1314307	86	3197	1400279	86	3426	1500201	86	3500	1532675	86	3655	1600247	86	3884	1700132	86	4000	1750598	86	4114	1800434	86	4341	1900395	86	4500	1970072	86	4568	2000029	86	4797	2100319	86	5000	2188917	86	5026	2200239	86	5254	2300304	86	5483	2400189	86	5500	2407632	86	5712	2500203	86	
261	100184	88	500	191894	88	522	200380	88	783	300367	88	1000	383563	88	1043	400097	88	1304	500165	88	1500	575337	88	1565	600125	88	1827	700390	88	2000	767073	88	2087	800337	88	2346	900342	88	2500	959650	88	2606	1000187	88	2867	1100124	88	3000	1150965	79	3127	1200231	79	3387	1300187	79	3500	1343802	79	3646	1400059	79	3906	1500170	79	4000	1536422	79	4165	1600031	79	4425	1700333	79	4500	1729102	79	4684	1800257	79	4944	1900217	79	5000	1921792	79	5204	2000370	79	5464	2100374	79	5500	2114241	79	5724	2200348	79	5984	2300343	79	6000	2306538	79	6238	2400244	79	6495	2500118	73	
230	100301	86	459	200175	86	500	218104	86	688	300397	86	916	400242	86	1000	436902	86	1145	500408	88	1371	600153	88	1500	656875	88	1599	700278	88	1826	800021	84	2000	876300	84	2055	900402	84	2283	1000326	84	2500	1095811	84	2510	1100232	84	2737	1200078	84	2965	1300348	84	3000	1315697	84	3193	1400409	84	3419	1500578	84	3500	1537612	84	3642	1600345	84	3870	1700296	84	4000	1757317	84	4097	1800106	84	4323	1900027	84	4500	1977558	84	4552	2000383	84	4778	2100370	84	5000	2197826	84	5005	2200029	84	5234	2300431	84	5461	2400278	84	5500	2417450	84	5689	2500353	84	
251	100218	79	499	200144	79	500	200555	79	747	300185	75	995	400036	71	1000	402069	71	1243	500219	71	1491	600063	71	1500	603716	71	1734	700296	71	1982	800398	71	2000	807648	71	2229	900399	71	2476	1000075	68	2500	1009716	68	2724	1100103	68	2973	1200380	68	3000	1211211	68	3220	1300093	68	3469	1400102	68	3500	1412556	68	3718	1500034	65	3968	1600345	65	4000	1613198	65	4216	1700203	65	4465	1800045	65	4500	1814093	65	4715	1900138	65	4964	2000377	65	5000	2014797	65	5211	2100027	65	5460	2200304	65	5500	2216412	65	5707	2300099	65	5955	2400046	65	6000	2418087	65	6204	2500082	65	
237	100409	88	474	200395	88	500	211448	88	709	300025	88	945	400112	88	1000	423394	88	1182	500442	88	1416	600103	88	1500	635776	88	1652	700098	88	1888	800182	88	2000	847634	88	2122	900406	88	2358	1000246	88	2500	1060362	88	2594	1100170	88	2830	1200350	88	3000	1272559	88	3065	1300333	88	3301	1400284	88	3500	1484519	88	3537	1500286	88	3774	1600410	88	4000	1696178	88	4009	1700023	88	4244	1800098	88	4481	1900392	88	4500	1908433	88	4717	2000424	88	4952	2100219	88	5000	2120567	88	5188	2200052	88	5426	2300410	88	5500	2331633	88	5661	2400122	84	5896	2500057	84	
237	100102	94	474	200036	94	500	211128	94	708	300302	75	943	400255	75	1000	424412	75	1179	500430	75	1413	600233	75	1500	637195	75	1648	700066	75	1885	800419	70	2000	849453	70	2120	900214	70	2355	1000215	70	2500	1061884	70	2590	1100315	70	2823	1200208	70	3000	1275374	70	3058	1300174	70	3294	1400117	67	3500	1487469	67	3530	1500265	67	3765	1600105	67	4000	1700032	67	4000	1700054	67	4236	1800376	67	4465	1900196	67	4500	1915211	67	4700	2000311	67	4936	2100433	67	5000	2127646	67	5170	2200068	67	5406	2300279	67	5500	2340265	67	5641	2400276	67	5875	2500154	67	
280	100066	83	500	178381	76	561	200225	81	842	300323	75	1000	356614	75	1122	400321	75	1402	500184	75	1500	535213	75	1682	600170	75	1962	700090	75	2000	713651	75	2240	800210	75	2500	893145	75	2520	900281	75	2794	1000358	75	3000	1074319	75	3072	1100037	75	3351	1200182	75	3500	1253419	75	3630	1300106	75	3911	1400171	75	4000	1431844	75	4191	1500193	75	4471	1600172	75	4500	1610492	75	4751	1700307	75	5000	1789228	75	5031	1800306	75	5310	1900117	75	5500	1967834	75	5591	2000357	75	5871	2100072	75	6000	2146670	75	6150	2200293	75	6429	2300056	74	6500	2325579	74	6709	2400110	74	6990	2500227	74	
245	100279	82	495	200394	82	500	202402	82	745	300099	82	996	400176	82	1000	401777	82	1248	500294	82	1499	600037	82	1500	600439	82	1751	700395	82	2000	800343	82	2000	800365	82	2247	900211	82	2497	1000211	82	2500	1001424	82	2748	1100267	82	2998	1200132	82	3000	1200933	82	3249	1300182	82	3500	1400344	82	3500	1400366	82	3750	1500092	82	4000	1599565	82	4002	1600391	82	4253	1700253	82	4500	1798496	82	4504	1800100	82	4755	1900130	82	5000	1997756	82	5006	2000167	82	5254	2100252	82	5500	2198206	82	5505	2200238	82	5756	2300277	82	6000	2397295	82	6007	2400113	82	6258	2500113	82	
261	100199	77	500	192321	77	521	200391	77	778	300336	73	1000	386091	73	1036	400022	73	1296	500281	73	1500	580627	60	1551	600328	60	1810	700237	53	2000	774009	53	2068	800339	53	2326	900323	53	2500	968331	53	2581	1000273	53	2836	1100074	53	3000	1163818	53	3094	1200257	53	3352	1300209	53	3500	1357886	53	3609	1400043	53	3868	1500245	53	4000	1551239	53	4127	1600256	53	4386	1700196	53	4500	1744268	53	4644	1800117	53	4902	1900198	53	5000	1938215	53	5160	2000142	53	5418	2100023	53	5500	2131715	53	5672	2200125	53	5930	2300198	53	6000	2327433	53	6189	2400311	53	6447	2500027	53	
270	100076	81	500	186000	81	539	200331	81	808	300153	85	1000	372076	77	1076	400098	77	1347	500085	77	1500	556572	72	1618	600079	72	1890	700342	72	2000	740974	72	2161	800190	72	2432	900057	72	2500	925063	72	2704	1000115	72	2975	1100115	72	3000	1109392	72	3244	1200152	71	3500	1296050	68	3511	1300253	68	3779	1400146	68	4000	1481855	68	4050	1500288	68	4320	1600183	68	4500	1666722	68	4590	1700064	68	4860	1800058	68	5000	1852044	68	5130	1900165	68	5401	2000132	68	5500	2036646	68	5671	2100037	68	5943	2200236	68	6000	2221206	68	6214	2300190	68	6485	2400043	69	6500	2405608	69	6756	2500196	69	
244	100075	107	489	200291	107	500	204831	107	733	300156	107	977	400257	107	1000	411090	107	1216	500109	107	1460	600122	94	1500	616582	94	1700	700060	83	1942	800346	83	2000	824646	83	2179	900280	83	2420	1000050	83	2500	1033237	83	2661	1100199	83	2900	1200134	84	3000	1241931	84	3139	1300117	84	3381	1400365	84	3500	1449707	84	3622	1500346	84	3863	1600215	84	4000	1657069	84	4104	1700350	84	4345	1800393	84	4500	1864566	84	4586	1900337	84	4827	2000354	83	5000	2072009	83	5068	2100217	83	5309	2200206	83	5500	2279163	83	5551	2300294	83	5792	2400181	83	6000	2487200	83	6031	2500045	83	
270	100190	68	500	185751	68	539	200231	68	808	300358	68	1000	371654	68	1077	400348	68	1345	500195	68	1500	559197	68	1610	600074	68	1880	700216	68	2000	744684	68	2149	800083	68	2418	900136	68	2500	930682	68	2687	1000309	68	2955	1100105	68	3000	1117067	68	3224	1200299	68	3489	1300128	59	3500	1304199	59	3756	1400343	59	4000	1490876	59	4025	1500165	59	4295	1600367	59	4500	1676685	59	4563	1700081	59	4833	1800333	59	5000	1862546	59	5101	1900157	59	5370	2000326	59	5500	2048620	59	5638	2100051	59	5907	2200084	59	6000	2234598	59	6176	2300294	59	6441	2400179	59	6500	2422136	59	6710	2500152	59	
262	100317	80	500	191873	80	522	200330	80	781	300032	80	1000	385133	80	1039	400069	80	1301	500316	80	1500	576606	80	1561	600201	80	1821	700101	72	2000	768733	72	2082	800044	72	2343	900088	72	2500	960250	72	2604	1000111	72	2865	1100295	72	3000	1152161	72	3125	1200070	72	3386	1300389	72	3500	1344003	72	3647	1400289	72	3908	1500290	72	4000	1535609	72	4169	1600170	68	4423	1700205	68	4500	1729742	68	4684	1800376	68	4944	1900147	68	5000	1921679	68	5203	2000018	68	5464	2100047	68	5500	2113942	68	5725	2200276	68	5985	2300120	68	6000	2305879	68	6246	2400251	68	6500	2497713	68	6506	2500029	68	
251	100380	93	500	200352	93	500	200375	93	750	300391	87	999	400210	87	1000	400626	87	1248	500019	87	1498	600305	89	1500	601112	89	1746	700373	89	1988	800279	82	2000	805219	82	2233	900060	82	2482	1000385	82	2500	1007597	82	2730	1100055	82	2978	1200289	82	3000	1209380	82	3225	1300137	82	3475	1400375	82	3500	1410485	82	3723	1500046	82	3972	1600140	82	4000	1611485	82	4221	1700249	82	4471	1800389	82	4500	1812006	82	4719	1900031	82	4969	2000342	82	5000	2012920	82	5217	2100319	82	5465	2200042	82	5500	2214099	82	5715	2300380	82	5964	2400197	82	6000	2414785	82	6212	2500057	82	
271	100299	76	500	185329	76	540	200209	76	809	300298	76	1000	371761	75	1077	400388	74	1344	500339	70	1500	559191	70	1609	600081	70	1878	700146	70	2000	745463	70	2146	800048	70	2415	900117	70	2500	931798	70	2683	1000144	70	2951	1100149	70	3000	1118505	70	3220	1200358	70	3486	1300288	70	3500	1305460	70	3755	1400348	70	4000	1491338	70	4024	1500227	70	4291	1600036	70	4500	1678124	70	4559	1700069	70	4828	1800022	70	5000	1864052	70	5096	1900059	67	5364	2000300	67	5500	2051924	67	5630	2100287	67	5899	2200139	67	6000	2237734	67	6167	2300080	67	6433	2400024	67	6500	2424962	67	6702	2500070	67	
243	100220	87	485	200061	87	500	206251	87	728	300437	87	970	400258	86	1000	412647	86	1212	500154	86	1454	600099	86	1500	619040	86	1697	700304	86	1939	800373	86	2000	825609	86	2180	900156	86	2422	1000236	86	2500	1032438	86	2663	1100216	86	2905	1200110	86	3000	1239643	86	3146	1300074	86	3388	1400095	86	3500	1446501	86	3630	1500279	86	3871	1600204	78	4000	1653793	78	4112	1700397	78	4352	1800019	78	4500	1861673	78	4592	1900047	78	4826	2000049	78	5000	2072361	78	5067	2100224	78	5308	2200312	78	5500	2280128	78	5549	2300425	78	5789	2400020	78	6000	2487721	78	6030	2500287	78	
89	100453	337	178	200953	337	266	300346	337	355	401048	337	443	500598	337	500	564958	337	532	601112	337	620	700589	337	708	800665	337	796	900668	337	884	1000175	337	971	1100915	337	1000	1134234	337	1059	1200954	337	1147	1300659	337	1236	1401102	337	1324	1500868	337	1412	1600597	337	1500	1700357	337	1500	1700429	337	1588	1800160	337	1677	1900631	337	1766	2000859	337	1854	2100364	337	1943	2200658	337	2000	2265257	337	2031	2300565	337	2119	2400147	337	2208	2500938	337	
77	101143	351	151	200172	351	228	300808	351	305	401169	351	381	500417	351	458	600826	351	500	655493	351	535	701303	351	611	800843	351	687	900098	351	764	1001050	351	840	1100746	351	916	1200261	351	993	1300917	351	1000	1310034	351	1069	1400211	351	1146	1500962	351	1223	1601170	351	1299	1700403	351	1376	1800474	351	1453	1900807	351	1500	1962135	351	1530	2001185	351	1606	2100095	351	1683	2200430	351	1760	2300927	351	1837	2401079	351	1914	2501265	351	
80	101224	339	159	200588	339	238	300094	339	318	400868	339	397	500504	339	476	600097	339	500	630350	339	556	700797	339	635	800469	339	714	900184	339	794	1001045	339	873	1101051	339	952	1201108	339	1000	1261508	339	1031	1300519	339	1110	1400114	339	1190	1500678	339	1270	1601022	339	1349	1700631	339	1428	1800256	339	1500	1890967	339	1508	1901054	339	1587	2001026	339	1666	2100626	339	1745	2200185	339	1822	2300171	339	1902	2401061	339	1981	2500674	339	
86	101192	325	171	200513	325	257	300869	325	343	401067	325	428	500508	325	500	584772	325	514	601147	325	599	700521	325	683	800158	325	768	900229	325	854	1001048	325	939	1100657	325	1000	1172319	325	1024	1200647	325	1109	1300308	325	1193	1400914	325	1278	1500592	325	1364	1600976	325	1449	1700731	325	1500	1760347	325	1534	1800113	325	1620	1900669	325	1705	2000084	325	1791	2100662	325	1877	2201137	325	1962	2300941	325	2000	2345801	325	2047	2400823	325	2132	2501073	325	
84	100933	355	167	200562	355	251	300971	355	334	400484	355	415	500799	355	498	600824	355	500	603301	355	581	700641	355	664	800090	355	748	900853	355	831	1000356	355	914	1100234	355	998	1201146	355	1000	1203581	355	1081	1300886	355	1164	1400612	355	1247	1500445	355	1331	1601170	355	1414	1700966	355	1497	1800288	355	1500	1803927	355	1581	1901059	355	1664	2000592	355	1748	2101152	355	1831	2200553	355	1915	2301230	355	1998	2400458	355	2000	2402897	355	2082	2501241	355	
79	100912	339	158	201242	339	236	300447	339	315	400942	339	393	500575	339	471	600579	339	500	637469	339	550	701117	339	628	800145	339	707	900544	339	785	1000543	339	864	1101043	339	942	1200553	339	1000	1274141	339	1021	1300938	339	1099	1400575	339	1178	1501164	339	1256	1600211	339	1335	1700751	339	1414	1801033	339	1492	1900198	339	1500	1910417	339	1571	2000783	339	1650	2101175	339	1728	2201071	339	1807	2301330	339	1885	2400757	339	1964	2500962	339	
86	100150	385	172	200264	385	258	300526	385	344	401172	385	429	500463	385	500	583196	385	515	600780	385	600	700556	385	686	800871	385	772	900995	385	858	1001146	385	944	1101132	385	1000	1166307	385	1030	1201185	385	1116	1301014	385	1202	1401148	385	1287	1500326	385	1373	1600553	385	1457	1700598	385	1500	1750504	385	1543	1800322	385	1630	1901318	385	1716	2001163	385	1802	2101094	385	1888	2201061	385	1974	2301236	385	2000	2331528	385	2059	2400374	385	2145	2500419	385	
90	100419	345	180	200984	345	269	300429	345	358	400146	345	448	500368	345	500	558661	345	538	601015	345	628	701146	345	715	800236	345	805	900604	345	895	1001126	345	984	1100378	345	1000	1118303	345	1074	1200720	345	1164	1300710	345	1254	1400910	345	1343	1500347	345	1433	1600838	345	1500	1675623	345	1522	1700168	345	1613	1801108	345	1702	1900207	345	1792	2000245	345	1882	2100540	345	1972	2200714	345	2000	2231795	345	2062	2300714	345	2152	2400647	345	2241	2500163	345	
85	100922	369	169	200269	369	254	301052	369	338	400786	369	422	500488	369	500	592878	369	507	601256	369	591	700992	369	675	800686	369	759	900158	369	843	1000179	369	928	1100910	369	1000	1185837	369	1013	1201205	369	1097	1300268	369	1182	1400725	369	1267	1501085	369	1351	1600645	369	1435	1701076	369	1500	1778141	369	1519	1800637	369	1604	1901235	369	1688	2000851	369	1773	2101232	369	1857	2200446	369	1941	2300276	369	2000	2370191	369	2026	2401012	369	2110	2500287	369	
84	101095	358	167	201043	358	249	300159	358	333	401210	358	416	501201	358	498	600345	358	500	602854	358	580	700769	358	663	800782	358	746	900989	358	828	1000344	358	911	1100815	358	994	1201039	358	1000	1208272	358	1077	1300876	358	1160	1400825	358	1243	1500648	358	1326	1600593	358	1409	1700699	358	1491	1800228	358	1500	1811053	358	1574	1900280	358	1655	2000629	358	1738	2101062	358	1821	2201145	358	1903	2300184	358	1986	2400227	358	2000	2417118	358	2069	2500321	358	
86	101027	376	171	200600	376	256	300626	376	340	400378	376	425	500145	376	500	588160	376	511	601179	376	595	700142	376	680	800214	376	766	900978	376	851	1001210	376	933	1100145	376	1000	1178917	376	1019	1201206	376	1104	1301113	376	1189	1401051	376	1273	1500101	376	1358	1600306	376	1444	1701148	376	1500	1766966	376	1529	1801131	376	1613	1900318	376	1698	2000201	376	1783	2100153	376	1869	2201127	376	1953	2300121	376	2000	2355179	376	2039	2400772	376	2124	2500282	376	
82	100914	333	162	201197	333	243	301120	333	324	400784	333	405	500362	333	487	600998	333	500	616972	333	568	700512	333	650	801256	333	731	901078	333	812	1001088	333	893	1100912	333	974	1200610	333	1000	1232651	333	1055	1300171	333	1137	1401013	333	1218	1500825	333	1299	1600396	333	1381	1701075	333	1462	1800456	333	1500	1846971	333	1544	1900976	333	1625	2000902	333	1706	2100451	333	1787	2200262	333	1869	2301061	333	1950	2400382	333	2000	2461705	333	2032	2500895	333	
86	101096	357	171	200394	357	257	301082	357	342	400322	357	427	500131	357	500	586034	357	512	600404	357	597	700322	357	683	801259	357	767	900151	357	853	1000658	357	938	1100457	357	1000	1173190	357	1023	1200104	357	1109	1301136	357	1194	1400679	357	1280	1501246	357	1365	1600963	357	1450	1700877	357	1500	1759453	357	1535	1800439	357	1620	1900172	357	1706	2001100	357	1791	2101096	357	1876	2200671	357	1960	2301163	357	2000	2348341	357	2045	2401070	357	2130	2500440	357	
88	101167	337	174	200076	337	260	300496	337	347	400443	337	434	500574	337	500	576611	337	521	600816	337	608	700918	337	695	800705	337	782	901116	337	868	1000176	337	955	1100882	337	1000	1152949	337	1042	1201090	337	1129	1301006	337	1213	1400430	337	1299	1500386	337	1386	1600723	337	1473	1701174	337	1500	1732659	337	1558	1800253	337	1645	1901137	337	1731	2000154	337	1818	2100799	337	1904	2200452	337	1991	2300988	337	2000	2311390	337	2077	2400363	337	2164	2500449	337	
87	100694	349	175	200320	349	263	300201	349	352	401060	349	434	501023	349	500	576361	349	521	600261	349	610	701125	349	698	801043	349	785	900390	349	873	1000334	349	962	1101059	349	1000	1144159	349	1050	1200656	349	1138	1300279	349	1226	1400549	349	1314	1500306	349	1403	1601135	349	1491	1700851	349	1500	1711142	349	1579	1800314	349	1667	1900231	349	1756	2001138	349	1843	2100689	349	1931	2200674	349	2000	2279358	349	2019	2300956	349	2107	2400625	349	2195	2500178	349	
82	100625	355	164	200727	355	246	301274	355	327	400377	355	409	500935	355	490	601105	355	500	613355	355	571	700657	355	652	800140	355	734	900713	355	815	1000517	355	896	1100092	355	978	1200526	355	1000	1227487	355	1060	1300998	355	1141	1400109	355	1223	1500439	355	1305	1600802	355	1386	1700225	355	1468	1800806	355	1500	1840025	355	1549	1900479	355	1631	2001195	355	1712	2100461	355	1794	2200761	355	1876	2301249	355	1957	2400958	355	2000	2453939	355	2038	2501153	355	
86	100376	349	172	201087	349	257	300831	349	343	400804	349	429	500875	349	500	583638	349	515	601117	349	600	700310	349	686	800437	349	772	900785	349	857	1000230	349	943	1100210	349	1000	1166783	349	1029	1200457	349	1115	1300522	349	1201	1400554	349	1287	1500754	349	1373	1601144	349	1456	1700641	349	1500	1752368	349	1541	1800130	349	1628	1901108	349	1713	2000503	349	1799	2100647	349	1885	2200839	349	1971	2301207	349	2000	2335009	349	2057	2401217	349	2142	2500221	349	
86	100137	375	173	201103	375	259	300779	375	346	401156	375	432	500740	375	500	580080	375	518	601111	375	604	700932	375	687	800900	375	773	900779	375	859	1000830	375	945	1100565	375	1000	1164400	375	1031	1200269	375	1118	1301047	375	1204	1400681	375	1290	1500804	375	1376	1600999	375	1462	1700672	375	1500	1744861	375	1548	1800462	375	1635	1901114	375	1721	2000770	375	1807	2100570	375	1893	2200474	375	1979	2300747	375	2000	2325208	375	2065	2400892	375	2151	2500478	375	
88	100408	332	176	200811	332	264	301051	332	351	400101	332	438	500450	332	500	571391	332	526	600995	332	614	701194	332	701	800417	332	789	900603	332	876	1000344	332	964	1100879	332	1000	1141958	332	1051	1200104	332	1139	1300675	332	1226	1400468	332	1314	1501156	332	1401	1600691	332	1489	1700884	332	1500	1713487	332	1576	1800150	332	1665	1901177	332	1752	2001012	332	1840	2101097	332	1927	2200166	332	2000	2283152	332	2015	2300294	332	2103	2400330	332	2191	2500634	332	
92	100302	340	182	200101	340	274	300161	340	366	400080	340	458	500307	340	500	546183	340	550	600946	340	641	700590	340	733	801051	340	824	900546	340	916	1001085	340	1000	1092761	340	1007	1100560	340	1098	1200536	340	1190	1300524	340	1282	1400906	340	1373	1500096	340	1465	1600906	340	1500	1639099	340	1557	1701122	340	1648	1800158	340	1740	1900440	340	1825	2000368	340	1917	2100891	340	2000	2191469	340	2008	2200280	340	2099	2300088	340	2191	2400421	340	2283	2500387	340	
18	101551	1669	36	202966	1669	54	304735	1669	71	400442	1669	89	502010	1669	107	603433	1669	125	705010	1669	142	801014	1669	160	902719	1669	177	1000796	1669	195	1103171	1669	213	1204534	1669	230	1300717	1669	248	1402129	1669	266	1503609	1669	284	1605346	1669	301	1701045	1669	319	1802410	1669	337	1904008	1669	355	2005477	1669	372	2101299	1669	390	2203028	1669	408	2304259	1669	426	2405699	1669	443	2501513	1669	
18	102177	1769	36	202159	1769	54	302521	1769	72	403742	1769	90	503747	1769	108	604089	1769	126	704375	1769	144	804657	1769	162	904967	1769	180	1005074	1769	198	1105212	1769	216	1205262	1769	234	1305882	1769	251	1400501	1769	269	1500402	1769	287	1600769	1769	305	1700855	1769	323	1801044	1769	341	1901055	1769	359	2000959	1769	377	2101109	1769	395	2201283	1769	413	2301431	1769	431	2401668	1769	449	2501924	1769	
19	105200	1800	37	204558	1800	55	303886	1800	73	404205	1800	91	503869	1800	109	603574	1800	127	703142	1800	145	802457	1800	163	901558	1800	181	1000713	1800	200	1105216	1800	218	1204320	1800	236	1303758	1800	254	1403145	1800	272	1502576	1800	290	1601863	1800	308	1700895	1800	326	1800543	1800	345	1905354	1800	363	2004649	1800	380	2101501	1800	398	2201218	1800	417	2305808	1800	435	2405263	1800	453	2504575	1800	
19	104867	1759	37	203697	1759	55	302756	1759	73	401825	1759	91	500973	1759	110	605653	1759	128	704766	1759	146	803802	1759	164	902859	1759	182	1001845	1759	200	1103140	1759	218	1202401	1759	236	1301497	1759	254	1400714	1759	273	1505058	1759	291	1603763	1759	309	1702785	1759	327	1801787	1759	345	1900890	1759	364	2005352	1759	382	2104486	1759	400	2203566	1759	418	2302490	1759	436	2401503	1759	454	2501967	1759	
18	101752	1726	36	205575	1726	53	300541	1726	71	401156	1726	89	502066	1726	107	603165	1726	125	703768	1726	143	804159	1726	161	904461	1726	179	1004884	1726	197	1105406	1726	215	1205576	1726	233	1305456	1726	251	1405954	1726	268	1500736	1726	286	1600988	1726	304	1701470	1726	322	1801629	1726	340	1902129	1726	358	2002409	1726	376	2102792	1726	394	2202964	1726	412	2302891	1726	430	2403482	1726	448	2504191	1726	
19	105321	1758	37	204581	1758	55	304188	1758	73	403908	1758	91	503524	1758	109	602830	1758	127	702182	1758	145	801681	1758	163	901019	1758	182	1005846	1758	200	1105090	1758	218	1204309	1758	236	1303673	1758	254	1402915	1758	272	1502179	1758	290	1601505	1758	308	1700537	1758	326	1800542	1758	345	1905470	1758	363	2004672	1758	381	2103928	1758	399	2205665	1758	417	2305627	1758	435	2404997	1758	453	2504415	1758	
19	104936	1712	37	204250	1712	55	303036	1712	73	402289	1712	91	501209	1712	110	605663	1712	128	704570	1712	146	803552	1712	164	902512	1712	182	1001165	1712	201	1105690	1712	218	1201439	1712	236	1300754	1712	255	1405535	1712	273	1504617	1712	291	1603324	1712	309	1702182	1712	327	1800915	1712	346	1905643	1712	364	2004842	1712	382	2103820	1712	400	2202988	1712	418	2302371	1712	436	2401771	1712	454	2500872	1712	
19	105309	1712	37	205809	1712	54	302009	1712	72	401561	1712	90	501066	1712	108	600630	1712	127	705705	1712	145	805226	1712	163	904861	1712	181	1004251	1712	199	1103955	1712	217	1203445	1712	235	1303004	1712	253	1402535	1712	271	1501866	1712	289	1601386	1712	307	1701046	1712	325	1800541	1712	344	1905547	1712	362	2004917	1712	380	2104476	1712	398	2203925	1712	416	2303229	1712	434	2402838	1712	452	2502177	1712	
18	101357	1743	36	202726	1743	54	303370	1743	72	404052	1743	90	504490	1743	108	605029	1743	126	705714	1743	143	801183	1743	161	902099	1743	179	1003001	1743	197	1103780	1743	215	1204406	1743	233	1304771	1743	251	1405952	1743	268	1500920	1743	286	1602612	1743	304	1703426	1743	322	1804363	1743	340	1905113	1743	358	2005746	1743	375	2101132	1743	393	2202024	1743	411	2305108	1743	428	2400775	1743	446	2501417	1743	
18	100798	1684	36	201674	1684	54	302251	1684	72	403295	1684	90	504004	1684	108	605165	1684	125	700572	1684	143	801407	1684	161	902253	1684	179	1003328	1684	197	1104026	1684	215	1205063	1684	232	1300620	1684	250	1405326	1684	267	1500631	1684	285	1601505	1684	303	1702432	1684	321	1803596	1684	339	1905406	1684	356	2002963	1684	374	2103884	1684	392	2204575	1684	410	2305239	1684	428	2405904	1684	445	2501031	1684	
19	103985	1705	37	201774	1705	56	305171	1705	74	404847	1705	92	502729	1705	110	600634	1705	129	704269	1705	147	802142	1705	165	900532	1705	184	1003816	1705	202	1101729	1705	221	1205050	1705	239	1302820	1705	257	1401113	1705	276	1504351	1705	294	1602234	1705	312	1700511	1705	331	1803893	1705	349	1901810	1705	368	2005481	1705	386	2103248	1705	404	2201012	1705	423	2304515	1705	441	2402426	1705	460	2505521	1705	
20	104606	1778	39	203824	1778	58	302977	1778	77	402321	1778	96	501855	1778	115	601254	1778	135	705303	1778	154	804268	1778	173	903518	1778	192	1002644	1778	211	1102001	1778	230	1201185	1778	250	1305334	1778	269	1405146	1778	288	1504271	1778	307	1603327	1778	326	1702367	1778	345	1801492	1778	364	1900649	1778	384	2005357	1778	403	2104680	1778	422	2203664	1778	441	2302706	1778	460	2402205	1778	479	2504122	1778	
19	104785	1776	37	204391	1776	55	303976	1776	73	403371	1776	91	502986	1776	109	602425	1776	127	701546	1776	145	801021	1776	163	900519	1776	182	1005451	1776	200	1105107	1776	218	1204654	1776	236	1304259	1776	254	1403784	1776	272	1505731	1776	290	1605387	1776	308	1704841	1776	326	1804613	1776	344	1904100	1776	362	2003662	1776	380	2103271	1776	398	2202575	1776	416	2301792	1776	434	2401400	1776	452	2501116	1776	
19	102967	1737	37	200607	1737	56	303641	1737	74	401078	1737	93	504920	1737	111	603402	1737	129	701052	1737	148	803704	1737	166	901026	1737	185	1003345	1737	203	1100655	1737	222	1203184	1737	241	1305636	1737	259	1403117	1737	278	1505754	1737	296	1603110	1737	315	1705558	1737	333	1803101	1737	351	1900400	1737	370	2002773	1737	389	2105431	1737	407	2202617	1737	426	2305285	1737	444	2402502	1737	463	2505163	1737	
17	106134	1742	33	204048	1742	49	302235	1742	65	401695	1742	82	505900	1742	98	605752	1742	114	704651	1742	130	802745	1742	146	900766	1742	162	1001077	1742	178	1100447	1742	195	1205527	1742	211	1303918	1742	227	1402833	1742	243	1501947	1742	259	1601146	1742	276	1706461	1742	292	1805735	1742	308	1904715	1742	324	2002945	1742	340	2101932	1742	356	2201690	1742	372	2301115	1742	389	2406188	1742	405	2504778	1742	
19	100544	1764	38	200853	1764	57	301374	1764	76	402186	1764	95	502807	1764	114	603197	1764	133	703884	1764	152	804289	1764	171	905072	1764	190	1005322	1764	208	1100580	1764	227	1200908	1764	246	1301269	1764	265	1401789	1764	284	1502336	1764	302	1600896	1764	321	1702736	1764	340	1803038	1764	359	1903596	1764	378	2004109	1764	397	2104467	1764	416	2205003	1764	435	2305474	1764	453	2400802	1764	472	2501919	1764	
20	103761	1725	39	202225	1725	58	300980	1725	78	404835	1725	97	503369	1725	116	602058	1725	135	702750	1725	154	801225	1725	174	904678	1725	193	1002893	1725	212	1101691	1725	232	1204891	1725	251	1303162	1725	270	1401663	1725	290	1505398	1725	309	1603800	1725	328	1702205	1725	347	1800521	1725	367	1903865	1725	386	2002331	1725	405	2100884	1725	425	2204554	1725	444	2303540	1725	463	2402015	1725	482	2500529	1725	
19	101705	1716	38	203114	1716	57	304340	1716	76	405500	1716	94	501616	1716	113	603360	1716	132	704878	1716	150	801141	1716	169	903085	1716	188	1004864	1716	206	1101389	1716	225	1202889	1716	244	1304411	1716	262	1400906	1716	281	1502709	1716	300	1604082	1716	319	1705563	1716	337	1801668	1716	356	1903089	1716	375	2004980	1716	393	2101365	1716	412	2203021	1716	431	2304359	1716	449	2400558	1716	468	2502430	1716	
20	104533	1725	39	203679	1725	58	303130	1725	77	401996	1725	96	501311	1725	116	605624	1725	135	705095	1725	154	804526	1725	173	903589	1725	192	1002597	1725	211	1101500	1725	230	1200628	1725	250	1304992	1725	269	1404215	1725	288	1503088	1725	307	1601975	1725	326	1703631	1725	344	1801591	1725	363	1900563	1725	383	2005036	1725	402	2104031	1725	421	2203245	1725	440	2302131	1725	459	2401211	1725	478	2500568	1725	
20	103890	1715	39	202723	1715	58	301361	1715	78	405404	1715	97	504180	1715	116	602590	1715	135	701063	1715	154	802272	1715	173	900955	1715	193	1005107	1715	212	1103715	1715	231	1202782	1715	250	1301647	1715	269	1400734	1715	289	1504981	1715	308	1603906	1715	327	1702570	1715	346	1801033	1715	366	1905009	1715	385	2003942	1715	404	2102563	1715	423	2201275	1715	443	2304947	1715	462	2403371	1715	481	2502116	1715	
234	100033	155	463	200333	124	500	216660	124	690	300120	117	917	400150	117	1000	436337	117	1146	500180	112	1374	600136	112	1500	655186	112	1602	700269	112	1829	800158	112	2000	875429	112	2057	900350	112	2285	1000029	112	2500	1094103	112	2514	1100282	112	2742	1200322	112	2970	1300241	112	3000	1313377	112	3198	1400097	112	3426	1500070	112	3500	1532492	112	3654	1600162	112	3883	1700333	112	4000	1752233	112	4110	1800335	112	4337	1900260	112	4500	1971703	112	4565	2000283	112	4792	2100097	112	5000	2191328	112	5020	2200061	112	5249	2300256	112	5476	2400217	108	5500	2410809	108	5703	2500380	108	
242	100234	125	477	200354	109	500	210111	109	712	300352	109	946	400286	115	1000	423461	115	1180	500298	115	1414	600117	115	1500	636693	115	1648	700068	115	1884	800430	115	2000	849952	115	2118	900030	115	2353	1000179	115	2500	1062988	115	2587	1100120	111	2821	1200379	111	3000	1277309	111	3054	1300334	104	3288	1400187	98	3500	1490512	105	3523	1500334	105	3758	1600149	94	3993	1700350	101	4000	1703352	101	4228	1800374	101	4462	1900087	101	4500	1916216	101	4691	2000075	101	4925	2100063	88	5000	2132055	88	5160	2200082	88	5395	2300025	88	5500	2344772	88	5630	2400202	88	5865	2500142	88	
234	100165	99	461	200343	99	500	217716	99	687	300331	84	913	400284	84	1000	438684	84	1139	500227	84	1365	600263	84	1500	660160	84	1591	700375	84	1816	800107	84	2000	882592	84	2039	900055	84	2266	1000402	84	2474	1100329	84	2500	1112158	84	2697	1200190	84	2922	1300042	84	3000	1334773	84	3148	1400278	84	3374	1500332	84	3500	1556312	84	3599	1600061	83	3826	1700168	83	4000	1777178	83	4052	1800158	83	4278	1900210	83	4500	1998409	83	4504	2000200	83	4730	2100155	77	4956	2200410	77	5000	2219886	77	5182	2300453	77	5406	2400063	68	5500	2441956	68	5631	2500150	68	
235	100026	149	458	200279	121	500	219090	121	685	300393	121	914	400197	115	1000	437614	115	1144	500305	115	1373	600193	115	1500	655456	115	1602	700435	115	1830	800109	115	2000	874888	115	2058	900187	115	2287	1000403	115	2500	1093596	115	2515	1100165	115	2743	1200025	115	2973	1300274	115	3000	1312129	115	3201	1400126	115	3430	1500386	115	3500	1531024	115	3659	1600292	111	3889	1700426	111	4000	1749004	111	4117	1800133	111	4345	1900042	111	4500	1967676	111	4574	2000106	111	4802	2100028	111	5000	2186607	106	5031	2200152	106	5260	2300107	106	5489	2400243	106	5500	2405053	106	5717	2500259	98	
236	100286	130	465	200221	104	500	215484	104	694	300100	104	923	400330	104	1000	433881	99	1152	500417	99	1380	600188	99	1500	652758	99	1609	700384	99	1837	800287	93	2000	871637	93	2066	900423	93	2294	1000404	93	2500	1090816	93	2522	1100451	93	2750	1200209	93	2978	1300157	92	3000	1310053	92	3206	1400296	92	3434	1500049	92	3500	1529024	92	3661	1600349	92	3888	1700073	92	4000	1749333	92	4116	1800280	92	4343	1900045	92	4500	1969203	92	4571	2000273	92	4799	2100105	92	5000	2188130	92	5028	2200441	92	5251	2300226	92	5477	2400073	87	5500	2410110	87	5706	2500312	87	
229	100252	124	452	200332	107	500	221842	107	674	300239	101	895	400062	93	1000	447509	93	1117	500348	93	1338	600212	93	1500	673216	90	1560	700313	90	1781	800107	90	2000	898838	90	2003	900211	90	2224	1000121	90	2445	1100309	90	2500	1125125	90	2666	1200057	90	2887	1300110	90	3000	1350992	90	3105	1400129	90	3326	1500452	90	3500	1578920	87	3547	1600122	87	3769	1700437	87	3991	1800205	87	4000	1804292	87	4213	1900436	87	4435	2000367	87	4500	2029666	87	4657	2100299	87	4878	2200066	87	5000	2255034	87	5100	2300324	87	5321	2400044	80	5500	2480710	80	5543	2500232	80	
230	100415	230	453	200030	217	500	221172	217	677	300187	201	900	400027	165	1000	444569	164	1122	500055	158	1342	600247	146	1500	671218	146	1565	700145	146	1788	800059	137	2000	895719	137	2010	900183	137	2233	1000190	137	2456	1100258	137	2500	1119940	137	2680	1200393	127	2903	1300238	127	3000	1343616	127	3127	1400254	127	3351	1500355	127	3500	1567239	127	3574	1600297	127	3797	1700150	127	4000	1791882	126	4018	1800105	126	4241	1900215	126	4464	2000103	126	4500	2016282	126	4687	2100377	126	4911	2200468	126	5000	2240314	126	5134	2300175	126	5356	2400063	126	5500	2464734	126	5578	2500110	126	
230	100369	171	452	200096	128	500	221584	128	676	300321	128	898	400149	115	1000	445997	115	1120	500116	115	1342	600320	115	1500	671249	115	1565	700431	115	1787	800133	115	2000	896790	115	2008	900456	115	2230	1000379	115	2452	1100407	115	2500	1122065	115	2671	1200308	115	2893	1300257	115	3000	1348280	115	3115	1400047	115	3339	1500458	115	3500	1572583	115	3562	1600441	115	3783	1700067	115	4000	1798203	115	4004	1800033	115	4226	1900153	115	4449	2000288	115	4500	2023186	115	4671	2100180	115	4893	2200240	115	5000	2248543	115	5114	2300034	115	5337	2400034	115	5500	2473636	115	5559	2500352	115	
235	100251	199	464	200355	156	500	216089	156	692	300392	144	920	400449	144	1000	435458	144	1148	500266	144	1376	600354	144	1500	654681	144	1604	700122	144	1832	800315	144	2000	873823	144	2060	900121	144	2288	1000137	144	2500	1093032	144	2516	1100062	144	2745	1200227	144	2973	1300234	131	3000	1312029	131	3201	1400101	131	3426	1500372	131	3500	1533340	131	3651	1600311	131	3876	1700282	131	4000	1756874	131	4097	1800172	131	4324	1900050	131	4500	1977588	131	4551	2000272	131	4778	2100069	127	5000	2198034	127	5005	2200286	127	5232	2300112	127	5459	2400080	127	5500	2418168	127	5687	2500064	127	
229	100367	163	450	200404	163	500	222944	163	671	300453	163	893	400154	149	1000	448370	142	1115	500066	142	1337	600368	112	1500	674442	112	1558	700385	112	1780	800119	112	1998	900208	112	2000	901116	112	2220	1000023	112	2444	1100441	112	2500	1125905	112	2666	1200385	112	2888	1300220	112	3000	1350537	112	3111	1400312	112	3334	1500123	112	3500	1574852	112	3556	1600030	112	3780	1700208	109	4000	1798803	109	4003	1800171	109	4225	1900114	109	4448	2000179	109	4500	2023584	109	4671	2100349	109	4892	2200176	109	5000	2248783	109	5115	2300457	109	5338	2400315	109	5500	2472914	109	5561	2500278	109	
72	101423	9837	143	200329	9273	216	301013	7734	290	400437	5007	363	500656	3651	435	601380	2845	500	693499	2812	505	700727	2812	576	801136	2799	647	901421	2789	717	1000522	2770	788	1101069	2593	859	1201157	2525	930	1301034	2445	1000	1399862	2353	1001	1401419	2353	1071	1500344	2348	1142	1600563	2348	1213	1701301	2348	1284	1800653	2348	1355	1900393	2333	1426	2000437	2293	1497	2101013	2293	1500	2105332	2293	1568	2201305	2213	1639	2300867	2213	1710	2400183	2213	1782	2501244	2213	
75	101305	9676	148	200125	9601	222	301375	9345	295	400420	8869	370	501272	7893	446	600533	5193	500	670659	3424	523	701179	2937	596	800705	2744	669	900193	2744	743	1000664	2714	817	1101084	2645	890	1200320	2624	964	1301231	2624	1000	1350244	2624	1037	1400547	2593	1110	1500322	2542	1184	1601086	2542	1257	1700436	2542	1331	1801048	2515	1405	1901122	2515	1478	2000154	2515	1500	2034738	2515	1547	2101262	2515	1620	2200584	2509	1694	2300908	2489	1768	2401308	2435	1841	2500548	2377	
74	100586	9498	150	200196	6151	227	300878	2898	300	400165	2064	374	500744	1952	447	600652	1882	500	673728	1758	520	701327	1758	592	800385	1718	665	900778	1718	738	1000873	1718	811	1100791	1718	882	1201379	1718	955	1301293	1718	1000	1363252	1718	1027	1400868	1718	1100	1501003	1718	1173	1601074	1718	1246	1701172	1718	1319	1801351	1718	1392	1901318	1718	1464	2000242	1718	1500	2049683	1718	1537	2100645	1718	1610	2200906	1718	1683	2301385	1718	1756	2401289	1718	1829	2501391	1718	
76	101117	7193	152	200948	3910	223	300337	2547	295	401378	2355	366	501364	2259	437	600607	2259	500	688456	2256	509	701164	2238	581	801346	2200	652	900157	2016	724	1000630	1979	795	1100742	1979	867	1201364	1979	938	1300278	1979	1000	1386829	1979	1010	1400795	1979	1082	1500897	1979	1154	1601047	1979	1226	1700928	1979	1298	1801427	1979	1369	1900573	1902	1441	2000722	1838	1500	2082721	1811	1513	2100851	1811	1585	2201085	1811	1657	2301278	1811	1729	2401305	1807	1800	2500263	1751	
73	100547	9383	146	200976	8878	220	301112	7232	295	400266	4304	369	500832	2691	441	601213	2402	500	683587	2370	512	700588	2370	584	801071	2363	655	900404	2280	727	1000690	2119	799	1101143	2019	871	1201207	1885	942	1300740	1885	1000	1381629	1885	1014	1401316	1885	1085	1500215	1885	1157	1600579	1885	1229	1701094	1885	1300	1800227	1885	1372	1901375	1885	1443	2000441	1885	1500	2080138	1885	1515	2101136	1885	1586	2200218	1869	1658	2300600	1869	1729	2401410	1869	1800	2500312	1869	
73	100502	9544	146	200332	8084	222	300783	4793	295	400156	3202	368	501201	2798	439	600130	2441	500	685634	2371	511	701010	2371	583	801472	2303	654	900308	2245	726	1001376	2175	797	1100480	2134	869	1200720	2134	941	1300581	2134	1000	1382790	2134	1013	1400873	2134	1083	1500459	2134	1155	1600735	2134	1227	1701381	2074	1299	1801338	2074	1371	1901386	2046	1442	2000272	2045	1500	2080880	2045	1514	2100338	2045	1586	2200168	1950	1658	2300215	1855	1730	2400224	1855	1802	2500229	1855	
75	100437	7077	152	201106	3213	225	301203	2559	297	401456	2397	368	500443	2284	438	600882	2201	500	688027	2201	509	700758	2201	581	801314	2201	652	900390	2201	723	1000152	2201	795	1101018	2201	866	1200266	2146	938	1301083	2146	1000	1387713	2146	1009	1400341	2146	1081	1500678	2146	1153	1601445	2146	1224	1700456	2146	1296	1800696	2146	1368	1900861	2146	1440	2001178	2146	1500	2085263	2146	1511	2100693	2146	1583	2201312	2146	1654	2300282	2146	1726	2400569	2146	1798	2500811	2146	
73	100265	9955	146	200688	9955	219	300400	9955	292	400944	9955	365	500951	9955	437	600295	9889	500	685198	8140	512	701030	7784	588	800177	4024	663	900227	2215	735	1000516	2124	808	1101395	1980	880	1200817	1957	953	1301332	1919	1000	1366276	1919	1025	1400872	1884	1097	1500214	1849	1170	1601037	1793	1242	1700549	1770	1314	1800274	1770	1386	1900599	1752	1458	2000918	1752	1500	2059183	1727	1530	2100682	1727	1602	2200662	1697	1674	2300197	1656	1747	2401418	1650	1819	2501211	1650	
73	100633	9560	147	200804	7641	223	300310	4012	297	400350	2474	369	500446	2211	441	600882	2163	500	683147	2073	513	701304	2073	584	800803	2002	656	901470	1937	727	1000569	1937	799	1101249	1937	871	1200976	1937	943	1301419	1937	1000	1380497	1894	1015	1401354	1894	1087	1500975	1894	1159	1601039	1894	1231	1701255	1894	1298	1800987	1894	1370	1901378	1894	1442	2001456	1894	1500	2082007	1894	1513	2100136	1894	1586	2201413	1894	1658	2301218	1894	1730	2401320	1888	1801	2500241	1888	
76	101347	8408	154	201382	4683	230	300558	2439	304	401102	2101	377	501000	1997	450	600899	1983	500	669051	1983	523	700448	1983	597	801332	1983	665	900884	1945	737	1001012	1860	809	1100640	1860	882	1200706	1830	954	1300208	1787	1000	1363592	1787	1027	1400881	1787	1100	1501368	1779	1172	1600778	1766	1245	1701266	1766	1318	1801081	1766	1391	1901303	1746	1463	2000212	1746	1500	2051021	1746	1536	2100595	1746	1609	2201507	1746	1681	2300305	1747	1754	2400227	1664	1827	2500145	1664	
16	102820	50387	32	205571	50387	47	301772	50387	63	404599	50387	78	500633	50387	94	603384	50387	110	706397	50387	125	802703	50387	141	905520	50387	156	1001743	50387	172	1104647	50387	187	1201054	50387	203	1303608	50387	219	1406139	50387	234	1502610	50387	250	1605397	50387	265	1701702	50387	281	1804578	50387	296	1900813	50387	312	2003391	50387	328	2106459	50387	343	2202756	50387	359	2305172	50387	374	2401247	50387	390	2503991	50387	
16	102596	49956	32	205775	49956	47	303053	49956	63	405918	49956	78	502355	49956	94	605278	49956	109	701915	49956	125	805927	49956	140	902572	49956	156	1005189	49956	171	1102372	49956	187	1205323	49956	202	1301808	49956	218	1404615	49956	233	1501140	49956	249	1604394	49956	264	1700750	49956	280	1803327	49956	295	1901804	49956	311	2005232	49956	326	2101957	49956	342	2204879	49956	357	2301207	49956	373	2404186	49956	388	2500661	49956	
16	102300	50094	32	204795	50094	48	306657	50094	63	402589	50094	79	504800	50094	95	606725	50094	110	702638	50094	126	804673	50094	141	901637	50094	157	1005900	50094	172	1102405	50094	188	1204610	50094	204	1306673	50094	219	1402951	50094	235	1504980	50094	250	1600703	50094	266	1702812	50094	282	1805127	50094	297	1901056	50094	313	2003259	50094	329	2105268	50094	344	2201168	50094	360	2303108	50094	376	2405037	50094	391	2500980	50094	
16	102771	50271	32	205685	50271	47	302517	50271	63	405028	50271	78	501239	50271	94	604113	50271	109	700913	50271	125	803757	50271	141	906520	50271	156	1003117	50271	172	1105830	50271	187	1202563	50271	203	1306177	50271	218	1402642	50271	234	1505764	50271	249	1601897	50271	265	1704550	50271	280	1801099	50271	296	1904272	50271	311	2000738	50271	327	2104300	50271	342	2200520	50271	358	2303429	50271	374	2406183	50271	389	2502680	50271	
16	102919	49591	32	205852	49591	47	302245	49591	63	405169	49591	78	501193	49591	94	604029	49591	110	706816	49591	125	802936	49591	141	905233	49591	156	1001419	49591	172	1104307	49591	187	1200647	49591	203	1303126	49591	219	1405721	49591	234	1501808	49591	250	1604293	49591	265	1700600	49591	281	1803551	49591	297	1906038	49591	312	2005113	49591	327	2102227	49591	343	2205183	49591	358	2301217	49591	374	2403952	49591	390	2506452	49591	
16	103113	50128	32	206428	50128	47	303029	50128	63	406061	50128	78	502978	50128	94	606268	50128	109	703066	50128	125	806225	50128	140	903020	50128	155	1001542	50128	171	1105342	50128	186	1202417	50128	202	1305420	50128	217	1402291	50128	233	1505346	50128	248	1601950	50128	264	1704789	50128	279	1801541	50128	295	1904799	50128	310	2001689	50128	326	2104966	50128	341	2201575	50128	357	2304884	50128	372	2401742	50128	388	2505387	50128	
16	103881	50437	32	206345	50437	47	302183	50437	63	404555	50437	78	500483	50437	94	603000	50437	110	705405	50437	125	801604	50437	141	904230	50437	157	1006614	50437	172	1102523	50437	188	1204830	50437	203	1300863	50437	219	1403358	50437	235	1505809	50437	250	1601547	50437	266	1703797	50437	282	1805946	50437	297	1901853	50437	313	2004115	50437	329	2106308	50437	344	2202772	50437	360	2304924	50437	375	2401378	50437	391	2504081	50437	
16	103512	50327	31	200566	50327	47	304434	50327	62	401510	50327	78	505092	50327	93	601921	50327	109	705361	50327	124	802418	50327	140	905623	50327	155	1002543	50327	171	1105773	50327	186	1202493	50327	202	1305919	50327	217	1403142	50327	233	1506554	50327	248	1603563	50327	263	1700502	50327	279	1803572	50327	295	1906770	50327	310	2003847	50327	325	2102935	50327	341	2206783	50327	356	2303885	50327	371	2401027	50327	387	2504419	50327	
16	102611	50194	32	205620	50194	47	301881	50194	63	404156	50194	78	500655	50194	94	603424	50194	110	705965	50194	125	802560	50194	141	905146	50194	156	1001198	50194	172	1105916	50194	187	1201931	50194	203	1304909	50194	218	1401314	50194	234	1503806	50194	250	1606609	50194	265	1702611	50194	281	1805118	50194	296	1901353	50194	312	2004223	50194	327	2100501	50194	343	2203684	50194	359	2306852	50194	374	2403229	50194	390	2506094	50194	
16	104639	50329	31	200665	50329	47	302794	50329	63	405171	50329	78	500898	50329	94	603327	50329	110	705536	50329	125	801484	50329	141	904332	50329	157	1006571	50329	172	1102809	50329	188	1205200	50329	203	1301049	50329	219	1403224	50329	235	1505455	50329	250	1601271	50329	266	1703775	50329	282	1806196	50329	297	1901818	50329	313	2003918	50329	329	2106757	50329	344	2202915	50329	360	2305204	50329	375	2401117	50329	391	2503632	50329	
