versja nr 2;wspolczynnik mutacji 1.800000;wielkosc populacji 45
300	100323	91	500	168489	82	593	200314	82	887	300224	82	1000	338670	79	1181	400044	79	1476	500246	79	1500	508488	79	1768	600101	74	2000	679073	74	2062	700174	74	2357	800326	73	2500	848858	70	2651	900194	70	2946	1000294	70	3000	1018636	70	3240	1100294	70	3500	1188721	70	3534	1200324	70	3828	1300226	70	4000	1358505	67	4123	1400172	67	4417	1500032	64	4500	1528284	64	4711	1600052	64	4999	1700116	64	5000	1700459	64	5292	1800094	64	5500	1870942	64	5586	1900210	64	5880	2000304	64	6000	2041080	64	6173	2100124	64	6465	2200207	64	6500	2212077	64	6759	2300153	64	7000	2382134	64	7053	2400254	64	7347	2500096	64	
300	100312	165	500	168247	144	593	200016	130	888	300023	119	1000	338387	119	1181	400018	119	1476	500213	119	1500	508350	119	1771	600075	119	2000	677791	119	2066	700299	119	2354	800255	119	2500	849758	119	2649	900195	119	2943	1000344	119	3000	1019761	119	3237	1100327	119	3500	1189406	119	3532	1200304	119	3826	1300125	119	4000	1359188	119	4121	1400208	119	4416	1500232	119	4500	1528658	119	4711	1600229	119	5000	1698843	117	5004	1700234	117	5296	1800335	117	5500	1869610	117	5590	1900217	117	5884	2000169	117	6000	2039521	117	6178	2100044	117	6472	2200167	117	6500	2209690	117	6766	2300117	117	7000	2379742	117	7060	2400130	117	7354	2500210	117	
301	100027	126	500	167472	123	596	200118	123	891	300361	123	1000	337429	116	1185	400320	111	1479	500104	105	1500	507269	105	1775	600145	100	2000	676324	100	2071	700312	100	2366	800133	100	2500	845528	100	2661	900026	100	2957	1000069	100	3000	1014577	94	3253	1100253	94	3500	1183662	94	3549	1200207	94	3844	1300362	94	4000	1353499	94	4138	1400080	94	4433	1500284	94	4500	1522923	94	4729	1600250	94	5000	1691788	94	5025	1700288	94	5321	1800332	94	5500	1860844	94	5616	1900289	94	5912	2000237	94	6000	2030039	94	6208	2100325	94	6500	2199298	94	6503	2200322	94	6798	2300018	94	7000	2368920	94	7092	2400126	94	7387	2500241	94	
303	100044	209	500	166836	209	599	200155	201	897	300100	173	1000	334582	168	1196	400142	149	1495	500331	129	1500	502009	129	1791	600252	124	2000	670568	118	2088	700050	111	2386	800229	94	2500	838743	94	2684	900235	94	2983	1000151	94	3000	1005849	94	3282	1100123	94	3500	1172742	94	3580	1200036	94	3880	1300264	94	4000	1340283	94	4180	1400239	94	4479	1500075	94	4500	1507079	94	4779	1600159	94	5000	1673953	94	5079	1700248	94	5378	1800073	94	5500	1840868	94	5677	1900053	94	5971	2000196	94	6000	2010034	94	6269	2100229	94	6500	2177457	94	6568	2200138	94	6868	2300150	94	7000	2344382	94	7167	2400024	94	7466	2500113	94	
299	100208	166	500	168672	121	593	200167	108	889	300149	107	1000	337606	100	1185	400154	100	1480	500120	100	1500	506933	100	1774	600196	100	2000	676911	98	2069	700255	98	2365	800274	98	2500	846007	98	2660	900068	98	2956	1000245	98	3000	1015202	98	3245	1100157	98	3500	1187532	98	3537	1200032	98	3833	1300269	96	4000	1356907	96	4128	1400264	96	4424	1500329	96	4500	1525947	96	4720	1600078	95	5000	1695074	95	5015	1700178	95	5310	1800037	95	5500	1865060	95	5603	1900139	95	5897	2000095	93	6000	2035159	93	6191	2100117	91	6486	2200241	90	6500	2205008	90	6781	2300188	90	7000	2374206	90	7077	2400171	90	7373	2500335	90	
299	100317	276	500	168724	243	588	200264	219	880	300141	159	1000	340851	138	1175	400165	127	1470	500101	127	1500	510372	127	1764	600257	127	2000	681080	127	2057	700342	127	2351	800098	127	2500	850437	127	2647	900337	127	2941	1000334	127	3000	1020471	127	3235	1100096	127	3500	1190103	127	3530	1200289	127	3822	1300318	127	4000	1361172	127	4113	1400018	127	4408	1500243	127	4500	1531442	127	4702	1600146	127	4996	1700084	127	5000	1701434	127	5292	1800131	127	5500	1870858	127	5586	1900147	127	5881	2000274	127	6000	2040630	127	6175	2100165	127	6471	2200265	119	6500	2210107	119	6766	2300221	119	7000	2379394	119	7061	2400107	119	7356	2500322	119	
298	100159	198	500	168817	169	592	200186	169	886	300040	169	1000	338826	169	1181	400224	168	1476	500175	159	1500	508358	159	1771	600069	152	2000	677777	144	2066	700091	144	2362	800220	139	2500	846858	139	2657	900254	139	2951	1000112	139	3000	1016744	139	3245	1100257	139	3500	1186684	139	3540	1200247	139	3835	1300303	135	4000	1356371	135	4129	1400255	135	4422	1500307	129	4500	1526705	129	4716	1600050	129	5000	1696161	116	5012	1700269	116	5306	1800057	116	5500	1865714	116	5602	1900258	116	5897	2000168	114	6000	2035486	114	6190	2100035	114	6485	2200143	110	6500	2205241	110	6779	2300072	110	7000	2377974	110	7065	2400220	110	7359	2500176	110	
298	100061	197	500	169152	197	592	200284	194	885	300075	187	1000	339093	187	1180	400225	185	1473	500164	177	1500	509425	177	1767	600277	167	2000	679824	167	2059	700017	167	2353	800210	167	2500	850328	167	2646	900269	167	2938	1000016	158	3000	1021065	158	3232	1100067	153	3500	1191354	147	3526	1200230	147	3819	1300249	140	4000	1362156	140	4111	1400222	140	4397	1500342	130	4500	1535357	125	4690	1600152	116	4985	1700336	85	5000	1705421	85	5279	1800214	85	5500	1875226	85	5573	1900063	85	5869	2000319	85	6000	2044782	85	6163	2100157	85	6457	2200102	85	6500	2214674	85	6753	2300194	85	7000	2384050	85	7048	2400339	85	7341	2500051	85	
312	100262	291	500	161936	272	617	200018	254	924	300226	202	1000	325108	194	1229	400234	194	1500	488944	183	1535	500319	183	1834	600023	183	2000	654161	183	2141	700183	182	2447	800277	140	2500	817585	140	2753	900139	132	3000	980411	121	3060	1000095	121	3366	1100306	109	3500	1144283	107	3671	1200215	107	3976	1300111	107	4000	1307959	107	4282	1400024	102	4500	1471312	99	4588	1500122	95	4894	1600046	95	5000	1634837	94	5200	1700274	84	5500	1798308	84	5506	1800277	84	5811	1900195	84	6000	1962158	84	6116	2000277	84	6422	2100328	84	6500	2125978	84	6727	2200314	84	7000	2289827	84	7032	2300300	84	7337	2400126	84	7500	2454227	84	7640	2500245	84	
300	100081	231	500	168054	216	594	200115	212	891	300354	205	1000	337133	205	1187	400290	205	1483	500024	204	1500	505750	204	1780	600151	201	2000	674665	201	2076	700265	201	2372	800168	201	2500	843493	201	2668	900227	201	2964	1000170	200	3000	1012347	200	3260	1100041	200	3500	1181103	198	3556	1200019	198	3851	1300044	198	4000	1350407	191	4147	1400306	191	4441	1500061	191	4500	1520181	191	4736	1600078	191	5000	1689881	191	5030	1700032	191	5326	1800271	191	5500	1859441	191	5620	1900297	191	5914	2000172	191	6000	2029324	189	6209	2100136	189	6500	2198563	188	6505	2200248	188	6801	2300137	188	7000	2367364	188	7097	2400085	188	7393	2500090	188	
315	100277	136	500	160348	112	623	200248	112	932	300226	112	1000	322139	112	1242	400169	112	1500	483409	112	1552	500199	112	1862	600065	112	2000	644717	112	2172	700165	112	2482	800272	110	2500	806134	110	2790	900041	110	3000	968208	110	3098	1000254	110	3407	1100331	110	3500	1130431	110	3716	1200215	110	4000	1292306	110	4024	1300066	110	4334	1400176	110	4500	1454047	110	4643	1500344	110	4952	1600295	110	5000	1615911	110	5260	1700037	110	5500	1780188	110	5560	1800133	110	5868	1900306	104	6000	1943236	99	6175	2000046	98	6484	2100110	98	6500	2105293	98	6793	2200040	98	7000	2267094	98	7102	2300043	98	7411	2400025	98	7500	2428885	98	7721	2500271	98	
299	100289	158	500	168976	155	592	200334	155	885	300285	142	1000	339443	138	1179	400181	134	1474	500030	108	1500	508840	108	1769	600034	104	2000	678247	104	2065	700244	104	2361	800289	104	2500	847421	104	2649	900090	104	2943	1000081	104	3000	1019515	96	3237	1100278	89	3500	1189285	89	3532	1200102	89	3827	1300098	89	4000	1358690	89	4122	1400085	89	4417	1500118	89	4500	1528225	89	4712	1600277	89	5000	1697952	89	5007	1700342	89	5302	1800144	89	5500	1867181	89	5597	1900154	89	5892	2000200	87	6000	2036655	87	6188	2100327	87	6482	2200073	87	6500	2206164	87	6779	2300248	87	7000	2374996	85	7075	2400337	85	7370	2500025	85	
297	100052	86	500	169657	86	590	200296	81	883	300169	81	1000	339991	81	1177	400250	81	1471	500220	81	1500	510133	81	1764	600101	72	2000	680479	72	2057	700025	72	2351	800127	72	2500	850885	72	2645	900287	72	2938	1000022	72	3000	1021127	72	3232	1100137	72	3500	1191253	72	3526	1200077	72	3821	1300338	72	4000	1361276	72	4114	1400139	72	4408	1500060	72	4500	1531342	72	4702	1600108	72	4996	1700139	72	5000	1701502	72	5290	1800236	72	5500	1871772	72	5583	1900176	72	5877	2000192	72	6000	2042127	72	6171	2100150	68	6465	2200160	68	6500	2212058	68	6760	2300201	68	7000	2381418	68	7055	2400079	68	7350	2500234	68	
308	100241	110	500	164186	110	609	200194	110	910	300329	110	1000	330111	110	1212	400221	109	1500	495377	109	1515	500347	107	1817	600258	107	2000	660782	107	2119	700065	107	2421	800144	107	2500	826299	107	2723	900153	107	3000	991765	107	3025	1000048	107	3329	1100319	107	3500	1156825	107	3632	1200259	107	3936	1300230	107	4000	1321366	107	4239	1400191	99	4500	1486775	96	4540	1500097	96	4842	1600281	95	5000	1652515	89	5144	1700137	86	5446	1800171	83	5500	1818091	83	5747	1900166	80	6000	1984447	80	6047	2000038	80	6342	2100150	77	6500	2153371	75	6642	2200334	75	6943	2300084	75	7000	2319001	75	7245	2400098	75	7500	2484447	75	7548	2500342	75	
300	100309	106	500	168605	95	593	200224	95	887	300223	95	1000	338657	95	1180	400104	95	1474	500199	95	1500	509088	95	1767	600073	95	2000	679358	95	2061	700142	95	2356	800250	95	2500	849289	95	2650	900264	95	2943	1000266	95	3000	1019615	95	3237	1100187	95	3500	1190942	95	3526	1200102	95	3819	1300196	95	4000	1361731	95	4113	1400226	95	4407	1500269	95	4500	1531876	95	4700	1600053	95	4995	1700349	95	5000	1702049	95	5289	1800287	95	5500	1872169	95	5582	1900136	95	5876	2000074	95	6000	2042326	95	6170	2100272	95	6464	2200329	95	6500	2212591	95	6758	2300219	88	7000	2382320	88	7053	2400282	88	7347	2500336	88	
310	100261	84	500	162866	81	613	200223	81	911	300045	75	1000	330107	75	1213	400250	75	1500	493974	75	1519	500162	75	1825	600080	75	2000	657191	75	2131	700294	67	2434	800217	67	2500	821880	67	2737	900079	67	3000	986753	67	3041	1000254	67	3344	1100027	67	3500	1151362	67	3648	1200106	67	3952	1300163	67	4000	1316061	67	4256	1400315	67	4500	1480972	67	4559	1500318	67	4862	1600242	67	5000	1645773	67	5165	1700050	67	5469	1800200	67	5500	1810412	67	5772	1900047	67	6000	1975279	67	6076	2000279	67	6379	2100154	67	6500	2139994	67	6683	2200197	67	6987	2300316	67	7000	2304621	67	7291	2400319	67	7500	2469038	67	7595	2500216	67	
306	100206	110	500	164899	110	606	200259	110	906	300264	109	1000	331545	109	1208	400336	106	1500	497051	106	1509	500055	106	1812	600263	93	2000	662773	83	2113	700259	83	2414	800306	73	2500	828973	73	2713	900055	73	3000	995781	73	3013	1000167	73	3313	1100342	73	3500	1162669	73	3612	1200271	73	3912	1300189	73	4000	1329489	73	4212	1400084	73	4500	1496170	73	4512	1500158	73	4812	1600230	73	5000	1662833	73	5112	1700160	73	5411	1800257	73	5500	1829860	73	5711	1900221	73	6000	1996816	73	6010	2000156	73	6310	2100093	73	6500	2163566	73	6609	2200150	73	6909	2300338	73	7000	2330620	73	7208	2400028	73	7500	2498538	73	7505	2500228	73	
298	100157	164	500	169405	160	590	200083	147	883	300133	142	1000	340007	140	1177	400221	119	1471	500147	119	1500	510060	119	1765	600023	117	2000	679850	115	2060	700336	115	2354	800277	112	2500	849870	112	2648	900152	112	2942	1000033	112	3000	1019786	112	3236	1100102	112	3500	1189881	112	3530	1200075	112	3823	1300150	112	4000	1360416	112	4117	1400221	112	4411	1500249	112	4500	1532090	112	4700	1600209	112	4994	1700213	112	5000	1702287	112	5287	1800023	110	5500	1872289	110	5582	1900144	110	5876	2000241	110	6000	2042299	110	6170	2100166	110	6464	2200022	110	6500	2212178	110	6759	2300326	110	7000	2382348	110	7053	2400330	110	7347	2500116	110	
307	100037	105	500	164039	105	609	200179	105	911	300116	105	1000	329576	105	1213	400219	96	1500	495196	96	1515	500177	96	1817	600085	96	2000	663142	96	2111	700139	96	2413	800280	95	2500	829128	95	2715	900185	95	3000	994344	93	3018	1000239	93	3321	1100054	81	3500	1159534	73	3623	1200273	73	3926	1300346	72	4000	1324763	72	4227	1400048	72	4500	1490574	72	4529	1500187	72	4831	1600312	72	5000	1656278	72	5133	1700317	72	5435	1800153	69	5500	1821674	69	5737	1900176	69	6000	1987354	69	6039	2000224	69	6341	2100204	69	6500	2153063	69	6642	2200145	69	6944	2300034	69	7000	2318638	69	7246	2400048	69	7500	2484024	69	7549	2500234	69	
297	100222	93	500	169742	88	589	200289	83	881	300037	83	1000	340812	83	1173	400093	83	1465	500144	81	1500	512112	81	1757	600130	81	2000	683195	81	2050	700333	81	2342	800339	81	2500	854524	81	2633	900063	81	2924	1000202	81	3000	1026156	81	3216	1100058	81	3500	1197212	81	3509	1200324	81	3801	1300165	81	4000	1368269	81	4093	1400051	81	4385	1500220	81	4500	1539700	81	4677	1600085	81	4969	1700092	81	5000	1710785	81	5261	1800319	81	5500	1882085	81	5553	1900296	81	5845	2000191	81	6000	2053275	81	6137	2100222	81	6429	2200138	81	6500	2224728	81	6720	2300097	81	7000	2396049	81	7012	2400145	81	7304	2500242	81	
101	100801	2825	197	200593	2492	292	300077	2347	388	400538	2121	484	500998	1981	500	517799	1981	579	600988	1981	674	700921	1981	769	800619	1959	864	900113	1959	960	1000765	1959	1000	1042849	1959	1055	1100574	1959	1150	1200113	1959	1246	1300447	1959	1342	1400873	1959	1437	1500844	1959	1500	1567121	1959	1532	1601048	1959	1627	1700907	1959	1722	1800462	1959	1815	1900089	1959	1910	2000467	1959	2000	2094577	1926	2006	2100918	1926	2101	2200224	1896	2197	2300809	1896	2292	2400476	1896	2388	2500869	1876	
101	100083	2382	197	200506	2186	292	300201	2172	388	400537	2172	483	500212	2134	500	518122	2134	579	601061	2134	674	701057	2115	769	800503	1878	865	900531	1776	959	1000786	1743	1000	1043964	1680	1054	1100799	1651	1149	1200787	1651	1244	1300599	1651	1339	1400618	1607	1435	1500987	1593	1500	1569460	1568	1530	1601098	1568	1623	1700592	1568	1718	1800346	1534	1813	1900317	1534	1908	2000229	1499	2000	2096829	1499	2004	2101072	1499	2099	2200777	1480	2194	2300400	1480	2290	2400365	1480	2386	2500589	1480	
99	101049	2296	195	200462	1766	290	300121	1721	386	400709	1721	481	500416	1662	500	520449	1611	576	600100	1588	672	700515	1575	768	801060	1517	863	901068	1480	958	1001016	1466	1000	1044974	1466	1053	1100801	1455	1148	1200645	1455	1243	1300631	1455	1338	1400393	1455	1433	1500488	1455	1500	1571029	1455	1528	1600601	1455	1623	1700792	1455	1718	1801058	1455	1813	1900895	1455	1908	2000513	1435	2000	2097132	1435	2003	2100344	1435	2098	2200071	1425	2193	2300177	1425	2289	2401024	1425	2384	2500632	1425	
101	100212	2739	198	200384	2496	294	300337	2281	390	400233	2281	486	500683	2271	500	515163	2271	583	600962	2271	679	700858	2237	775	800485	2227	871	900085	2227	968	1001075	2227	1000	1034310	2227	1064	1100914	2227	1160	1200670	2227	1256	1300152	2227	1353	1400645	2227	1449	1500347	2227	1500	1553419	2227	1546	1601012	2227	1642	1700382	2227	1738	1800209	2227	1834	1900352	2227	1930	2000144	2149	2000	2073220	2149	2026	2100446	2149	2119	2200327	2149	2215	2300735	2149	2311	2400906	2149	2406	2500209	2126	
99	100581	2796	194	200092	2436	289	300333	2370	384	400644	2370	479	501022	2333	500	523233	2333	573	600576	2305	667	700528	2305	761	800347	2305	855	900237	2305	949	1001030	2305	1000	1055151	2291	1043	1100765	2291	1138	1201004	2244	1229	1300112	2244	1324	1400731	2193	1419	1501045	2111	1500	1587014	2089	1513	1600889	2089	1607	1700153	2089	1702	1800456	2089	1796	1900074	2089	1890	2000312	2089	1984	2100131	2089	2000	2117132	2089	2079	2200817	2089	2173	2300596	2089	2267	2400155	2089	2362	2500760	2055	
101	100674	2265	197	200726	2216	292	300101	1865	385	400590	1865	480	500539	1811	500	521705	1811	575	600325	1811	671	700309	1793	767	800583	1793	863	900857	1793	959	1001039	1766	1000	1043975	1755	1054	1100592	1722	1149	1200190	1722	1245	1300583	1722	1341	1400534	1722	1437	1500911	1685	1500	1566660	1641	1532	1600225	1641	1628	1700738	1641	1723	1800650	1641	1819	1901143	1560	1914	2000807	1464	2000	2091006	1402	2009	2100517	1402	2105	2200819	1402	2201	2301055	1391	2296	2400694	1391	2392	2500840	1391	
100	100235	2806	196	200862	2444	291	301112	2444	386	401078	2376	481	500998	2359	500	520990	2359	576	600917	2341	671	700880	2301	766	800511	2253	862	901013	2248	957	1001019	2115	1000	1045936	2047	1052	1100494	2047	1147	1200404	2047	1242	1300440	2047	1337	1400659	2026	1432	1500637	2026	1500	1572240	2026	1527	1600736	2026	1622	1700792	2026	1717	1800915	2026	1812	1900941	2026	1907	2000965	2026	2000	2098943	2026	2002	2101345	2026	2096	2200225	2026	2191	2300188	2026	2286	2400135	2026	2375	2500762	2026	
102	100961	2730	198	200068	2201	294	300145	1900	390	400762	1863	485	500593	1863	500	516327	1824	580	600185	1791	676	701035	1791	771	800797	1791	866	900730	1791	961	1000224	1710	1000	1040909	1702	1057	1100466	1641	1153	1200862	1641	1248	1300597	1641	1343	1400390	1614	1439	1501087	1574	1500	1571749	1551	1527	1600411	1551	1623	1701081	1551	1718	1800649	1551	1814	1900801	1539	1909	2000577	1514	2000	2096189	1509	2004	2100477	1509	2099	2200790	1509	2194	2301076	1509	2289	2400871	1497	2384	2500678	1449	
102	100422	1931	198	200133	1716	295	300676	1497	391	400181	1482	487	500197	1482	500	513803	1482	583	600756	1482	676	700150	1482	772	800558	1482	868	900514	1482	964	1000900	1482	1000	1038501	1482	1060	1100867	1446	1156	1200610	1426	1252	1300333	1426	1348	1400168	1426	1444	1500087	1426	1500	1558406	1426	1540	1600137	1426	1636	1700111	1426	1733	1800954	1426	1829	1901032	1426	1925	2001027	1426	2000	2079160	1426	2020	2100092	1426	2116	2200142	1426	2212	2300623	1426	2308	2400676	1426	2404	2500475	1426	
102	101030	2320	197	201003	2166	291	300673	2166	385	400293	2166	480	500611	2166	500	521800	2166	574	600115	2166	669	700635	2166	763	800402	2166	858	900865	2166	952	1000386	2119	1000	1051421	2073	1046	1100319	2073	1141	1200929	2073	1235	1300227	2073	1330	1400965	2073	1423	1500593	2073	1500	1582629	2073	1517	1600648	2073	1611	1700181	2073	1706	1801056	2073	1800	1900858	2073	1894	2000410	2073	1989	2100897	2073	2000	2112577	2073	2083	2200633	2009	2177	2300636	2007	2270	2400394	2007	2365	2501050	1955	
98	100670	3855	197	200104	1880	294	300507	1727	390	400875	1450	485	500110	1430	500	515832	1430	581	600774	1430	677	700749	1376	772	800239	1321	868	900516	1282	964	1000950	1282	1000	1038461	1282	1059	1100206	1282	1155	1200912	1281	1250	1300184	1281	1346	1400264	1281	1442	1500823	1281	1500	1561165	1281	1538	1600924	1281	1633	1700066	1281	1728	1801128	1281	1822	1900556	1281	1918	2000839	1281	2000	2086831	1281	2013	2100449	1281	2109	2201022	1253	2204	2300481	1253	2298	2400120	1253	2394	2500942	1221	
103	100733	2354	202	200161	1240	300	300994	1240	397	400755	1240	494	500132	1240	500	506340	1240	591	600191	1218	688	700649	1218	785	800111	1218	881	900139	1218	978	1000840	1202	1000	1023579	1202	1075	1100734	1202	1172	1200127	1165	1270	1300510	1165	1368	1401101	1162	1465	1500683	1120	1500	1536741	1097	1562	1600971	1025	1659	1701035	1025	1756	1800932	998	1853	1900635	998	1950	2000310	968	2000	2051718	968	2048	2100885	968	2145	2200895	968	2242	2300607	968	2340	2400972	968	2437	2500424	968	
95	100316	4968	191	200331	4913	288	301039	4913	384	400592	4855	480	500743	4855	500	521569	4725	577	600131	3774	673	700352	3722	770	800931	3621	867	901026	3305	964	1000553	2453	1000	1037038	1970	1061	1100208	1689	1157	1200512	1449	1253	1300903	1410	1348	1400809	1410	1444	1501106	1318	1500	1559381	1285	1540	1601103	1285	1635	1700498	1271	1730	1800189	1271	1826	1900606	1271	1921	2000262	1212	2000	2083581	1212	2016	2100527	1212	2111	2200447	1181	2207	2300635	1181	2303	2400802	1181	2399	2501020	1181	
98	100472	5110	197	200481	4508	298	300251	2442	397	400488	1522	494	500241	1497	500	506504	1497	591	600486	1497	688	700810	1497	784	800802	1497	881	900288	1401	979	1000937	1401	1000	1022484	1401	1076	1100375	1401	1173	1200663	1401	1269	1300220	1401	1367	1400876	1401	1464	1500573	1401	1500	1537501	1389	1561	1600371	1389	1658	1700804	1389	1755	1800889	1389	1852	1900635	1389	1949	2000370	1389	2000	2052674	1389	2045	2101018	1389	2141	2200176	1389	2239	2300832	1389	2336	2400391	1389	2434	2500810	1389	
102	100456	3389	205	200836	1830	304	300312	1506	403	400265	1286	500	498582	1221	502	500694	1221	600	600154	1221	699	700527	1221	798	800783	1165	896	900465	1165	995	1000767	1165	1000	1005909	1165	1094	1100944	1165	1191	1200695	1075	1289	1300146	1075	1388	1400069	1075	1488	1500920	1036	1500	1513011	1036	1587	1600889	1036	1685	1700080	1036	1784	1800425	1036	1883	1900609	1036	1982	2000874	1036	2000	2019274	1036	2080	2100374	1036	2179	2200644	1036	2278	2300649	1007	2377	2400588	1007	2476	2500372	1007	
97	101013	5016	193	200125	4389	293	300994	1974	388	400861	1654	483	500317	1654	500	518190	1654	579	600671	1654	674	700197	1654	770	800812	1602	865	900613	1602	960	1000122	1602	1000	1042114	1602	1055	1100091	1602	1151	1200910	1602	1245	1300198	1602	1341	1400781	1602	1436	1500306	1602	1500	1567270	1589	1532	1600926	1589	1627	1700135	1493	1723	1800189	1406	1819	1900152	1406	1916	2001086	1363	2000	2088415	1363	2012	2101069	1363	2108	2200961	1363	2204	2300950	1363	2300	2400588	1315	2396	2500634	1315	
102	100997	4996	202	200205	4996	303	300501	4996	404	400380	4996	500	495309	4942	505	500279	4942	607	600913	4833	709	700952	4199	812	800118	2262	915	900744	1470	1000	985164	1406	1015	1000197	1406	1116	1100829	1406	1216	1200346	1353	1317	1300871	1273	1417	1400486	1235	1500	1483170	1215	1517	1500148	1215	1618	1600601	1215	1718	1700142	1215	1819	1801025	1215	1919	1900547	1180	2000	1981493	1180	2019	2000612	1180	2119	2100405	1180	2219	2200341	1180	2320	2301042	1180	2418	2400658	1180	2500	2482590	1180	2518	2500624	1180	
97	101089	4911	193	200207	4238	292	300531	2081	388	400122	1264	484	501038	1197	500	518028	1197	578	600450	1197	674	700831	1156	769	800580	1156	864	900211	1156	960	1001124	1156	1000	1043024	1156	1055	1100859	1156	1150	1200403	1156	1245	1300100	1156	1341	1400694	1156	1435	1500882	1156	1500	1569567	1156	1529	1600165	1156	1625	1700747	1156	1720	1800598	1156	1816	1901107	1137	1909	2000130	1116	2000	2096409	1116	2004	2100705	1116	2098	2200080	1116	2193	2300536	1116	2288	2400115	1079	2384	2500744	1079	
98	100718	4477	198	200436	1717	294	300578	1412	390	400302	1262	486	500668	1213	500	515357	1213	579	600323	1213	675	701018	1213	770	800422	1213	866	900874	1213	961	1000295	1213	1000	1041151	1213	1057	1100595	1213	1153	1200896	1213	1248	1300272	1171	1344	1400883	1171	1439	1500550	1171	1500	1564778	1171	1534	1600669	1171	1629	1700780	1171	1724	1800621	1171	1820	1901011	1171	1914	2000643	1171	2000	2091230	1171	2009	2100809	1171	2104	2200840	1171	2199	2300625	1171	2294	2400704	1171	2389	2500659	1145	
101	101027	4380	203	200697	2618	304	300452	1521	403	400658	1269	500	499106	1183	501	500179	1183	600	600973	1183	698	700700	1183	796	800135	1183	895	900151	1183	994	1000408	1183	1000	1006563	1183	1093	1100633	1183	1191	1200309	1183	1289	1300721	1162	1386	1400270	1162	1485	1500757	1162	1500	1515995	1154	1582	1600156	1154	1680	1700464	1154	1778	1800172	1154	1876	1900169	1154	1974	2000163	1154	2000	2027156	1154	2071	2100527	1154	2169	2200726	1154	2267	2300608	1154	2365	2400950	1154	2463	2500857	1154	
21	102546	25314	42	205170	25314	62	302878	25314	83	404974	25314	103	502706	25314	123	600488	25314	144	703119	25314	164	800672	25314	185	903348	25314	205	1001360	25314	226	1103338	25314	246	1200856	25314	267	1303549	25314	287	1400929	25314	308	1503762	25314	328	1601473	25314	349	1703695	25314	368	1803298	25314	388	1901026	25314	409	2003769	25314	429	2101242	25314	450	2203507	25314	470	2301271	25314	491	2403908	25314	500	2447992	25314	511	2501902	25314	
21	102452	25248	42	204703	25248	62	303131	25248	82	400348	25248	103	503326	25248	123	600898	25248	144	703851	25248	164	804118	25248	184	901664	25248	205	1004172	25248	225	1101833	25248	246	1204298	25248	266	1302312	25248	287	1404822	25248	306	1505814	25248	324	1600902	25248	344	1703774	25248	364	1801154	25248	385	1903408	25248	405	2000775	25248	426	2102798	25248	447	2204809	25028	467	2301848	25028	488	2403907	25028	500	2463391	25028	508	2502397	25028	
21	102592	24614	42	204900	24614	62	302944	24614	82	400531	24614	103	502827	24614	123	600360	24614	144	702587	24614	164	800555	24614	185	902956	24614	206	1005296	24614	226	1102669	24614	247	1204829	24614	267	1302080	24614	288	1404665	24614	308	1502455	24614	329	1604907	24614	349	1702428	24614	370	1804944	24614	390	1902588	24614	411	2004871	24614	431	2102200	24614	452	2204541	24614	472	2303063	24614	492	2400524	24614	500	2439954	24614	513	2503453	24614	
21	101951	25212	42	203762	25212	62	300742	25212	83	402349	25212	104	504569	25212	124	601333	25212	145	703110	25212	166	805244	25212	186	901975	25212	207	1003585	25212	228	1105041	25212	248	1201746	25212	269	1303500	25212	289	1400505	25212	310	1502239	25212	331	1604147	25212	351	1700785	25212	372	1804561	25212	392	1901549	25212	413	2003631	25212	433	2100379	25212	454	2202383	25212	475	2304358	25212	495	2401121	25212	500	2425636	25212	516	2503479	25212	
21	102669	25681	41	200685	25681	62	303218	25681	82	400660	25681	103	503069	25681	123	600758	25681	144	703338	25681	164	802557	25407	185	904722	25407	205	1001844	25407	226	1104129	25407	246	1201571	25407	267	1303436	25407	287	1400644	25407	308	1502476	25407	329	1604718	25407	349	1701737	25407	370	1803965	25407	390	1901239	25407	411	2003396	25407	431	2101002	25407	452	2203309	25407	472	2300661	25407	493	2402613	25407	500	2436894	25407	514	2505175	25407	
21	102665	25250	41	200393	25250	62	302272	25250	83	404275	25250	103	501061	25035	124	602528	24786	145	703975	24786	165	800604	24786	186	901980	24786	207	1003954	24786	227	1100624	24786	248	1202280	24786	269	1303862	24786	289	1400645	24786	310	1501982	24786	331	1603058	24566	352	1704017	24566	372	1800724	24566	393	1902601	24277	413	2000657	24277	434	2103368	24277	454	2200772	24277	475	2303551	24277	495	2400994	24277	500	2425699	24277	516	2503533	24040	
21	102187	25643	42	203692	25643	62	300482	25643	83	402125	25643	104	503895	25643	124	600832	25643	145	702681	25643	166	804527	25643	186	901225	25643	207	1002583	25643	228	1104217	25643	248	1200968	25643	269	1302372	25643	290	1404023	25643	310	1500691	25643	331	1602002	25643	352	1704005	25643	372	1801308	25643	393	1904964	25643	413	2001779	25643	434	2103277	25643	455	2204997	25643	475	2301630	25643	496	2403467	25643	500	2423127	25643	516	2500583	25643	
21	101209	25425	42	202325	25425	63	303696	25425	84	404652	25425	104	501118	25425	125	602665	25425	146	703842	25425	166	800495	25425	187	903809	25425	208	1004993	25425	228	1101787	25425	249	1202675	25425	270	1303988	25425	290	1400472	25425	311	1501741	25425	332	1602900	25425	353	1704091	25425	373	1801123	25425	394	1902321	25425	415	2003546	25425	436	2104531	25425	456	2200877	25425	477	2301982	25425	498	2403328	25425	500	2413228	25425	519	2504965	25425	
21	102667	25531	42	205053	25531	62	303181	25531	82	400766	25531	103	503143	25531	123	600813	25531	144	702997	25531	164	800690	25531	185	903616	25531	205	1001509	25531	226	1104263	25531	246	1202171	25531	267	1304245	25531	287	1401844	25531	308	1504061	25531	328	1601729	25531	349	1704112	25531	369	1801879	25531	390	1904513	25531	410	2002255	25531	431	2104987	25531	451	2203065	25531	471	2300956	25531	492	2403716	25531	500	2442900	25531	512	2501384	25531	
21	102396	26332	42	204893	26332	62	302784	26332	82	400646	26332	103	502574	26332	124	605055	26332	144	702728	26332	165	805204	26332	185	902665	26332	206	1005047	26332	226	1102132	26332	247	1204548	26332	267	1302021	26332	288	1404442	26332	308	1501751	26332	329	1603762	26332	349	1701373	26332	370	1803748	26332	390	1901312	26332	410	2001226	26332	431	2103829	26332	451	2201095	26332	472	2303471	26332	492	2401204	26332	500	2440536	26332	513	2503948	26332	
21	100551	25565	42	200943	25565	63	301437	25565	84	401843	25565	105	502373	25565	126	603110	25565	147	703542	25565	168	803938	25565	189	904113	25565	209	1002540	25565	230	1103222	25565	251	1203833	25565	272	1304582	25565	292	1400380	25565	313	1500797	25565	334	1601589	25565	355	1701979	25565	376	1802759	25565	397	1903378	25565	418	2003854	25565	439	2104346	25565	460	2204811	25565	481	2305072	25565	500	2396185	25565	501	2401330	25565	522	2501980	25565	
22	104467	25100	43	202621	25100	64	300837	25100	86	403267	25100	107	501279	25100	129	604154	25100	150	702576	25100	171	800813	25100	193	903878	25100	214	1001957	25100	235	1100488	25100	257	1203308	25100	278	1301244	25100	300	1404368	25100	321	1502889	25100	342	1601193	25100	364	1704314	25100	385	1802916	25100	406	1901114	25100	428	2004081	25100	449	2102444	25100	470	2200719	25100	492	2303534	25100	500	2341353	25100	513	2402349	25100	534	2501059	25100	
21	100863	25298	42	202061	25298	63	303279	25298	84	404147	25298	104	500498	25298	125	601210	25298	146	702215	25298	167	803610	25298	188	904392	25298	208	1000674	25298	229	1101788	25298	250	1202855	25298	271	1303763	25298	291	1400510	25298	312	1501660	25298	333	1602453	25298	354	1703328	25298	375	1804237	25298	396	1905132	25298	416	2001875	25298	436	2100564	25298	457	2201864	25298	478	2302483	25298	499	2403893	25298	500	2409055	25298	519	2501240	25298	
22	104936	25129	42	200535	25129	63	301393	25129	84	401365	25129	105	501520	25129	126	601642	25129	147	701904	25129	168	802431	25129	189	902592	25129	210	1002680	25129	231	1104948	25129	252	1204929	25129	272	1301531	25129	293	1401862	25129	314	1501797	25129	335	1601790	25129	356	1701812	25129	377	1801957	25129	398	1902095	25129	419	2002294	25129	440	2102583	25129	461	2202904	25129	482	2303161	25129	500	2389471	25129	503	2404337	25129	524	2504552	25129	
21	101607	25094	42	201519	25094	63	301346	25094	84	400964	25094	105	500668	25094	127	604579	25094	148	703985	25094	169	803259	25094	190	902889	25094	211	1002056	25094	232	1101687	25094	253	1201067	25094	274	1300409	25094	296	1404582	25094	317	1503953	25094	338	1603461	25094	359	1702714	25094	380	1801964	25094	401	1901415	25094	422	2000524	25094	444	2104976	25094	465	2204576	25094	486	2304688	25094	500	2371362	25094	507	2404682	25094	528	2504192	25094	
22	104398	25616	43	203789	25616	64	303381	25616	85	402980	25616	106	502252	25616	127	601662	25616	148	701420	25616	169	801997	25616	190	901446	25616	211	1000922	25616	232	1100492	25616	254	1204850	25616	275	1304444	25616	296	1404003	25616	317	1503808	25616	338	1603316	25616	359	1702633	25616	380	1802113	25616	401	1901490	25616	422	2001177	25616	443	2102155	25616	464	2203125	25616	485	2302711	25616	500	2373874	25616	506	2402742	25616	527	2502121	25616	
21	101371	25347	42	202480	25347	63	303531	25347	84	404363	25347	104	500588	25347	125	601587	25347	146	702894	25347	167	803792	25347	188	904581	25347	208	1000787	25347	229	1102212	25347	249	1200621	25347	270	1301761	25347	291	1402927	25347	312	1504259	25347	332	1600423	25347	353	1701537	25347	374	1803738	25347	395	1905199	25347	415	2001773	25347	436	2103465	25347	457	2204929	25347	477	2301100	25347	498	2402587	25347	500	2412586	25347	519	2504144	25347	
21	100668	25118	42	203114	25118	63	303055	25118	84	402906	25118	105	503376	25118	126	603681	25118	147	703942	25118	168	804385	25118	189	904548	25118	210	1004791	25118	231	1104751	25118	252	1204684	25118	273	1305088	25118	293	1400622	25118	314	1500548	25118	335	1601026	25118	356	1701118	25118	377	1801301	25118	398	1901195	25118	419	2002207	25118	440	2102647	25118	461	2202840	25118	482	2302929	25118	500	2388655	25118	503	2403300	25118	524	2503410	25118	
22	103518	25350	43	202250	25350	64	301383	25350	86	404936	25350	107	503920	25350	128	602877	25350	149	702058	25350	170	801171	25350	191	900828	25350	213	1004518	25350	234	1103185	25350	255	1202206	25350	276	1300892	25350	298	1404539	25350	319	1503422	25350	340	1602487	25350	361	1701395	25350	382	1800629	25350	404	1904786	25350	425	2004034	25350	446	2103075	25350	467	2202932	25350	488	2302089	25350	500	2359436	25350	509	2402130	25350	530	2501163	25350	
22	104673	25265	43	204451	25265	64	304148	25265	85	403605	25265	106	503162	25265	127	602893	25265	148	702415	25265	169	802230	25265	190	901951	25265	211	1001245	25265	232	1101044	25265	253	1200831	25265	274	1302216	25265	295	1401943	25265	316	1501434	25265	337	1601183	25265	358	1700933	25265	379	1801343	25265	400	1901666	25265	421	2001277	25265	442	2101478	25265	463	2201047	25265	484	2300967	25265	500	2377399	25265	505	2401400	25265	526	2501254	25265	
320	100047	78	500	156322	78	641	200168	78	956	300333	78	1000	314288	78	1272	400058	78	1500	471302	78	1593	500182	78	1913	600203	73	2000	627333	73	2233	700045	71	2500	783421	71	2553	800304	71	2872	900142	71	3000	939979	68	3192	1000086	68	3500	1096870	68	3510	1100023	68	3830	1200297	68	4000	1253442	68	4149	1300107	68	4469	1400300	68	4500	1410040	68	4788	1500105	68	5000	1566391	68	5108	1600244	68	5426	1700230	68	5500	1723813	68	5743	1800104	68	6000	1880948	68	6062	1900271	68	6382	2000289	68	6500	2037202	68	6702	2100256	68	7000	2192857	68	7023	2200050	68	7344	2300110	68	7500	2348693	68	7666	2400138	68	7986	2500033	68	
312	100149	80	500	160590	77	624	200303	73	934	300054	66	1000	321157	66	1244	400054	66	1500	482484	66	1555	500184	66	1867	600197	66	2000	643008	66	2177	700053	66	2488	800082	66	2500	803940	66	2799	900046	66	3000	964575	66	3111	1000308	66	3422	1100300	66	3500	1125589	66	3731	1200123	66	4000	1287247	66	4040	1300195	66	4352	1400330	66	4500	1447931	66	4662	1500198	66	4973	1600123	66	5000	1608844	66	5284	1700201	66	5500	1770090	66	5594	1800317	64	5903	1900112	64	6000	1931494	64	6213	2000051	64	6500	2092831	64	6523	2100290	64	6832	2200123	64	7000	2254433	64	7142	2300174	64	7449	2400131	64	7500	2416986	64	7757	2500230	64	
320	100035	57	500	156423	57	640	200154	57	959	300113	57	1000	312988	57	1279	400293	57	1500	469570	57	1598	500256	57	1917	600090	57	2000	625906	57	2238	700247	57	2500	781993	57	2558	800215	57	2878	900075	57	3000	938128	57	3199	1000260	57	3500	1094135	57	3519	1100111	57	3838	1200308	57	4000	1250889	57	4158	1300319	57	4478	1400268	57	4500	1407173	57	4795	1500213	57	5000	1566635	57	5107	1600026	57	5426	1700050	57	5500	1723234	57	5746	1800306	57	6000	1879799	57	6065	1900037	57	6384	2000090	57	6500	2036439	57	6704	2100143	57	7000	2192873	57	7023	2200120	57	7344	2300139	57	7500	2348917	57	7664	2400245	57	7984	2500064	57	
320	100052	80	500	156320	80	641	200203	80	962	300069	80	1000	311933	80	1284	400181	73	1500	467343	73	1605	500096	73	1928	600326	73	2000	623917	73	2240	700107	73	2500	781116	73	2561	800218	73	2883	900191	73	3000	936726	73	3204	1000155	73	3500	1091986	73	3526	1100123	73	3846	1200276	73	4000	1248557	73	4165	1300112	73	4487	1400131	73	4500	1404192	73	4808	1500064	73	5000	1559676	73	5131	1600298	73	5451	1700131	73	5500	1715438	73	5772	1800296	73	6000	1870941	73	6095	1900249	73	6418	2000063	73	6500	2025650	73	6740	2100117	73	7000	2180857	73	7062	2200067	73	7386	2300278	73	7500	2335634	73	7709	2400293	73	8000	2490552	73	8031	2500129	73	
303	100226	86	500	165107	86	606	200140	86	908	300266	86	1000	330878	86	1209	400112	81	1500	496455	77	1511	500125	77	1810	600069	77	2000	662835	77	2112	700330	77	2412	800140	77	2500	829406	77	2713	900184	77	3000	995596	77	3014	1000272	77	3315	1100097	72	3500	1161467	72	3617	1200294	72	3917	1300070	72	4000	1327612	72	4219	1400187	72	4500	1493239	72	4521	1500179	72	4822	1600105	72	5000	1659108	72	5123	1700316	72	5424	1800200	72	5500	1825678	72	5725	1900222	72	6000	1991457	72	6026	2000037	72	6327	2100213	72	6500	2157471	72	6629	2200153	72	6930	2300027	72	7000	2323387	72	7232	2400180	72	7500	2489100	72	7533	2500145	72	
345	100206	88	500	145108	92	689	200179	87	1000	290768	80	1032	300113	80	1372	400043	80	1500	437904	80	1713	500086	80	2000	583906	80	2056	600232	80	2396	700289	80	2500	730784	80	2737	800191	80	3000	876729	80	3080	900032	80	3423	1000172	57	3500	1022667	57	3766	1100117	57	4000	1168406	57	4109	1200251	57	4448	1300042	57	4500	1315493	57	4789	1400238	57	5000	1461989	57	5131	1500172	57	5474	1600243	57	5500	1607845	57	5815	1700212	57	6000	1754573	57	6156	1800285	57	6488	1900094	57	6500	1903614	57	6829	2000104	57	7000	2050147	57	7171	2100171	57	7500	2196557	57	7512	2200090	57	7853	2300117	57	8000	2343024	57	8195	2400230	57	8500	2489327	57	8537	2500149	57	
300	100163	72	500	166922	72	600	200193	72	900	300302	72	1000	333663	72	1200	400313	72	1499	500283	67	1500	500635	67	1800	600297	67	2000	667000	67	2099	700047	67	2399	800180	67	2500	833881	67	2699	900280	67	2991	1000310	67	3000	1003393	67	3288	1100201	67	3500	1170853	67	3587	1200236	67	3888	1300102	67	4000	1337121	67	4191	1400182	67	4493	1500209	67	4500	1502543	67	4795	1600197	67	5000	1668272	67	5096	1700327	67	5395	1800084	64	5500	1835011	64	5695	1900330	64	5993	2000033	64	6000	2002364	64	6292	2100139	64	6500	2169527	64	6592	2200022	64	6893	2300323	64	7000	2335848	64	7191	2400036	64	7492	2500257	64	
324	100310	64	500	154553	64	650	200175	64	978	300203	61	1000	306862	61	1304	400058	61	1500	459633	61	1633	500031	61	1960	600200	61	2000	612480	61	2287	700040	61	2500	764902	61	2615	800044	58	2944	900188	58	3000	917226	58	3272	1000247	58	3500	1069965	58	3599	1100046	58	3928	1200224	58	4000	1222134	58	4256	1300167	58	4500	1374302	58	4585	1400192	58	4912	1500146	58	5000	1527164	58	5236	1600131	58	5500	1681399	58	5562	1700317	58	5888	1800124	58	6000	1834186	58	6215	1900052	58	6500	1986539	58	6545	2000306	58	6873	2100255	58	7000	2138930	58	7202	2200293	58	7500	2290651	58	7531	2300091	58	7863	2400174	58	8000	2441582	58	8194	2500247	53	
312	100229	75	500	160339	75	624	200056	75	935	300077	75	1000	321299	75	1246	400235	75	1500	481562	75	1558	500234	75	1871	600321	75	2000	641722	75	2182	700331	75	2492	800090	66	2500	802690	66	2803	900214	66	3000	963681	66	3113	1000074	66	3424	1100229	66	3500	1124639	66	3735	1200176	66	4000	1285465	66	4046	1300323	66	4353	1400258	66	4500	1448470	66	4658	1500107	66	4965	1600300	66	5000	1611718	66	5274	1700059	66	5500	1772805	66	5584	1800177	66	5894	1900040	66	6000	1934276	66	6205	2000150	66	6500	2095124	66	6516	2100324	66	6820	2200286	66	7000	2259080	66	7127	2300015	66	7439	2400202	66	7500	2419800	66	7750	2500271	66	
312	100121	67	500	160681	67	623	200154	63	934	300161	63	1000	321493	63	1244	400267	63	1500	482362	63	1555	500057	63	1868	600197	63	2000	643434	63	2177	700226	62	2487	800114	56	2500	804317	56	2797	900067	56	3000	965378	56	3108	1000139	56	3419	1100169	56	3500	1126182	56	3731	1200252	56	4000	1286571	56	4042	1300397	56	4346	1400189	56	4500	1449655	56	4657	1500190	56	4969	1600277	56	5000	1610237	56	5279	1700030	56	5500	1770852	56	5591	1800208	56	5904	1900236	56	6000	1931088	56	6215	2000044	56	6500	2091147	56	6528	2100097	56	6839	2200039	56	7000	2251856	56	7151	2300304	56	7463	2400333	56	7500	2412140	56	7775	2500261	56	
369	100094	60	500	135583	59	737	200026	59	1000	271391	59	1105	300034	59	1476	400115	59	1500	406890	59	1838	500032	59	2000	543771	59	2208	600020	54	2500	679492	54	2576	700084	54	2947	800258	54	3000	814604	54	3317	900062	54	3500	949476	54	3688	1000094	54	4000	1084430	54	4058	1100187	54	4428	1200168	54	4500	1219799	54	4797	1300177	54	5000	1355250	54	5166	1400274	54	5500	1490488	54	5536	1500170	54	5906	1600266	54	6000	1625718	54	6275	1700232	54	6500	1761083	54	6644	1800163	54	7000	1896383	54	7014	1900194	54	7384	2000126	54	7500	2031589	54	7753	2100036	54	8000	2166809	54	8123	2200054	54	8493	2300159	54	8500	2302047	54	8863	2400174	54	9000	2437166	54	9233	2500101	54	
333	100291	82	500	150597	82	666	200244	82	995	300117	65	1000	301651	65	1323	400072	65	1500	453688	65	1654	500211	65	1984	600293	65	2000	605127	65	2311	700226	65	2500	757536	65	2641	800117	65	2971	900214	62	3000	909067	62	3300	1000014	62	3500	1061209	62	3628	1100095	62	3956	1200068	58	4000	1213409	58	4286	1300145	58	4500	1365017	58	4616	1400197	58	4945	1500139	58	5000	1516866	58	5274	1600186	58	5500	1669215	58	5602	1700241	58	5930	1800170	58	6000	1821272	58	6261	1900189	58	6500	1972642	58	6591	2000309	58	6921	2100116	58	7000	2124036	58	7250	2200158	58	7500	2275886	58	7580	2300088	58	7910	2400054	58	8000	2427376	58	8239	2500074	58	
344	100022	58	500	145494	52	687	200280	52	1000	291527	48	1029	300037	48	1372	400064	48	1500	437462	48	1715	500190	48	2000	583514	48	2057	600172	48	2397	700299	48	2500	730351	48	2739	800245	48	3000	876538	48	3081	900200	48	3423	1000273	47	3500	1022854	47	3765	1100286	47	4000	1169055	47	4106	1200081	47	4448	1300091	47	4500	1315270	47	4791	1400193	47	5000	1461126	47	5134	1500298	47	5475	1600217	47	5500	1607535	47	5807	1700128	47	6000	1757346	47	6145	1800083	47	6487	1900081	47	6500	1903866	47	6829	2000128	47	7000	2050336	47	7170	2100069	47	7500	2196946	47	7511	2200158	47	7853	2300304	47	8000	2343418	47	8193	2400198	47	8500	2489823	47	8535	2500068	47	
358	100163	63	500	140197	63	713	200169	63	1000	280979	63	1068	300153	63	1424	400064	63	1500	421444	63	1779	500084	63	2000	562012	63	2136	600264	63	2491	700140	56	2500	702678	56	2840	800246	56	3000	845239	56	3197	900189	56	3500	984927	56	3554	1000047	56	3913	1100079	56	4000	1124349	56	4272	1200242	56	4500	1264092	56	4629	1300098	56	4987	1400073	56	5000	1403713	56	5345	1500149	56	5500	1543442	56	5702	1600084	56	6000	1683745	56	6058	1700132	56	6415	1800165	56	6500	1823854	56	6773	1900125	56	7000	1963543	56	7130	2000077	56	7487	2100105	56	7500	2103726	56	7847	2200264	56	8000	2242888	56	8205	2300185	56	8500	2382556	56	8563	2400250	56	8920	2500023	56	
323	100253	87	500	155396	82	643	200289	82	961	300061	76	1000	312266	76	1280	400039	73	1500	468743	73	1600	500151	73	1920	600281	73	2000	625573	73	2238	700148	71	2500	782163	71	2557	800192	71	2874	900123	71	3000	939571	71	3194	1000264	71	3500	1096175	71	3513	1100273	71	3832	1200288	69	4000	1252968	69	4151	1300142	69	4470	1400281	69	4500	1409656	69	4789	1500082	69	5000	1566237	69	5108	1600030	69	5425	1700085	70	5500	1723934	70	5743	1800281	70	6000	1880749	70	6062	1900112	70	6381	2000024	70	6500	2037651	70	6698	2100274	70	7000	2195158	70	7016	2200212	70	7335	2300027	66	7500	2351651	66	7655	2400252	66	7975	2500046	66	
356	100217	62	500	140743	62	711	200054	59	1000	281630	59	1066	300192	59	1420	400014	59	1500	422449	59	1776	500014	59	2000	562968	59	2132	600155	59	2487	700096	59	2500	703784	59	2840	800051	59	3000	845053	55	3196	900255	51	3500	986233	51	3550	1000276	51	3905	1100059	51	4000	1126726	51	4261	1200250	51	4500	1267540	51	4615	1300070	51	4971	1400127	51	5000	1408330	51	5327	1500241	51	5500	1549028	51	5682	1600263	51	6000	1690172	51	6035	1700037	51	6390	1800053	51	6500	1831028	51	6746	1900260	51	7000	1971861	51	7094	2000043	51	7445	2100224	51	7500	2115649	51	7800	2200126	51	8000	2256524	51	8155	2300144	51	8500	2397384	51	8510	2400210	51	8866	2500249	51	
347	100037	66	500	144461	65	691	200181	65	1000	289556	65	1037	300246	65	1383	400198	65	1500	434283	65	1727	500193	61	2000	579206	61	2073	600268	61	2415	700060	61	2500	724570	61	2761	800093	61	3000	869346	61	3106	900150	61	3451	1000126	61	3500	1014330	61	3789	1100061	61	4000	1161535	61	4133	1200104	61	4476	1300037	60	4500	1307046	60	4821	1400018	60	5000	1452032	60	5166	1500294	60	5500	1597220	60	5510	1600154	60	5854	1700240	60	6000	1742613	60	6199	1800207	60	6500	1887244	60	6544	1900042	60	6890	2000294	60	7000	2032130	60	7233	2100013	60	7500	2177494	60	7578	2200083	60	7921	2300040	60	8000	2323196	60	8266	2400154	60	8500	2467685	60	8613	2500287	60	
331	100267	68	500	151599	68	656	200122	65	980	300272	65	1000	306285	65	1310	400111	65	1500	457538	65	1642	500285	65	1970	600103	62	2000	609374	62	2298	700248	62	2500	761566	62	2627	800279	62	2956	900146	62	3000	913530	62	3284	1000102	61	3500	1065884	61	3613	1100240	61	3941	1200247	61	4000	1218153	61	4270	1300244	61	4500	1370306	61	4598	1400080	61	4927	1500236	61	5000	1522545	61	5255	1600298	61	5500	1675121	61	5582	1700097	61	5910	1800067	61	6000	1827365	61	6239	1900073	61	6500	1979441	61	6568	2000099	61	6897	2100054	61	7000	2131321	61	7226	2200068	61	7500	2283520	61	7555	2300175	61	7884	2400168	61	8000	2435417	61	8212	2500147	61	
355	100071	61	500	140807	61	712	200285	61	1000	281467	53	1066	300064	53	1421	400191	53	1500	422596	53	1776	500227	53	2000	563160	53	2131	600253	53	2486	700147	53	2500	704085	53	2840	800226	53	3000	845319	53	3195	900259	53	3500	986058	53	3550	1000232	53	3904	1100038	53	4000	1127000	53	4259	1200074	53	4500	1268360	53	4613	1300182	53	4966	1400210	53	5000	1409794	53	5320	1500224	53	5500	1550963	53	5674	1600195	53	6000	1692095	53	6029	1700256	53	6379	1800283	53	6500	1834295	53	6734	1900285	53	7000	1975227	53	7088	2000117	53	7442	2100050	53	7500	2116370	53	7798	2200288	53	8000	2257172	53	8152	2300187	53	8497	2400086	53	8500	2400935	53	8852	2500047	53	
322	100204	87	500	155717	87	644	200324	87	965	300102	87	1000	310953	87	1288	400119	87	1500	465953	87	1609	500038	87	1930	600129	87	2000	621817	87	2252	700237	87	2500	777321	87	2574	800323	87	2896	900163	87	3000	932349	87	3219	1000287	87	3500	1087549	87	3541	1100268	87	3862	1200323	87	4000	1243479	87	4183	1300164	87	4500	1398893	87	4504	1400139	87	4817	1500300	87	5000	1557003	87	5138	1600123	87	5460	1700193	87	5500	1712635	87	5781	1800055	87	6000	1868001	87	6103	1900114	66	6422	2000240	66	6500	2024772	66	6741	2100105	66	7000	2181113	66	7061	2200274	66	7381	2300334	66	7500	2337518	66	7699	2400121	66	8000	2494609	66	8018	2500261	66	
118	100311	337	236	200651	337	354	300585	337	472	400130	337	500	423738	337	591	500447	337	706	600855	337	824	700877	337	942	800422	337	1000	849553	337	1060	900186	337	1179	1000568	337	1297	1100179	337	1415	1200059	337	1500	1271835	337	1534	1300548	337	1652	1400139	337	1770	1500298	337	1888	1600550	337	2000	1695581	337	2006	1700698	337	2124	1800629	337	2242	1900656	337	2360	2000699	337	2478	2100695	337	2500	2119377	337	2596	2200810	337	2714	2300636	337	2832	2400812	337	2950	2500485	337	
103	100526	351	205	200127	351	308	300840	351	410	400281	351	500	488454	351	512	500245	351	614	600186	351	717	700668	351	820	800852	351	923	900939	351	1000	975908	351	1025	1000261	351	1128	1100596	351	1231	1200801	351	1333	1300269	351	1436	1400909	351	1500	1463233	351	1538	1500401	351	1640	1600071	351	1743	1700823	351	1845	1800257	351	1948	1900288	351	2000	1950892	351	2051	2000512	351	2154	2101001	351	2256	2200461	351	2358	2300290	351	2460	2400226	351	2500	2439238	351	2563	2500436	351	
106	100125	339	213	201014	339	318	300370	339	424	400519	339	500	472378	339	530	500734	339	635	600479	339	741	700536	339	847	800635	339	953	900891	339	1000	945237	339	1058	1000466	339	1164	1100892	339	1269	1200086	339	1375	1300160	339	1481	1400751	339	1500	1418793	339	1586	1500181	339	1692	1600539	339	1796	1700068	339	1899	1800733	339	2000	1896119	339	2005	1900959	339	2111	2000886	339	2216	2100487	339	2322	2200938	339	2428	2300751	339	2500	2368664	339	2534	2400830	339	2640	2500513	339	
115	100791	325	229	200812	325	343	300700	325	457	400460	325	500	438154	325	571	500346	325	685	600365	325	799	700208	325	914	800829	325	1000	878508	325	1025	900310	325	1140	1000921	325	1254	1100641	325	1368	1200333	325	1482	1300157	325	1500	1316127	325	1596	1400550	325	1710	1500524	325	1824	1600748	325	1937	1700408	325	2000	1755535	325	2051	1800420	325	2166	1900907	325	2280	2000717	325	2394	2100447	325	2500	2193356	325	2508	2200399	325	2622	2300555	325	2736	2400148	325	2850	2500056	325	
112	100656	355	223	200440	355	335	300815	355	446	400685	355	500	448947	355	557	500139	355	669	600583	355	780	700125	355	892	800406	355	1000	897399	355	1003	900164	355	1115	1000348	355	1227	1100626	355	1339	1200900	355	1450	1300425	355	1500	1345380	355	1562	1400873	355	1674	1500922	355	1784	1600241	355	1896	1700738	355	2000	1794413	355	2007	1800690	355	2118	1900620	355	2230	2000900	355	2341	2100336	355	2453	2200573	355	2500	2243254	355	2564	2300736	355	2675	2400291	355	2787	2500571	355	
105	100089	339	210	200537	339	315	300876	339	420	400680	339	500	476932	339	524	500206	339	629	600410	339	734	700883	339	838	800778	339	942	900079	339	1000	955534	339	1047	1000561	339	1152	1100846	339	1257	1200784	339	1362	1300851	339	1467	1400943	339	1500	1432596	339	1571	1500490	339	1675	1600444	339	1780	1700428	339	1885	1800540	339	1990	1900914	339	2000	1910501	339	2095	2000943	339	2197	2100443	339	2302	2200214	339	2407	2300097	339	2500	2388892	339	2512	2400465	339	2617	2500945	339	
115	100287	385	229	200168	385	343	300252	385	458	400770	385	500	437302	385	572	500206	385	687	600761	385	802	700812	385	917	800905	385	1000	873746	385	1031	900934	385	1144	1000269	385	1259	1100100	385	1371	1200691	385	1485	1300099	385	1500	1313279	385	1600	1400446	385	1714	1500158	385	1829	1600401	385	1943	1700171	385	2000	1749766	385	2058	1800393	385	2173	1900437	385	2288	2000780	385	2403	2100727	385	2500	2185166	385	2518	2200798	385	2633	2300747	385	2747	2400345	385	2862	2500463	385	
120	100533	345	240	200517	345	357	300543	345	477	400602	345	500	419947	345	596	500143	345	716	600502	345	836	700367	345	956	800137	345	1000	837034	345	1076	900810	345	1195	1000143	345	1315	1100138	345	1435	1200198	345	1500	1254197	345	1555	1300061	345	1675	1400291	345	1795	1500767	345	1913	1600187	345	2000	1672501	345	2033	1700065	345	2153	1800133	345	2273	1900513	345	2393	2000697	345	2500	2090341	345	2512	2100473	345	2632	2200810	345	2752	2300675	345	2872	2400390	345	2992	2500185	345	
113	100408	369	225	200250	369	338	300565	369	451	400880	369	500	444543	369	563	500596	369	675	600081	369	788	700313	369	901	800491	369	1000	888422	369	1014	900868	369	1126	1000349	369	1238	1100180	369	1351	1200621	369	1463	1300363	369	1500	1333788	369	1575	1400561	369	1687	1500682	369	1799	1600902	369	1911	1700263	369	2000	1779154	369	2024	1800521	369	2136	1900142	369	2249	2000769	369	2361	2100116	369	2474	2200581	369	2500	2223701	369	2587	2300899	369	2696	2400111	369	2809	2500369	369	
111	100250	358	222	200219	358	333	300220	358	445	400875	358	500	451013	358	555	500590	358	666	600950	358	776	700364	358	887	800885	358	998	900850	358	1000	902711	358	1108	1000096	358	1219	1100060	358	1331	1200867	358	1442	1300679	358	1500	1352945	358	1552	1400138	358	1660	1500566	358	1771	1600693	358	1881	1700108	358	1992	1800427	358	2000	1807703	358	2103	1900174	358	2214	2000175	358	2325	2100279	358	2436	2200182	358	2500	2258077	358	2547	2300456	358	2658	2400615	358	2769	2500786	358	
114	100136	376	228	200244	376	342	300766	376	455	400295	376	500	439784	376	569	500264	376	680	600144	376	794	700415	376	908	800475	376	1000	881075	376	1022	900688	376	1136	1000855	376	1250	1100789	376	1364	1200770	376	1478	1300508	376	1500	1319893	376	1592	1400761	376	1705	1500850	376	1818	1600386	376	1932	1700538	376	2000	1760457	376	2046	1800882	376	2159	1900493	376	2272	2000260	376	2386	2100736	376	2500	2200903	376	2500	2200962	376	2613	2300083	376	2727	2400428	376	2841	2500350	376	
110	100901	333	219	200907	333	328	300608	333	437	400510	333	500	458629	333	546	500743	333	655	600612	333	764	700886	333	872	800205	333	981	900930	333	1000	918518	333	1088	1000142	333	1197	1100335	333	1306	1200649	333	1415	1300644	333	1500	1378784	333	1523	1400135	333	1632	1500552	333	1741	1600840	333	1849	1700291	333	1958	1800095	333	2000	1838652	333	2067	1900058	333	2176	2000177	333	2285	2100331	333	2394	2200209	333	2500	2297648	333	2503	2300454	333	2612	2400566	333	2720	2500231	333	
115	100647	357	229	200671	357	343	300507	357	457	400747	357	500	438324	357	571	500535	357	685	600295	357	799	700249	357	913	800246	357	1000	876454	357	1027	900223	357	1141	1000091	357	1256	1100501	357	1370	1200459	357	1484	1300236	357	1500	1314252	357	1598	1400307	357	1712	1500569	357	1826	1600385	357	1940	1700378	357	2000	1759780	357	2046	1800889	357	2159	1900261	357	2274	2000896	357	2387	2100328	357	2500	2199422	357	2501	2200357	357	2615	2300068	357	2730	2400723	357	2844	2500581	357	
116	100052	337	232	200155	337	349	300850	337	465	400694	337	500	430836	337	581	500665	337	696	600378	337	812	700427	337	928	800543	337	1000	864952	337	1040	900252	337	1156	1000521	337	1271	1100072	337	1387	1200186	337	1500	1298266	337	1502	1300058	337	1618	1400647	337	1733	1500873	337	1848	1600414	337	1964	1700401	337	2000	1731357	337	2080	1800580	337	2195	1900342	337	2311	2000155	337	2427	2100220	337	2500	2163221	337	2543	2200261	337	2659	2300415	337	2775	2400410	337	2891	2500256	337	
118	100552	349	236	200350	349	354	300294	349	472	400661	349	500	424373	349	590	500800	349	708	600838	349	825	700429	349	943	800418	349	1000	848779	349	1061	900599	349	1178	1000176	349	1296	1100497	349	1413	1200358	349	1500	1274036	349	1531	1300256	349	1649	1400335	349	1766	1500089	349	1884	1600604	349	2000	1699131	349	2002	1700876	349	2119	1800248	349	2238	1900793	349	2355	2000458	349	2472	2100059	349	2500	2123938	349	2590	2200116	349	2707	2300235	349	2825	2400747	349	2943	2500744	349	
109	100344	355	218	200252	355	327	300372	355	436	400764	355	500	459260	355	545	500647	355	654	600441	355	763	700259	355	872	800090	355	981	900387	355	1000	917884	355	1090	1000423	355	1199	1100365	355	1308	1200467	355	1417	1300405	355	1500	1376860	355	1526	1400793	355	1635	1500889	355	1744	1600576	355	1853	1700435	355	1962	1800401	355	2000	1835412	355	2071	1900650	355	2179	2000085	355	2286	2100090	355	2395	2200262	355	2500	2296259	355	2505	2300874	355	2614	2400658	355	2723	2500730	355	
115	100069	349	230	200243	349	345	300232	349	460	400524	349	500	435271	349	575	500690	349	690	600846	349	804	700183	349	919	800076	349	1000	870537	349	1034	900343	349	1149	1000299	349	1264	1100691	349	1375	1200159	349	1490	1300433	349	1500	1309403	349	1604	1400766	349	1718	1500132	349	1833	1600098	349	1948	1700330	349	2000	1746285	349	2062	1800164	349	2177	1900129	349	2291	2000300	349	2406	2100738	349	2500	2182636	349	2521	2200913	349	2636	2300876	349	2751	2400826	349	2865	2500228	349	
116	100367	375	231	200165	375	343	300681	375	458	400221	375	500	436887	375	573	500183	375	689	600762	375	804	700316	375	920	800765	375	1000	870724	375	1034	900420	375	1150	1000837	375	1265	1100580	375	1380	1200688	375	1495	1300545	375	1500	1304995	375	1609	1400134	375	1725	1500837	375	1840	1600876	375	1954	1700175	375	2000	1740133	375	2070	1800526	375	2186	1900844	375	2301	2000646	375	2416	2100083	375	2500	2172647	375	2532	2200433	375	2647	2300198	375	2763	2400822	375	2878	2500632	375	
118	100733	332	235	200489	332	351	300383	332	468	400669	332	500	428250	332	585	500705	332	702	600423	332	819	700224	332	935	800094	332	1000	856163	332	1052	900487	332	1169	1000280	332	1286	1100262	332	1403	1200202	332	1500	1283889	332	1519	1300254	332	1636	1400638	332	1753	1500878	332	1869	1600409	332	1986	1700075	332	2000	1712139	332	2104	1800894	332	2220	1900056	332	2337	2000104	332	2455	2100735	332	2500	2138908	332	2572	2200191	332	2689	2300128	332	2804	2400128	332	2922	2500610	332	
123	100429	340	245	200358	340	366	300096	340	489	400509	340	500	409516	340	612	500781	340	734	600130	340	857	700403	340	979	800092	340	1000	817271	340	1102	900425	340	1225	1000403	340	1348	1100731	340	1470	1200822	340	1500	1225534	340	1591	1300159	340	1713	1400421	340	1833	1500524	340	1956	1600766	340	2000	1636663	340	2078	1700581	340	2201	1800772	340	2323	1900379	340	2446	2000666	340	2500	2044677	340	2568	2100185	340	2691	2200419	340	2813	2300373	340	2935	2400180	340	3000	2453151	340	3058	2500461	340	
24	101369	1669	48	203065	1669	72	304246	1669	95	401059	1669	119	503978	1669	142	601076	1669	166	702123	1669	190	803214	1669	213	900336	1669	237	1001450	1669	261	1103216	1669	284	1200395	1669	308	1301935	1669	332	1403664	1669	356	1504301	1669	379	1601247	1669	403	1702101	1669	427	1804151	1669	450	1900986	1669	474	2001773	1669	498	2102765	1669	500	2111488	1669	521	2200321	1669	545	2301310	1669	569	2402366	1669	593	2503719	1669	
25	103814	1769	49	203768	1769	73	303625	1769	97	403446	1769	121	504136	1769	145	603907	1769	169	703375	1769	193	803073	1769	217	902208	1769	241	1001678	1769	265	1101385	1769	289	1201060	1769	313	1301317	1769	337	1401139	1769	361	1501330	1769	385	1600758	1769	409	1700471	1769	433	1800513	1769	457	1900579	1769	481	2000797	1769	500	2079742	1769	505	2100805	1769	529	2200499	1769	553	2300931	1769	577	2400870	1769	601	2502488	1769	
25	104267	1800	49	203278	1800	73	302444	1800	97	401283	1800	122	504191	1800	146	602779	1800	170	702055	1800	194	800967	1800	219	903831	1800	243	1002674	1800	267	1101979	1800	291	1201262	1800	316	1303976	1800	340	1402521	1800	364	1502015	1800	388	1602324	1800	412	1701631	1800	436	1800497	1800	461	1903353	1800	485	2001748	1800	500	2063955	1800	509	2101619	1800	533	2200737	1800	558	2303593	1800	582	2401971	1800	606	2500603	1800	
25	102740	1759	49	201450	1759	73	300518	1759	98	403888	1759	122	502416	1759	146	603776	1759	170	703330	1759	194	802129	1759	218	901089	1759	242	1000341	1759	267	1103903	1759	291	1204307	1759	315	1302934	1759	339	1401750	1759	363	1500456	1759	388	1603839	1759	412	1702828	1759	436	1802188	1759	460	1901215	1759	485	2003641	1759	500	2065221	1759	509	2102638	1759	533	2201254	1759	558	2304079	1759	582	2403172	1759	606	2502278	1759	
24	100378	1726	49	204058	1726	72	300463	1726	97	404466	1726	121	504014	1726	145	603957	1726	169	703605	1726	193	803468	1726	217	903814	1726	241	1004337	1726	264	1100525	1726	288	1200461	1726	312	1300372	1726	336	1400519	1726	360	1500799	1726	384	1601091	1726	408	1701562	1726	432	1801713	1726	456	1902031	1726	480	2002094	1726	500	2085404	1726	504	2102444	1726	528	2202492	1726	552	2302907	1726	576	2402777	1726	600	2502934	1726	
25	103325	1758	49	201728	1758	73	300768	1758	98	403962	1758	122	502860	1758	146	602091	1758	170	701088	1758	194	800362	1758	219	904127	1758	243	1003618	1758	267	1102870	1758	291	1201572	1758	315	1301225	1758	340	1404277	1758	364	1502917	1758	388	1602029	1758	412	1703468	1758	436	1802234	1758	460	1901279	1758	485	2003989	1758	500	2065599	1758	509	2103119	1758	533	2202107	1758	557	2301366	1758	581	2400430	1758	606	2503626	1758	
25	103024	1712	49	201671	1712	73	300536	1712	98	403659	1712	122	502760	1712	146	601793	1712	170	702908	1712	194	802473	1712	218	901998	1712	242	1000460	1712	267	1102794	1712	291	1201483	1712	315	1300413	1712	340	1403170	1712	364	1502141	1712	388	1601114	1712	412	1700365	1712	437	1803060	1712	461	1902182	1712	485	2000555	1712	500	2062370	1712	510	2103932	1712	534	2202679	1712	558	2301511	1712	583	2404206	1712	607	2502999	1712	
25	103782	1712	49	203033	1712	73	301925	1712	97	401163	1712	121	500404	1712	146	603653	1712	170	703167	1712	194	802374	1712	218	901702	1712	242	1000707	1712	267	1104373	1712	291	1203474	1712	315	1302784	1712	339	1401559	1712	364	1504322	1712	388	1603882	1712	412	1702921	1712	436	1802151	1712	460	1901943	1712	484	2001106	1712	500	2067489	1712	508	2100647	1712	533	2204194	1712	557	2303292	1712	581	2402041	1712	605	2501180	1712	
24	100483	1743	48	200765	1743	72	301764	1743	96	402342	1743	120	503352	1743	144	603712	1743	167	700755	1743	191	801184	1743	215	902093	1743	239	1003158	1743	263	1104089	1743	286	1200377	1743	310	1301557	1743	334	1401612	1743	358	1502007	1743	382	1602573	1743	406	1702754	1743	429	1801927	1743	453	1902979	1743	477	2003448	1743	500	2099697	1743	501	2104307	1743	524	2200637	1743	548	2301664	1743	572	2402389	1743	596	2502764	1743	
24	101014	1684	48	201688	1684	72	302323	1684	96	403209	1684	120	504291	1684	143	601058	1684	167	701799	1684	191	804496	1684	214	901562	1684	238	1002178	1684	262	1102847	1684	286	1203715	1684	310	1304059	1684	333	1400693	1684	357	1501107	1684	381	1601902	1684	405	1702580	1684	429	1803197	1684	453	1903555	1684	477	2004252	1684	500	2100914	1684	500	2101218	1684	524	2202058	1684	548	2302477	1684	572	2403517	1684	596	2504047	1684	
25	101192	1705	50	202550	1705	74	300486	1705	99	402027	1705	124	503834	1705	147	600497	1705	172	701700	1705	197	803019	1705	221	900722	1705	246	1002397	1705	271	1103736	1705	295	1200799	1705	320	1302157	1705	345	1403326	1705	369	1500748	1705	394	1602206	1705	419	1703608	1705	443	1801300	1705	468	1902672	1705	493	2004097	1705	500	2032876	1705	517	2101578	1705	542	2202669	1705	567	2304116	1705	591	2401572	1705	616	2503585	1705	
26	101639	1778	52	202593	1778	77	300654	1778	103	402552	1778	129	503788	1778	154	600938	1778	180	702227	1778	206	803184	1778	231	900453	1778	257	1001869	1778	283	1102944	1778	309	1204247	1778	334	1301455	1778	360	1403048	1778	385	1500319	1778	411	1601293	1778	437	1701946	1778	463	1803964	1778	488	1902591	1778	500	1950042	1778	513	2000693	1778	539	2101751	1778	565	2202754	1778	591	2303767	1778	616	2402815	1778	642	2503848	1778	
25	102879	1776	49	201811	1776	73	301203	1776	98	404244	1776	122	503427	1776	146	602511	1776	170	701281	1776	194	800366	1776	219	903419	1776	242	1000730	1776	267	1103149	1776	291	1201872	1776	315	1300801	1776	340	1403724	1776	364	1503044	1776	388	1601844	1776	412	1700749	1776	437	1803374	1776	461	1902681	1776	485	2001680	1776	500	2064013	1776	509	2101164	1776	534	2204398	1776	558	2303130	1776	582	2402268	1776	606	2501281	1776	
25	101722	1737	50	202231	1737	75	304089	1737	99	401496	1737	124	502769	1737	149	603994	1737	173	700771	1737	198	801781	1737	223	902458	1737	248	1003509	1737	272	1100322	1737	297	1201136	1737	322	1301433	1737	347	1402287	1737	372	1503071	1737	397	1603701	1737	421	1700804	1737	446	1801630	1737	471	1902629	1737	496	2003928	1737	500	2020444	1737	520	2101217	1737	545	2201305	1737	570	2302161	1737	595	2403293	1737	620	2504224	1737	
26	102964	1742	51	202091	1742	76	301104	1742	102	403477	1742	127	502005	1742	152	600633	1742	178	703166	1742	203	802702	1742	228	901637	1742	253	1001015	1742	279	1104091	1742	304	1203663	1742	329	1302342	1742	354	1401334	1742	379	1500632	1742	405	1603196	1742	430	1702392	1742	455	1801550	1742	481	1904142	1742	500	1979305	1742	506	2003395	1742	530	2101088	1742	555	2201045	1742	581	2303781	1742	606	2402850	1742	631	2501992	1742	
26	102785	1764	51	201902	1764	76	300903	1764	102	403251	1764	127	501471	1764	152	600293	1764	178	703676	1764	203	802019	1764	228	900682	1764	254	1003747	1764	278	1100699	1764	304	1203256	1764	329	1301700	1764	355	1403896	1764	380	1502594	1764	405	1601100	1764	431	1703837	1764	456	1802374	1764	481	1900923	1764	500	1975742	1764	507	2003491	1764	532	2101886	1764	557	2200623	1764	583	2303186	1764	608	2401782	1764	633	2500444	1764	
26	100616	1725	52	203424	1725	78	303340	1725	104	403066	1725	130	503314	1725	156	603456	1725	182	703973	1725	208	803934	1725	233	900528	1725	259	1000682	1725	285	1101339	1725	311	1201654	1725	337	1301709	1725	363	1402465	1725	389	1503078	1725	415	1603362	1725	441	1704028	1725	466	1800435	1725	492	1900828	1725	500	1931743	1725	518	2001533	1725	544	2101964	1725	570	2202471	1725	596	2302980	1725	622	2403233	1725	648	2503273	1725	
26	103950	1716	51	203630	1716	76	303260	1716	101	403147	1716	126	502535	1716	151	602178	1716	176	702018	1716	201	801425	1716	226	901242	1716	251	1000980	1716	276	1100957	1716	302	1204122	1716	326	1300310	1716	352	1404211	1716	377	1503977	1716	402	1603475	1716	427	1703011	1716	452	1802596	1716	476	1902180	1716	500	1998470	1716	501	2002720	1716	526	2102436	1716	551	2203525	1716	576	2302726	1716	601	2402533	1716	626	2502085	1716	
26	101358	1725	52	202524	1725	78	303962	1725	103	401009	1725	129	502497	1725	155	604071	1725	180	701258	1725	206	802945	1725	232	903888	1725	257	1001069	1725	283	1102122	1725	307	1200617	1725	333	1303020	1725	359	1404204	1725	384	1501361	1725	410	1602726	1725	436	1703771	1725	461	1801142	1725	487	1902399	1725	500	1953103	1725	513	2003844	1725	538	2101077	1725	564	2202316	1725	590	2303729	1725	615	2401022	1725	641	2502093	1725	
26	100464	1715	52	200977	1715	78	303568	1715	103	400447	1715	129	501215	1715	155	602138	1715	181	703130	1715	206	800379	1715	232	901664	1715	258	1002403	1715	284	1103868	1715	309	1200545	1715	335	1301348	1715	361	1402153	1715	387	1503082	1715	413	1603917	1715	438	1700692	1715	464	1801466	1715	490	1902067	1715	500	1941006	1715	516	2003006	1715	541	2100417	1715	567	2200894	1715	593	2301731	1715	619	2402189	1715	645	2502735	1715	
310	100039	121	500	163083	117	611	200247	117	910	300339	117	1000	330282	117	1210	400314	117	1500	496930	103	1510	500271	103	1811	600248	90	2000	662974	90	2112	700075	90	2415	800302	90	2500	828399	90	2716	900167	90	3000	994866	90	3016	1000208	90	3317	1100151	90	3500	1161361	90	3617	1200167	90	3919	1300190	90	4000	1327160	90	4220	1400210	90	4500	1493985	90	4519	1500338	90	4818	1600018	90	5000	1660270	90	5120	1700127	90	5421	1800199	90	5500	1826692	90	5721	1900136	90	6000	1992893	90	6022	2000148	90	6324	2100230	90	6500	2158746	90	6625	2200066	90	6926	2300348	81	7000	2326781	81	7219	2400340	81	7500	2493695	81	7519	2500025	81	
321	100293	135	500	157884	130	631	200239	114	937	300148	107	1000	320506	107	1247	400242	95	1500	481497	88	1558	500239	87	1867	600110	68	2000	643130	68	2176	700214	68	2485	800195	69	2500	805020	69	2794	900086	69	3000	966690	69	3104	1000328	65	3414	1100203	65	3500	1127779	65	3725	1200322	65	4000	1288891	65	4035	1300089	65	4348	1400259	59	4500	1451383	58	4648	1500017	58	4957	1600084	58	5000	1613956	58	5268	1700214	58	5500	1775038	58	5578	1800145	58	5888	1900143	58	6000	1936146	58	6199	2000121	58	6500	2096899	58	6510	2100157	58	6821	2200232	58	7000	2257956	58	7131	2300241	58	7442	2400201	58	7500	2418764	58	7753	2500085	58	
309	100107	203	500	164081	203	608	200259	195	905	300192	190	1000	332155	190	1202	400105	190	1500	500313	190	1500	500332	190	1789	600149	190	2000	671507	180	2086	700280	168	2384	800275	168	2500	839214	168	2682	900189	139	2980	1000230	131	3000	1006942	131	3277	1100159	124	3500	1174957	124	3575	1200116	124	3872	1300026	124	4000	1342926	111	4170	1400017	111	4467	1500101	107	4500	1511256	107	4764	1600086	108	5000	1679113	108	5063	1700313	108	5361	1800342	108	5500	1846763	108	5660	1900325	108	5958	2000310	106	6000	2014326	106	6256	2100234	106	6500	2182887	106	6552	2200318	106	6849	2300180	102	7000	2350688	102	7149	2400329	102	7447	2500211	95	
313	100108	138	500	161577	97	618	200270	85	922	300205	85	1000	325982	85	1225	400043	85	1500	490568	85	1529	500078	85	1834	600149	81	2000	655139	81	2135	700054	81	2438	800116	81	2500	820616	81	2739	900226	81	3000	987916	81	3037	1000296	81	3339	1100315	81	3500	1153385	81	3642	1200289	81	3945	1300185	81	4000	1318399	81	4248	1400187	81	4500	1483257	81	4551	1500074	81	4853	1600251	81	5000	1648763	81	5142	1700099	81	5445	1800244	81	5500	1818417	81	5748	1900134	81	6000	1983341	81	6051	2000158	81	6353	2100066	81	6500	2148718	81	6656	2200179	81	6958	2300278	81	7000	2314222	81	7260	2400081	81	7500	2479120	81	7564	2500187	81	
313	100311	123	500	162899	123	612	200152	123	913	300032	123	1000	328966	123	1214	400028	123	1500	494954	123	1516	500284	123	1818	600306	123	2000	660476	120	2120	700245	120	2422	800097	118	2500	825956	116	2724	900251	116	3000	992028	116	3025	1000296	116	3326	1100310	116	3500	1157964	116	3627	1200248	116	3927	1300203	116	4000	1324446	116	4228	1400133	116	4500	1490668	116	4529	1500229	116	4829	1600168	116	5000	1656908	110	5131	1700342	108	5425	1800132	108	5500	1825152	108	5727	1900170	107	6000	1990467	95	6029	2000081	95	6332	2100204	88	6500	2155884	88	6634	2200311	88	6936	2300043	84	7000	2321242	84	7238	2400101	77	7500	2487073	74	7540	2500302	74	
305	100108	137	500	166298	128	600	200334	128	892	300024	128	1000	336954	128	1186	400186	128	1478	500031	123	1500	507531	123	1769	600285	103	2000	679181	103	2062	700349	103	2355	800125	103	2500	856333	103	2624	900190	103	2917	1000152	103	3000	1028461	103	3210	1100081	103	3500	1199160	103	3503	1200204	103	3797	1300272	103	4000	1369457	103	4090	1400154	103	4383	1500254	103	4500	1540420	99	4676	1600284	99	4968	1700230	99	5000	1711187	99	5261	1800224	99	5500	1881663	99	5554	1900160	99	5847	2000259	95	6000	2052361	95	6140	2100117	95	6433	2200106	95	6500	2223048	95	6724	2300059	95	7000	2394490	95	7017	2400284	95	7310	2500031	95	
305	100073	181	500	165954	170	602	200282	170	896	300160	168	1000	335321	168	1192	400351	161	1487	500224	161	1500	504685	161	1782	600242	161	2000	674221	161	2076	700119	161	2371	800235	161	2500	843901	161	2666	900217	161	2961	1000122	151	3000	1013404	151	3255	1100137	148	3500	1182851	148	3551	1200045	148	3845	1300067	148	4000	1352360	148	4141	1400052	148	4437	1500080	146	4500	1521275	146	4734	1600352	146	5000	1690293	142	5029	1700056	142	5325	1800114	142	5500	1859192	142	5621	1900101	142	5918	2000183	142	6000	2027846	142	6214	2100261	142	6500	2196888	142	6510	2200261	142	6805	2300057	142	7000	2366015	142	7101	2400118	142	7397	2500320	142	
303	100054	160	500	167078	143	598	200183	118	892	300198	112	1000	336838	112	1185	400205	104	1480	500060	102	1500	506878	102	1776	600139	102	2000	676141	102	2071	700266	102	2366	800328	102	2500	845603	102	2661	900351	102	2955	1000338	100	3000	1015610	100	3249	1100285	100	3500	1185563	100	3543	1200220	100	3837	1300174	100	4000	1355863	100	4130	1400088	100	4426	1500276	100	4500	1525275	100	4722	1600303	98	5000	1694745	98	5016	1700203	98	5311	1800098	98	5500	1864276	98	5606	1900075	98	5903	2000260	98	6000	2032912	98	6191	2100080	98	6484	2200026	97	6500	2205457	97	6779	2300144	97	7000	2375900	97	7072	2400346	97	7366	2500196	93	
310	100114	148	500	163412	144	610	200091	120	910	300179	111	1000	330063	109	1211	400196	97	1500	495683	97	1514	500297	97	1816	600287	87	2000	661053	82	2118	700105	82	2420	800131	82	2500	826666	82	2722	900302	82	3000	992324	82	3023	1000019	82	3325	1100260	82	3500	1158345	82	3621	1200058	82	3921	1300097	82	4000	1326278	82	4223	1400054	82	4500	1491682	82	4526	1500248	82	4828	1600286	82	5000	1657227	82	5129	1700204	82	5431	1800047	82	5500	1822905	82	5733	1900224	82	6000	1989158	82	6033	2000035	82	6336	2100035	72	6500	2154381	72	6638	2200149	72	6941	2300326	72	7000	2319935	72	7243	2400061	72	7500	2485745	72	7544	2500337	72	
305	100016	163	500	166181	154	600	200046	144	893	300268	136	1000	337987	134	1180	400268	124	1474	500281	117	1500	509192	117	1766	600071	114	2000	680245	114	2059	700325	110	2352	800224	110	2500	850869	110	2645	900326	110	2937	1000293	110	3000	1021806	110	3230	1100298	110	3500	1192587	110	3522	1200092	110	3815	1300151	110	4000	1363451	109	4107	1400035	109	4400	1500052	97	4500	1534162	97	4692	1600065	97	4981	1700038	97	5000	1706536	97	5274	1800207	97	5500	1877838	97	5565	1900069	97	5859	2000192	97	6000	2048410	97	6151	2100122	97	6443	2200045	97	6500	2219422	97	6738	2300329	97	7000	2389500	97	7031	2400092	97	7324	2500103	97	
96	100186	8965	197	200634	5481	297	300100	2125	394	401096	1700	489	500901	1616	500	512588	1616	584	600959	1572	679	701026	1572	773	800150	1572	868	900389	1502	963	1000428	1478	1000	1039364	1423	1058	1100605	1408	1153	1200816	1361	1248	1300799	1361	1343	1400968	1361	1437	1500268	1361	1500	1567223	1361	1531	1600126	1361	1625	1700256	1361	1720	1800276	1327	1815	1900252	1327	1910	2000219	1313	2000	2095254	1313	2005	2100639	1313	2100	2200893	1313	2194	2300093	1313	2289	2400499	1313	2382	2500638	1313	
100	100863	9203	204	200609	5143	305	300074	2795	403	400323	2349	500	499611	2293	501	500712	2293	598	600183	2185	696	700834	1945	793	800917	1786	889	900858	1677	985	1000188	1674	1000	1015860	1674	1082	1100462	1674	1178	1200076	1674	1276	1300958	1639	1373	1400756	1639	1468	1501730	1588	1500	1538285	1588	1560	1600588	1588	1657	1700517	1588	1754	1800458	1588	1851	1900528	1588	1947	2000378	1588	2000	2055103	1588	2044	2100402	1588	2141	2200179	1588	2238	2300182	1588	2335	2400471	1588	2432	2500307	1588	
103	100761	6656	207	200369	2223	305	300518	1690	401	400250	1661	498	500411	1661	500	502527	1661	594	600760	1661	688	700282	1653	785	801114	1627	881	900736	1576	977	1000481	1576	1000	1024380	1570	1074	1101078	1562	1171	1201054	1562	1267	1300195	1562	1364	1400509	1562	1461	1500853	1554	1500	1541119	1554	1558	1600658	1474	1655	1701007	1413	1752	1800845	1391	1849	1900206	1388	1947	2000839	1388	2000	2055185	1388	2044	2100525	1388	2141	2200647	1388	2237	2300089	1375	2334	2400298	1364	2431	2500301	1364	
103	100551	5213	205	200499	1990	300	300783	1847	396	400869	1666	491	500594	1666	500	510086	1643	587	601095	1518	682	700551	1518	777	800536	1517	872	900589	1518	967	1000215	1518	1000	1034802	1518	1062	1100181	1492	1158	1200268	1378	1254	1300510	1378	1350	1401136	1378	1444	1500362	1378	1500	1559124	1378	1539	1600114	1378	1635	1700703	1378	1730	1800848	1378	1824	1900244	1378	1919	2000066	1378	2000	2085166	1352	2015	2101110	1352	2110	2200777	1352	2205	2300306	1352	2300	2400110	1352	2396	2500997	1352	
102	100705	6135	203	200400	2364	299	300086	1982	395	400794	1920	490	500365	1920	500	510850	1920	585	600286	1920	680	700117	1897	776	800233	1777	871	900310	1711	966	1000340	1668	1000	1035711	1640	1062	1100689	1640	1157	1200084	1609	1253	1300671	1554	1348	1400182	1554	1444	1500912	1554	1500	1559334	1537	1539	1600230	1537	1635	1700945	1537	1729	1800837	1537	1823	1900389	1537	1919	2000685	1537	2000	2085259	1537	2015	2100911	1537	2110	2200421	1537	2205	2300294	1537	2301	2400621	1537	2396	2500237	1537	
101	100499	6497	203	200396	2412	299	300417	2018	395	400593	1853	490	500140	1801	500	510673	1801	586	600635	1801	682	701064	1801	777	800705	1801	871	900623	1801	965	1000251	1801	1000	1036988	1801	1060	1100344	1774	1155	1200341	1774	1250	1300101	1774	1346	1400805	1774	1441	1500602	1774	1500	1563722	1774	1535	1600428	1774	1630	1700205	1774	1726	1800998	1774	1821	1900865	1774	1916	2000711	1774	2000	2089232	1774	2011	2100847	1774	2106	2200634	1774	2202	2301093	1774	2297	2400738	1774	2392	2500409	1774	
101	100990	6380	203	200918	2341	301	300826	1521	396	400498	1388	490	500178	1330	500	510874	1330	585	600361	1330	680	700654	1293	775	800522	1220	870	900545	1190	965	1000933	1190	1000	1037912	1190	1059	1100118	1190	1154	1200163	1190	1249	1300292	1190	1344	1400433	1190	1439	1500253	1175	1500	1565035	1175	1534	1600999	1175	1629	1701037	1175	1723	1800170	1175	1818	1900206	1175	1913	2000320	1175	2000	2091946	1175	2008	2100434	1175	2103	2200538	1175	2198	2301018	1175	2292	2400379	1175	2387	2500592	1153	
100	100294	8029	203	200120	3538	303	300263	1830	400	400654	1491	496	500109	1397	500	504406	1397	593	600626	1397	689	700693	1397	785	800561	1397	881	900476	1397	978	1001045	1397	1000	1023995	1397	1074	1100962	1397	1170	1200789	1397	1266	1300376	1397	1362	1400214	1397	1458	1500085	1397	1500	1543616	1397	1555	1600980	1397	1651	1700787	1397	1747	1800399	1397	1843	1900172	1397	1939	2000180	1397	2000	2063188	1359	2035	2100948	1359	2130	2201033	1344	2226	2300725	1344	2322	2400634	1344	2418	2500251	1344	
101	100108	6724	204	200186	2512	302	300675	1709	398	401027	1587	494	500990	1542	500	507292	1542	589	600535	1542	684	700301	1487	780	800279	1368	876	900668	1368	972	1000526	1368	1000	1029791	1368	1068	1100787	1368	1158	1200623	1368	1252	1300226	1368	1348	1400506	1368	1444	1500789	1368	1500	1559044	1368	1540	1600665	1368	1636	1700650	1368	1732	1800568	1368	1828	1900602	1368	1924	2000810	1368	2000	2079922	1311	2020	2100885	1311	2116	2201062	1311	2211	2300443	1280	2307	2400903	1224	2402	2500399	1224	
104	100371	5612	207	200385	2048	298	300269	1891	394	400292	1741	491	500696	1669	500	510154	1669	588	601050	1624	684	700276	1606	781	800663	1606	877	900442	1606	974	1000896	1606	1000	1027808	1606	1070	1100241	1606	1166	1200393	1606	1263	1300752	1598	1360	1401008	1598	1456	1500767	1598	1500	1546494	1598	1552	1600397	1598	1649	1700720	1598	1745	1800349	1598	1842	1900620	1598	1938	2000153	1598	2000	2064545	1598	2035	2100721	1598	2131	2200153	1598	2228	2300886	1598	2324	2400226	1598	2421	2500596	1598	
21	100996	50387	42	201753	50387	63	302600	50387	84	403314	50387	105	504122	50387	125	600493	50387	146	701893	50387	167	803374	50387	188	904427	50387	208	1000646	50387	229	1101372	50387	250	1202230	50387	271	1303032	50387	292	1404332	50387	312	1500506	50387	333	1602000	50387	354	1702854	50387	375	1803938	50387	396	1904831	50387	416	2000708	50387	437	2101786	50387	458	2202898	50387	479	2303912	50387	498	2402649	50387	500	2412775	50387	519	2504494	50387	
21	101584	49956	42	202948	49956	63	304250	49956	83	400402	49956	104	501864	49956	125	602877	49956	146	704480	49956	166	800830	49956	187	901949	49956	208	1003208	49956	229	1104109	49956	249	1200766	49956	270	1302433	49956	290	1402109	49956	311	1504146	49956	331	1601056	49956	352	1702313	49956	373	1803912	49956	394	1904845	49956	414	2001318	49956	435	2102609	49956	456	2203811	49956	477	2304898	49956	497	2401517	49956	500	2416313	49956	518	2503606	49956	
21	100606	50094	42	201252	50094	63	301567	50094	84	403285	50094	105	504412	50094	125	600401	50094	146	700985	50094	167	801595	50094	188	902020	50094	209	1002496	50094	230	1102757	50094	251	1202869	50094	272	1303238	50094	293	1403771	50094	314	1504137	50094	334	1600536	50094	355	1701018	50094	376	1801509	50094	397	1902186	50094	418	2002574	50094	439	2103383	50094	460	2204023	50094	481	2304712	50094	500	2395409	50094	501	2400580	50094	522	2501336	50094	
21	101143	50271	42	202275	50271	63	303121	50271	84	404162	50271	104	500843	50271	125	601789	50271	146	702836	50271	167	803722	50271	188	905123	50271	208	1001629	50271	229	1102598	50271	250	1203992	50271	271	1305012	50271	291	1401421	50271	312	1502601	50271	333	1604155	50271	353	1700579	50271	374	1801848	50271	395	1903165	50271	416	2004332	50271	436	2100996	50271	457	2202080	50271	478	2303293	50271	499	2405052	50271	500	2410378	50271	519	2504085	50271	
21	100491	49591	42	201772	49591	63	302327	49591	84	403411	49591	105	504480	49591	126	605121	49591	146	700954	49591	167	801770	49591	188	902584	49591	209	1003063	49591	230	1103973	49591	251	1204657	49591	272	1304784	49591	292	1400741	49591	313	1503818	49591	334	1604309	49591	354	1700446	49591	375	1800982	49591	396	1901722	49591	417	2002297	49591	438	2103111	49591	459	2203724	49591	480	2304712	49591	500	2400527	49591	500	2400912	49591	521	2502128	49591	
21	101870	50128	42	203457	50128	63	304974	50128	83	401692	50128	103	500747	50128	124	602783	50128	145	704277	50128	165	801103	50128	186	902768	50128	207	1004382	50128	227	1101069	50128	248	1202532	50128	269	1303905	50128	289	1400449	50128	310	1502130	50128	331	1603651	50128	352	1705004	50128	372	1801688	50128	393	1903139	50128	414	2004942	50128	434	2102069	50128	455	2203446	50128	476	2304994	50128	496	2401639	50128	500	2421170	50128	517	2503614	50128	
21	100517	50437	42	201155	50437	63	301623	50437	84	402406	50437	105	502995	50437	126	603827	50437	147	704675	50437	167	800824	50437	188	901421	50437	209	1002411	50437	230	1103014	50437	251	1203438	50437	272	1303830	50437	293	1404804	50437	313	1500740	50437	334	1601298	50437	355	1701917	50437	376	1802936	50437	397	1903387	50437	418	2004463	50437	438	2100474	50437	459	2201567	50437	480	2302182	50437	500	2398049	50437	501	2403258	50437	521	2500436	50437	
21	101505	50327	42	202907	50327	63	304577	50327	83	401349	50327	104	502588	50327	125	603905	50327	145	700772	50327	166	803701	50327	186	900528	50327	207	1002407	50327	228	1103890	50327	248	1200782	50327	269	1302226	50327	290	1403937	50327	310	1500964	50327	331	1604571	50327	351	1701009	50327	372	1802385	50327	393	1904028	50327	413	2000920	50327	434	2102425	50327	455	2203923	50327	475	2300395	50327	496	2402479	50327	500	2422218	50327	517	2504376	50327	
21	101490	50194	42	202664	50194	63	303696	50194	84	404960	50194	104	501962	50194	124	600779	50194	145	701823	50194	166	802939	50194	187	904186	50194	207	1000366	50194	228	1101587	50194	249	1202602	50194	270	1303341	50194	291	1404899	50194	311	1501138	50194	332	1602223	50194	353	1703134	50194	374	1804299	50194	394	1900473	50194	415	2001411	50194	436	2102513	50194	457	2204017	50194	477	2300850	50194	498	2401808	50194	500	2411867	50194	519	2503236	50194	
21	100722	50329	42	201357	50329	63	301796	50329	84	402274	50329	105	502682	50329	126	603321	50329	147	704301	50329	168	804956	50329	188	900607	50329	209	1001105	50329	230	1101583	50329	251	1202175	50329	272	1303027	50329	293	1403354	50329	314	1503816	50329	335	1604664	50329	356	1705292	50329	376	1801198	50329	397	1902040	50329	418	2002521	50329	439	2103395	50329	460	2203744	50329	481	2304443	50329	500	2395633	50329	501	2400802	50329	522	2501292	50329	
