versja nr 3;wspolczynnik mutacji 2.400000;wielkosc populacji 75
162	100110	530	323	200604	530	483	300548	530	500	311220	530	642	400075	530	802	500278	530	961	600394	530	1000	624999	530	1119	700251	530	1279	800603	530	1439	900526	530	1500	938612	530	1599	1000524	530	1757	1100217	530	1917	1200222	530	2000	1252395	530	2076	1300164	530	2236	1400027	530	2396	1500355	530	2500	1565387	530	2556	1600500	530	2716	1700466	530	2875	1800252	530	3000	1878349	530	3035	1900272	530	3195	2000639	530	3354	2100183	530	3500	2191277	530	3515	2200627	530	3675	2300422	530	3835	2400271	530	3995	2500225	530	
163	100345	546	325	200634	546	487	300430	546	500	308463	546	649	400117	546	811	500426	546	973	600274	546	1000	616928	546	1135	700366	546	1296	800203	546	1458	900358	546	1500	926328	546	1620	1000554	546	1781	1100047	546	1943	1200323	546	2000	1235447	546	2105	1300409	546	2267	1400269	546	2429	1500226	546	2500	1544168	546	2591	1600235	546	2753	1700034	546	2915	1800364	546	3000	1852946	546	3077	1900410	546	3235	2000508	546	3397	2100538	546	3500	2164217	546	3558	2200472	546	3720	2300376	546	3881	2400487	546	4000	2473939	546	4043	2500477	546	
165	100513	558	329	200630	558	493	300297	558	500	304593	558	656	400076	558	821	500428	558	985	600644	558	1000	609840	558	1149	700582	558	1313	800605	558	1476	900228	558	1500	914892	558	1640	1000269	558	1804	1100528	558	1963	1200488	558	2000	1223347	558	2126	1300219	558	2290	1400365	558	2454	1500264	558	2500	1528256	558	2618	1600403	558	2782	1700348	558	2946	1800605	558	3000	1833629	558	3109	1900206	558	3273	2000281	558	3437	2100320	558	3500	2138828	558	3601	2200415	558	3765	2300266	558	3929	2400175	558	4000	2443669	558	4092	2500081	558	
164	100409	703	325	200037	703	486	300413	703	500	310119	703	645	400510	703	806	500040	703	968	600353	703	1000	620186	703	1130	700628	703	1291	800212	703	1453	900574	703	1500	929648	703	1615	1000593	703	1776	1100231	703	1937	1200041	703	2000	1239069	703	2099	1300325	703	2259	1400520	703	2418	1500214	703	2500	1551657	703	2578	1600386	703	2740	1700474	703	2901	1800490	703	3000	1862337	703	3062	1900604	703	3223	2000154	703	3385	2100410	703	3500	2171635	703	3546	2200274	703	3707	2300079	703	3869	2400286	703	4000	2480975	703	4031	2500083	703	
165	100606	760	327	200140	760	490	300198	760	500	306448	760	652	400169	760	815	500292	760	978	600122	760	1000	613602	760	1140	700073	760	1303	800096	760	1466	900497	760	1500	921403	760	1628	1000217	760	1791	1100517	760	1953	1200269	760	2000	1229178	760	2116	1300376	760	2278	1400252	760	2441	1500505	760	2500	1536773	760	2604	1600583	760	2767	1700585	760	2930	1800588	760	3000	1843670	760	3091	1900177	760	3254	2000496	760	3417	2100403	760	3500	2151472	760	3580	2200510	760	3743	2300638	760	3905	2400463	760	4000	2458604	760	4065	2500172	760	
165	100331	712	328	200440	712	491	300503	712	500	305976	712	654	400401	712	818	500486	712	981	600497	712	1000	612179	712	1144	700513	712	1306	800484	712	1468	900169	712	1500	919953	712	1631	1000173	712	1795	1100568	712	1958	1200225	712	2000	1225994	712	2121	1300160	712	2285	1400585	712	2448	1500546	712	2500	1532314	712	2611	1600192	712	2771	1700597	712	2931	1800378	712	3000	1842552	712	3094	1900108	712	3257	2000122	712	3421	2100158	712	3500	2148430	712	3585	2200334	712	3748	2300528	712	3910	2400059	712	4000	2455139	712	4074	2500302	712	
165	100339	576	328	200499	576	491	300383	576	500	305926	576	652	400056	576	816	500259	576	979	600231	576	1000	613129	576	1142	700540	576	1304	800046	576	1463	900174	576	1500	922833	576	1626	1000231	576	1789	1100292	576	1952	1200157	576	2000	1229689	576	2115	1300420	576	2276	1400399	576	2439	1500187	576	2500	1537575	576	2603	1600599	576	2765	1700358	576	2928	1800537	576	3000	1844882	576	3090	1900428	576	3252	2000251	576	3415	2100479	576	3500	2152375	576	3578	2200112	576	3742	2300254	576	3905	2400138	576	4000	2458032	576	4069	2500087	576	
158	100372	472	317	200123	472	477	300357	472	500	314980	472	636	400268	472	796	500403	472	956	600498	472	1000	628157	472	1115	700324	472	1273	800544	472	1433	900429	472	1500	942453	472	1593	1000596	472	1752	1100504	472	1911	1200184	472	2000	1255989	472	2070	1300195	472	2228	1400357	472	2385	1500381	472	2500	1573285	472	2543	1600516	472	2702	1700624	472	2861	1800066	472	3000	1887366	472	3021	1900499	472	3181	2000451	472	3340	2100081	472	3500	2200062	472	3500	2200096	472	3660	2300162	472	3820	2400029	472	3981	2500609	472	
169	100346	590	336	200506	590	500	299057	590	502	300293	590	669	400444	590	836	500118	590	1000	598068	590	1004	600479	590	1171	700053	590	1339	800380	590	1500	897136	590	1505	900183	590	1671	1000258	590	1836	1100061	590	2000	1199309	590	2002	1200538	590	2168	1300033	590	2336	1400461	590	2500	1498406	590	2503	1500225	590	2670	1600260	590	2837	1700209	590	3000	1797855	590	3004	1800284	590	3170	1900152	590	3338	2000605	590	3500	2098294	590	3503	2100116	590	3671	2200583	590	3824	2300459	590	3988	2400044	590	4000	2407565	590	4155	2500105	590	
162	100383	755	321	200074	755	481	300372	755	500	312192	755	642	400600	755	802	500209	755	962	600531	755	1000	624296	755	1122	700436	755	1282	800534	755	1441	900186	755	1500	937161	755	1601	1000459	755	1760	1100225	755	1919	1200217	755	2000	1250853	755	2079	1300025	755	2240	1400350	755	2396	1500205	755	2500	1565143	755	2556	1600271	755	2717	1700635	755	2876	1800129	755	3000	1877488	755	3036	1900039	755	3197	2000491	755	3356	2100342	755	3500	2189859	755	3517	2200445	755	3677	2300295	755	3838	2400587	755	3998	2500223	755	
172	100061	161	342	200156	161	500	293074	161	512	300133	161	682	400150	161	851	500081	161	1000	588035	161	1020	600139	161	1186	700439	161	1356	800381	161	1500	885062	161	1526	900472	161	1695	1000514	161	1862	1100284	161	2000	1181348	161	2032	1200194	161	2202	1300268	161	2372	1400405	161	2500	1475576	161	2542	1500408	161	2711	1600615	161	2880	1700346	161	3000	1770902	161	3050	1800275	161	3220	1900146	161	3390	2000351	161	3500	2065757	161	3558	2100142	161	3728	2200167	161	3898	2300530	161	4000	2360566	161	4067	2400271	161	4237	2500069	161	
164	100159	159	326	200143	159	487	300457	159	500	308473	159	649	400488	159	811	500525	159	972	600176	159	1000	617498	159	1133	700350	159	1293	800317	159	1454	900186	159	1500	928792	159	1616	1000505	159	1778	1100635	159	1939	1200367	159	2000	1237890	159	2101	1300234	159	2263	1400157	159	2425	1500573	159	2500	1547076	159	2586	1600178	159	2748	1700211	159	2910	1800511	159	3000	1856247	159	3071	1900063	159	3233	2000592	159	3394	2100038	159	3500	2165429	159	3556	2200151	159	3718	2300372	159	3880	2400561	159	4000	2474963	159	4041	2500297	159	
164	100284	141	324	200170	141	486	300194	141	500	308838	141	648	400376	141	809	500033	141	971	600176	141	1000	618109	141	1133	700434	141	1294	800113	141	1455	900554	141	1500	928408	141	1616	1000282	141	1777	1100204	141	1938	1200316	141	2000	1238723	141	2099	1300459	141	2261	1400667	141	2422	1500239	141	2500	1548682	141	2583	1600113	141	2745	1700304	141	2905	1800258	141	3000	1858918	141	3066	1900099	141	3225	2000593	141	3385	2100166	141	3500	2171298	141	3547	2200512	141	3708	2300074	141	3870	2400239	141	4000	2480326	141	4032	2500119	141	
170	100460	224	338	200488	224	500	296968	224	506	300580	224	673	400573	224	840	500401	224	1000	596132	224	1007	600327	224	1174	700139	224	1342	800571	224	1500	895024	224	1509	900458	224	1676	1000229	224	1844	1100579	224	2000	1195866	224	2007	1200096	224	2175	1300584	224	2343	1400593	224	2500	1494036	224	2511	1500608	224	2678	1600369	224	2845	1700124	224	3000	1792444	224	3013	1800258	224	3180	1900159	224	3347	2000039	224	3500	2091607	224	3515	2100596	224	3682	2200168	224	3850	2300367	224	4000	2389609	224	4018	2400361	224	4185	2500518	224	
165	100560	217	327	200581	217	488	300223	217	500	307630	217	645	400547	217	806	500073	217	968	600129	217	1000	619839	217	1131	700559	217	1293	800388	217	1455	900100	217	1500	927824	217	1617	1000352	217	1779	1100449	217	1941	1200133	217	2000	1236524	217	2104	1300489	217	2266	1400488	217	2427	1500112	217	2500	1545187	217	2590	1600562	217	2750	1700316	217	2912	1800179	217	3000	1854160	217	3075	1900393	217	3236	2000491	217	3398	2100301	217	3500	2163688	217	3559	2200179	217	3721	2300345	217	3883	2400221	217	4000	2472248	217	4045	2500087	217	
170	100224	140	339	200608	140	500	296330	140	507	300514	140	675	400232	140	843	500464	140	1000	593901	140	1011	600417	140	1179	700158	140	1347	800238	140	1500	891479	140	1515	900466	140	1683	1000311	140	1851	1100298	140	2000	1189446	140	2018	1200182	140	2187	1300604	140	2355	1400595	140	2500	1487393	140	2522	1500434	140	2690	1600374	140	2858	1700149	140	3000	1784424	140	3027	1800465	140	3195	1900370	140	3363	2000218	140	3500	2081597	140	3532	2100609	140	3700	2200394	140	3867	2300142	140	4000	2379141	140	4036	2400554	140	4204	2500570	140	
168	100197	289	334	200470	289	499	300448	289	500	301065	289	664	400169	289	829	500190	289	995	600402	289	1000	603425	289	1160	700069	289	1327	800629	289	1492	900577	289	1500	905478	289	1655	1000050	289	1821	1100310	289	1987	1200554	289	2000	1208422	289	2152	1300367	289	2317	1400230	289	2483	1500410	289	2500	1510704	289	2649	1600530	289	2815	1700509	289	2977	1800616	289	3000	1814543	289	3142	1900366	289	3308	2000583	289	3473	2100606	289	3500	2116939	289	3638	2200039	289	3804	2300186	289	3970	2400432	289	4000	2418670	289	4135	2500327	289	
165	100459	229	328	200417	229	491	300610	229	500	306161	229	654	400568	229	816	500401	229	978	600118	229	1000	613691	229	1141	700332	229	1304	800637	229	1466	900398	229	1500	923355	229	1625	1000403	229	1788	1100566	229	1950	1200118	229	2000	1230854	229	2113	1300097	229	2276	1400391	229	2439	1500587	229	2500	1538174	229	2601	1600536	229	2764	1700406	229	2927	1800290	229	3000	1845213	229	3090	1900264	229	3253	2000318	229	3416	2100488	229	3500	2151946	229	3579	2200374	229	3742	2300568	229	3905	2400604	229	4000	2458980	229	4067	2500403	229	
166	100243	170	331	200585	170	496	300066	170	500	302483	170	662	400091	170	828	500132	170	994	600489	170	1000	604131	170	1158	700257	170	1322	800163	170	1486	900083	170	1500	908510	170	1652	1000348	170	1817	1100373	170	1981	1200342	170	2000	1211895	170	2146	1300107	170	2312	1400115	170	2478	1500449	170	2500	1513787	170	2643	1600509	170	2808	1700226	170	2973	1800039	170	3000	1816320	170	3140	1900629	170	3305	2000030	170	3471	2100218	170	3500	2117784	170	3637	2200386	170	3802	2300113	170	3968	2400378	170	4000	2419728	170	4134	2500454	170	
164	100354	183	326	200188	183	489	300580	183	500	307414	183	650	400178	183	812	500383	183	974	600628	183	1000	616751	183	1135	700146	183	1297	800077	183	1460	900507	183	1500	925253	183	1622	1000507	183	1783	1100371	183	1944	1200060	183	2000	1234667	183	2106	1300054	183	2268	1400241	183	2429	1500224	183	2500	1544124	183	2591	1600202	183	2753	1700629	183	2914	1800045	183	3000	1853230	183	3076	1900138	183	3238	2000382	183	3399	2100093	183	3500	2162999	183	3560	2200255	183	3719	2300150	183	3878	2400029	183	4000	2475248	183	4041	2500461	183	
54	100823	4311	107	200631	4311	160	300234	4311	214	401513	4311	267	501460	4311	320	601207	4311	373	700979	4311	426	801402	4311	479	901601	4311	500	941231	4311	532	1001880	4311	585	1101764	4311	638	1201124	4311	691	1300845	4311	744	1400797	4311	796	1501784	4311	849	1601645	4311	902	1701689	4311	955	1801325	4311	1000	1886206	4311	1008	1901316	4311	1061	2001180	4311	1114	2101524	4311	1167	2201718	4311	1220	2301351	4311	1273	2401510	4311	1326	2501012	4311	
54	101823	4415	106	200897	4415	158	300424	4415	211	401141	4415	264	501977	4415	315	601392	4415	367	701062	4415	420	801949	4415	472	900782	4415	500	953993	4415	525	1001676	4415	577	1100777	4415	630	1201310	4415	682	1300229	4415	735	1401087	4415	788	1501762	4415	840	1600864	4415	893	1701514	4415	945	1800249	4415	998	1901439	4415	1000	1905376	4415	1050	2000787	4415	1102	2100341	4415	1155	2200996	4415	1207	2300260	4415	1260	2401235	4415	1312	2500261	4415	
54	101025	4564	107	201071	4564	160	301173	4564	213	401246	4564	266	501326	4564	319	601536	4564	372	701785	4564	425	801738	4564	478	901843	4564	500	943332	4564	531	1001940	4564	583	1100287	4564	636	1200533	4564	689	1300880	4564	742	1401368	4564	795	1501550	4564	848	1601757	4564	901	1701892	4564	953	1800459	4564	1000	1889677	4564	1006	1901054	4564	1059	2001012	4564	1112	2101036	4564	1165	2201406	4564	1218	2301589	4564	1270	2400340	4564	1323	2500870	4564	
55	101976	3002	107	201105	3002	159	300260	3002	212	401430	3002	265	501949	3002	317	600617	3002	370	701151	3002	423	801845	3002	475	900481	3002	500	948148	3002	528	1001312	3002	581	1101785	3002	633	1200944	3002	686	1301682	3002	738	1400147	3002	791	1500930	3002	844	1601581	3002	897	1701988	3002	949	1801096	3002	1000	1900071	3002	1000	1900192	3002	1053	2001730	3002	1105	2100471	3002	1158	2201717	3002	1210	2301269	3002	1262	2401123	3002	1315	2501951	3002	
54	101956	3678	105	200128	3678	157	300391	3678	209	400896	3678	261	501702	3678	313	601796	3678	365	701758	3678	416	800398	3678	468	901028	3678	500	962635	3678	519	1000524	3678	571	1102019	3678	622	1200234	3678	674	1300647	3678	726	1400662	3678	778	1501127	3678	830	1601849	3678	881	1700543	3678	933	1800920	3678	985	1901098	3678	1000	1930118	3678	1037	2001646	3678	1089	2101942	3678	1140	2200248	3678	1192	2301008	3678	1244	2401590	3678	1295	2500374	3678	
53	101074	4414	104	201479	4414	156	300881	4414	208	400930	4414	260	500444	4414	313	601828	4414	365	701548	4414	417	801165	4414	469	900514	4414	500	959927	4414	521	1000553	4414	573	1100906	4414	625	1200925	4414	677	1300971	4414	729	1400618	4414	781	1500458	4414	833	1600433	4414	885	1700558	4414	937	1800614	4414	989	1900382	4414	1000	1921623	4414	1042	2001968	4414	1093	2100175	4414	1146	2201784	4414	1198	2301290	4414	1250	2401309	4414	1301	2500225	4414	
54	101479	3678	106	201717	3678	158	301704	3678	210	401559	3678	262	501541	3678	313	600320	3678	365	700249	3678	417	800417	3678	469	900635	3678	500	960368	3678	521	1001082	3678	573	1100551	3678	625	1200627	3678	677	1300221	3678	730	1401864	3678	782	1501592	3678	834	1601159	3678	886	1701053	3678	938	1800616	3678	990	1900664	3678	1000	1920102	3678	1042	2000627	3678	1094	2100800	3678	1146	2200558	3678	1198	2301971	3678	1249	2400809	3678	1301	2500815	3678	
54	100599	3853	107	200982	3853	160	301162	3853	212	400162	3853	265	500428	3853	318	601266	3853	371	701653	3853	423	800182	3853	476	900782	3853	500	946126	3853	529	1000848	3853	582	1101145	3853	635	1201201	3853	688	1301174	3853	741	1401569	3853	793	1502001	3853	845	1600431	3853	898	1700697	3853	951	1801245	3853	1000	1893862	3853	1004	1901534	3853	1056	2000646	3853	1109	2101217	3853	1162	2201151	3853	1215	2301303	3853	1267	2400241	3853	1320	2500631	3853	
54	100328	3983	107	200347	3983	160	300277	3983	213	400724	3983	266	501048	3983	318	601236	3983	371	701685	3983	424	801603	3983	477	901589	3983	500	945209	3983	530	1001695	3983	582	1100231	3983	636	1201607	3983	689	1301667	3983	742	1401735	3983	794	1500115	3983	847	1600155	3983	900	1700420	3983	953	1800405	3983	1000	1888825	3983	1006	1900143	3983	1060	2001779	3983	1113	2101748	3983	1166	2201678	3983	1219	2301540	3983	1272	2401276	3983	1325	2501003	3983	
54	101001	3541	107	201921	3541	159	301093	3541	211	400119	3541	264	501256	3541	316	600713	3541	368	700265	3541	421	801467	3541	473	900720	3541	500	952371	3541	525	1000319	3541	578	1101690	3541	630	1200800	3541	682	1300223	3541	735	1401219	3541	787	1500509	3541	839	1600164	3541	892	1701346	3541	944	1800471	3541	997	1901643	3541	1000	1907479	3541	1049	2001562	3541	1101	2100905	3541	1153	2200944	3541	1205	2300843	3541	1257	2400473	3541	1310	2501820	3541	
55	100675	1829	108	201338	1829	160	300163	1829	213	401459	1829	265	501013	1829	318	601807	1829	370	700698	1829	423	801742	1829	475	900548	1829	500	948374	1829	528	1001660	1829	580	1100352	1829	633	1200919	1829	685	1300166	1829	738	1400568	1829	791	1501447	1829	843	1600665	1829	896	1701891	1829	948	1800897	1829	999	1900292	1829	1000	1902305	1829	1052	2001319	1829	1105	2101735	1829	1157	2200332	1829	1210	2301000	1829	1263	2401849	1829	1315	2500602	1829	
57	101726	1169	110	201561	1169	163	301100	1169	216	400938	1169	269	500713	1169	322	600742	1169	375	700554	1169	428	800725	1169	482	901815	1169	500	935912	1169	534	1000542	1169	587	1101718	1169	640	1201464	1169	693	1301430	1169	746	1400790	1169	799	1500394	1169	852	1600160	1169	905	1700294	1169	958	1800126	1169	1000	1879668	1169	1011	1900303	1169	1064	2000131	1169	1117	2100436	1169	1170	2200188	1169	1224	2301642	1169	1277	2401366	1169	1330	2501566	1169	
55	100808	1653	107	201582	1653	159	300241	1653	212	400188	1653	265	500122	1653	318	600169	1653	371	700626	1653	424	800940	1653	477	901176	1653	500	944829	1653	530	1001860	1653	582	1101059	1653	635	1201534	1653	687	1300217	1653	740	1400633	1653	793	1501071	1653	846	1601554	1653	899	1701861	1653	951	1800262	1653	1000	1893077	1653	1004	1900767	1653	1057	2001218	1653	1110	2101393	1653	1163	2201361	1653	1215	2300253	1653	1268	2401089	1653	1321	2501073	1653	
56	101406	1713	110	201664	1713	163	300496	1713	217	401107	1713	271	501613	1713	325	601926	1713	378	700903	1713	432	801587	1713	485	900339	1713	500	928335	1713	539	1000917	1713	593	1101434	1713	646	1200482	1713	700	1301032	1713	754	1401699	1713	807	1500674	1713	861	1601173	1713	915	1701743	1713	968	1800240	1713	1000	1860249	1713	1022	1901456	1713	1076	2001937	1713	1129	2101089	1713	1183	2201708	1713	1236	2300778	1713	1288	2400191	1713	1342	2500929	1713	
57	100597	1656	111	200332	1656	166	301478	1656	220	400722	1656	274	500324	1656	329	601879	1656	383	701418	1656	437	800681	1656	492	901906	1656	500	916755	1656	546	1001642	1656	600	1100816	1656	654	1200113	1656	709	1301289	1656	763	1400775	1656	816	1501112	1656	870	1601360	1656	924	1700636	1656	979	1801627	1656	1000	1840284	1656	1033	1901037	1656	1087	2000723	1656	1141	2100359	1656	1196	2201437	1656	1250	2300597	1656	1305	2401491	1656	1359	2501561	1656	
56	101139	1226	108	200666	1226	160	300221	1226	213	401032	1226	265	500278	1226	317	601423	1226	369	701692	1226	421	801074	1226	473	900359	1226	500	951884	1226	526	1001859	1226	578	1101668	1226	630	1200856	1226	683	1302014	1226	735	1401375	1226	787	1500816	1226	839	1600382	1226	892	1701548	1226	944	1801101	1226	996	1900162	1226	1000	1907941	1226	1049	2001700	1226	1101	2101127	1226	1153	2200165	1226	1206	2301430	1226	1258	2400439	1226	1311	2501799	1226	
58	101666	2055	113	200518	1165	168	300548	1165	223	400716	1165	278	500632	1165	333	600541	1165	388	700416	1165	444	801854	1165	499	901828	1165	500	903730	1165	553	1000177	1165	609	1101626	1165	664	1201377	1165	719	1301324	1165	774	1401125	1165	829	1501143	1165	884	1601456	1165	939	1701818	1165	993	1800809	1165	1000	1813547	1165	1048	1900593	1165	1103	2000409	1165	1158	2100577	1165	1213	2200837	1165	1268	2300915	1165	1323	2401035	1165	1378	2501110	1165	
55	100369	1838	108	201922	1838	160	301879	1838	212	401578	1838	264	501850	1838	316	602047	1838	367	701115	1838	419	801320	1838	471	901726	1838	500	957929	1838	522	1000313	1838	574	1100237	1838	626	1200230	1838	678	1300381	1838	730	1400591	1838	782	1500304	1838	834	1600327	1838	886	1700512	1838	938	1800785	1838	989	1900541	1838	1000	1922164	1838	1041	2001954	1838	1092	2100447	1838	1144	2200399	1838	1196	2301698	1838	1247	2400321	1838	1300	2501886	1838	
55	100115	1111	108	201092	1111	160	300824	1111	213	401895	1111	265	501645	1111	317	601364	1111	369	700941	1111	421	801148	1111	473	900555	1111	500	952463	1111	525	1000314	1111	577	1101893	1111	629	1201435	1111	681	1301061	1111	733	1400459	1111	786	1501522	1111	838	1600936	1111	890	1700405	1111	943	1801934	1111	995	1901697	1111	1000	1911376	1111	1047	2001169	1111	1099	2100428	1111	1152	2201345	1111	1204	2300277	1111	1257	2401212	1111	1309	2500740	1111	
57	100851	1615	110	200592	1615	164	300882	1615	218	400704	1615	272	500636	1615	326	600509	1615	380	700548	1615	434	800987	1615	488	900787	1615	500	923071	1615	542	1000885	1615	596	1101166	1615	650	1201180	1615	704	1301784	1615	757	1400547	1615	811	1500656	1615	865	1601204	1615	919	1701074	1615	973	1801496	1615	1000	1851678	1615	1027	1901619	1615	1081	2001177	1615	1135	2101089	1615	1189	2200913	1615	1243	2300810	1615	1297	2401338	1615	1351	2501338	1615	
12	105998	25314	23	202089	24139	35	307052	22931	46	403948	22931	57	501219	22931	69	607203	22931	80	704425	22931	91	801561	22931	103	907610	22931	114	1004607	22931	125	1101888	22931	137	1207631	22931	148	1304832	22931	159	1401998	22931	171	1507920	22931	182	1604916	22931	193	1702084	22931	205	1807998	22931	216	1905053	22931	227	2002668	22931	239	2108897	22931	250	2208362	22931	261	2305586	22931	272	2402601	22931	284	2508865	22931	
12	106041	25248	23	202038	24052	35	307484	24052	46	404186	24052	57	501115	24052	69	606878	24052	80	703772	24052	91	801513	24052	103	906928	24052	114	1004090	24052	125	1103870	24052	136	1200771	24052	148	1306304	24052	159	1402940	24052	171	1508361	24052	182	1605265	24052	193	1702546	24052	205	1808576	24052	216	1905494	24052	227	2002334	24052	239	2107481	24052	250	2204183	24052	261	2300916	24052	273	2406640	24052	284	2503511	24052	
12	105290	23438	23	202251	23438	35	307807	23438	46	404312	23438	57	501225	23438	69	606837	23438	80	703527	23438	92	808814	23438	103	905463	23438	114	1002191	23438	126	1107480	23438	137	1204036	23438	148	1300936	23438	160	1406412	23438	171	1505849	23438	182	1603244	23438	194	1708841	23438	205	1805499	23438	216	1902081	23438	228	2007612	23438	239	2104094	23438	250	2200983	23438	262	2306563	23438	273	2403205	23438	285	2508946	23438	
12	105352	25212	23	202018	25212	35	307363	25212	46	403445	25212	58	508265	25212	69	604297	25212	81	708972	25212	92	805106	25212	103	901182	25212	115	1006187	25212	126	1102177	25212	138	1206880	25212	149	1303103	25212	161	1407886	25212	172	1504071	25212	184	1608941	25212	195	1704823	25212	206	1800813	25212	218	1906472	25212	229	2005196	25212	240	2101229	25212	252	2206471	25212	263	2302876	25212	275	2408281	25212	286	2504687	25212	
12	106236	25681	23	203434	25681	35	308663	23350	46	405334	23350	57	502970	23350	68	600660	23350	80	707255	23350	91	804780	23350	102	905118	23350	113	1003087	23350	124	1100841	23350	136	1207549	23350	147	1305251	23350	158	1403308	23350	169	1500854	23350	181	1607321	23350	192	1704728	23350	203	1802260	23350	215	1908788	23350	226	2006457	23350	237	2104177	23350	248	2202037	23350	260	2308682	23350	271	2406102	23350	282	2503583	23350	
12	106363	25250	23	203017	22899	35	306639	22899	46	402468	22899	58	506966	22899	69	602807	22899	81	707886	22899	92	803978	22899	104	908785	22899	115	1004838	22899	126	1100753	22899	138	1205462	22899	149	1301957	22899	161	1406909	22899	172	1502823	22899	184	1607381	22899	195	1703850	22899	207	1808961	22899	218	1904845	22899	229	2000813	22899	241	2105383	22899	252	2201534	22899	264	2306609	22899	275	2402465	22899	287	2507199	22899	
12	105077	25643	23	201196	25643	35	305994	25643	46	402130	25643	58	506319	23155	69	601299	23155	81	706157	23155	92	802343	23155	104	907008	23155	115	1003008	23155	127	1108561	23155	138	1204555	23155	149	1300770	23155	161	1405563	23155	172	1501536	23155	184	1606379	23155	195	1703918	23155	206	1801734	23155	218	1906784	23155	229	2003013	23155	241	2107834	23155	252	2203754	23155	264	2309055	23155	275	2405183	23155	286	2502520	23155	
12	104804	25425	23	200675	25425	35	304795	25425	47	409131	25425	58	504634	25425	70	609206	25425	81	707530	25425	92	803345	25425	104	907655	25425	115	1003271	25425	127	1108006	25425	138	1204235	25425	150	1308775	25425	161	1404369	25425	173	1509040	25425	184	1604853	25425	196	1709231	25425	207	1805022	25425	218	1900970	25425	230	2005800	25425	241	2101666	25425	253	2205801	25425	264	2301442	25425	276	2406037	25425	287	2501520	25425	
12	106318	25531	23	203463	25531	35	308405	24285	46	405493	24285	57	503008	24285	69	608804	24285	80	706449	24285	91	803649	24285	102	901150	24285	114	1007362	24285	125	1104593	24285	136	1201920	24285	148	1307582	24285	159	1404966	24285	170	1502332	24285	182	1608207	24285	193	1705515	24285	204	1802780	24285	216	1908914	24285	227	2006394	24285	238	2103416	24285	250	2209305	24285	261	2306404	24285	272	2403658	24285	283	2500638	24285	
12	105665	26332	23	202744	26332	35	308354	26332	46	405565	26332	57	502238	26332	69	608700	26332	80	705961	26332	91	802737	26332	103	908082	26332	114	1004569	26332	125	1101155	26332	137	1206562	26332	148	1303700	26332	159	1400817	26332	171	1506294	26332	181	1601170	26332	193	1706769	26332	204	1803559	26332	216	1909091	26332	227	2006408	26332	238	2102100	25071	250	2207483	25071	261	2303579	23864	273	2409185	23864	284	2506539	23864	
12	103555	25565	24	207058	25565	35	302144	25565	47	405422	25565	58	502841	25565	70	606559	25565	81	702141	25565	93	806005	25565	104	900933	25565	116	1004770	25565	128	1108219	25565	139	1203447	25565	151	1307342	25565	162	1402608	25565	174	1506486	25565	185	1601741	25565	197	1705644	25565	209	1808869	25565	220	1903798	25565	232	2007602	25565	243	2102518	25565	255	2206064	25565	266	2301323	25565	278	2405073	25565	290	2508770	25565	
12	101840	25100	24	202935	25100	36	304124	25100	48	405300	25100	60	506363	25100	72	607692	25100	83	700686	25100	95	801927	25100	107	903048	25100	119	1004403	25100	131	1105330	25100	143	1206471	25100	155	1307329	25100	167	1408393	25100	178	1501296	25100	190	1602386	25100	202	1703879	25100	214	1804886	25100	226	1906014	25100	238	2007489	25100	250	2108711	25100	261	2201668	25100	273	2302834	25100	285	2406064	25100	297	2508311	25100	
12	105126	25298	23	200622	25298	35	304948	25298	46	400706	25298	58	504822	25298	70	609168	25298	81	704814	25298	93	809052	25298	104	905534	25298	115	1001106	25298	127	1105041	25298	138	1200759	25298	150	1306048	25298	161	1403388	25298	173	1508113	25298	184	1603703	25298	196	1707980	25298	207	1803389	25298	219	1907872	25298	230	2003478	25298	242	2107744	25298	253	2203366	25298	265	2307362	25298	276	2404135	25298	288	2508500	25298	
12	103332	25129	24	207018	25129	35	304126	25129	47	407425	25129	58	501923	25129	70	605060	25129	82	708233	25129	93	802963	25129	105	906342	25129	116	1001243	25129	128	1104269	25129	140	1207434	25129	151	1301929	25129	163	1405336	25129	174	1501902	25129	186	1605421	25129	198	1708612	25129	209	1803535	25129	221	1906374	25129	232	2001153	25129	244	2104231	25129	256	2207566	25129	267	2302269	25129	279	2405604	25129	291	2508862	25129	
12	103019	25094	24	206032	25094	36	308891	25094	47	403082	25094	59	505446	25094	71	607773	25094	82	701618	25094	94	804314	25094	106	906918	25094	117	1000796	25094	129	1103293	25094	141	1205864	25094	153	1308366	25094	164	1402350	25094	176	1504955	25094	188	1607797	25094	199	1701736	25094	211	1804232	25094	223	1906873	25094	234	2001086	25094	246	2103598	25094	258	2208181	25094	269	2302655	25094	281	2404963	25094	293	2507421	25094	
12	102854	25616	24	205485	25616	36	307978	25616	47	402015	25616	59	504169	25616	71	607507	25616	82	701771	25616	94	804706	25616	106	907344	25616	117	1001181	25616	128	1102576	25616	140	1205818	25616	152	1308592	25616	163	1402424	25616	175	1505009	25616	187	1607304	25616	198	1701544	25616	210	1804262	25616	222	1906732	25616	233	2000867	25616	245	2103667	25616	257	2206339	25616	269	2308729	25616	280	2402649	25616	292	2505355	25616	
12	105992	25347	23	201589	25347	35	306076	25347	46	401548	25347	58	505756	25347	69	601222	25347	81	706102	25347	92	802407	25347	104	906972	25347	115	1002389	25347	127	1106680	25347	138	1202246	25347	150	1306769	25347	161	1402520	25347	173	1506912	25347	184	1602978	25347	196	1707332	25347	207	1802867	25347	219	1907234	25347	230	2002610	25347	242	2106835	25347	253	2202238	25347	265	2306689	25347	276	2402515	25347	288	2506563	25347	
12	103785	25118	24	207091	25118	35	302288	25118	47	405313	25118	59	508378	25118	70	603559	25118	82	707169	25118	93	801869	25118	105	905202	25118	117	1008641	25118	128	1103450	25118	140	1206649	25118	151	1301129	25118	163	1404680	25118	175	1507759	25118	186	1602607	25118	198	1705652	25118	210	1809047	25118	221	1903942	25118	232	2001022	25118	244	2104307	25118	256	2207638	25118	267	2302727	25118	279	2405869	25118	290	2501161	25118	
12	102093	25350	24	204062	25350	36	305956	25350	48	407638	25350	59	500944	25350	71	602666	25350	83	704985	25350	95	806893	25350	106	902236	25350	118	1005055	25350	130	1107280	25350	141	1200752	25350	153	1302565	25350	165	1404312	25350	177	1506322	25350	189	1608496	25350	200	1702001	25350	212	1803801	25350	224	1905964	25350	236	2007658	25350	247	2101728	25350	259	2203535	25350	271	2305204	25350	283	2407130	25350	294	2501586	25350	
12	102802	25265	24	205297	25265	36	307965	25265	47	401973	25265	59	504866	25265	71	607618	25265	82	702247	25265	94	804993	25265	106	907680	25265	117	1001882	25265	129	1104364	25265	141	1206849	25265	152	1300927	25265	164	1403661	25265	176	1506237	25265	188	1608986	25265	199	1703065	25265	211	1805808	25265	223	1908799	25265	234	2003124	25265	246	2105949	25265	258	2208458	25265	269	2302841	25265	281	2405870	25265	293	2508696	25265	
176	100063	78	353	200561	78	500	283877	78	529	300396	78	705	400172	78	882	500554	78	1000	567520	78	1058	600494	78	1233	700103	78	1410	800549	78	1500	851825	78	1585	900116	78	1759	1000072	78	1933	1100190	78	2000	1138749	78	2107	1200169	78	2281	1300042	78	2458	1400454	78	2500	1424244	78	2634	1500113	78	2811	1600160	78	2987	1700095	78	3000	1707537	78	3163	1800244	78	3338	1900509	78	3500	1994661	78	3510	2000350	78	3686	2100115	78	3863	2200298	78	4000	2278039	78	4039	2300126	78	4216	2400475	78	4392	2500330	78	
174	100572	93	346	200306	62	500	289395	62	519	300469	62	691	400102	62	863	500209	62	1000	580179	62	1035	600421	62	1207	700553	62	1378	800071	62	1500	871730	62	1549	900257	62	1722	1000598	62	1893	1100567	62	2000	1164956	62	2060	1200218	62	2231	1300400	62	2403	1400434	62	2500	1456628	62	2575	1500118	62	2747	1600128	62	2919	1700146	62	3000	1747079	62	3091	1800126	62	3263	1900303	62	3434	2000123	62	3500	2038559	62	3607	2100491	62	3779	2200199	62	3952	2300553	62	4000	2328435	62	4123	2400192	62	4296	2500277	62	
177	100079	86	353	200033	86	500	283435	86	526	300126	86	692	400293	86	869	500520	86	1000	574556	86	1045	600105	86	1222	700306	86	1398	800078	86	1500	857789	86	1575	900451	86	1751	1000242	86	1927	1100211	86	2000	1141767	86	2102	1200259	86	2278	1300213	86	2455	1400264	86	2500	1425640	86	2632	1500317	86	2808	1600047	86	2985	1700455	86	3000	1708971	86	3161	1800292	86	3337	1900054	86	3500	1992233	86	3514	2000186	86	3691	2100488	86	3867	2200291	86	4000	2275347	86	4044	2300322	86	4220	2400416	86	4396	2500091	86	
178	100558	88	356	200576	88	500	281566	88	533	300101	88	711	400053	88	889	500125	88	1000	562529	88	1067	600323	88	1245	700354	88	1422	800490	88	1500	845088	88	1597	900424	88	1773	1000116	88	1951	1100172	88	2000	1127635	88	2129	1200250	88	2306	1300027	88	2484	1400118	88	2500	1409130	88	2661	1500241	88	2839	1600191	88	3000	1690778	88	3017	1700367	88	3195	1800333	88	3373	1900301	88	3500	1971555	88	3551	2000102	88	3729	2100043	88	3908	2200370	88	4000	2251978	88	4086	2300425	88	4264	2400426	88	4439	2500101	88	
167	100263	87	333	200343	87	500	300554	87	500	300584	87	666	400068	87	833	500397	87	1000	600369	87	1000	600401	87	1166	700613	87	1332	800463	87	1498	900118	87	1500	901332	87	1665	1000556	87	1830	1100179	87	1996	1200185	87	2000	1202599	87	2162	1300134	87	2329	1400239	87	2496	1500325	87	2500	1502777	87	2663	1600322	87	2825	1700470	87	2991	1800333	87	3000	1805711	87	3158	1900433	87	3324	2000212	87	3491	2100496	87	3500	2105938	87	3657	2200104	87	3824	2300247	87	3991	2400265	87	4000	2405674	87	4158	2500440	87	
187	100062	88	377	200481	88	500	265414	88	565	300181	88	754	400525	88	944	500331	88	1000	529984	88	1134	600520	88	1324	700395	88	1500	793074	88	1514	800518	88	1699	900340	88	1886	1000119	88	2000	1060078	88	2076	1100049	88	2265	1200206	88	2454	1300092	88	2500	1324711	88	2643	1400175	88	2833	1500080	88	3000	1587871	88	3023	1600195	88	3213	1700401	88	3402	1800172	88	3500	1851938	88	3591	1900075	88	3781	2000280	88	3970	2100120	88	4000	2115965	88	4160	2200168	88	4348	2300158	88	4500	2381304	88	4535	2400026	88	4726	2500499	88	
164	100250	86	331	200405	86	498	300183	86	500	301396	86	666	400496	86	833	500059	86	1000	599473	86	1001	600103	86	1169	700398	86	1337	800604	86	1500	897744	86	1504	900150	86	1672	1000291	86	1840	1100243	86	2000	1195909	86	2007	1200099	86	2175	1300587	86	2342	1400118	86	2500	1494273	86	2510	1500219	86	2678	1600563	86	2845	1700080	86	3000	1792493	86	3013	1800237	86	3181	1900092	86	3349	2000320	86	3500	2090217	86	3517	2100356	86	3684	2200200	86	3850	2300043	86	4000	2389541	86	4018	2400321	86	4185	2500428	86	
184	100438	57	367	200414	57	500	273340	57	549	300060	57	732	400117	57	916	500434	57	1000	546306	57	1099	600455	57	1281	700106	57	1464	800139	57	1500	819784	57	1648	900518	57	1830	1000371	57	2000	1093361	57	2013	1100478	57	2196	1200136	57	2379	1300128	57	2500	1366417	57	2562	1400206	57	2745	1500256	57	2928	1600322	57	3000	1639875	57	3111	1700565	57	3294	1800317	57	3477	1900493	57	3500	1912995	57	3660	2000164	57	3843	2100374	57	4000	2186271	57	4026	2200556	57	4204	2300357	57	4386	2400499	57	4500	2462661	57	4569	2500350	57	
172	100477	88	343	200530	88	500	292276	88	514	300443	88	685	400385	88	856	500300	88	1000	584627	88	1027	600454	88	1198	700395	88	1369	800568	88	1500	877656	88	1539	900535	88	1710	1000327	88	1881	1100084	88	2000	1169527	88	2052	1200064	88	2223	1300302	88	2393	1400404	88	2500	1464802	88	2560	1500291	88	2731	1600302	88	2902	1700332	88	3000	1757637	88	3073	1800208	88	3245	1900435	88	3416	2000522	88	3500	2050399	88	3585	2100260	88	3755	2200213	88	3925	2300124	88	4000	2344334	88	4095	2400386	88	4266	2500532	88	
172	100092	94	345	200496	94	500	290551	94	517	300503	94	689	400454	94	861	500210	94	1000	581014	94	1033	600101	94	1200	700035	94	1373	800390	94	1500	874028	94	1545	900270	94	1717	1000152	94	1888	1100431	94	2000	1165664	94	2060	1200537	94	2232	1300476	94	2403	1400057	94	2500	1456433	94	2575	1500067	94	2747	1600491	94	2918	1700244	94	3000	1747781	94	3091	1800499	94	3263	1900131	94	3434	2000347	94	3500	2038691	94	3606	2100584	94	3778	2200563	94	3950	2300523	94	4000	2329632	94	4122	2400537	94	4293	2500066	94	
205	100454	84	409	200019	84	500	244502	84	614	300163	84	819	400179	84	1000	488732	84	1024	500452	84	1228	600496	84	1432	700366	84	1500	733600	84	1636	800303	84	1841	900493	84	2000	978112	84	2045	1000114	84	2250	1100273	84	2454	1200370	84	2500	1222852	84	2658	1300186	84	2863	1400357	84	3000	1468544	84	3064	1500038	84	3268	1600272	84	3472	1700083	84	3500	1713767	84	3677	1800324	84	3882	1900469	84	4000	1958117	84	4086	2000181	84	4291	2100225	84	4495	2200086	84	4500	2202568	84	4700	2300249	84	4905	2400368	84	5000	2446726	84	5109	2500035	84	
183	100459	82	365	200562	82	500	274587	82	547	300384	82	728	400282	82	909	500181	82	1000	550267	82	1091	600392	82	1272	700032	82	1454	800056	82	1500	825227	82	1637	900481	82	1818	1000450	82	1999	1100097	82	2000	1100663	82	2181	1200214	82	2363	1300513	82	2500	1375686	82	2545	1400416	82	2726	1500217	82	2908	1600417	82	3000	1651170	82	3089	1700429	82	3270	1800281	82	3451	1900070	82	3500	1927166	82	3633	2000350	82	3810	2100222	82	3992	2200214	82	4000	2204613	82	4174	2300262	82	4355	2400056	82	4500	2479672	82	4537	2500100	82	
193	100431	49	385	200526	49	500	260471	49	577	300445	49	770	400467	49	962	500324	49	1000	520098	49	1154	600079	49	1346	700159	49	1500	780186	49	1539	800498	49	1730	900234	49	1922	1000444	49	2000	1040901	49	2115	1100530	49	2306	1200183	49	2492	1300388	49	2500	1304565	49	2683	1400313	49	2873	1500229	49	3000	1566844	49	3064	1600188	49	3256	1700048	49	3449	1800507	49	3500	1827220	49	3641	1900431	49	3833	2000485	49	4000	2088010	49	4023	2100059	49	4215	2200143	49	4407	2300174	49	4500	2348817	49	4599	2400444	49	4791	2500249	49	
199	100231	53	399	200142	53	500	250810	53	599	300356	53	795	400043	53	992	500149	53	1000	504149	53	1192	600501	53	1391	700197	53	1500	755081	53	1590	800102	53	1790	900102	53	1990	1000266	53	2000	1005245	53	2190	1100464	53	2386	1200273	53	2500	1258360	53	2582	1300296	53	2779	1400517	53	2976	1500297	53	3000	1512287	53	3175	1600328	53	3374	1700084	53	3500	1763280	53	3574	1800319	53	3773	1900191	53	3973	2000411	53	4000	2013965	53	4171	2100232	53	4371	2200379	53	4500	2264986	53	4571	2300423	53	4770	2400467	53	4968	2500252	53	
177	100034	61	354	200524	61	500	284169	61	528	300041	61	705	400261	61	881	500084	61	1000	567221	61	1058	600105	61	1235	700093	61	1412	800341	61	1500	850122	61	1589	900551	61	1765	1000095	61	1942	1100199	61	2000	1132958	61	2119	1200295	61	2296	1300227	61	2472	1400074	61	2500	1416157	61	2648	1500284	61	2825	1600548	61	3000	1699448	61	3001	1700048	61	3178	1800111	61	3355	1900246	61	3500	1982074	61	3532	2000238	61	3709	2100345	61	3885	2200224	61	4000	2265206	61	4062	2300259	61	4239	2400161	61	4415	2500155	61	
200	100445	56	399	200317	56	500	251085	56	598	300314	56	797	400267	56	996	500467	56	1000	502498	56	1193	600100	56	1390	700195	56	1500	756139	56	1587	800216	56	1785	900130	56	1981	1000035	56	2000	1009603	56	2179	1100150	56	2379	1200365	56	2500	1261208	56	2578	1300410	56	2778	1400473	56	2976	1500137	56	3000	1512181	56	3175	1600044	56	3374	1700069	56	3500	1764735	56	3568	1800203	56	3766	1900364	56	3965	2000427	56	4000	2018044	56	4163	2100070	56	4362	2200028	56	4500	2269342	56	4562	2300404	56	4761	2400252	56	4960	2500263	56	
193	100049	50	386	200088	50	500	259077	50	580	300469	50	773	400240	50	966	500298	50	1000	517906	50	1159	600459	50	1352	700041	50	1500	777118	50	1544	800144	50	1737	900044	50	1925	1000351	50	2000	1039668	50	2117	1100456	50	2310	1200396	50	2500	1299524	50	2501	1300064	50	2695	1400406	50	2888	1500369	50	3000	1558134	50	3081	1600242	50	3274	1700121	50	3468	1800473	50	3500	1816967	50	3661	1900464	50	3854	2000511	50	4000	2076112	50	4047	2100485	50	4238	2200182	50	4431	2300304	50	4500	2336060	50	4624	2400224	50	4817	2500276	50	
183	100425	59	360	200186	59	500	276867	59	543	300518	59	725	400367	59	907	500067	59	1000	551224	59	1089	600026	59	1272	700545	59	1454	800483	59	1500	825695	59	1636	900368	59	1818	1000212	59	2000	1100260	59	2000	1100286	59	2180	1200053	59	2363	1300383	59	2500	1375591	59	2544	1400027	59	2727	1500559	59	2907	1600258	59	3000	1651950	59	3087	1700399	59	3267	1800279	59	3447	1900279	59	3500	1929659	59	3627	2000432	59	3808	2100216	59	3990	2200547	59	4000	2206012	59	4172	2300027	59	4355	2400364	59	4500	2479876	59	4537	2500236	59	
199	100489	55	397	200428	55	500	252464	55	594	300064	55	793	400512	55	990	500349	55	1000	505457	55	1188	600471	55	1386	700502	55	1500	758161	55	1583	800261	55	1781	900188	55	1979	1000205	55	2000	1010874	55	2177	1100370	55	2374	1200215	55	2500	1264025	55	2572	1300428	55	2766	1400030	55	2964	1500364	55	3000	1518637	55	3161	1600098	55	3358	1700101	55	3500	1771937	55	3555	1800081	55	3753	1900293	55	3951	2000149	55	4000	2024874	55	4149	2100300	55	4346	2200455	55	4500	2278337	55	4543	2300263	55	4735	2400333	55	4930	2500256	55	
178	100247	87	356	200380	87	500	281293	87	534	300504	87	711	400269	87	889	500564	87	1000	562872	87	1066	600059	87	1244	700525	87	1421	800078	87	1500	844437	87	1599	900090	87	1777	1000288	87	1953	1100039	87	2000	1126566	87	2131	1200401	87	2308	1300295	87	2486	1400382	87	2500	1408293	87	2664	1500543	87	2836	1600115	87	3000	1692767	87	3013	1700151	87	3191	1800515	87	3368	1900162	87	3500	1974556	87	3546	2000365	87	3723	2100171	87	3901	2200103	87	4000	2255610	87	4079	2300073	87	4256	2400024	87	4434	2500246	87	
65	100703	337	130	201023	337	195	301204	337	259	400626	337	324	501175	337	389	601496	337	452	700913	337	500	775816	337	516	800409	337	581	901185	337	645	1000505	337	710	1101487	337	774	1201192	337	838	1300349	337	903	1400966	337	968	1501359	337	1000	1550696	337	1032	1600484	337	1097	1700717	337	1162	1801248	337	1226	1900640	337	1291	2000887	337	1356	2101204	337	1420	2201148	337	1485	2301566	337	1500	2324789	337	1549	2400463	337	1614	2501189	337	
57	101543	351	113	201401	351	169	300914	351	225	401041	351	281	500900	351	337	600731	351	393	700462	351	450	801844	351	500	890894	351	506	901805	351	562	1001612	351	618	1101298	351	674	1200979	351	730	1301084	351	786	1400870	351	842	1500665	351	898	1600525	351	954	1701149	351	1000	1783452	351	1010	1801531	351	1065	1900102	351	1122	2001422	351	1178	2101192	351	1234	2201287	351	1290	2301404	351	1346	2401282	351	1402	2501126	351	
59	101734	339	117	201611	339	174	300214	339	232	400182	339	291	501750	339	349	601455	339	407	701536	339	464	800722	339	500	862530	339	522	900662	339	580	1000943	339	638	1100730	339	696	1201032	339	754	1301725	339	811	1400329	339	869	1500267	339	927	1600265	339	985	1700334	339	1000	1726284	339	1043	1800414	339	1101	1900382	339	1158	2000424	339	1216	2100781	339	1274	2200973	339	1332	2301437	339	1389	2400325	339	1447	2500574	339	
63	101023	325	126	201425	325	188	300216	325	251	401092	325	314	501471	325	376	600684	325	439	701679	325	500	798932	325	501	800635	325	564	901050	325	626	1000401	325	689	1101685	325	750	1201025	325	812	1300493	325	875	1401200	325	938	1501522	325	1000	1600546	325	1000	1600640	325	1063	1700960	325	1126	1801532	325	1189	1901651	325	1251	2000213	325	1314	2100690	325	1377	2201546	325	1439	2300748	325	1500	2397984	325	1502	2401257	325	1564	2500655	325	
55	101429	355	105	201652	355	149	300964	355	194	400205	355	240	501338	355	284	600469	355	330	701340	355	376	800761	355	428	901395	355	484	1000416	355	500	1027827	355	544	1101043	355	605	1201022	355	666	1301301	355	727	1401098	355	788	1501606	355	849	1601258	355	910	1701381	355	971	1801442	355	1000	1848994	355	1032	1901471	355	1093	2001108	355	1154	2100740	355	1215	2200565	355	1272	2301365	355	1327	2401035	355	1387	2501840	355	
58	101013	339	116	201699	339	173	300828	339	231	401503	339	288	500586	339	345	600365	339	402	700300	339	460	801430	339	500	870945	339	517	900668	339	574	1000339	339	632	1101549	339	689	1201155	339	746	1300987	339	803	1400321	339	861	1501067	339	918	1600637	339	976	1701376	339	1000	1743477	339	1033	1801388	339	1090	1900758	339	1147	2000428	339	1205	2101787	339	1262	2201243	339	1319	2300448	339	1377	2401375	339	1434	2501199	339	
63	100370	385	126	200187	385	189	300476	385	252	401009	385	315	500913	385	378	601412	385	441	701664	385	500	795439	385	503	800295	385	566	900353	385	629	1000668	385	692	1101446	385	754	1200151	385	817	1300423	385	880	1400385	385	943	1500204	385	1000	1590827	385	1006	1600446	385	1069	1700544	385	1131	1800651	385	1193	1900252	385	1256	2000507	385	1319	2101020	385	1381	2200217	385	1444	2300742	385	1500	2390366	385	1507	2401669	385	1569	2500440	385	
66	101091	345	131	200838	345	197	301231	345	262	400781	345	327	500477	345	393	601607	345	458	700705	345	500	764932	345	524	801557	345	589	900720	345	653	1000581	345	719	1101488	345	784	1200377	345	850	1300868	345	915	1401015	345	980	1500266	345	1000	1530729	345	1046	1600848	345	1111	1700282	345	1177	1801091	345	1242	1901119	345	1307	2000565	345	1373	2101417	345	1438	2200929	345	1500	2295761	345	1503	2300436	345	1569	2401442	345	1634	2500381	345	
62	101000	369	122	200434	369	184	301551	369	245	400590	369	307	500977	369	369	601167	369	430	700352	369	492	800753	369	500	813773	369	554	901377	369	615	1000781	369	677	1101216	369	738	1200237	369	800	1301226	369	861	1400104	369	923	1500580	369	984	1600400	369	1000	1626496	369	1046	1701423	369	1107	1800981	369	1168	1900358	369	1230	2001324	369	1291	2100519	369	1353	2201364	369	1414	2300346	369	1476	2400942	369	1500	2439859	369	1538	2501366	369	
61	100530	358	122	201161	358	182	300756	358	243	401380	358	303	500206	358	364	601096	358	425	701702	358	485	801006	358	500	825775	358	546	901546	358	607	1001727	358	667	1100806	358	727	1200279	358	788	1301687	358	848	1400581	358	909	1501466	358	969	1601128	358	1000	1652445	358	1029	1700539	358	1090	1801571	358	1150	1900852	358	1211	2001487	358	1271	2100724	358	1332	2201049	358	1391	2301275	358	1451	2400967	358	1500	2481627	358	1512	2501502	358	
63	100785	376	125	200724	376	188	301658	376	250	401001	376	312	500364	376	375	601062	376	437	700534	376	500	801346	376	500	801449	376	562	900934	376	624	1000376	376	686	1100242	376	749	1200818	376	811	1300217	376	874	1401497	376	934	1500397	376	996	1600258	376	1000	1606754	376	1059	1701291	376	1121	1801024	376	1183	1900344	376	1246	2001313	376	1308	2100973	376	1370	2200136	376	1433	2301030	376	1495	2400818	376	1500	2409124	376	1557	2500564	376	
60	100885	333	119	200333	333	179	301069	333	239	401510	333	298	500810	333	356	600522	333	416	701070	333	476	801513	333	500	842079	333	535	901454	333	594	1001377	333	653	1100359	333	713	1201077	333	772	1300272	333	832	1401053	333	891	1500662	333	950	1600560	333	1000	1685193	333	1009	1700403	333	1068	1800109	333	1128	1900443	333	1188	2001231	333	1247	2100628	333	1307	2201285	333	1366	2300784	333	1425	2400523	333	1485	2501459	333	
63	101260	357	125	201462	357	187	301265	357	249	400874	357	311	500101	357	374	600955	357	436	700238	357	499	801603	357	500	803320	357	561	901201	357	623	1000350	357	685	1100368	357	747	1200647	357	809	1300813	357	871	1400777	357	933	1500206	357	996	1601092	357	1000	1607600	357	1058	1700738	357	1121	1801642	357	1183	1900859	357	1245	2000211	357	1308	2101208	357	1370	2200653	357	1432	2300191	357	1495	2400965	357	1500	2409112	357	1557	2501001	357	
64	100659	337	127	200091	337	191	301123	337	254	400594	337	317	500178	337	381	601320	337	444	700690	337	500	789117	337	507	800296	337	571	901644	337	634	1001056	337	697	1100198	337	761	1200968	337	824	1300652	337	887	1400124	337	951	1501402	337	1000	1578819	337	1014	1600972	337	1077	1700260	337	1141	1800958	337	1203	1900941	337	1266	2000556	337	1329	2100488	337	1393	2201445	337	1456	2301019	337	1500	2370418	337	1519	2400497	337	1582	2500156	337	
64	100183	349	129	200763	349	193	300312	349	258	401106	349	322	500697	349	387	601593	349	451	701197	349	500	777353	349	515	800632	349	580	901523	349	644	1001051	349	707	1101609	349	771	1201032	349	835	1300387	349	899	1400387	349	964	1501385	349	1000	1557417	349	1028	1601062	349	1092	1700232	349	1157	1801066	349	1222	1901617	349	1286	2000820	349	1351	2101598	349	1415	2201526	349	1479	2300591	349	1500	2333215	349	1543	2400142	349	1608	2501133	349	
60	100858	355	118	200191	355	178	301211	355	237	400173	355	297	501163	355	356	600659	355	416	701514	355	475	800971	355	500	842956	355	535	901728	355	594	1000937	355	654	1101545	355	713	1200479	355	773	1301289	355	833	1401506	355	892	1501464	355	951	1600867	355	1000	1683181	355	1011	1701614	355	1070	1800552	355	1130	1901363	355	1189	2000350	355	1249	2101514	355	1308	2200459	355	1368	2301445	355	1427	2400593	355	1487	2501329	355	
63	100406	349	126	200718	349	189	300873	349	252	401298	349	315	501403	349	377	600289	349	440	700760	349	500	796364	349	503	801177	349	565	900305	349	628	1000550	349	691	1101276	349	753	1200165	349	816	1300557	349	879	1401128	349	941	1500128	349	1000	1594181	349	1004	1600584	349	1067	1700909	349	1130	1801542	349	1192	1900489	349	1255	2001287	349	1317	2100326	349	1379	2200310	349	1442	2300528	349	1500	2395950	349	1503	2400929	349	1566	2501658	349	
64	101629	375	127	201639	375	190	301215	375	253	401424	375	316	501489	375	379	601533	375	442	701244	375	500	793542	375	505	801629	375	568	901572	375	631	1001453	375	693	1100184	375	756	1200171	375	819	1300464	375	882	1400177	375	944	1500625	375	1000	1590140	375	1007	1601347	375	1070	1701322	375	1133	1801556	375	1195	1900577	375	1258	2000367	375	1321	2100226	375	1385	2201369	375	1448	2301173	375	1500	2383943	375	1511	2401455	375	1574	2501212	375	
65	101043	332	129	200910	332	193	300985	332	257	400868	332	321	500597	332	385	600156	332	445	701182	332	500	787115	332	509	801161	332	573	900435	332	637	1000762	332	701	1100729	332	765	1200717	332	829	1300873	332	893	1401075	332	957	1501314	332	1000	1568179	332	1021	1600867	332	1085	1701083	332	1149	1801267	332	1213	1901573	332	1276	2000285	332	1341	2101531	332	1404	2200165	332	1468	2300767	332	1500	2350818	332	1532	2401094	332	1596	2501022	332	
67	100314	340	134	200516	340	200	300193	340	268	401517	340	334	500177	340	401	600196	340	468	700484	340	500	748572	340	535	800801	340	602	901053	340	669	1001325	340	736	1101407	340	802	1200206	340	869	1300559	340	936	1400388	340	1000	1495865	340	1003	1500401	340	1070	1600496	340	1137	1700594	340	1204	1800975	340	1271	1900869	340	1338	2000756	340	1405	2101208	340	1472	2201454	340	1500	2243340	340	1539	2301440	340	1606	2401376	340	1672	2500085	340	
13	100666	1669	26	200900	1669	39	301351	1669	52	401509	1669	65	501563	1669	78	602402	1669	91	702793	1669	104	803072	1669	117	903423	1669	130	1004218	1669	143	1105080	1669	156	1205287	1669	169	1305441	1669	182	1405287	1669	195	1505455	1669	208	1605702	1669	221	1705969	1669	234	1806072	1669	246	1901715	1669	259	2002219	1669	272	2102712	1669	285	2202785	1669	298	2303432	1669	311	2404059	1669	324	2504032	1669	
14	106419	1769	27	205130	1769	40	304287	1769	53	402981	1769	66	501472	1769	80	607712	1769	93	706514	1769	106	807183	1769	119	907220	1769	132	1006046	1769	145	1104534	1769	158	1203360	1769	171	1302331	1769	184	1401495	1769	197	1500527	1769	211	1606753	1769	224	1705608	1769	237	1804380	1769	250	1902682	1769	263	2001657	1769	276	2100789	1769	290	2207205	1769	303	2306190	1769	316	2405094	1769	329	2503822	1769	
14	105270	1800	27	203819	1800	40	301425	1800	54	406465	1800	67	504034	1800	80	601793	1800	94	707356	1800	107	805168	1800	120	902934	1800	133	1000771	1800	147	1105765	1800	160	1203443	1800	173	1301246	1800	187	1406495	1800	200	1504186	1800	213	1601890	1800	227	1707286	1800	240	1804814	1800	253	1902281	1800	267	2007924	1800	280	2106025	1800	293	2203863	1800	306	2301594	1800	320	2406554	1800	333	2504347	1800	
14	105152	1759	27	202666	1759	41	307400	1759	54	405331	1759	67	502773	1759	81	607715	1759	94	705096	1759	107	802554	1759	121	907641	1759	134	1005673	1759	147	1102956	1759	160	1200588	1759	174	1305695	1759	187	1402889	1759	201	1507964	1759	214	1605444	1759	227	1702841	1759	240	1803844	1759	253	1901692	1759	267	2006839	1759	280	2104746	1759	293	2202360	1759	307	2307476	1759	320	2404969	1759	333	2502590	1759	
14	106486	1726	27	205429	1726	40	304304	1726	53	403065	1726	66	501889	1726	79	600748	1726	92	700792	1726	105	800649	1726	119	907743	1726	132	1006681	1726	145	1105381	1726	158	1204558	1726	171	1303696	1726	184	1402772	1726	197	1501998	1726	210	1601271	1726	224	1707669	1726	237	1806600	1726	250	1905622	1726	263	2004695	1726	276	2103681	1726	289	2202692	1726	302	2301842	1726	315	2400838	1726	329	2506991	1726	
14	105379	1758	27	203669	1758	40	301368	1758	54	406845	1758	67	505269	1758	80	603090	1758	93	701141	1758	107	806388	1758	120	904238	1758	133	1002187	1758	147	1107470	1758	160	1205268	1758	173	1303392	1758	186	1401084	1758	200	1506343	1758	213	1604350	1758	226	1702183	1758	240	1807340	1758	253	1905823	1758	266	2003818	1758	279	2101707	1758	293	2207084	1758	306	2304931	1758	319	2403084	1758	332	2501207	1758	
14	105430	1712	27	203113	1712	40	301063	1712	54	406117	1712	67	503605	1712	80	601478	1712	94	706561	1712	107	804122	1712	120	902127	1712	134	1007351	1712	147	1105069	1712	160	1203996	1712	173	1301665	1712	187	1406935	1712	200	1504789	1712	213	1602403	1712	226	1702919	1712	239	1800790	1712	253	1905765	1712	266	2003460	1712	279	2100937	1712	293	2206089	1712	306	2303904	1712	319	2401586	1712	333	2506614	1712	
14	106139	1712	27	204100	1712	40	301847	1712	54	407398	1712	67	505404	1712	80	605586	1712	93	704037	1712	106	802076	1712	120	907179	1712	133	1004920	1712	146	1102833	1712	159	1200702	1712	173	1306210	1712	186	1403820	1712	199	1501905	1712	213	1607661	1712	226	1705785	1712	239	1804011	1712	252	1902593	1712	265	2000785	1712	279	2106530	1712	292	2204457	1712	305	2302287	1712	319	2407609	1712	332	2505693	1712	
14	107561	1743	27	207473	1743	40	306976	1743	53	406869	1743	66	506425	1743	79	605626	1743	92	704932	1743	105	804041	1743	118	903031	1743	131	1002289	1743	144	1101465	1743	158	1208168	1743	171	1307447	1743	184	1406357	1743	197	1505637	1743	210	1604879	1743	223	1704195	1743	236	1803419	1743	249	1902560	1743	262	2001461	1743	275	2100681	1743	289	2207675	1743	302	2306706	1743	315	2405970	1743	328	2505407	1743	
14	107125	1684	27	206271	1684	40	305621	1684	53	405136	1684	66	504503	1684	79	604013	1684	92	703705	1684	105	803284	1684	118	902781	1684	131	1002159	1684	144	1101545	1684	157	1201130	1684	170	1300552	1684	184	1407633	1684	197	1507344	1684	209	1601017	1684	222	1701295	1684	235	1800853	1684	249	1907785	1684	262	2007134	1684	275	2106745	1684	288	2206363	1684	301	2306129	1684	314	2405465	1684	327	2505009	1684	
14	103986	1705	27	200599	1705	41	305168	1705	54	401791	1705	68	505351	1705	81	604292	1705	94	701438	1705	108	805502	1705	121	902337	1705	135	1005963	1705	148	1102519	1705	162	1205944	1705	175	1302933	1705	189	1406873	1705	202	1503399	1705	216	1607198	1705	229	1703722	1705	243	1807497	1705	256	1903700	1705	270	2007646	1705	283	2104224	1705	296	2201034	1705	310	2305043	1705	323	2401628	1705	337	2505523	1705	
15	106801	1778	29	206076	1778	43	305629	1778	57	405302	1778	71	504696	1778	85	604121	1778	99	703690	1778	113	803077	1778	127	902352	1778	141	1002392	1778	155	1101840	1778	169	1201311	1778	183	1300498	1778	198	1407269	1778	212	1506866	1778	226	1606454	1778	240	1706129	1778	254	1805532	1778	268	1904672	1778	282	2004101	1778	296	2103318	1778	310	2203071	1778	324	2302361	1778	338	2402087	1778	352	2501453	1778	
14	105308	1776	27	202904	1776	40	301235	1776	54	406530	1776	67	504093	1776	80	602074	1776	94	707311	1776	107	805346	1776	120	903060	1776	133	1000517	1776	147	1105482	1776	160	1203243	1776	173	1300791	1776	187	1405838	1776	200	1505328	1776	213	1603713	1776	226	1701563	1776	240	1807424	1776	253	1905115	1776	266	2002984	1776	280	2107920	1776	293	2205577	1776	306	2303206	1776	319	2401247	1776	333	2506258	1776	
14	103513	1737	28	207105	1737	41	303038	1737	55	405977	1737	67	501943	1737	81	605332	1737	94	701269	1737	108	804405	1737	122	907593	1737	135	1003595	1737	149	1106799	1737	162	1202671	1737	176	1305620	1737	189	1401516	1737	203	1504520	1737	217	1607473	1737	230	1703328	1737	244	1806348	1737	257	1901895	1737	271	2004868	1737	284	2100707	1737	298	2203762	1737	312	2307207	1737	325	2402591	1737	339	2505951	1737	
14	101313	1742	28	202104	1742	42	303586	1742	56	404911	1742	70	505961	1742	84	607011	1742	97	700655	1742	111	801935	1742	125	903157	1742	139	1004094	1742	153	1105371	1742	167	1206489	1742	180	1300600	1742	194	1402297	1742	208	1503271	1742	222	1604206	1742	236	1705237	1742	250	1806321	1742	264	1907342	1742	277	2001430	1742	291	2102625	1742	305	2203473	1742	319	2304371	1742	333	2407576	1742	346	2502558	1742	
14	101779	1764	28	202670	1764	42	303261	1764	56	403781	1764	70	504381	1764	84	605535	1764	98	706520	1764	112	807122	1764	125	900994	1764	139	1001804	1764	153	1102483	1764	167	1203055	1764	181	1303668	1764	195	1406864	1764	208	1500830	1764	222	1601653	1764	236	1702663	1764	250	1803548	1764	264	1904787	1764	278	2005428	1764	292	2106222	1764	306	2206905	1764	319	2300766	1764	333	2401452	1764	347	2502139	1764	
15	105350	1725	29	203893	1725	43	302619	1725	57	404485	1725	71	503582	1725	85	602106	1725	99	700611	1725	114	806014	1725	128	905060	1725	142	1003652	1725	156	1102134	1725	170	1200841	1725	185	1306383	1725	199	1404744	1725	213	1503399	1725	227	1601656	1725	241	1700516	1725	256	1806263	1725	270	1904657	1725	284	2003303	1725	298	2102204	1725	312	2200553	1725	327	2306193	1725	341	2405250	1725	355	2503838	1725	
14	101666	1716	28	203336	1716	42	305385	1716	56	407111	1716	69	501572	1716	83	603259	1716	97	705071	1716	111	806704	1716	124	901266	1716	138	1003237	1716	152	1105295	1716	166	1207664	1716	179	1302213	1716	193	1404485	1716	207	1505895	1716	221	1607911	1716	234	1702908	1716	248	1805188	1716	262	1906735	1716	275	2001708	1716	289	2103583	1716	303	2205447	1716	316	2300613	1716	330	2405047	1716	344	2506654	1716	
15	107190	1725	29	206706	1725	43	306091	1725	57	405699	1725	71	505541	1725	85	604903	1725	99	704463	1725	113	803942	1725	127	903228	1725	141	1002437	1725	155	1102066	1725	169	1201658	1725	183	1301616	1725	197	1403187	1725	211	1502855	1725	225	1602676	1725	239	1702348	1725	253	1801687	1725	267	1901067	1725	281	2000929	1725	296	2107408	1725	310	2206748	1725	324	2306569	1725	338	2406357	1725	352	2506282	1725	
15	106043	1715	29	204608	1715	43	303726	1715	57	405834	1715	71	504972	1715	85	603868	1715	99	703203	1715	113	802325	1715	127	901278	1715	142	1007408	1715	156	1105874	1715	170	1204786	1715	184	1303604	1715	198	1402578	1715	212	1501472	1715	227	1607164	1715	241	1706187	1715	255	1805237	1715	269	1904043	1715	283	2003044	1715	297	2102127	1715	311	2201188	1715	325	2300608	1715	340	2406216	1715	354	2505196	1715	
167	100033	503	330	200559	503	492	300419	503	500	305368	503	655	400319	503	818	500326	503	981	600416	503	1000	612057	503	1144	700592	503	1306	800167	503	1469	900377	503	1500	919414	503	1632	1000558	503	1794	1100196	503	1957	1200590	503	2000	1227111	503	2119	1300203	503	2282	1400044	503	2445	1500132	503	2500	1533908	503	2608	1600375	503	2770	1700151	503	2933	1800350	503	3000	1841513	503	3094	1900162	503	3257	2000437	503	3419	2100038	503	3500	2149916	503	3582	2200406	503	3744	2300043	503	3908	2400613	503	4000	2457027	503	4066	2500188	503	
173	100075	235	342	200123	235	500	293684	235	511	300169	235	680	400288	235	849	500292	235	1000	589961	235	1018	600565	235	1187	700537	235	1356	800408	235	1500	886062	235	1524	900360	235	1692	1000117	235	1861	1100526	235	2000	1182995	235	2029	1200138	235	2198	1300105	235	2367	1400269	235	2500	1479167	235	2536	1500447	235	2705	1600513	235	2869	1700279	235	3000	1778852	235	3036	1800370	235	3204	1900126	235	3373	2000264	235	3500	2075437	235	3542	2100257	235	3710	2200309	235	3878	2300041	235	4000	2372248	235	4047	2400030	235	4217	2500444	235	
168	100171	288	332	200528	288	495	300114	288	500	303190	288	659	400424	288	823	500223	288	986	600319	288	1000	609008	288	1150	700461	288	1314	800557	288	1474	900548	288	1500	916472	288	1637	1000206	288	1801	1100257	288	1965	1200164	288	2000	1221554	288	2129	1300405	288	2293	1400411	288	2457	1500351	288	2500	1526651	288	2620	1600286	288	2783	1700039	288	2947	1800545	288	3000	1833122	288	3110	1900463	288	3274	2000336	288	3437	2100267	288	3500	2138781	288	3601	2200648	288	3764	2300508	288	3928	2400241	288	4000	2444344	288	4092	2500463	288	
167	100528	275	331	200527	275	496	300525	275	500	302982	275	660	400211	275	825	500120	275	991	600484	275	1000	606014	275	1154	700221	275	1319	800378	275	1483	900243	275	1500	910588	275	1647	1000226	275	1812	1100044	275	1977	1200467	275	2000	1214473	275	2142	1300618	275	2306	1400158	275	2472	1500564	275	2500	1517592	275	2636	1600182	275	2801	1700408	275	2965	1800170	275	3000	1821422	275	3130	1900075	275	3295	2000033	275	3459	2100147	275	3500	2125171	275	3624	2200417	275	3788	2300390	275	3952	2400351	275	4000	2429533	275	4116	2500064	275	
168	100396	311	332	200199	311	497	300624	311	500	302464	311	661	400153	311	825	500071	311	990	600505	311	1000	606623	311	1154	700597	311	1317	800188	311	1482	900462	311	1500	911372	311	1646	1000434	311	1810	1100555	311	1974	1200434	311	2000	1216248	311	2138	1300253	311	2302	1400147	311	2467	1500470	311	2500	1520576	311	2630	1600089	311	2794	1700067	311	2959	1800386	311	3000	1825285	311	3123	1900192	311	3287	2000485	311	3450	2100393	311	3500	2131184	311	3613	2200035	311	3773	2300177	311	3938	2400512	311	4000	2438186	311	4102	2500411	311	
165	100481	328	326	200581	328	487	300524	328	500	308603	328	648	400222	328	809	500613	328	970	600624	328	1000	619193	328	1131	700422	328	1292	800092	328	1453	900346	328	1500	929521	328	1614	1000169	328	1775	1100550	328	1936	1200428	328	2000	1240595	328	2096	1300273	328	2257	1400245	328	2415	1500638	328	2500	1553858	328	2575	1600564	328	2735	1700274	328	2896	1800226	328	3000	1864883	328	3057	1900146	328	3219	2000486	328	3380	2100035	328	3500	2174252	328	3542	2200270	328	3703	2300404	328	3864	2400128	328	4000	2484298	328	4026	2500471	328	
167	100198	286	330	200540	286	492	300231	286	500	305181	286	653	400261	286	816	500319	286	976	600125	286	1000	615335	286	1137	700033	286	1300	800131	286	1463	900149	286	1500	922851	286	1625	1000160	286	1787	1100061	286	1950	1200256	286	2000	1231203	286	2112	1300407	286	2274	1400038	286	2437	1500312	286	2500	1539455	286	2599	1600479	286	2762	1700507	286	2925	1800610	286	3000	1846780	286	3087	1900315	286	3249	2000093	286	3411	2100254	286	3500	2154869	286	3574	2200473	286	3737	2300220	286	3900	2400239	286	4000	2461602	286	4063	2500283	286	
166	100421	281	327	200529	281	488	300438	281	500	307876	281	649	400208	281	810	500144	281	971	600163	281	1000	618229	281	1133	700542	281	1294	800343	281	1455	900270	281	1500	928420	281	1615	1000608	281	1776	1100614	281	1936	1200226	281	2000	1239959	281	2098	1300501	281	2258	1400134	281	2420	1500559	281	2500	1550176	281	2581	1600416	281	2742	1700207	281	2903	1800128	281	3000	1860613	281	3064	1900358	281	3224	2000236	281	3385	2100211	281	3500	2172621	281	3545	2200567	281	3706	2300572	281	3866	2400369	281	4000	2483505	281	4027	2500342	281	
171	100618	346	336	200064	346	500	298395	346	503	300206	346	670	400265	346	837	500329	346	1000	597817	346	1004	600281	346	1170	700214	346	1337	800243	346	1500	897911	346	1504	900332	346	1671	1000409	346	1838	1100390	346	2000	1197531	346	2005	1200537	346	2172	1300562	346	2339	1400497	346	2500	1496941	346	2506	1500579	346	2673	1600475	346	2840	1700398	346	3000	1796425	346	3007	1800610	346	3173	1900343	346	3336	2000539	346	3500	2099388	346	3502	2100603	346	3668	2200202	346	3835	2300111	346	4000	2398967	346	4002	2400200	346	4168	2500105	346	
165	100186	488	327	200630	488	488	300292	488	500	307675	488	649	400064	488	811	500524	488	972	600427	488	1000	617893	488	1133	700438	488	1294	800261	488	1456	900650	488	1500	928571	488	1615	1000183	488	1776	1100606	488	1923	1200165	488	2000	1247984	488	2084	1300189	488	2245	1400501	488	2406	1500340	488	2500	1558675	488	2567	1600323	488	2728	1700554	488	2888	1800082	488	3000	1869882	488	3049	1900298	488	3209	2000040	488	3371	2100611	488	3500	2180624	488	3532	2200647	488	3693	2300609	488	3853	2400309	488	4000	2491825	488	4014	2500480	488	
57	100564	1998	109	201148	1998	157	300171	1998	209	401477	1998	261	501743	1998	312	600691	1998	364	700942	1998	416	801704	1998	467	900372	1998	500	964295	1998	519	1001022	1998	571	1101407	1998	622	1200285	1998	674	1301171	1998	726	1401303	1998	778	1501762	1998	829	1600283	1998	881	1701071	1998	933	1801389	1998	984	1900322	1998	1000	1931365	1998	1036	2000791	1998	1088	2101197	1998	1140	2201319	1998	1192	2301572	1998	1244	2401886	1998	1295	2500777	1998	
58	100888	2328	111	200724	2328	165	301864	2328	218	401395	2328	271	500433	2328	325	601790	2328	378	701349	2328	431	800489	2328	485	901960	2328	500	930158	2328	538	1001586	2328	591	1101052	2328	644	1200154	2328	698	1301687	2328	751	1400957	2328	804	1500303	2328	858	1601495	2328	911	1701190	2328	964	1801107	2328	1000	1868592	2328	1017	1900790	2328	1070	2000345	2328	1124	2101901	2328	1177	2201031	2328	1230	2300714	2328	1283	2401895	2328	1335	2501946	2328	
59	101131	1707	112	200620	1707	165	300924	1707	218	400857	1707	271	500751	1707	324	600792	1707	377	700745	1707	430	800723	1707	483	900645	1707	500	932651	1707	536	1000223	1707	589	1100217	1707	643	1201836	1707	696	1301884	1707	749	1401782	1707	802	1501588	1707	854	1601563	1707	907	1701280	1707	960	1800978	1707	1000	1876922	1707	1013	1901310	1707	1066	2001174	1707	1119	2100905	1707	1172	2200816	1707	1225	2300744	1707	1278	2400280	1707	1332	2501864	1707	
58	101837	1816	110	201388	1816	162	300860	1816	214	400504	1816	267	501738	1816	319	601757	1816	371	701094	1816	422	801523	1816	474	900531	1816	500	950054	1816	527	1001838	1816	579	1101020	1816	631	1200264	1816	684	1301342	1816	736	1400988	1816	788	1500528	1816	841	1601484	1816	893	1700921	1816	945	1800329	1816	998	1901469	1816	1000	1905422	1816	1050	2000850	1816	1103	2101677	1816	1155	2200785	1816	1208	2301877	1816	1260	2401835	1816	1311	2500745	1816	
57	100129	1913	110	200829	1913	163	301831	1913	214	400339	1913	267	501781	1913	319	601120	1913	371	700174	1913	424	801793	1913	476	900811	1913	500	946835	1913	528	1000365	1913	581	1101397	1913	633	1200773	1913	685	1300122	1913	738	1401261	1913	790	1500468	1913	842	1600344	1913	895	1701747	1913	947	1801243	1913	999	1900606	1913	1000	1902641	1913	1052	2001780	1913	1104	2100980	1913	1156	2200353	1913	1209	2301709	1913	1261	2400425	1913	1314	2501596	1913	
58	101798	2592	110	200321	2592	163	301066	2592	216	401607	2592	268	500249	2592	321	600935	2592	374	701726	2592	426	800798	2592	479	901442	2592	500	941366	2592	531	1000223	2592	584	1101072	2592	637	1201780	2592	689	1300688	2592	742	1401661	2592	794	1500799	2592	846	1600428	2592	899	1701019	2592	952	1801994	2592	1000	1893524	2592	1004	1901281	2592	1056	2001998	2592	1108	2101976	2592	1160	2200897	2592	1213	2301955	2592	1265	2400778	2592	1318	2501718	2592	
57	100843	2350	110	201763	2350	162	301293	2350	214	401067	2350	266	500231	2350	319	601178	2350	371	700286	2350	424	801274	2350	477	901970	2350	500	945655	2350	529	1000795	2350	581	1100280	2350	633	1201270	2350	685	1300409	2350	738	1401169	2350	791	1501775	2350	843	1601247	2350	895	1700283	2350	948	1801225	2350	1000	1900311	2350	1000	1900427	2350	1053	2001005	2350	1106	2101784	2350	1158	2200717	2350	1211	2301541	2350	1263	2400288	2350	1316	2501006	2350	
58	100287	1991	112	201614	1568	164	301868	1568	216	401659	1568	268	500741	1568	321	601655	1568	373	700462	1568	426	800850	1568	479	901357	1568	500	941313	1568	531	1000125	1568	584	1101156	1568	637	1201934	1568	689	1300866	1568	742	1401855	1568	794	1500791	1568	847	1600816	1568	900	1701430	1568	953	1801968	1568	1000	1890846	1568	1005	1900420	1568	1058	2001573	1568	1110	2100471	1568	1163	2201283	1568	1215	2300122	1568	1268	2400936	1568	1321	2501504	1568	
58	100790	1742	111	201770	1742	163	300688	1742	216	401783	1742	268	500868	1742	321	601779	1742	373	700725	1742	426	801620	1742	478	900575	1742	500	942418	1742	531	1001988	1742	583	1101503	1742	635	1200429	1742	688	1301245	1742	740	1400628	1742	792	1500409	1742	845	1601690	1742	897	1700278	1742	950	1801665	1742	1000	1897012	1742	1002	1900995	1742	1055	2001910	1742	1107	2101103	1742	1159	2200232	1742	1212	2301614	1742	1264	2401018	1742	1315	2501127	1742	
58	100817	1980	111	201318	1980	164	301917	1980	216	400541	1980	269	500960	1980	322	601662	1980	374	700328	1980	427	801245	1980	480	901956	1980	500	940033	1980	532	1001019	1980	585	1101715	1980	637	1200899	1980	690	1301558	1980	742	1400411	1980	795	1501306	1980	847	1601729	1980	899	1701390	1980	952	1801788	1980	1000	1892878	1980	1004	1900582	1980	1057	2001179	1980	1110	2101828	1980	1162	2200942	1980	1214	2300211	1980	1267	2401633	1980	1319	2500548	1980	
12	104179	50387	24	208254	50387	35	304001	50387	47	407721	50387	58	502971	50387	70	608882	50387	81	705063	50387	92	800940	50387	104	905138	50387	115	1000617	50387	127	1104575	50387	139	1208767	50387	150	1304651	50387	162	1408580	50387	173	1504070	50387	185	1608150	50387	196	1703395	50387	208	1807566	50387	219	1903210	50387	231	2007463	50387	242	2102678	50387	254	2206764	50387	265	2302031	50387	277	2406044	50387	288	2501318	50387	
12	105036	49956	23	200922	49956	35	305259	49956	46	400775	49956	58	505264	49956	69	601322	49956	81	705909	49956	92	801754	49956	104	906353	49956	115	1002292	49956	127	1106707	49956	138	1202619	49956	150	1306920	49956	161	1402501	49956	173	1507352	49956	184	1603377	49956	196	1707621	49956	207	1803604	49956	219	1908072	49956	230	2003833	49956	242	2108297	49956	253	2204284	49956	265	2308669	49956	276	2404132	49956	288	2509097	49956	
12	103729	50094	24	207301	50094	35	302446	50094	47	405624	50094	58	500729	50094	70	604256	50094	82	708649	50094	93	803932	50094	105	907561	50094	116	1003108	50094	128	1106869	50094	139	1201564	50094	151	1305174	50094	163	1408596	50094	174	1505181	50094	186	1609091	50094	197	1704052	50094	209	1807503	50094	220	1902284	50094	232	2005897	50094	243	2101440	50094	255	2204876	50094	267	2308381	50094	278	2402991	50094	290	2506471	50094	
12	104370	50271	24	208692	50271	35	304489	50271	47	408906	50271	58	506379	50271	69	601813	50271	81	706090	50271	92	801774	50271	104	905836	50271	115	1001614	50271	127	1105817	50271	138	1201408	50271	150	1305658	50271	161	1401659	50271	173	1506141	50271	184	1601777	50271	196	1706216	50271	207	1801788	50271	219	1906315	50271	230	2002022	50271	242	2106423	50271	253	2202182	50271	265	2306731	50271	276	2402253	50271	288	2506886	50271	
12	103842	49591	24	207927	49591	35	303372	49591	47	407292	49591	58	502380	49591	70	605899	49591	81	701051	49591	93	804982	49591	105	908617	49591	116	1003791	49591	128	1107883	49591	139	1203039	49591	151	1306643	49591	162	1402368	49591	174	1506009	49591	185	1601249	49591	197	1705023	49591	209	1808816	49591	220	1903952	49591	232	2008332	49591	243	2103742	49591	255	2208040	49591	266	2303567	49591	277	2401102	49591	289	2505093	49591	
12	105256	50128	23	201202	50128	35	306484	50128	46	402938	50128	58	507706	50128	69	605553	50128	80	701690	50128	92	806242	50128	103	902578	50128	115	1007421	50128	126	1103575	50128	138	1208255	50128	149	1304240	50128	160	1402810	50128	172	1507830	50128	183	1603893	50128	195	1708726	50128	206	1804707	50128	217	1905632	50128	228	2002288	50128	240	2106988	50128	251	2204128	50128	263	2309147	50128	274	2404957	50128	285	2501154	50128	
12	103860	50437	24	207640	50437	35	305628	50437	46	400884	50437	58	504841	50437	70	608955	50437	81	704684	50437	93	808902	50437	104	904336	50437	116	1008906	50437	127	1104327	50437	139	1208748	50437	150	1304070	50437	162	1408344	50437	173	1503668	50437	185	1607719	50437	196	1703307	50437	208	1807214	50437	219	1902293	50437	231	2006285	50437	242	2101729	50437	254	2205763	50437	265	2301036	50437	277	2404932	50437	289	2508645	50437	
12	104733	50327	23	200681	50327	35	305667	50327	46	402257	50327	58	506922	50327	69	602643	50327	81	707258	50327	92	803141	50327	104	908133	50327	115	1004200	50327	127	1108831	50327	138	1204750	50327	149	1300914	50327	161	1405395	50327	172	1501690	50327	184	1606509	50327	195	1702290	50327	207	1807483	50327	218	1903933	50327	230	2008573	50327	241	2104275	50327	252	2200905	50327	264	2307933	50327	275	2403798	50327	287	2508622	50327	
12	104768	50194	23	200918	50194	35	305271	50194	46	400997	50194	58	504845	50194	70	609064	50194	81	704548	50194	93	808956	50194	104	904823	50194	116	1009044	50194	127	1105142	50194	138	1203153	50194	150	1307344	50194	161	1403208	50194	173	1507891	50194	184	1603506	50194	196	1707851	50194	207	1803483	50194	219	1907756	50194	230	2003211	50194	242	2107510	50194	253	2202838	50194	265	2307052	50194	276	2402902	50194	288	2507757	50194	
12	106049	50329	23	200933	50329	35	304994	50329	47	408645	50329	58	503847	50329	70	608011	50329	81	703221	50329	93	807180	50329	104	902270	50329	116	1006088	50329	127	1101277	50329	139	1205075	50329	151	1308797	50329	162	1404264	50329	174	1508117	50329	185	1603275	50329	197	1707230	50329	208	1803112	50329	220	1906974	50329	231	2001763	50329	243	2105476	50329	254	2200833	50329	266	2304510	50329	278	2408066	50329	289	2503578	50329	
