wersja nr 3;wspolczynnik mutacji 0.800000;wielkosc populacji 30
454	100239	153	904	200265	116	1356	300120	87	1813	400196	83	2269	500104	80	2726	600151	75	3185	700096	75	3642	800194	75	4096	900140	75	4552	1000150	75	5005	1100149	75	5461	1200104	75	5918	1300204	75	6374	1400202	75	6830	1500215	75	7285	1600042	74	7742	1700177	74	8198	1800151	74	8651	1900011	74	9109	2000162	74	9562	2100146	74	10019	2200204	74	10473	2300182	71	10930	2400087	67	11384	2500223	67	11838	2600119	66	12295	2700218	66	12750	2800183	66	13205	2900092	66	13664	3000066	66	14120	3100125	66	14575	3200012	62	15034	3300201	62	15491	3400196	62	15946	3500057	62	
450	100055	169	903	200236	121	1360	300152	105	1813	400053	82	2264	500050	82	2719	600216	81	3167	700060	81	3619	800024	71	4075	900019	65	4530	1000160	65	4985	1100016	65	5438	1200096	60	5893	1300088	54	6349	1400119	54	6804	1500075	54	7258	1600016	54	7716	1700215	54	8171	1800157	54	8625	1900128	54	9079	2000060	54	9536	2100095	51	9997	2200183	51	10459	2300024	51	10923	2400207	51	11378	2500214	51	11836	2600180	48	12299	2700068	48	12760	2800038	48	13224	2900211	48	13688	3000149	47	14154	3100076	47	14610	3200097	47	15066	3300135	47	15523	3400224	47	15979	3500125	47	
453	100212	165	900	200097	138	1350	300176	100	1802	400043	79	2258	500231	71	2712	600134	66	3170	700211	62	3627	800129	58	4083	900218	58	4541	1000090	58	4997	1100111	58	5448	1200124	58	5901	1300166	58	6355	1400187	58	6809	1500112	58	7266	1600139	58	7720	1700039	58	8177	1800068	58	8634	1900162	58	9089	2000055	58	9542	2100038	58	10003	2200195	58	10458	2300184	58	10912	2400211	58	11368	2500047	58	11826	2600113	58	12279	2700167	58	12733	2800075	58	13189	2900072	58	13646	3000174	58	14103	3100202	58	14559	3200175	58	15015	3300033	58	15471	3400178	58	15929	3500219	58	
454	100019	162	905	200088	117	1358	300024	88	1820	400145	88	2287	500194	88	2752	600151	79	3217	700036	76	3684	800192	70	4148	900131	70	4614	1000161	70	5072	1100067	70	5528	1200019	70	5992	1300117	70	6452	1400192	67	6914	1500135	67	7370	1600049	67	7826	1700057	58	8288	1800142	58	8756	1900209	58	9220	2000054	58	9686	2100132	58	10151	2200175	58	10614	2300112	57	11080	2400167	57	11548	2500206	57	12007	2600018	57	12470	2700173	56	12937	2800156	56	13395	2900131	56	13857	3000072	54	14323	3100147	54	14790	3200114	54	15256	3300166	52	15719	3400118	52	16185	3500098	52	
468	100123	133	935	200040	117	1403	300113	99	1869	400149	97	2337	500185	97	2804	600176	96	3267	700205	90	3730	800163	87	4191	900192	82	4653	1000129	81	5117	1100219	77	5579	1200026	77	6042	1300169	77	6510	1400117	77	6973	1500131	77	7443	1600135	77	7912	1700132	77	8381	1800170	75	8847	1900048	73	9307	2000177	73	9765	2100189	73	10223	2200150	73	10683	2300056	73	11143	2400212	73	11608	2500064	71	12072	2600050	71	12538	2700221	68	12998	2800219	68	13459	2900105	68	13919	3000164	68	14378	3100265	68	14837	3200045	66	15297	3300025	66	15763	3400061	66	16226	3500090	66	
498	100204	76	990	200106	74	1484	300169	74	1979	400170	67	2475	500139	67	2969	600083	67	3465	700140	67	3958	800208	67	4454	900131	67	4949	1000207	67	5442	1100085	67	5938	1200210	64	6433	1300090	64	6928	1400019	64	7423	1500066	64	7919	1600140	62	8412	1700114	58	8904	1800155	58	9398	1900155	58	9891	2000054	56	10384	2100108	56	10877	2200196	56	11371	2300172	56	11865	2400102	56	12359	2500156	54	12853	2600052	54	13346	2700042	53	13840	2800149	51	14334	2900097	51	14829	3000173	51	15321	3100051	51	15813	3200030	51	16306	3300123	51	16799	3400122	51	17291	3500111	51	
497	100200	113	991	200097	94	1485	300143	88	1981	400073	78	2476	500066	75	2970	600019	74	3462	700124	71	3955	800089	71	4449	900146	70	4944	1000167	70	5436	1100093	64	5928	1200096	64	6420	1300029	62	6913	1400029	59	7408	1500072	59	7901	1600169	55	8395	1700119	55	8888	1800027	55	9382	1900173	55	9875	2000184	55	10368	2100163	55	10863	2200119	55	11358	2300236	55	11850	2400202	55	12341	2500117	55	12833	2600106	55	13325	2700170	55	13818	2800105	55	14311	2900030	55	14805	3000085	55	15299	3100061	55	15786	3200188	55	16278	3300017	55	16772	3400063	55	17264	3500162	55	
497	100199	67	991	200133	64	1485	300068	64	1978	400045	61	2472	500087	61	2967	600108	61	3460	700079	54	3955	800117	54	4449	900155	54	4942	1000059	54	5435	1100120	54	5928	1200173	54	6419	1300138	54	6912	1400130	54	7406	1500111	54	7899	1600013	54	8391	1700070	51	8885	1800095	51	9379	1900043	51	9873	2000137	51	10366	2100177	51	10859	2200050	51	11354	2300146	51	11848	2400118	51	12342	2500131	51	12837	2600122	51	13330	2700073	50	13823	2800069	47	14316	2900075	47	14808	3000097	47	15301	3100062	47	15795	3200179	47	16287	3300098	47	16781	3400039	47	17276	3500166	47	
497	100106	83	991	200031	62	1486	300023	62	1980	400188	57	2472	500078	57	2965	600064	57	3459	700096	57	3954	800217	57	4445	900109	56	4939	1000161	52	5427	1100028	52	5920	1200016	52	6413	1300017	52	6905	1400093	52	7398	1500083	52	7890	1600039	51	8382	1700110	51	8874	1800183	51	9367	1900197	51	9859	2000023	51	10352	2100100	51	10845	2200212	51	11336	2300073	51	11830	2400104	51	12316	2500088	51	12793	2600094	51	13285	2700175	51	13775	2800035	51	14269	2900187	51	14761	3000215	51	15254	3100117	51	15748	3200070	51	16242	3300061	51	16735	3400028	51	17231	3500195	50	
498	100195	80	990	200071	72	1485	300176	68	1979	400016	68	2474	500130	68	2968	600074	66	3459	700028	64	3953	800081	60	4447	900025	60	4940	1000154	57	5434	1100130	57	5928	1200152	57	6421	1300048	55	6917	1400201	55	7409	1500051	55	7904	1600056	55	8397	1700122	55	8889	1800089	55	9384	1900167	55	9877	2000200	55	10370	2100153	55	10863	2200110	54	11355	2300191	54	11849	2400097	54	12342	2500127	54	12836	2600168	52	13328	2700116	52	13821	2800198	52	14314	2900200	52	14806	3000060	52	15298	3100128	52	15791	3200181	52	16287	3300169	50	16779	3400041	50	17274	3500191	50	
151	100264	2809	300	200565	2655	448	300314	2617	597	400288	2617	746	500340	2569	894	600276	2569	1043	700597	2569	1191	800057	2521	1340	900091	2521	1489	1000285	2521	1638	1100252	2521	1787	1200290	2521	1935	1300284	2521	2084	1400491	2521	2232	1500141	2521	2381	1600410	2521	2530	1700491	2521	2678	1800079	2521	2827	1900100	2521	2976	2000192	2521	3125	2100202	2521	3274	2200421	2521	3422	2300055	2521	3571	2400513	2521	3720	2500615	2521	3868	2600281	2521	4016	2700349	2521	4165	2800320	2521	4314	2900108	2521	4462	3000076	2521	4611	3100358	2521	4760	3200444	2521	4908	3300507	2521	5056	3400273	2521	5205	3500449	2521	
150	100173	2834	299	200562	2734	447	300241	2683	596	400677	2683	744	500333	2683	892	600252	2632	1040	700101	2632	1189	800526	2578	1337	900263	2578	1486	1000431	2578	1635	1100603	2578	1782	1200045	2578	1930	1300469	2578	2078	1400455	2578	2226	1500579	2578	2374	1600461	2578	2523	1700587	2530	2672	1800477	2492	2820	1900577	2437	2968	2000524	2437	3116	2100432	2388	3264	2200157	2388	3412	2300221	2388	3561	2400649	2388	3710	2500606	2388	3858	2600646	2388	4006	2700363	2388	4155	2800418	2388	4303	2900325	2388	4451	3000051	2388	4600	3100433	2341	4746	3200150	2306	4895	3300638	2306	5043	3400234	2306	5192	3500551	2306	
151	100283	3011	300	200665	2903	449	300690	2903	597	400700	2903	745	500375	2903	894	600395	2903	1042	700095	2903	1191	800571	2853	1340	900587	2800	1488	1000229	2800	1637	1100329	2800	1785	1200113	2800	1934	1300620	2754	2083	1400272	2702	2231	1500268	2610	2378	1600315	2610	2526	1700377	2561	2675	1800484	2561	2823	1900545	2561	2971	2000536	2561	3119	2100456	2517	3268	2200670	2517	3415	2300106	2517	3564	2400482	2474	3712	2500307	2427	3860	2600158	2367	4008	2700163	2367	4157	2800447	2367	4305	2900143	2367	4454	3000193	2316	4602	3100101	2277	4751	3200490	2277	4899	3300381	2277	5048	3400619	2277	5196	3500633	2277	
151	100651	2773	299	200319	2773	447	300253	2773	595	400247	2730	744	500374	2730	893	600293	2589	1042	700216	2589	1191	800424	2487	1340	900608	2487	1488	1000498	2487	1637	1100410	2487	1786	1200704	2438	1934	1300203	2438	2083	1400325	2438	2232	1500156	2438	2381	1600342	2438	2525	1700089	2438	2674	1800501	2438	2822	1900348	2438	2970	2000156	2438	3119	2100493	2438	3266	2200086	2438	3415	2300311	2438	3563	2400091	2438	3705	2500287	2438	3854	2600466	2438	4003	2700495	2438	4152	2800481	2438	4301	2900465	2438	4449	3000544	2438	4597	3100153	2438	4746	3200195	2438	4895	3300233	2438	5044	3400623	2438	5192	3500081	2438	
151	100693	3063	300	200608	3008	448	300123	2954	597	400289	2745	746	500309	2745	895	600552	2745	1043	700200	2686	1192	800348	2686	1341	900413	2686	1489	1000113	2686	1638	1100165	2686	1787	1200326	2686	1935	1300073	2686	2084	1400438	2686	2233	1500595	2686	2381	1600325	2686	2530	1700669	2686	2677	1800133	2686	2826	1900204	2686	2975	2000243	2686	3124	2100537	2639	3272	2200098	2639	3421	2300525	2639	3569	2400064	2539	3719	2500659	2485	3866	2600173	2434	4014	2700121	2434	4163	2800363	2386	4312	2900337	2386	4460	3000424	2334	4609	3100616	2334	4757	3200076	2334	4906	3300206	2289	5054	3400315	2289	5202	3500258	2289	
153	100370	987	304	200447	892	454	300231	892	606	400658	892	757	500510	892	908	600691	892	1059	700342	892	1210	800113	892	1361	900567	892	1511	1000125	892	1662	1100287	892	1813	1200284	892	1965	1300636	892	2116	1400441	892	2268	1500624	892	2419	1600665	892	2570	1700426	892	2722	1800636	892	2873	1900546	892	3024	2000183	892	3175	2100064	892	3326	2200277	892	3478	2300650	892	3628	2400175	892	3779	2500096	892	3930	2600286	892	4081	2700073	892	4233	2800505	892	4384	2900174	892	4535	3000145	844	4687	3100672	844	4838	3200608	844	4988	3300092	844	5139	3400167	844	5291	3500545	844	
153	100162	1053	304	200542	906	454	300058	906	605	400343	906	756	500383	861	908	600597	861	1058	700179	861	1210	800464	861	1361	900238	861	1512	1000114	861	1664	1100624	861	1815	1200610	861	1966	1300639	861	2117	1400496	861	2267	1500044	861	2419	1600632	861	2570	1700375	861	2721	1800327	861	2872	1900348	861	3023	2000264	861	3175	2100626	861	3325	2200053	861	3477	2300211	861	3629	2400425	861	3780	2500104	861	3931	2600153	861	4083	2700212	861	4234	2800109	861	4386	2900651	861	4537	3000594	861	4686	3100056	820	4837	3200376	820	4989	3300693	820	5141	3400596	820	5292	3500175	820	
155	100668	1016	306	200658	955	457	300340	955	609	400209	955	761	500544	955	913	600475	955	1064	700331	955	1216	800596	955	1367	900186	955	1519	1000510	955	1670	1100286	955	1821	1200107	955	1973	1300399	955	2126	1400699	955	2277	1500248	955	2429	1600660	955	2580	1700246	955	2732	1800493	955	2884	1900628	955	3035	2000229	955	3187	2100537	955	3338	2200067	955	3491	2300534	955	3642	2400132	955	3794	2500257	955	3946	2600510	955	4097	2700069	955	4249	2800288	955	4401	2900382	955	4554	3000677	955	4705	3100285	955	4857	3200537	955	5009	3300696	955	5160	3400499	955	5311	3500133	955	
153	100110	1118	304	200699	1007	454	300304	1007	605	400699	1007	755	500239	957	906	600382	957	1056	700077	957	1208	800624	957	1359	900641	957	1509	1000062	957	1660	1100172	957	1811	1200159	957	1963	1300681	957	2114	1400446	957	2265	1500205	957	2417	1600645	957	2568	1700318	957	2719	1800300	957	2870	1900492	957	3021	2000340	957	3172	2100425	957	3323	2200243	957	3474	2300354	957	3625	2400627	957	3773	2500267	957	3923	2600644	957	4074	2700518	957	4225	2800633	957	4376	2900351	957	4527	3000159	910	4678	3100090	910	4830	3200400	910	4981	3300349	910	5133	3400588	910	5284	3500406	910	
155	100401	1014	306	200121	956	458	300348	956	610	400547	956	762	500542	956	913	600379	956	1065	700606	910	1216	800521	910	1367	900202	910	1518	1000066	910	1670	1100236	910	1822	1200221	910	1974	1300351	910	2125	1400145	910	2276	1500190	910	2428	1600261	910	2579	1700052	910	2731	1800227	910	2883	1900480	910	3035	2000557	910	3186	2100276	910	3338	2200068	910	3490	2300149	859	3642	2400374	859	3794	2500441	859	3946	2600655	808	4097	2700397	808	4249	2800418	808	4400	2900164	808	4551	3000340	808	4702	3100192	808	4854	3200118	808	5006	3300294	808	5158	3400490	808	5309	3500051	808	
33	102549	22806	65	202771	22476	97	302566	22136	129	403254	22136	160	500801	21776	192	601749	21459	224	702591	21459	255	800497	21459	287	901435	21459	319	1001205	21132	351	1101983	21132	383	1201727	21132	415	1301646	21132	447	1401350	21132	479	1501878	21132	511	1601697	21132	543	1701984	21132	575	1802122	21132	607	1901931	21132	639	2002053	21132	671	2102239	21132	703	2202259	21132	734	2300249	21132	766	2400618	21132	798	2500521	20820	831	2603347	20820	862	2700273	20820	894	2800334	20820	926	2900624	20820	958	3000513	20820	990	3101053	20820	1022	3201503	20820	1054	3301673	20820	1086	3401483	20820	1118	3502641	20820	
32	100280	23101	64	200300	23101	96	300539	23101	128	400859	22792	160	501549	22446	192	601998	22446	224	702652	22446	255	800632	22446	287	901701	22446	319	1001492	22446	351	1101732	22446	383	1202438	22446	415	1302715	22446	447	1403088	22446	478	1500643	22446	510	1601094	22446	542	1701314	22446	574	1801732	22446	606	1902391	22446	638	2002532	22446	670	2102459	22112	702	2202624	22112	733	2300390	22112	765	2400933	21427	797	2500808	21108	829	2600842	21108	861	2701658	20442	893	2802153	20442	925	2902386	20442	957	3002690	20442	989	3103130	20148	1021	3202580	20148	1053	3301746	19814	1085	3401718	19814	1117	3501798	19814	
32	100254	22836	64	200601	22174	96	300853	21850	128	401288	21546	160	501857	21198	192	602843	21198	224	703202	21198	255	800539	21198	287	901378	21198	319	1001024	20900	351	1101245	20585	383	1201427	20585	415	1301897	20585	447	1403203	20585	478	1500759	20585	510	1601922	20585	542	1702449	20585	574	1803204	20585	605	1900839	20585	637	2001195	20585	669	2101440	20246	701	2201986	20246	733	2302905	20246	764	2400814	20246	796	2501748	20246	828	2602642	20246	859	2700420	19929	891	2801517	19929	923	2903299	19929	954	3000661	19929	986	3101497	19929	1018	3202250	19929	1049	3300782	19929	1081	3401522	19929	1113	3502807	19929	
33	102662	23154	65	203084	22472	97	303241	22472	129	402834	22472	161	503301	22472	192	600917	22472	224	701097	22472	256	801125	22472	288	901398	22472	320	1001938	22472	352	1102279	22117	383	1200508	22117	415	1301544	22117	446	1401006	22117	478	1502063	22117	510	1602777	22117	541	1700269	22117	573	1801277	22117	605	1902141	22117	637	2002908	22117	669	2103111	22117	700	2200369	22117	732	2302410	22117	764	2403351	22117	795	2500816	22117	827	2601590	22117	859	2702040	22117	891	2802396	22117	923	2902587	22117	955	3003254	22117	986	3100769	22117	1018	3201613	21458	1050	3302617	21458	1082	3402839	21458	1114	3503251	21155	
33	102915	22834	64	200261	21843	96	301389	21843	128	402143	21843	160	502693	21843	192	602675	21525	224	702767	21525	256	803074	21525	288	903168	21525	320	1003015	21525	352	1102658	21525	384	1202991	21525	416	1303164	21525	448	1403223	21525	479	1501031	21175	511	1600882	21175	543	1701119	21175	575	1800998	20819	607	1901938	20819	639	2001683	20819	671	2101631	20819	703	2202192	20819	735	2302191	20819	767	2403061	20510	799	2503015	20171	831	2602910	20171	862	2700251	20171	894	2800254	20171	927	2903138	20171	958	3000581	20171	990	3100709	20171	1022	3200748	20171	1054	3301005	20171	1086	3402076	20171	1118	3502435	20171	
33	101845	25176	65	200280	25176	98	301726	25176	130	400769	25176	163	502460	25176	195	601029	25176	228	702453	25176	260	800635	25176	293	902746	25176	325	1001328	25176	358	1102770	25176	390	1201344	25176	423	1302575	25176	455	1401159	25176	488	1502869	25176	520	1601265	25176	553	1702415	25176	585	1800529	25176	618	1902213	25176	650	2000462	25176	683	2101766	25176	716	2202917	25176	748	2301359	25176	781	2402931	25176	813	2501039	24820	846	2602310	24820	878	2700947	24454	911	2802557	24454	943	2901462	24454	975	3000467	24454	1008	3102074	24454	1040	3200677	24454	1073	3302815	24454	1105	3401229	24454	1138	3503306	24454	
33	101458	25176	66	202914	25176	98	301462	25176	131	403058	25176	163	501664	25176	196	603012	25176	228	701867	25176	260	800584	24823	293	902220	24823	325	1001046	24823	358	1102200	24823	391	1202776	24823	423	1300904	24823	456	1401804	24823	489	1503149	24823	521	1601300	24823	554	1702298	24823	586	1800938	24823	619	1903127	24823	651	2001750	24823	683	2101434	24823	716	2202931	24823	748	2300790	24823	781	2402544	24823	813	2501645	24823	845	2600513	24823	878	2701942	24823	910	2800419	24823	943	2901558	24823	976	3002643	24467	1008	3100605	24467	1041	3202118	24467	1073	3300374	24467	1106	3401559	24122	1138	3500644	24122	
33	101477	25176	66	203267	25176	98	301931	25176	130	400327	25176	163	502453	25176	195	600303	25176	228	701982	25176	260	800475	25176	293	902431	25176	325	1001268	25176	358	1103009	25176	390	1201902	25176	423	1303001	25176	455	1401048	25176	488	1502791	25176	520	1601461	25176	552	1700611	25176	585	1802173	25176	617	1901205	25176	650	2003197	25176	682	2101903	25176	714	2200383	25176	747	2301856	25176	779	2401053	25176	812	2502856	25176	844	2601785	25176	876	2700241	25176	909	2802127	25176	941	2900476	25176	974	3001878	25176	1007	3103077	25176	1039	3202083	25176	1071	3300947	25176	1104	3402816	25176	1136	3502593	25176	
33	101921	25176	65	200256	25176	98	300955	25176	131	402638	25176	163	501370	25176	196	602908	25176	228	701551	25176	260	800486	25176	293	901817	25176	326	1003190	25176	358	1101533	25176	391	1202759	25176	423	1301468	25176	456	1402846	25176	488	1501974	25176	520	1601259	25176	553	1702959	25176	585	1800897	25176	618	1902082	25176	650	2002040	25176	682	2100951	25176	715	2202492	25176	747	2300824	25176	780	2402155	25176	812	2500796	25176	845	2603282	25176	877	2701500	25176	909	2800301	25176	942	2902677	25176	974	3000915	25176	1007	3102391	25176	1039	3200850	25176	1072	3302763	25176	1104	3401065	25176	1137	3502530	25176	
33	102458	25176	65	201097	25176	98	302913	25176	130	400780	25176	163	501736	25176	195	600604	25176	228	702448	25176	260	801472	25176	292	900289	25176	325	1003190	25176	357	1102040	25176	389	1200681	25176	422	1301952	25176	455	1402914	25176	487	1501454	25176	519	1600387	25176	552	1701768	25176	585	1803087	25176	617	1902134	25176	649	2001041	25176	681	2100278	25176	714	2202103	25176	746	2300823	25176	779	2401789	25176	811	2501328	25176	843	2600243	25176	876	2702101	25176	908	2800945	25176	941	2902665	25176	973	3001436	25176	1005	3100358	25176	1038	3202297	25176	1070	3301157	25176	1103	3403010	25176	1135	3502299	25176	
570	100098	49	1141	200172	48	1710	300135	48	2277	400073	47	2848	500148	47	3417	600048	47	3985	700111	47	4554	800010	47	5124	900177	47	5692	1000151	47	6262	1100149	47	6830	1200181	47	7398	1300053	47	7967	1400048	47	8535	1500009	47	9106	1600061	47	9673	1700058	47	10241	1800160	47	10809	1900162	47	11377	2000032	47	11948	2100172	47	12515	2200010	47	13083	2300090	47	13651	2400062	47	14220	2500163	47	14790	2600087	47	15360	2700090	47	15931	2800061	47	16502	2900035	47	17072	3000052	47	17643	3100165	47	18214	3200069	47	18784	3300153	47	19353	3400145	47	19920	3500017	47	
570	100010	48	1142	200113	48	1713	300179	48	2282	400145	47	2850	500021	47	3421	600155	47	3989	700053	47	4558	800162	47	5125	900171	47	5694	1000135	47	6262	1100089	47	6832	1200060	47	7402	1300162	47	7971	1400088	47	8540	1500093	47	9111	1600065	47	9681	1700109	47	10251	1800079	47	10815	1900166	47	11379	2000111	47	11949	2100118	47	12519	2200045	47	13086	2300114	47	13654	2400048	47	14224	2500120	47	14792	2600127	47	15361	2700125	47	15930	2800174	47	16499	2900144	47	17068	3000088	47	17637	3100121	47	18206	3200124	47	18775	3300174	47	19344	3400088	47	19913	3500073	47	
568	100057	47	1138	200184	47	1707	300044	47	2277	400178	47	2845	500054	47	3415	600028	47	3984	700120	47	4553	800013	47	5123	900017	47	5692	1000166	47	6261	1100090	47	6829	1200077	47	7400	1300151	47	7965	1400090	47	8533	1500108	47	9104	1600126	47	9674	1700120	47	10243	1800055	47	10812	1900058	47	11381	2000143	47	11952	2100180	47	12522	2200105	47	13092	2300139	47	13663	2400181	47	14233	2500161	47	14802	2600115	47	15373	2700107	47	15941	2800060	47	16511	2900153	47	17081	3000040	47	17650	3100134	47	18219	3200092	47	18789	3300115	47	19357	3400142	47	19924	3500011	47	
572	100111	48	1144	200136	48	1713	300060	47	2280	400010	47	2844	500140	47	3411	600129	47	3981	700169	47	4548	800037	47	5118	900187	47	5674	1000015	47	6242	1100059	47	6811	1200053	47	7380	1300016	47	7949	1400122	47	8517	1500057	47	9088	1600136	47	9657	1700170	47	10225	1800067	47	10783	1900088	47	11353	2000157	47	11923	2100143	47	12493	2200178	47	13062	2300059	47	13631	2400141	47	14200	2500176	47	14770	2600069	47	15339	2700019	47	15910	2800150	47	16479	2900069	47	17050	3000157	47	17619	3100034	47	18191	3200171	47	18758	3300119	47	19327	3400164	47	19897	3500149	47	
568	100158	47	1139	200122	47	1707	300117	47	2275	400076	47	2844	500015	47	3414	600036	47	3982	700134	47	4549	800010	47	5119	900145	47	5687	1000044	47	6258	1100159	47	6826	1200079	47	7397	1300136	47	7966	1400022	47	8534	1500016	47	9104	1600137	47	9672	1700076	47	10240	1800017	47	10807	1900021	47	11376	2000013	47	11945	2100115	47	12513	2200071	47	13081	2300008	47	13649	2400046	47	14219	2500042	47	14788	2600101	47	15357	2700078	47	15929	2800164	47	16498	2900062	47	17067	3000094	47	17636	3100093	47	18205	3200109	47	18775	3300029	47	19343	3400138	47	19912	3500181	47	
637	100012	53	1276	200075	53	1916	300155	53	2551	400151	53	3189	500022	53	3828	600024	53	4468	700091	53	5106	800112	53	5745	900139	53	6382	1000021	53	7021	1100127	53	7659	1200163	53	8296	1300022	53	8934	1400056	53	9573	1500133	53	10212	1600114	53	10852	1700130	53	11492	1800088	53	12132	1900116	53	12770	2000087	53	13409	2100162	53	14049	2200146	53	14688	2300073	53	15327	2400114	53	15965	2500046	53	16604	2600039	53	17244	2700145	53	17884	2800132	53	18522	2900156	53	19157	3000061	53	19795	3100011	53	20433	3200046	53	21072	3300065	53	21712	3400158	53	22350	3500054	53	
639	100015	53	1276	200082	53	1915	300136	53	2553	400116	53	3190	500066	53	3828	600065	53	4467	700096	53	5105	800042	53	5742	900108	53	6379	1000164	53	7017	1100050	53	7657	1200018	53	8297	1300028	53	8935	1400117	53	9570	1500012	53	10208	1600018	53	10845	1700081	53	11483	1800068	53	12114	1900021	53	12751	2000029	53	13390	2100127	53	14028	2200018	53	14665	2300158	53	15303	2400149	53	15939	2500076	53	16578	2600028	53	17216	2700094	53	17854	2800109	53	18492	2900029	53	19130	3000116	53	19768	3100028	53	20406	3200049	53	21045	3300060	53	21680	3400020	53	22318	3500145	53	
640	100047	53	1278	200101	53	1916	300163	53	2555	400089	53	3192	500060	53	3831	600149	53	4470	700058	53	5111	800103	53	5750	900022	53	6389	1000023	53	7029	1100120	53	7667	1200102	53	8303	1300143	53	8939	1400080	53	9577	1500098	53	10217	1600138	53	10856	1700138	53	11496	1800149	53	12135	1900131	53	12773	2000032	53	13411	2100018	53	14048	2200056	53	14683	2300078	53	15322	2400044	53	15961	2500155	53	16599	2600110	53	17237	2700026	53	17875	2800082	53	18512	2900049	53	19148	3000117	53	19787	3100026	53	20427	3200040	53	21064	3300110	53	21703	3400040	53	22340	3500096	53	
639	100021	53	1275	200084	53	1912	300144	53	2548	400071	53	3187	500147	53	3824	600129	53	4463	700144	53	5102	800066	53	5739	900050	53	6378	1000075	53	7019	1100156	53	7658	1200079	53	8297	1300058	53	8937	1400044	53	9575	1500084	53	10215	1600147	53	10855	1700156	53	11492	1800035	53	12118	1900010	53	12755	2000041	53	13394	2100108	53	14031	2200101	53	14669	2300153	53	15309	2400078	53	15947	2500137	53	16586	2600007	53	17225	2700090	53	17864	2800066	53	18500	2900107	53	19136	3000017	53	19777	3100060	53	20416	3200013	53	21055	3300139	53	21693	3400069	53	22331	3500149	53	
638	100154	54	1274	200141	53	1910	300038	53	2545	400164	53	3181	500068	53	3822	600148	53	4461	700099	53	5100	800107	53	5736	900075	53	6374	1000095	53	7011	1100033	53	7646	1200010	53	8284	1300110	53	8923	1400059	53	9559	1500140	53	10196	1600075	53	10835	1700066	53	11473	1800116	53	12111	1900070	53	12747	2000078	53	13386	2100104	53	14025	2200055	53	14666	2300131	53	15303	2400150	53	15938	2500040	53	16576	2600052	53	17215	2700148	53	17853	2800072	53	18491	2900123	53	19128	3000102	53	19764	3100084	53	20402	3200045	53	21041	3300034	53	21681	3400044	53	22318	3500027	53	
163	100459	355	325	200413	294	486	300459	294	647	400531	294	808	500284	294	969	600228	294	1130	700447	294	1291	800231	294	1453	900490	294	1614	1000082	294	1776	1100202	294	1938	1200555	294	2098	1300333	294	2259	1400091	294	2420	1500070	294	2583	1600631	294	2744	1700351	294	2906	1800536	294	3067	1900072	294	3228	2000315	294	3390	2100654	294	3551	2200500	294	3712	2300285	294	3873	2400066	294	4035	2500534	294	4196	2600413	294	4358	2700362	294	4519	2800067	294	4681	2900477	294	4842	3000322	294	5004	3100322	294	5166	3200543	294	5326	3300425	294	5487	3400162	294	5649	3500448	294	
164	100525	355	326	200042	355	490	300661	355	652	400071	355	815	500644	355	977	600093	355	1140	700515	355	1302	800086	355	1465	900287	355	1628	1000145	355	1791	1100272	355	1954	1200612	355	2116	1300345	355	2278	1400107	355	2441	1500383	355	2604	1600188	355	2767	1700350	355	2930	1800240	355	3091	1900415	355	3253	2000613	355	3416	2100523	355	3578	2200415	355	3740	2300204	355	3903	2400549	355	4065	2500336	355	4228	2600293	355	4391	2700586	355	4554	2800614	355	4716	2900291	355	4879	3000534	355	5042	3100495	355	5205	3200654	355	5368	3300452	355	5530	3400059	355	5693	3500096	355	
163	100191	355	326	200621	355	488	300626	355	650	400412	355	813	500454	355	976	600555	355	1138	700520	355	1300	800089	355	1462	900206	355	1625	1000412	355	1788	1100573	355	1951	1200434	355	2113	1300269	355	2275	1400181	355	2438	1500534	355	2600	1600315	355	2763	1700510	355	2925	1800613	355	3087	1900528	355	3249	2000059	355	3412	2100324	355	3575	2200364	355	3738	2300506	355	3900	2400081	355	4063	2500275	355	4226	2600463	355	4389	2700526	355	4552	2800432	355	4714	2900307	355	4876	3000045	355	5039	3100472	355	5201	3200401	355	5364	3300525	355	5526	3400244	355	5689	3500364	355	
164	100608	355	326	200468	355	489	300383	355	652	400390	355	815	500498	355	977	600575	355	1139	700421	355	1301	800168	355	1464	900583	355	1622	1000266	355	1785	1100153	355	1948	1200090	355	2111	1300389	355	2274	1400327	355	2437	1500596	355	2600	1600322	355	2763	1700324	355	2924	1800276	355	3086	1900222	355	3249	2000407	355	3411	2100049	355	3574	2200549	355	3736	2300200	355	3899	2400316	355	4062	2500564	355	4225	2600411	355	4387	2700173	355	4550	2800143	355	4713	2900268	355	4875	3000081	355	5038	3100230	355	5200	3200160	355	5362	3300194	355	5524	3400064	355	5687	3500405	355	
163	100553	355	325	200173	355	487	300255	355	649	400172	355	813	500616	355	975	600135	355	1138	700238	355	1301	800336	355	1464	900651	355	1627	1000611	355	1790	1100531	355	1952	1200258	355	2115	1300613	355	2277	1400394	355	2439	1500399	355	2601	1600391	355	2764	1700280	355	2927	1800328	355	3090	1900372	355	3253	2000507	355	3415	2100122	355	3578	2200132	355	3741	2300483	355	3904	2400562	355	4067	2500611	355	4229	2600097	355	4391	2700099	355	4553	2800120	355	4716	2900137	355	4879	3000587	355	5042	3100614	355	5204	3200432	355	5367	3300589	355	5529	3400350	355	5692	3500589	355	
178	100259	365	355	200129	365	532	300248	365	709	400349	300	885	500512	300	1060	600200	300	1236	700511	300	1412	800496	300	1588	900552	300	1764	1000453	300	1940	1100427	300	2116	1200244	300	2292	1300144	300	2468	1400333	300	2644	1500442	300	2819	1600449	300	2995	1700326	300	3171	1800423	300	3346	1900259	300	3522	2000518	300	3697	2100068	300	3873	2200069	300	4049	2300347	300	4225	2400407	300	4401	2500441	300	4576	2600074	300	4752	2700378	300	4927	2800342	300	5103	2900404	300	5279	3000344	300	5455	3100090	300	5632	3200390	300	5808	3300436	300	5984	3400370	300	6160	3500211	300	
178	100549	365	355	200383	365	531	300197	365	708	400347	365	884	500296	365	1060	600077	365	1237	700127	365	1414	800100	365	1592	900625	365	1768	1000152	365	1946	1100492	365	2123	1200316	365	2300	1300147	365	2477	1400053	365	2654	1500068	365	2831	1600134	365	3008	1700206	365	3184	1800477	365	3359	1900465	365	3536	2000174	365	3714	2100421	365	3891	2200124	365	4068	2300221	365	4245	2400298	365	4421	2500043	365	4598	2600095	365	4775	2700316	365	4952	2800476	365	5129	2900103	365	5307	3000544	365	5483	3100076	365	5660	3200181	365	5837	3300051	365	6014	3400044	365	6192	3500280	365	
178	100322	365	355	200074	365	533	300458	365	710	400267	365	888	500193	365	1065	600444	365	1242	700601	365	1418	800205	365	1595	900078	365	1773	1000470	365	1950	1100553	365	2127	1200481	365	2303	1300067	309	2480	1400531	309	2656	1500211	309	2832	1600208	309	3009	1700512	309	3185	1800343	309	3361	1900188	309	3538	2000292	309	3715	2100479	309	3891	2200305	309	4067	2300225	309	4244	2400197	309	4420	2500379	309	4597	2600607	309	4774	2700561	309	4950	2800408	309	5126	2900461	309	5302	3000400	309	5478	3100324	309	5654	3200396	309	5831	3300543	309	6007	3400315	309	6184	3500330	309	
177	100416	365	354	200493	365	531	300207	365	708	400238	365	886	500437	365	1063	600366	294	1239	700536	294	1414	800068	294	1590	900334	294	1766	1000293	294	1942	1100075	294	2118	1200308	294	2293	1300192	294	2469	1400327	294	2645	1500400	294	2822	1600598	294	2997	1700172	294	3170	1800166	294	3346	1900074	294	3523	2000382	294	3699	2100369	294	3875	2200157	294	4052	2300588	294	4227	2400138	294	4403	2500314	294	4579	2600207	294	4756	2700535	294	4932	2800261	294	5108	2900142	294	5285	3000440	294	5461	3100158	294	5637	3200113	294	5813	3300128	294	5989	3400467	294	6164	3500346	294	
178	100475	365	355	200163	365	531	300339	365	709	400590	365	886	500450	365	1062	600112	365	1239	700446	365	1416	800494	365	1593	900369	365	1770	1000581	365	1947	1100473	365	2124	1200525	365	2301	1300566	365	2477	1400317	365	2655	1500254	365	2832	1600486	365	3008	1700050	365	3185	1800396	365	3362	1900443	365	3538	2000338	308	3714	2100114	308	3891	2200374	308	4065	2300149	308	4241	2400288	308	4417	2500091	308	4593	2600041	308	4770	2700542	308	4945	2800250	308	5121	2900545	308	5296	3000150	308	5472	3100099	308	5648	3200083	308	5825	3300320	308	6001	3400307	308	6177	3500500	308	
39	102526	1803	76	200215	1803	115	302576	1803	153	402209	1803	191	501572	1803	229	601474	1803	267	701807	1803	305	802555	1803	343	902398	1803	381	1001971	1803	419	1101787	1803	457	1201838	1803	495	1301703	1803	533	1401861	1803	571	1501695	1803	609	1601537	1803	647	1701706	1803	685	1801575	1803	723	1902182	1803	761	2001630	1803	799	2101475	1803	837	2200850	1803	875	2300953	1803	913	2401142	1803	951	2501207	1803	989	2600984	1803	1027	2701835	1803	1064	2800357	1803	1103	2902769	1803	1141	3002622	1803	1179	3102482	1803	1216	3200291	1803	1255	3302522	1803	1293	3402495	1803	1331	3502417	1803	
39	102273	1803	77	202149	1803	114	301023	1803	152	401431	1803	190	501571	1803	228	601702	1803	266	701760	1803	304	801943	1803	342	902027	1803	380	1002824	1803	418	1102611	1803	456	1202377	1803	494	1302425	1803	531	1400486	1803	570	1502592	1803	608	1602806	1803	645	1701522	1803	683	1801394	1803	721	1902260	1803	759	2002138	1803	797	2102685	1803	835	2202577	1803	873	2302621	1803	911	2402266	1803	949	2501680	1803	987	2601595	1803	1025	2702050	1803	1063	2802034	1803	1101	2901595	1803	1139	3002013	1803	1177	3101782	1803	1215	3202614	1803	1252	3300405	1803	1290	3400323	1803	1328	3500502	1803	
38	100280	1803	76	201190	1803	114	301540	1803	152	401797	1803	190	501753	1803	228	601846	1803	266	701723	1803	304	801893	1803	342	901882	1803	380	1001495	1803	418	1101712	1803	456	1201748	1803	494	1301719	1803	532	1401584	1803	570	1501580	1803	608	1601542	1803	646	1701052	1803	684	1801059	1803	722	1901151	1803	760	2000827	1803	798	2100749	1803	836	2200734	1803	874	2301069	1803	912	2401501	1803	950	2501820	1803	988	2601916	1803	1026	2701854	1803	1064	2802453	1803	1101	2900708	1803	1139	3000648	1803	1177	3100214	1803	1215	3200713	1803	1253	3301121	1803	1291	3400864	1803	1329	3501025	1803	
39	102291	1803	77	201895	1803	115	301669	1803	153	401632	1803	191	501615	1803	229	601594	1803	267	701557	1803	304	801283	1803	342	901439	1803	380	1001897	1803	418	1101492	1803	456	1201949	1803	494	1301442	1803	532	1401641	1803	570	1502394	1803	607	1600517	1803	645	1701629	1803	683	1801466	1803	721	1901217	1803	759	2001362	1803	797	2101228	1803	835	2201026	1803	873	2300597	1803	911	2400450	1803	949	2500989	1803	987	2600961	1803	1025	2700862	1803	1063	2801258	1803	1101	2900767	1803	1139	3000726	1803	1177	3100626	1803	1215	3200438	1803	1253	3300224	1803	1291	3400258	1803	1329	3500447	1803	
38	100265	1803	76	200369	1803	114	300316	1803	153	402733	1803	191	502603	1803	229	602423	1803	267	701897	1803	305	802310	1803	343	902581	1803	380	1000357	1803	419	1102749	1803	456	1200391	1803	495	1302760	1803	533	1402658	1803	571	1502788	1803	609	1602726	1803	647	1702822	1803	685	1802498	1803	723	1902201	1803	760	2000243	1803	798	2100367	1803	836	2201068	1803	874	2301051	1803	912	2401170	1803	950	2501090	1803	988	2600784	1803	1026	2701011	1803	1064	2801236	1803	1102	2901151	1803	1140	3001646	1803	1178	3102045	1803	1216	3201816	1803	1254	3301519	1803	1292	3401646	1803	1330	3501682	1803	
42	101784	1754	83	200617	1754	124	300231	1754	166	401971	1754	207	502205	1754	248	601738	1754	289	701915	1754	330	801538	1754	371	902050	1754	412	1002281	1754	453	1102038	1754	494	1201182	1754	535	1300521	1754	577	1401988	1754	618	1501452	1754	659	1600686	1754	701	1702613	1754	742	1801840	1754	783	1900732	1754	825	2002281	1754	866	2101106	1754	907	2200469	1754	949	2302115	1754	990	2401756	1754	1031	2501325	1754	1073	2602630	1754	1113	2700537	1754	1155	2802415	1754	1196	2902521	1754	1237	3001997	1754	1278	3101762	1754	1319	3201420	1754	1360	3300679	1754	1402	3402567	1754	1443	3501935	1754	
42	101661	1754	83	200975	1754	124	301064	1754	165	401021	1754	206	500462	1754	247	600485	1754	288	700556	1754	330	802422	1754	371	901915	1754	412	1002029	1754	453	1101514	1754	494	1200528	1754	536	1302142	1754	577	1401228	1754	618	1501023	1754	659	1600928	1754	700	1700393	1754	742	1801890	1754	783	1900851	1754	824	2000252	1754	866	2102153	1754	907	2201672	1754	948	2301208	1754	989	2400741	1754	1031	2502434	1754	1072	2601853	1754	1113	2700684	1754	1155	2802012	1754	1196	2901016	1754	1237	3000638	1754	1278	3100434	1754	1320	3201894	1754	1361	3300659	1754	1402	3400198	1754	1444	3502065	1754	
42	102569	1754	83	202049	1754	124	301354	1754	165	401209	1754	206	500693	1754	248	602260	1754	289	701471	1754	330	800467	1754	372	902156	1754	413	1002083	1754	454	1101352	1754	495	1200921	1754	536	1300337	1754	578	1402078	1754	619	1501219	1754	660	1600648	1754	702	1701803	1754	743	1801616	1754	784	1901006	1754	825	2000277	1754	867	2102175	1754	908	2201250	1754	949	2300725	1754	991	2402474	1754	1032	2502122	1754	1073	2601731	1754	1114	2700854	1754	1156	2802150	1754	1197	2902020	1754	1238	3001005	1754	1279	3100769	1754	1321	3202399	1754	1362	3301436	1754	1403	3400905	1754	1445	3502495	1754	
42	101443	1754	83	201707	1754	124	300483	1754	165	400311	1754	207	502406	1754	248	601409	1754	290	702689	1754	331	801909	1754	372	901039	1754	413	1000889	1754	455	1102469	1754	496	1201639	1754	537	1300840	1754	578	1401281	1754	619	1500821	1754	661	1602032	1754	702	1700939	1754	743	1800485	1754	784	1900260	1754	826	2002409	1754	867	2102050	1754	908	2201602	1754	949	2301152	1754	990	2400633	1754	1032	2502406	1754	1073	2601340	1754	1114	2700655	1754	1155	2800685	1754	1196	2900478	1754	1238	3001976	1754	1279	3101208	1754	1320	3201652	1754	1361	3300926	1754	1402	3401080	1754	1443	3500375	1754	
42	101651	1754	83	200660	1754	125	302491	1754	166	401276	1754	207	500329	1754	248	600217	1754	290	701774	1754	331	801378	1754	372	900420	1754	414	1002151	1754	455	1101761	1754	496	1201495	1754	537	1300605	1754	578	1400414	1754	619	1500329	1754	661	1602146	1754	702	1701209	1754	743	1800322	1754	785	1902127	1754	826	2001672	1754	867	2100848	1754	908	2200769	1754	949	2300181	1754	991	2401750	1754	1032	2501415	1754	1073	2600552	1754	1115	2702510	1754	1156	2802037	1754	1197	2900960	1754	1238	3000747	1754	1279	3100329	1754	1321	3202326	1754	1361	3300870	1754	1402	3400661	1754	1444	3501944	1754	
503	100104	95	1004	200136	89	1505	300197	89	2007	400088	89	2508	500009	85	3009	600063	82	3510	700185	82	4011	800072	82	4511	900051	81	5012	1000132	78	5513	1100065	78	6013	1200157	78	6514	1300201	78	7014	1400068	78	7514	1500164	78	8016	1600129	78	8518	1700115	78	9018	1800137	78	9518	1900013	78	10019	2000017	78	10521	2100020	78	11023	2200157	78	11526	2300195	78	12027	2400204	78	12527	2500011	78	13028	2600145	78	13526	2700060	78	14028	2800110	78	14527	2900050	78	15027	3000074	78	15528	3100166	78	16028	3200028	76	16529	3300015	76	17032	3400171	76	17533	3500186	76	
503	100204	150	1002	200062	134	1501	300022	127	2003	400143	120	2505	500196	112	3007	600172	112	3508	700067	108	4012	800145	108	4514	900020	108	5016	1000109	104	5518	1100030	99	6021	1200149	97	6522	1300040	95	7017	1400086	90	7518	1500136	90	8020	1600202	86	8522	1700144	86	9025	1800149	86	9526	1900119	86	10027	2000092	86	10529	2100111	86	11032	2200179	86	11533	2300079	86	12035	2400187	86	12536	2500165	86	13037	2600013	86	13539	2700015	86	14042	2800111	86	14545	2900189	86	15046	3000037	86	15549	3100085	86	16051	3200202	86	16552	3300083	86	17053	3400019	86	17554	3500072	86	
503	100044	132	1003	200124	119	1505	300086	119	2008	400014	112	2510	500078	105	3014	600204	93	3516	700044	93	4017	800024	90	4517	900085	87	5020	1000146	87	5523	1100183	87	6025	1200085	83	6527	1300114	79	7029	1400173	79	7531	1500128	79	8033	1600058	76	8536	1700047	76	9037	1800059	76	9538	1900061	76	10039	2000019	76	10542	2100191	76	11044	2200091	76	11546	2300013	76	12048	2400135	72	12549	2500207	72	13051	2600102	72	13554	2700137	72	14056	2800055	72	14558	2900163	72	15059	3000050	72	15561	3100192	72	16060	3200104	72	16562	3300098	72	17064	3400049	72	17567	3500033	72	
504	100068	123	1006	200123	108	1507	300085	108	2006	400129	108	2494	500095	102	2993	600133	100	3494	700021	100	3996	800009	100	4499	900069	100	5001	1000059	100	5503	1100134	100	6005	1200208	100	6500	1300017	95	7000	1400031	95	7503	1500097	95	8004	1600081	95	8507	1700184	95	9009	1800010	92	9512	1900018	92	10014	2000070	92	10515	2100012	92	11017	2200030	92	11520	2300021	92	12023	2400045	92	12525	2500037	92	13027	2600120	92	13530	2700185	92	14033	2800203	92	14535	2900146	92	15035	3000077	92	15539	3100185	92	16042	3200097	92	16545	3300207	92	17046	3400168	92	17547	3500012	92	
505	100011	127	1008	200046	127	1510	300121	106	2013	400186	106	2514	500100	102	3015	600053	98	3517	700086	98	4019	800153	88	4521	900139	81	5023	1000135	81	5523	1100136	81	6024	1200065	81	6525	1300134	81	7027	1400212	81	7530	1500087	81	8033	1600139	81	8533	1700112	81	9033	1800159	81	9532	1900012	81	10035	2000181	81	10537	2100039	81	11038	2200130	81	11539	2300101	81	12042	2400159	81	12544	2500161	81	13046	2600075	81	13549	2700131	81	14052	2800201	81	14555	2900162	78	15056	3000029	78	15559	3100044	78	16060	3200047	78	16562	3300121	78	17064	3400084	76	17565	3500182	75	
154	100466	1585	301	200231	1483	449	300512	1483	597	400472	1483	745	500664	1483	891	600287	1483	1038	700367	1483	1185	800370	1483	1332	900281	1483	1479	1000140	1483	1627	1100242	1483	1775	1200629	1483	1922	1300399	1483	2069	1400162	1437	2216	1500227	1437	2363	1600165	1437	2511	1700480	1437	2658	1800443	1437	2806	1900469	1437	2954	2000570	1437	3102	2100535	1437	3249	2200240	1437	3397	2300636	1437	3544	2400488	1437	3691	2500119	1437	3839	2600461	1437	3986	2700289	1437	4134	2800260	1437	4282	2900590	1437	4429	3000607	1437	4576	3100343	1392	4724	3200621	1392	4871	3300426	1392	5019	3400579	1288	5166	3500384	1243	
154	100267	1744	302	200201	1522	451	300291	1478	600	400603	1424	748	500531	1424	896	600493	1424	1044	700119	1424	1194	800573	1376	1343	900495	1376	1492	1000567	1376	1640	1100134	1376	1789	1200629	1376	1936	1300537	1376	2082	1400573	1376	2230	1500165	1376	2378	1600058	1376	2527	1700285	1376	2675	1800508	1376	2823	1900282	1376	2972	2000661	1376	3121	2100691	1376	3269	2200164	1376	3418	2300158	1330	3567	2400348	1330	3715	2500488	1330	3862	2600083	1330	4011	2700255	1330	4160	2800375	1330	4309	2900591	1330	4457	3000161	1330	4606	3100607	1330	4754	3200141	1330	4903	3300484	1330	5051	3400138	1330	5199	3500069	1330	
155	100654	1537	302	200620	1442	448	300287	1350	595	400304	1350	741	500326	1350	888	600242	1350	1036	700690	1350	1182	800274	1350	1329	900455	1350	1476	1000357	1350	1624	1100445	1309	1772	1200451	1309	1920	1300046	1309	2069	1400353	1260	2217	1500234	1260	2365	1600604	1260	2513	1700615	1260	2661	1800479	1260	2809	1900538	1260	2957	2000485	1260	3105	2100711	1260	3252	2200498	1260	3400	2300230	1260	3548	2400319	1260	3696	2500554	1260	3844	2600606	1260	3991	2700286	1260	4139	2800507	1260	4287	2900397	1214	4435	3000295	1214	4583	3100598	1214	4730	3200467	1214	4877	3300131	1214	5025	3400445	1214	5173	3500702	1214	
155	100703	1558	302	200197	1397	450	300406	1397	598	400240	1397	746	500178	1397	894	600163	1397	1042	700314	1397	1190	800427	1397	1338	900302	1397	1485	1000181	1397	1633	1100214	1397	1781	1200208	1397	1927	1300301	1397	2075	1400207	1397	2223	1500334	1397	2371	1600245	1397	2519	1700207	1397	2667	1800146	1397	2815	1900423	1397	2962	2000137	1397	3111	2100699	1397	3258	2200110	1397	3406	2300303	1304	3554	2400513	1260	3701	2500115	1260	3850	2600646	1260	3998	2700534	1260	4146	2800409	1260	4294	2900518	1260	4441	3000132	1260	4589	3100307	1260	4737	3200457	1209	4885	3300679	1209	5032	3400279	1209	5180	3500417	1209	
154	100542	1734	302	200618	1572	450	300716	1479	597	400491	1426	744	500374	1346	891	600241	1307	1039	700288	1307	1187	800622	1307	1334	900089	1307	1483	1000589	1307	1631	1100603	1307	1779	1200679	1307	1927	1300598	1307	2074	1400099	1307	2222	1500442	1307	2370	1600582	1307	2518	1700707	1307	2665	1800407	1307	2813	1900506	1307	2961	2000549	1307	3109	2100654	1307	3256	2200098	1307	3404	2300294	1307	3552	2400192	1262	3701	2500546	1262	3849	2600334	1262	3997	2700199	1262	4146	2800593	1262	4294	2900344	1262	4442	3000136	1262	4591	3100563	1262	4739	3200279	1262	4887	3300244	1262	5035	3400114	1262	5184	3500722	1262	
33	101379	50008	66	202769	50008	98	301782	49664	131	403046	48919	163	501351	48192	196	602722	47483	229	703058	46789	261	800862	43878	294	900889	40250	327	1000641	36581	360	1100736	33642	393	1201653	30388	426	1303012	28211	458	1401568	26478	491	1502137	25054	524	1602574	22850	557	1702771	20708	589	1800871	20337	622	1902437	19599	655	2003024	19599	687	2100874	19599	720	2201279	19599	753	2302473	19599	786	2402979	17425	818	2500790	16687	851	2601525	15209	883	2700260	13054	916	2801769	13054	948	2901138	12695	980	3000729	12361	1013	3102578	12361	1045	3201137	12021	1078	3302845	12021	1110	3401848	12021	1142	3501338	11697	
33	100786	48697	66	202544	46853	98	300832	44665	131	401624	40588	164	502388	39181	197	602834	38034	229	700911	35839	262	802195	33633	295	903113	32558	327	1000247	30729	360	1100449	29300	393	1201604	27469	426	1303024	27082	458	1400953	26718	491	1501129	25267	524	1602156	23073	557	1702732	20875	589	1800659	19095	622	1902297	18395	654	2001003	18395	687	2102310	18073	719	2200466	17381	752	2301337	15977	785	2402946	14907	817	2501563	14907	849	2600317	14907	882	2701659	14212	914	2800510	14212	947	2901617	13166	980	3002339	13166	1013	3102804	13166	1045	3200796	13166	1078	3301737	12831	1111	3403052	12831	1143	3501327	12831	
33	101109	50049	66	201940	49690	99	303211	49690	131	401047	49690	164	501713	48954	197	603242	48954	229	702396	48954	262	803300	48598	294	902013	47127	327	1002058	44644	360	1102860	42116	392	1200937	41762	425	1301625	39636	458	1402178	38523	490	1500445	36326	523	1601189	35216	556	1703155	34846	587	1801328	34138	619	1901855	32689	651	2001158	32347	684	2101656	30081	717	2201953	27582	749	2300968	25391	782	2401423	23951	815	2502289	22835	848	2602739	22099	880	2701767	22099	913	2802698	21736	945	2900411	21381	978	3001013	20656	1011	3102608	19585	1043	3201522	18120	1076	3302295	15321	1108	3400535	14256	1141	3502361	13917	
33	101261	50065	66	202185	48948	98	302331	47139	130	400272	46067	163	501067	44234	196	603214	43486	228	701115	41740	261	802757	41361	293	900743	40306	326	1002110	39910	358	1102442	39910	390	1200649	39910	423	1302456	39910	455	1400487	38489	488	1501929	37770	521	1602029	35225	554	1702263	31638	587	1801459	27234	620	1900384	21786	653	2000561	18797	686	2101942	18430	719	2202714	18430	751	2301231	16648	783	2400613	15234	816	2502187	15234	848	2601225	14234	880	2701279	14234	912	2800706	13911	945	2903078	13911	977	3001870	13911	1009	3101061	13911	1041	3200308	13911	1074	3302678	13911	1106	3402350	13911	1138	3502162	13911	
33	101706	49699	65	200629	48574	98	301589	46080	131	402630	44632	163	501660	43178	196	602275	43178	228	701107	43178	261	802569	43178	293	900725	42086	326	1001913	41387	359	1103236	41023	391	1201107	40283	424	1302435	40283	457	1402861	39559	489	1500925	38190	522	1602701	37449	554	1701017	36717	587	1802759	35267	619	1900278	33434	652	2001329	32297	685	2102971	31584	717	2202012	30853	750	2303104	29799	782	2401040	27949	815	2502529	27949	847	2601875	27949	880	2702519	26504	912	2800246	25027	945	2900589	22503	978	3001110	19576	1011	3101662	15574	1043	3201122	14874	1076	3303213	14170	1108	3402156	14170	1140	3500329	14170	
