wersja nr 2;wspolczynnik mutacji 6.400000;wielkosc populacji 60
221	100124	306	439	200406	280	657	300399	280	875	400434	280	1093	500206	280	1311	600311	280	1528	700059	280	1747	800339	280	1965	900244	280	2183	1000056	280	2402	1100327	280	2621	1200242	280	2839	1300192	280	3057	1400193	280	3276	1500361	280	3494	1600440	280	3712	1700356	280	3931	1800333	280	4150	1900437	280	4368	2000160	257	4587	2100256	257	4805	2200324	257	5023	2300347	257	5240	2400350	257	5458	2500122	257	5677	2600406	257	5895	2700260	257	6113	2800339	257	6331	2900398	257	6548	3000066	257	6766	3100295	257	6983	3200113	255	7199	3300029	255	7416	3400420	255	7633	3500032	255	
220	100346	392	438	200304	388	655	300035	388	874	400424	283	1092	500136	251	1310	600421	248	1525	700076	248	1744	800284	232	1962	900310	232	2179	1000205	232	2397	1100151	232	2615	1200209	232	2832	1300199	232	3049	1400164	232	3268	1500354	232	3486	1600418	232	3705	1700388	231	3924	1800112	231	4144	1900175	231	4363	2000045	231	4583	2100087	231	4802	2200308	231	5021	2300441	231	5240	2400052	228	5460	2500335	228	5680	2600061	228	5900	2700192	228	6120	2800417	200	6339	2900141	172	6557	3000092	172	6776	3100350	172	6994	3200171	172	7211	3300121	172	7429	3400261	172	7647	3500283	172	
220	100174	390	437	200202	348	655	300335	337	872	400444	337	1090	500409	318	1306	600044	318	1523	700240	318	1739	800175	318	1956	900125	318	2173	1000453	318	2390	1100424	304	2608	1200400	304	2825	1300148	304	3043	1400177	304	3261	1500416	304	3479	1600244	304	3697	1700442	286	3915	1800463	286	4132	1900237	256	4350	2000025	254	4570	2100084	254	4788	2200131	254	5006	2300159	254	5224	2400088	254	5442	2500274	254	5660	2600240	254	5879	2700325	234	6098	2800092	234	6317	2900419	234	6536	3000397	234	6754	3100409	234	6972	3200476	234	7189	3300085	234	7408	3400416	234	7627	3500401	234	
222	100451	349	438	200466	305	656	300418	284	874	400440	245	1092	500298	223	1309	600172	223	1527	700333	177	1745	800458	163	1961	900316	163	2178	1000111	163	2396	1100415	163	2613	1200271	163	2830	1300072	163	3048	1400234	163	3266	1500195	163	3484	1600331	163	3701	1700448	163	3918	1800378	163	4136	1900086	162	4355	2000147	162	4574	2100465	162	4792	2200334	162	5010	2300183	162	5228	2400223	162	5446	2500265	162	5665	2600278	162	5883	2700397	162	6102	2800462	162	6320	2900221	162	6539	3000303	162	6757	3100026	162	6974	3200190	162	7192	3300316	162	7410	3400100	162	7629	3500183	162	
221	100291	386	440	200261	347	659	300054	308	878	400377	279	1097	500352	279	1315	600116	258	1532	700085	258	1751	800463	247	1969	900367	247	2187	1000332	237	2406	1100242	237	2625	1200141	233	2845	1300302	219	3062	1400330	219	3281	1500398	214	3500	1600037	214	3720	1700170	205	3939	1800476	205	4157	1900188	191	4375	2000278	191	4593	2100068	191	4811	2200158	191	5030	2300281	191	5249	2400190	191	5467	2500201	191	5686	2600385	191	5904	2700133	191	6123	2800327	191	6340	2900056	191	6559	3000302	191	6777	3100350	191	6995	3200253	191	7213	3300073	191	7432	3400436	191	7650	3500276	191	
233	100379	290	463	200352	288	693	300032	288	924	400387	272	1154	500351	267	1385	600437	267	1614	700225	267	1845	800069	248	2076	900290	236	2306	1000263	212	2536	1100369	212	2765	1200261	212	2995	1300096	212	3225	1400290	197	3454	1500275	188	3683	1600145	185	3911	1700076	185	4139	1800396	185	4366	1900362	185	4594	2000093	185	4824	2100346	185	5052	2200286	185	5282	2300421	185	5510	2400079	185	5740	2500414	185	5968	2600063	185	6198	2700066	185	6428	2800349	190	6658	2900315	190	6886	3000337	190	7116	3100312	190	7345	3200068	190	7575	3300471	179	7803	3400434	179	8031	3500246	179	
233	100410	273	463	200311	262	692	300370	254	920	400164	245	1150	500122	245	1382	600405	228	1611	700270	217	1839	800368	217	2068	900176	217	2298	1000349	217	2526	1100174	213	2756	1200291	213	2985	1300187	213	3214	1400186	213	3443	1500291	209	3673	1600424	186	3901	1700148	187	4130	1800359	187	4358	1900025	179	4587	2000147	179	4814	2100021	179	5043	2200192	179	5270	2300344	179	5497	2400166	179	5726	2500227	179	5955	2600429	179	6182	2700095	179	6410	2800200	179	6638	2900086	179	6867	3000361	179	7095	3100201	179	7324	3200031	179	7553	3300094	179	7783	3400357	179	8010	3500291	179	
230	100159	275	459	200341	241	687	300113	246	915	400143	246	1144	500336	223	1372	600291	223	1599	700307	223	1823	800055	223	2052	900072	223	2280	1000229	223	2508	1100405	223	2736	1200244	223	2964	1300331	223	3193	1400359	223	3420	1500182	223	3648	1600203	223	3876	1700190	197	4104	1800047	197	4334	1900282	197	4562	2000118	197	4792	2100295	197	5019	2200211	197	5248	2300214	197	5475	2400223	197	5704	2500140	197	5934	2600180	197	6163	2700093	197	6392	2800078	197	6622	2900299	197	6851	3000458	197	7077	3100021	197	7307	3200339	197	7536	3300349	197	7765	3400363	197	7993	3500162	197	
232	100126	317	462	200439	271	692	300092	250	921	400256	244	1151	500214	209	1380	600082	209	1610	700073	209	1840	800172	209	2069	900366	201	2297	1000025	201	2526	1100433	201	2754	1200032	197	2981	1300131	193	3209	1400071	193	3438	1500250	193	3666	1600454	189	3894	1700381	189	4122	1800447	189	4350	1900370	189	4578	2000056	189	4806	2100370	189	5035	2200189	189	5264	2300210	189	5491	2400137	189	5719	2500023	189	5948	2600179	189	6176	2700354	189	6405	2800441	189	6633	2900106	189	6863	3000439	189	7090	3100382	189	7316	3200080	189	7545	3300179	189	7774	3400254	189	8003	3500094	189	
233	100095	252	463	200159	216	693	300427	207	923	400430	194	1153	500374	194	1382	600269	195	1613	700280	195	1842	800174	195	2072	900329	195	2302	1000263	195	2532	1100234	195	2762	1200352	195	2991	1300376	195	3219	1400153	195	3450	1500373	195	3679	1600025	195	3910	1700228	195	4140	1800251	195	4368	1900324	195	4597	2000099	195	4827	2100034	195	5057	2200066	195	5286	2300043	195	5517	2400384	195	5745	2500030	195	5976	2600376	195	6206	2700110	195	6437	2800417	195	6667	2900041	195	6898	3000409	195	7128	3100320	195	7358	3200441	195	7587	3300208	195	7817	3400255	195	8047	3500342	195	
70	100422	5153	140	200710	5153	210	300549	4775	281	401201	4429	351	500973	4105	420	600338	4098	490	700393	4082	560	800094	4082	630	900505	4035	700	1001201	4018	769	1100290	4018	839	1200295	4013	909	1300674	3831	979	1400924	3831	1049	1500922	3831	1118	1600243	3831	1188	1700648	3808	1258	1800286	3808	1328	1900957	3808	1398	2001076	3808	1467	2100507	3808	1537	2200743	3808	1607	2301466	3808	1676	2400152	3808	1746	2500724	3808	1816	2600958	3808	1886	2701303	3808	1955	2800218	3795	2025	2900147	3795	2095	3000706	3795	2165	3100682	3795	2235	3201120	3792	2304	3300215	3792	2374	3401051	3792	2444	3501185	3792	
70	100749	5189	140	201231	4939	210	301108	4775	279	400134	4556	349	500697	4457	419	600959	4406	489	701121	4400	559	801175	4381	629	901377	4287	699	1001143	4242	769	1100927	4229	839	1200308	4229	909	1300251	4229	980	1401439	4229	1050	1501088	4229	1120	1600657	4229	1190	1700433	4229	1261	1800898	4229	1331	1900732	4229	1401	2000629	4229	1471	2100326	4229	1542	2201448	4229	1612	2301204	4229	1682	2400525	4164	1753	2501241	4164	1823	2601082	4164	1893	2700467	4164	1964	2801178	4164	2034	2901078	4003	2104	3001177	3986	2174	3100949	3986	2244	3201128	3986	2314	3301439	3986	2383	3400475	3986	2454	3501401	3922	
71	101324	5189	141	201480	5071	211	301450	4745	280	400318	4637	350	500495	4608	420	600278	4528	490	700593	4336	560	800981	4302	630	900201	4258	700	1000141	4195	770	1100620	4195	840	1201307	4195	910	1301253	4185	980	1401237	4185	1050	1501032	4185	1120	1601337	4185	1189	1700756	4185	1259	1801240	4185	1328	1900557	4184	1398	2000651	4184	1468	2101093	4184	1537	2201406	4184	1605	2300207	4184	1675	2400913	4054	1744	2500132	4054	1812	2601052	4013	1881	2700646	3995	1951	2801079	3844	2020	2900295	3788	2090	3000412	3786	2160	3100305	3602	2230	3200182	3602	2300	3300581	3602	2371	3401414	3602	2440	3500121	3602	
70	100297	5100	140	200829	5066	209	300611	5064	279	400758	4933	349	501089	4859	419	601236	4566	489	701438	4242	558	801289	4145	627	900651	4145	697	1001509	4145	766	1100319	4145	836	1200368	4145	906	1301051	4046	975	1400519	4046	1045	1500984	4046	1115	1601197	4046	1185	1701204	4046	1254	1800315	4046	1324	1901455	4017	1393	2000293	4001	1463	2100199	4001	1534	2201400	4001	1604	2301498	4001	1673	2400774	4001	1743	2501287	4001	1812	2600335	4001	1882	2700290	4001	1952	2800221	4001	2022	2900483	3983	2092	3000579	3983	2162	3100697	3983	2232	3200654	3965	2302	3300408	3965	2372	3400737	3965	2441	3500135	3927	
70	100147	4711	140	200678	4407	210	300514	4133	279	400441	4085	348	500379	3880	418	601130	3787	487	700251	3594	557	800630	3564	627	900767	3564	697	1000815	3564	767	1100814	3564	837	1200562	3480	907	1300976	3480	977	1400943	3443	1047	1500571	3443	1118	1601405	3443	1187	1700482	3443	1257	1800702	3443	1327	1900610	3443	1397	2000561	3443	1467	2101101	3443	1536	2200120	3404	1606	2300356	3391	1676	2400496	3278	1746	2500641	3278	1816	2600295	3278	1886	2700692	3278	1956	2800228	3278	2026	2901062	3254	2096	3001061	3254	2165	3100583	3254	2235	3200463	3254	2305	3300432	3254	2375	3400555	3254	2445	3501112	3254	
72	100786	5037	144	201230	5037	215	300093	5037	288	400882	5037	359	500207	5037	431	600237	5037	503	700408	5037	575	800945	5037	646	900178	5037	718	1000729	5037	790	1100123	5037	862	1200155	5037	934	1300729	5037	1006	1401056	5037	1078	1501106	5037	1149	1600280	5037	1221	1700284	5037	1293	1801007	5037	1365	1900817	5037	1437	2000667	5037	1509	2101399	5037	1580	2200572	5037	1651	2300289	5037	1723	2400463	5037	1795	2500946	5037	1867	2601425	5037	1938	2700142	5037	2009	2800161	5037	2080	2900636	5037	2152	3000655	5037	2223	3100101	5037	2295	3200706	5037	2367	3301120	5037	2439	3401043	5037	2511	3501317	5037	
73	101329	5037	145	201326	5037	216	301055	5037	288	401184	5037	360	501392	5037	431	600442	5037	503	700587	5037	575	800624	5037	647	900925	5037	718	1000381	5037	790	1100595	5037	861	1200324	5037	931	1300188	5037	1003	1401331	5037	1074	1501041	5037	1146	1600617	5037	1218	1701233	5037	1289	1801201	5037	1360	1900373	5037	1432	2000466	5037	1503	2100477	5037	1575	2200394	5037	1647	2300264	5037	1719	2400282	5037	1791	2500471	5037	1863	2600264	5037	1935	2700488	5037	2007	2800261	5037	2079	2900593	5037	2151	3001295	5037	2222	3100602	5037	2294	3201320	5037	2365	3301051	5037	2436	3400577	5037	2508	3501300	5037	
72	100648	5037	144	200709	5037	216	300830	5037	288	400767	5037	360	500874	5037	432	600738	5037	504	701051	5037	576	801141	5037	648	901307	5037	719	1000186	5037	789	1100539	5037	861	1200164	5037	934	1301473	5037	1006	1401276	5037	1077	1500351	5037	1149	1600897	5037	1221	1700748	5037	1293	1801182	5037	1364	1901195	5037	1435	2000715	5037	1507	2101009	5037	1578	2200702	5037	1650	2300497	5037	1722	2401206	5037	1793	2500876	5037	1865	2601040	5037	1937	2700958	5037	2009	2801049	5037	2080	2901059	5037	2151	3000375	5037	2223	3100535	5037	2295	3200269	5037	2367	3300836	5037	2439	3401026	5037	2510	3500090	5037	
72	100460	5037	144	201205	5037	215	300192	5037	287	400484	5037	359	500369	5037	431	601493	5037	502	700484	5037	574	801107	5037	645	900544	5037	717	1000227	5037	789	1100597	5037	861	1201019	5037	933	1301169	5037	1005	1400656	5037	1077	1500623	5037	1149	1600832	5037	1221	1701154	5037	1292	1800534	5037	1364	1900310	5037	1436	2000161	5037	1508	2100969	5037	1579	2201451	5037	1650	2300200	5037	1722	2401376	5037	1793	2500126	5037	1865	2600522	5037	1937	2700401	5037	2009	2800765	5037	2081	2900950	5037	2153	3001325	5037	2224	3100425	5037	2296	3200634	5037	2368	3300923	5037	2440	3400811	5037	2512	3501246	5037	
73	101362	5037	144	200422	5037	216	300325	5037	288	400441	5037	360	500096	5037	432	600629	5037	504	701038	5037	576	801109	5037	648	901408	5037	719	1000455	5037	790	1101246	5037	861	1200495	5037	933	1301038	5037	1004	1401089	5037	1076	1501007	5037	1147	1600534	5037	1219	1701090	5037	1290	1801042	5037	1361	1900470	5037	1433	2001344	5037	1504	2101174	5037	1575	2200152	5037	1647	2300728	5037	1719	2400648	5037	1790	2500697	5037	1862	2600743	5037	1934	2701007	5037	2006	2801156	5037	2078	2901393	5037	2150	3001360	5037	2221	3100488	5037	2293	3200398	5037	2365	3301097	5037	2436	3401077	5037	2508	3501361	5037	
16	106929	25272	31	206999	25272	45	300678	25272	60	400483	25272	76	506876	25272	90	600544	25272	105	700512	25272	120	800588	25272	135	900494	25272	151	1006616	25272	166	1106786	25272	181	1206765	25272	196	1306563	25272	211	1406336	25272	226	1506060	25272	241	1606146	25272	256	1705980	25272	271	1805794	25272	286	1905351	25272	301	2005544	25272	316	2105662	25272	331	2205892	25272	346	2306171	25272	361	2406193	25272	376	2506020	25272	391	2606026	25272	406	2706926	25272	421	2806995	25272	436	2907054	25272	451	3006981	25272	466	3106683	25272	481	3206589	25272	496	3306545	25272	511	3406395	25272	526	3506788	25272	
16	106693	25272	31	206448	25272	46	306464	25272	61	406410	25272	76	506281	25272	91	606434	25272	106	706503	25272	121	806280	25272	136	906134	25272	151	1005985	25272	166	1106301	25272	181	1206262	25272	196	1306783	25272	211	1406483	25272	226	1506314	25272	241	1606208	25272	256	1706181	25272	271	1806208	25272	286	1906003	25272	301	2006009	25272	316	2105904	25272	331	2205625	25272	346	2305361	25272	361	2405549	25272	376	2505523	25272	391	2605405	25272	406	2705258	25272	421	2805267	25272	436	2904972	25272	451	3004692	25272	466	3104782	25272	481	3205465	25272	496	3305824	25272	511	3405681	25272	526	3505796	25272	
16	106778	25272	30	200551	25272	45	300526	25272	61	406963	25272	76	506850	25272	90	600550	25272	105	700732	25272	121	807022	25272	136	907087	25272	151	1006836	25272	166	1107129	25272	181	1206933	25272	195	1300547	25272	210	1400966	25272	225	1501061	25272	240	1600866	25272	255	1701004	25272	270	1801060	25272	285	1901097	25272	300	2000979	25272	315	2100938	25272	330	2201228	25272	345	2301452	25272	360	2401337	25272	375	2501398	25272	390	2600991	25272	405	2700870	25272	420	2801029	25272	435	2900899	25272	450	3001234	25272	465	3101231	25272	480	3201167	25272	495	3301240	25272	510	3401078	25272	525	3501048	25272	
16	106934	25272	30	201077	25272	45	301634	25272	60	401758	25272	75	502277	25272	90	602531	25272	105	702804	25272	120	803039	25272	135	903395	25272	150	1003715	25272	165	1103678	25272	180	1203990	25272	195	1303811	25272	210	1403669	25272	225	1503474	25272	240	1603547	25272	255	1703577	25272	270	1804183	25272	285	1904029	25272	300	2003974	25272	315	2104266	25272	330	2204254	25272	345	2304390	25272	360	2404458	25272	375	2504581	25272	390	2604538	25272	405	2704298	25272	420	2804516	25272	435	2904520	25272	450	3004940	25272	465	3105073	25272	480	3205628	25272	495	3305935	25272	510	3405732	25272	525	3505774	25272	
16	106689	25272	31	206679	25272	46	306722	25272	61	406521	25272	76	506495	25272	91	606823	25272	105	700616	25272	120	800673	25272	135	900744	25272	150	1000995	25272	165	1101026	25272	180	1201316	25272	195	1301000	25272	210	1400889	25272	225	1501203	25272	240	1601277	25272	255	1701386	25272	270	1801493	25272	285	1901738	25272	300	2001385	25272	315	2101523	25272	330	2201297	25272	345	2301379	25272	360	2401360	25272	375	2501417	25272	390	2601311	25272	405	2701593	25272	420	2801942	25272	435	2902032	25272	450	3002379	25272	465	3102721	25272	480	3202935	25272	495	3302821	25272	510	3402845	25272	525	3502905	25272	
16	105319	25176	31	203883	25176	46	302421	25176	61	400747	25176	77	505827	25176	92	604017	25176	107	702525	25176	122	801424	25176	138	906922	25176	153	1005181	25176	168	1103800	25176	183	1202086	25176	198	1300547	25176	214	1405631	25176	229	1504121	25176	244	1602594	25176	259	1701075	25176	275	1806205	25176	290	1904564	25176	305	2002878	25176	320	2101715	25176	335	2200665	25176	351	2305534	25176	366	2404095	25176	381	2502280	25176	396	2600601	25176	412	2705951	25176	427	2804266	25176	442	2902452	25176	457	3001050	25176	473	3106782	25176	488	3204944	25176	503	3303399	25176	518	3401800	25176	534	3506074	25176	
16	104946	25176	31	203781	25176	46	302546	25176	61	400981	25176	77	506554	25176	92	605226	25176	107	704064	25176	122	802505	25176	137	901096	25176	153	1006686	25176	168	1104617	25176	183	1203030	25176	198	1301757	25176	214	1406450	25176	229	1504822	25176	244	1603062	25176	259	1701622	25176	275	1806562	25176	290	1904861	25176	305	2003282	25176	320	2101673	25176	336	2206640	25176	351	2305251	25176	366	2403517	25176	381	2502277	25176	396	2601102	25176	412	2706085	25176	427	2804568	25176	442	2902955	25176	457	3001139	25176	473	3106037	25176	488	3204103	25176	503	3302613	25176	518	3400667	25176	534	3506039	25176	
16	105382	25176	31	203857	25176	46	302403	25176	61	400478	25176	77	505217	25176	92	603592	25176	107	701977	25176	123	806958	25176	138	905106	25176	153	1003261	25176	168	1101840	25176	183	1200766	25176	199	1305610	25176	214	1404267	25176	229	1502555	25176	244	1600615	25176	260	1705413	25176	275	1803711	25176	290	1902087	25176	306	2006614	25176	321	2104801	25176	336	2203092	25176	351	2301605	25176	367	2406965	25176	382	2505349	25176	397	2603409	25176	412	2702042	25176	428	2806920	25176	443	2905382	25176	458	3003802	25176	473	3102475	25176	488	3201121	25176	504	3305855	25176	519	3404315	25176	534	3502848	25176	
16	105238	25176	31	203730	25176	46	301872	25176	62	407018	25176	77	505663	25176	92	604040	25176	107	702368	25176	122	800901	25176	138	905762	25176	153	1003662	25176	168	1101755	25176	184	1206841	25176	199	1305262	25176	214	1403424	25176	229	1501686	25176	245	1606436	25176	260	1704781	25176	275	1803370	25176	290	1901965	25176	305	2000516	25176	321	2105652	25176	336	2204517	25176	351	2302893	25176	366	2401278	25176	382	2506149	25176	397	2604839	25176	412	2703337	25176	427	2801823	25176	443	2906442	25176	458	3004920	25176	473	3103450	25176	488	3201455	25176	504	3306236	25176	519	3404529	25176	534	3502871	25176	
16	105490	25176	31	204493	25176	46	302944	25176	61	401098	25176	77	506098	25176	92	604430	25176	107	702484	25176	122	800869	25176	138	906187	25176	153	1004400	25176	168	1102539	25176	183	1200815	25176	199	1305642	25176	214	1403556	25176	229	1501611	25176	245	1606394	25176	260	1704479	25176	275	1802817	25176	290	1900999	25176	306	2005873	25176	321	2103984	25176	336	2202499	25176	351	2301413	25176	367	2406203	25176	382	2504834	25176	397	2603137	25176	412	2701448	25176	428	2806781	25176	443	2905040	25176	458	3003508	25176	473	3102023	25176	488	3200682	25176	504	3305254	25176	519	3403466	25176	534	3501650	25176	
263	100029	87	527	200321	87	790	300263	87	1054	400091	87	1317	500094	87	1581	600200	87	1843	700064	87	2106	800233	87	2369	900221	87	2632	1000385	87	2895	1100059	87	3159	1200228	87	3423	1300151	87	3687	1400024	87	3951	1500246	87	4214	1600334	87	4477	1700154	87	4739	1800377	87	5002	1900134	87	5265	2000336	87	5527	2100369	87	5790	2200037	87	6054	2300223	87	6317	2400179	87	6581	2500239	87	6841	2600251	87	7103	2700028	87	7366	2800080	87	7629	2900151	87	7893	3000154	87	8156	3100053	87	8420	3200372	87	8684	3300190	87	8947	3400162	87	9210	3500292	87	
265	100386	87	529	200380	87	792	300080	87	1054	400026	87	1318	500252	87	1581	600059	87	1845	700225	87	2108	800367	87	2370	900182	87	2634	1000207	87	2897	1100335	87	3159	1200164	87	3423	1300236	87	3687	1400093	87	3951	1500330	87	4213	1600051	87	4477	1700327	87	4739	1800160	87	5003	1900040	87	5267	2000067	87	5531	2100182	87	5794	2200141	87	6056	2300107	87	6320	2400339	87	6583	2500197	87	6845	2600161	87	7108	2700074	87	7371	2800045	87	7635	2900184	87	7899	3000302	87	8162	3100352	87	8425	3200095	87	8689	3300115	87	8952	3400041	87	9215	3500283	87	
265	100364	87	527	200050	87	745	300289	87	1008	400126	87	1271	500255	87	1535	600205	87	1798	700030	87	2062	800267	87	2325	900180	87	2588	1000379	87	2851	1100315	87	3114	1200362	87	3377	1300239	87	3640	1400079	87	3903	1500363	87	4163	1600116	87	4426	1700192	87	4689	1800045	87	4953	1900129	87	5216	2000016	87	5479	2100017	87	5744	2200379	87	6005	2300031	87	6270	2400353	87	6532	2500123	87	6796	2600211	87	7060	2700264	87	7324	2800214	87	7588	2900174	87	7851	3000131	87	8113	3100235	87	8376	3200157	87	8640	3300046	87	8903	3400301	87	9166	3500096	87	
265	100351	87	529	200112	87	791	300029	87	1054	400228	87	1318	500234	87	1582	600200	87	1846	700252	87	2109	800162	87	2373	900357	87	2636	1000049	87	2898	1100114	87	3162	1200091	87	3426	1300265	87	3687	1400190	87	3950	1500385	87	4213	1600151	87	4477	1700317	87	4739	1800192	87	5002	1900117	87	5264	2000083	87	5528	2100224	87	5792	2200136	87	6054	2300134	87	6315	2400125	87	6577	2500308	87	6836	2600139	87	7099	2700090	87	7363	2800215	87	7626	2900183	87	7890	3000238	87	8153	3100152	87	8417	3200331	87	8681	3300374	87	8944	3400353	87	9207	3500120	87	
263	100194	87	525	200292	87	788	300146	87	1051	400214	87	1311	500052	87	1575	600172	87	1838	700116	87	2101	800259	87	2364	900381	87	2627	1000235	87	2891	1100403	87	3154	1200236	87	3417	1300248	87	3681	1400263	87	3945	1500328	87	4207	1600356	87	4470	1700338	87	4730	1800163	87	4993	1900328	87	5255	2000138	87	5518	2100030	87	5782	2200134	87	6046	2300270	87	6309	2400346	87	6573	2500119	87	6835	2600195	87	7098	2700173	87	7362	2800042	87	7627	2900322	87	7890	3000086	87	8152	3100133	87	8414	3200159	87	8678	3300323	87	8941	3400111	87	9203	3500367	87	
296	100090	92	591	200035	92	886	300023	92	1181	400302	92	1476	500290	92	1772	600215	92	2068	700130	92	2364	800038	92	2659	900207	92	2953	1000337	92	3248	1100300	92	3543	1200188	92	3838	1300055	92	4134	1400140	92	4429	1500036	92	4724	1600109	92	5019	1700228	92	5313	1800107	92	5610	1900309	92	5905	2000213	92	6199	2100075	92	6494	2200201	92	6787	2300087	92	7081	2400283	92	7375	2500021	92	7670	2600077	92	7964	2700103	92	8261	2800254	92	8555	2900136	92	8850	3000034	92	9143	3100045	92	9438	3200322	92	9733	3300164	92	10026	3400202	92	10321	3500280	92	
297	100305	92	590	200105	92	886	300047	92	1181	400172	92	1477	500347	92	1772	600324	92	2067	700314	92	2362	800249	92	2656	900270	92	2951	1000113	92	3246	1100338	92	3541	1200220	92	3837	1300255	92	4133	1400234	92	4428	1500036	92	4724	1600129	92	5018	1700312	92	5313	1800313	92	5608	1900242	92	5902	2000029	92	6197	2100100	92	6492	2200056	92	6786	2300132	92	7082	2400239	92	7376	2500045	92	7671	2600259	92	7967	2700167	92	8261	2800067	92	8557	2900198	92	8853	3000237	92	9148	3100040	92	9442	3200017	92	9735	3300159	92	10030	3400273	92	10325	3500266	92	
296	100268	92	591	200284	92	886	300179	92	1181	400293	92	1474	500034	92	1771	600117	92	2066	700201	92	2361	800104	92	2657	900271	92	2953	1000156	92	3248	1100244	92	3544	1200104	92	3837	1300173	92	4132	1400206	92	4423	1500104	92	4717	1600117	92	5012	1700206	92	5306	1800089	92	5599	1900308	92	5894	2000135	92	6190	2100024	92	6485	2200068	92	6780	2300037	92	7075	2400058	92	7371	2500210	92	7665	2600330	92	7960	2700036	92	8257	2800186	92	8553	2900056	92	8849	3000136	92	9143	3100171	92	9437	3200305	92	9733	3300165	92	10029	3400093	92	10325	3500086	92	
294	100076	92	590	200119	92	884	300041	92	1180	400076	92	1476	500245	92	1772	600256	92	2067	700037	92	2361	800222	92	2655	900060	92	2950	1000095	92	3244	1100190	92	3539	1200115	92	3834	1300026	92	4129	1400256	92	4422	1500080	92	4718	1600324	92	5014	1700230	92	5307	1800093	92	5604	1900229	92	5899	2000330	92	6193	2100300	92	6487	2200259	92	6781	2300099	92	7073	2400057	92	7369	2500298	92	7661	2600279	92	7956	2700281	92	8252	2800310	92	8545	2900156	92	8840	3000147	92	9135	3100025	92	9430	3200152	92	9725	3300170	92	10019	3400263	92	10313	3500194	92	
296	100153	92	590	200044	92	885	300038	92	1180	400302	92	1474	500119	92	1767	600264	92	2063	700160	92	2355	800073	92	2651	900275	92	2945	1000114	92	3241	1100121	92	3536	1200237	92	3830	1300087	92	4125	1400173	92	4418	1500039	92	4714	1600022	92	5009	1700190	92	5305	1800172	92	5600	1900322	92	5895	2000123	92	6191	2100147	92	6487	2200155	92	6782	2300021	92	7077	2400247	92	7369	2500325	92	7660	2600307	92	7954	2700033	92	8249	2800258	92	8542	2900215	92	8837	3000199	92	9129	3100266	92	9424	3200344	92	9719	3300204	92	10013	3400086	92	10305	3500072	92	
76	101394	355	150	200609	355	224	300266	355	299	401043	355	372	501126	355	446	600178	355	520	700194	355	595	800664	355	670	900998	355	745	1000897	355	820	1101280	355	894	1200421	355	969	1301395	355	1042	1400081	355	1117	1501300	355	1191	1600582	355	1266	1700905	355	1340	1800128	355	1415	1900355	355	1490	2001223	355	1563	2100308	355	1637	2201233	355	1711	2301081	355	1785	2400262	355	1860	2500651	355	1935	2600777	355	2010	2700965	355	2084	2800190	355	2159	2901066	355	2233	3000563	355	2308	3100943	355	2382	3200266	355	2457	3301037	355	2532	3401248	355	2606	3500839	355	
75	100768	355	150	200931	355	225	301005	355	300	400807	355	374	500258	355	449	601372	355	522	700775	355	596	800627	355	670	900381	355	744	1000355	355	819	1100868	355	894	1200857	355	969	1300906	355	1043	1400137	355	1118	1500697	355	1192	1600552	355	1267	1701131	355	1341	1800645	355	1416	1901187	355	1490	2000904	355	1564	2100382	355	1639	2201110	355	1714	2301324	355	1788	2400588	355	1863	2501233	355	1937	2600308	355	2012	2700325	355	2087	2800349	355	2162	2900605	355	2237	3000854	355	2312	3100802	355	2387	3201095	355	2461	3300238	355	2536	3400381	355	2610	3500498	355	
75	100309	355	150	200980	355	224	300909	355	298	400599	355	372	500870	355	447	601171	355	521	700145	355	596	800743	355	670	900330	355	745	1001223	355	820	1101409	355	894	1201258	355	968	1301092	355	1043	1400890	355	1118	1500841	355	1193	1601211	355	1267	1700093	355	1342	1800549	355	1417	1901132	355	1491	2001396	355	1565	2100834	355	1639	2200332	355	1714	2301329	355	1788	2400262	355	1863	2500837	355	1937	2600913	355	2010	2700353	355	2085	2800438	355	2159	2900524	355	2233	3000179	355	2308	3100944	355	2382	3200160	355	2457	3300410	355	2532	3400855	355	2607	3500995	355	
76	101278	355	150	200245	355	225	301412	355	299	400823	355	374	501389	355	448	601146	355	522	700524	355	596	800668	355	671	901253	355	745	1000316	355	820	1101005	355	894	1200562	355	969	1301294	355	1042	1400571	355	1116	1500349	355	1191	1600841	355	1266	1701099	355	1341	1801299	355	1415	1900412	355	1489	2000588	355	1564	2101132	355	1639	2201372	355	1713	2300898	355	1786	2400247	355	1861	2500551	355	1936	2600894	355	2011	2701215	355	2085	2800567	355	2160	2901061	355	2235	3000937	355	2309	3100992	355	2383	3201173	355	2457	3300751	355	2531	3400922	355	2605	3500400	355	
75	100667	355	149	200573	355	223	300354	355	297	400100	355	372	500868	355	446	600608	355	521	700574	355	596	801324	355	670	901323	355	744	1000884	355	819	1100909	355	894	1201340	355	968	1300228	355	1043	1400725	355	1118	1501323	355	1192	1601105	355	1266	1700512	355	1341	1800847	355	1415	1900375	355	1490	2000485	355	1565	2101296	355	1639	2200469	355	1714	2301225	355	1789	2401212	355	1863	2500311	355	1938	2600559	355	2013	2700796	355	2088	2801423	355	2162	2901338	355	2235	3000197	355	2310	3101251	355	2384	3201392	355	2459	3301276	355	2534	3401408	355	2608	3500481	355	
81	100664	365	162	201225	365	242	300568	365	323	400473	365	404	500237	365	485	600305	365	567	701238	365	647	800102	365	728	900472	365	810	1001274	365	891	1100949	365	972	1200961	365	1053	1300503	365	1135	1401241	365	1215	1500189	365	1296	1600415	365	1377	1700289	365	1459	1801108	365	1540	1901062	365	1620	2000436	365	1701	2100574	365	1781	2200226	365	1862	2300347	365	1943	2400717	365	2024	2500316	365	2105	2600237	365	2186	2700264	365	2267	2800111	365	2349	2901197	365	2430	3001057	365	2510	3100905	365	2590	3200658	365	2671	3300634	365	2752	3401219	365	2832	3500776	365	
81	101131	365	162	200852	365	243	301304	365	324	400900	365	405	500848	365	485	600554	365	566	700479	365	647	800779	365	728	900107	365	809	1000260	365	890	1100570	365	971	1200461	365	1053	1301278	365	1134	1401125	365	1215	1500742	365	1295	1600319	365	1375	1700071	365	1457	1800599	365	1538	1900709	365	1619	2000523	365	1700	2100368	365	1781	2200435	365	1862	2300166	365	1943	2400409	365	2024	2500376	365	2105	2600398	365	2186	2700705	365	2267	2800531	365	2348	2900097	365	2430	3001103	365	2511	3101297	365	2591	3200088	365	2673	3300811	365	2754	3400854	365	2835	3500469	365	
82	100863	365	162	200279	365	243	300314	365	324	400488	365	405	500277	365	486	600851	365	567	700671	365	648	800338	365	729	900236	365	811	1001261	365	891	1100676	365	972	1201245	365	1053	1300959	365	1134	1400422	365	1215	1500545	365	1296	1600363	365	1378	1701129	365	1459	1801115	365	1540	1901092	365	1621	2000864	365	1702	2100713	365	1783	2200185	365	1864	2300417	365	1945	2400808	365	2025	2500285	365	2106	2600092	365	2188	2700996	365	2268	2800073	365	2349	2900299	365	2430	3000472	365	2511	3100959	365	2592	3201046	365	2673	3301018	365	2754	3400815	365	2835	3500808	365	
82	101117	365	163	201055	365	243	300247	365	324	400580	365	405	500895	365	486	600648	365	568	701206	365	649	800895	365	730	900869	365	811	1000837	365	892	1101158	365	972	1200156	365	1054	1301301	365	1135	1400867	365	1216	1501032	365	1297	1600715	365	1378	1700746	365	1459	1800572	365	1540	1901014	365	1621	2001248	365	1702	2100631	365	1783	2200905	365	1864	2301014	365	1945	2401098	365	2025	2500363	365	2106	2601054	365	2186	2700211	365	2267	2800519	365	2348	2900329	365	2429	3000486	365	2509	3100913	365	2590	3201199	365	2671	3301074	365	2751	3400115	365	2833	3501261	365	
81	100769	365	162	200778	365	243	300792	365	324	401010	365	405	501005	365	486	600581	365	567	700391	365	648	800452	365	728	900150	365	809	1000236	365	890	1100439	365	971	1200893	365	1051	1300128	365	1133	1401015	365	1213	1500178	365	1294	1600888	365	1375	1700992	365	1456	1800876	365	1537	1900440	365	1618	2000201	365	1699	2100167	365	1780	2200142	365	1862	2300997	365	1943	2400964	365	2024	2500784	365	2105	2600637	365	2186	2700156	365	2267	2800420	365	2348	2900145	365	2429	3000433	365	2510	3100224	365	2591	3201068	365	2671	3300436	365	2753	3401310	365	2833	3500113	365	
18	104718	1803	35	202884	1803	52	301346	1803	70	405366	1803	87	503387	1803	104	601515	1803	122	705515	1803	139	803938	1803	156	902319	1803	173	1000994	1803	191	1105077	1803	208	1203296	1803	225	1301412	1803	242	1400526	1803	260	1505322	1803	277	1603739	1803	294	1702244	1803	311	1800481	1803	329	1904587	1803	346	2002700	1803	363	2101427	1803	381	2206025	1803	398	2304459	1803	415	2402707	1803	432	2500993	1803	450	2605068	1803	467	2703254	1803	484	2801459	1803	502	2905228	1803	519	3003820	1803	536	3102429	1803	553	3200645	1803	571	3304899	1803	588	3403598	1803	605	3502195	1803	
18	104013	1803	35	202470	1803	52	301023	1803	70	405454	1803	87	503821	1803	104	602193	1803	121	700926	1803	139	804870	1803	156	903252	1803	173	1001781	1803	191	1106167	1803	208	1204425	1803	225	1302976	1803	242	1401275	1803	260	1505657	1803	277	1604156	1803	294	1702506	1803	311	1800883	1803	329	1905648	1803	346	2003911	1803	363	2102689	1803	380	2200800	1803	398	2305214	1803	415	2403933	1803	432	2502315	1803	449	2601039	1803	467	2705149	1803	484	2803413	1803	501	2902090	1803	519	3005797	1803	536	3104235	1803	553	3202590	1803	570	3300716	1803	588	3404774	1803	605	3502940	1803	
18	104046	1803	35	202632	1803	52	301128	1803	70	405250	1803	87	504132	1803	104	602703	1803	121	701356	1803	139	805689	1803	156	903917	1803	173	1002290	1803	190	1100819	1803	208	1204971	1803	225	1303341	1803	242	1401636	1803	260	1506103	1803	277	1604437	1803	294	1702615	1803	311	1800625	1803	329	1905193	1803	346	2003872	1803	363	2102262	1803	380	2200895	1803	398	2304747	1803	415	2403508	1803	432	2502273	1803	449	2600801	1803	467	2704989	1803	484	2803940	1803	501	2902254	1803	518	3000632	1803	536	3104863	1803	553	3203211	1803	570	3301636	1803	588	3406112	1803	605	3504159	1803	
18	104176	1803	35	202245	1803	52	300841	1803	70	404964	1803	87	503129	1803	104	601619	1803	122	705886	1803	139	804552	1803	156	903283	1803	173	1001593	1803	191	1105590	1803	208	1204104	1803	225	1302515	1803	242	1401042	1803	260	1505125	1803	277	1603463	1803	294	1702210	1803	311	1800933	1803	329	1905154	1803	346	2003330	1803	363	2102219	1803	380	2200941	1803	398	2304593	1803	415	2403106	1803	432	2501666	1803	450	2605715	1803	467	2704406	1803	484	2802826	1803	501	2901584	1803	519	3006267	1803	536	3104878	1803	553	3203130	1803	570	3301329	1803	588	3405752	1803	605	3504160	1803	
18	104046	1803	35	202743	1803	52	301306	1803	70	405609	1803	87	503782	1803	104	602223	1803	121	700737	1803	139	804767	1803	156	903327	1803	173	1001491	1803	191	1105592	1803	208	1203780	1803	225	1301904	1803	243	1406220	1803	260	1504792	1803	277	1603259	1803	294	1701750	1803	312	1806028	1803	329	1904173	1803	346	2002705	1803	363	2101323	1803	381	2205876	1803	398	2304087	1803	415	2402358	1803	432	2500768	1803	450	2605174	1803	467	2703361	1803	484	2801847	1803	502	2905866	1803	519	3004183	1803	536	3102510	1803	553	3200911	1803	571	3304930	1803	588	3403676	1803	605	3502797	1803	
19	101640	1754	38	203088	1754	57	304681	1754	75	401052	1754	94	502516	1754	113	604048	1754	132	705595	1754	150	801554	1754	169	903005	1754	188	1005365	1754	206	1101741	1754	225	1203384	1754	244	1305115	1754	262	1402194	1754	281	1503963	1754	299	1600549	1754	318	1702338	1754	337	1804161	1754	355	1900742	1754	374	2002732	1754	393	2104626	1754	411	2200870	1754	430	2302467	1754	449	2403872	1754	468	2505214	1754	486	2601520	1754	505	2703208	1754	524	2804855	1754	542	2901084	1754	561	3002648	1754	580	3104408	1754	598	3200694	1754	617	3302527	1754	636	3404269	1754	654	3500931	1754	
19	101459	1754	38	203543	1754	57	305011	1754	75	401161	1754	94	502667	1754	113	604350	1754	131	700592	1754	150	802391	1754	169	903731	1754	188	1005214	1754	206	1101618	1754	225	1203442	1754	244	1305288	1754	262	1401551	1754	281	1503727	1754	299	1600425	1754	318	1702356	1754	337	1803869	1754	355	1900798	1754	374	2002838	1754	393	2104604	1754	411	2200847	1754	430	2303179	1754	449	2404561	1754	467	2500826	1754	486	2602206	1754	505	2703917	1754	523	2800402	1754	542	2902086	1754	561	3003317	1754	580	3104993	1754	598	3201127	1754	617	3302721	1754	636	3404248	1754	654	3500709	1754	
19	101735	1754	38	203562	1754	57	305122	1754	75	401319	1754	94	502789	1754	113	604450	1754	131	700998	1754	150	802074	1754	169	903518	1754	188	1005243	1754	206	1101819	1754	225	1203522	1754	244	1305184	1754	262	1401150	1754	281	1502664	1754	300	1604275	1754	318	1700723	1754	337	1802097	1754	356	1903831	1754	374	2000505	1754	393	2102069	1754	412	2203806	1754	431	2305328	1754	449	2401802	1754	468	2503591	1754	487	2605430	1754	505	2701609	1754	524	2803411	1754	543	2904855	1754	561	3001037	1754	580	3102740	1754	599	3204153	1754	618	3305620	1754	636	3401771	1754	655	3503151	1754	
19	101730	1754	38	202792	1754	57	303910	1754	76	405424	1754	94	501810	1754	113	603538	1754	132	705078	1754	150	801178	1754	169	902895	1754	188	1004340	1754	207	1105639	1754	225	1201536	1754	244	1302869	1754	263	1404448	1754	281	1501239	1754	300	1603047	1754	319	1704559	1754	337	1800801	1754	356	1902814	1754	375	2004337	1754	393	2100686	1754	412	2202446	1754	431	2304075	1754	450	2405488	1754	468	2502520	1754	487	2604077	1754	505	2700457	1754	524	2802017	1754	543	2904105	1754	561	3000630	1754	580	3102490	1754	599	3204174	1754	617	3300689	1754	636	3402129	1754	655	3503458	1754	
19	101766	1754	38	203514	1754	57	304781	1754	75	400796	1754	94	502341	1754	113	604009	1754	132	705551	1754	150	801798	1754	169	903155	1754	188	1004756	1754	206	1101394	1754	225	1202972	1754	244	1304268	1754	262	1400455	1754	281	1501677	1754	300	1603223	1754	319	1704854	1754	337	1801064	1754	356	1902866	1754	375	2004568	1754	393	2101126	1754	412	2202564	1754	431	2304036	1754	450	2405249	1754	468	2501025	1754	487	2602834	1754	506	2704502	1754	524	2800770	1754	543	2902169	1754	562	3004466	1754	580	3101220	1754	599	3202914	1754	618	3304362	1754	636	3400705	1754	655	3502448	1754	
237	100376	402	468	200397	402	701	300347	402	932	400225	394	1162	500195	394	1393	600065	358	1624	700266	358	1857	800336	311	2089	900392	311	2320	1000344	311	2551	1100189	304	2783	1200134	304	3015	1300069	304	3247	1400023	304	3478	1500346	278	3710	1600304	269	3943	1700288	269	4175	1800156	269	4405	1900381	210	4635	2000183	210	4866	2100240	210	5096	2200371	210	5327	2300066	210	5560	2400293	210	5791	2500256	210	6022	2600150	210	6254	2700030	210	6485	2800391	210	6716	2900316	210	6947	3000123	210	7179	3100299	199	7410	3200222	199	7638	3300130	199	7870	3400449	198	8101	3500273	189	
238	100023	337	471	200197	319	705	300364	305	935	400385	248	1165	500093	248	1396	600063	248	1629	700358	248	1860	800058	248	2092	900059	248	2322	1000348	248	2553	1100151	248	2785	1200397	252	3016	1300109	252	3249	1400244	231	3480	1500270	231	3713	1600439	231	3945	1700142	231	4178	1800303	231	4410	1900339	215	4641	2000018	215	4873	2100126	210	5106	2200286	210	5337	2300284	210	5568	2400113	210	5799	2500427	201	6030	2600182	201	6262	2700299	201	6495	2800373	201	6727	2900144	201	6958	3000132	201	7190	3100283	201	7422	3200231	201	7654	3300365	201	7883	3400040	201	8114	3500052	201	
236	100289	384	466	200085	301	696	300126	285	928	400393	285	1157	500292	259	1387	600145	259	1616	700180	259	1846	800170	259	2077	900238	259	2308	1000052	259	2540	1100237	259	2772	1200230	256	3002	1300287	256	3234	1400377	256	3465	1500183	237	3696	1600093	237	3926	1700162	237	4157	1800039	230	4389	1900147	230	4619	2000059	230	4851	2100054	230	5083	2200422	230	5312	2300378	231	5542	2400333	231	5771	2500255	219	6003	2600321	210	6234	2700270	210	6466	2800114	210	6699	2900344	210	6931	3000035	207	7164	3100367	207	7395	3200244	207	7625	3300163	207	7856	3400300	207	8084	3500064	198	
237	100259	352	470	200151	291	703	300407	244	934	400093	244	1166	500349	244	1397	600119	244	1628	700113	244	1861	800180	244	2093	900101	219	2326	1000310	213	2558	1100069	213	2791	1200303	213	3022	1300110	213	3255	1400177	213	3486	1500338	203	3717	1600380	203	3945	1700164	203	4176	1800071	203	4407	1900032	203	4639	2000360	203	4869	2100042	203	5101	2200129	203	5331	2300344	203	5561	2400165	203	5792	2500411	203	6022	2600121	203	6253	2700167	203	6483	2800243	178	6713	2900148	178	6943	3000239	178	7173	3100126	178	7403	3200268	178	7634	3300260	178	7864	3400027	178	8095	3500058	178	
236	100043	397	468	200127	337	700	300204	337	933	400313	337	1165	500399	337	1398	600349	288	1630	700111	288	1862	800201	288	2095	900089	288	2327	1000166	288	2560	1100344	257	2793	1200019	257	3026	1300204	257	3259	1400317	257	3492	1500247	244	3724	1600436	226	3956	1700087	226	4187	1800263	226	4420	1900450	226	4651	2000135	226	4882	2100199	207	5114	2200089	207	5347	2300351	207	5577	2400033	207	5808	2500287	207	6040	2600255	207	6272	2700094	207	6503	2800063	207	6736	2900322	207	6967	3000442	173	7198	3100247	173	7429	3200154	173	7661	3300435	173	7891	3400261	173	8121	3500275	173	
71	100726	10027	142	200734	10027	213	301527	10027	283	400964	10027	354	500874	10027	425	601137	10027	496	701414	10027	566	800643	10027	636	901338	10027	706	1000750	10027	776	1100377	10027	845	1200337	10027	915	1301407	10027	985	1400825	10027	1056	1501050	10027	1127	1600850	10027	1198	1701133	10027	1268	1800224	10027	1339	1900882	10027	1409	2000269	10027	1480	2100934	10027	1551	2201388	10027	1621	2300651	10027	1692	2401053	10027	1762	2500234	10027	1833	2600702	10027	1904	2701174	10027	1974	2800571	10027	2045	2901348	10027	2115	3000790	10027	2185	3100527	10027	2256	3201155	10027	2326	3300480	10027	2397	3400794	10027	2467	3500481	10027	
71	100557	10027	142	200800	10027	212	300250	10027	283	401130	10027	353	500783	10027	424	601154	10027	495	701513	10027	566	801237	10027	636	900196	10027	707	1000503	10027	778	1101420	10027	848	1200564	10027	919	1301068	10027	989	1400226	10027	1060	1501309	10027	1130	1600826	10027	1200	1701299	10027	1270	1800448	10027	1341	1901111	10027	1412	2001453	10027	1482	2100506	10027	1553	2201086	10027	1624	2300973	10027	1695	2401438	10027	1765	2500524	10027	1836	2600989	10027	1906	2700582	10027	1977	2801130	10027	2047	2900323	10027	2118	3000949	10027	2189	3101316	10027	2259	3200698	10027	2329	3300524	10027	2399	3400574	10027	2470	3500930	10027	
71	100252	10027	142	201064	10027	212	300561	10027	283	400720	10027	354	501098	10027	424	600106	10027	495	701109	10027	565	800297	10027	636	900350	10027	707	1000086	10027	778	1100328	10027	849	1200791	10027	920	1301223	10027	990	1400486	10027	1061	1501152	10027	1132	1601370	10027	1203	1701327	10027	1274	1801191	10027	1344	1900610	10027	1415	2001135	10027	1486	2101191	10027	1556	2200287	10027	1627	2300424	10027	1698	2401037	10027	1768	2500277	10027	1839	2600610	10027	1910	2701422	10027	1980	2800177	10027	2051	2900261	10027	2122	3001486	10027	2192	3101206	10027	2262	3200781	10027	2333	3301392	10027	2403	3401159	10027	2473	3500163	10027	
71	101417	10027	141	200166	10027	212	300710	10027	283	401011	10027	354	501378	10027	424	600534	10027	495	700536	10027	565	800195	10027	636	900806	10027	707	1001316	10027	777	1100320	10027	848	1200216	10027	919	1300407	10027	990	1400886	10027	1061	1501279	10027	1132	1601418	10027	1202	1700600	10027	1273	1801439	10027	1343	1900479	10027	1414	2000753	10027	1484	2100172	10027	1555	2200765	10027	1625	2300494	10027	1696	2401229	10027	1766	2500340	10027	1837	2601245	10027	1907	2700653	10027	1978	2800651	10027	2049	2901013	10027	2120	3001204	10027	2191	3101446	10027	2261	3201100	10027	2331	3300840	10027	2402	3401390	10027	2472	3500187	10027	
71	101279	10027	141	200436	10027	212	301151	10027	283	401326	10027	353	500523	10027	423	600130	10027	494	700624	10027	565	800835	10027	636	901407	10027	706	1000470	10027	777	1100714	10027	848	1201150	10027	918	1300223	10027	989	1400204	10027	1060	1500537	10027	1130	1600364	10027	1201	1700679	10027	1272	1801293	10027	1342	1900341	10027	1413	2000713	10027	1484	2101264	10027	1554	2201237	10027	1624	2300680	10027	1695	2400953	10027	1766	2501271	10027	1836	2600242	10027	1907	2700970	10027	1977	2800095	10027	2048	2900893	10027	2118	3000664	10027	2189	3101191	10027	2259	3200296	10027	2330	3300519	10027	2401	3401389	10027	2472	3501305	10027	
16	104626	50414	31	202690	50414	46	300605	50414	62	405529	50414	77	504015	50414	92	602385	50414	108	706760	50414	123	804517	50414	138	902667	50414	153	1000847	50414	169	1105101	50414	184	1203298	50414	199	1300999	50414	215	1405765	50414	230	1503696	50414	245	1601466	50414	261	1706271	50414	276	1804210	50414	291	1901919	50414	307	2006511	50414	322	2104302	50414	337	2201970	50414	353	2306220	50414	368	2404543	50414	383	2502591	50414	399	2606962	50414	414	2704897	50414	429	2802758	50414	444	2900898	50414	460	3005269	50414	475	3103157	50414	490	3201388	50414	506	3305781	50414	521	3403605	50414	536	3501255	50414	
16	104275	50414	31	202143	50414	47	306210	50414	62	404288	50414	77	502127	50414	93	606481	50414	108	704448	50414	123	802501	50414	138	900629	50414	154	1005089	50414	169	1103022	50414	184	1200548	50414	200	1304877	50414	215	1402522	50414	231	1506577	50414	246	1604433	50414	261	1702794	50414	276	1800573	50414	292	1905021	50414	307	2002853	50414	322	2100766	50414	338	2205118	50414	353	2303183	50414	368	2401374	50414	384	2505653	50414	399	2603467	50414	414	2701231	50414	430	2805859	50414	445	2904121	50414	460	3002054	50414	476	3106548	50414	491	3204689	50414	506	3302205	50414	522	3406509	50414	537	3504539	50414	
16	104515	50414	31	202501	50414	46	300596	50414	62	405273	50414	77	503242	50414	92	601037	50414	108	705692	50414	123	803534	50414	138	901805	50414	154	1006488	50414	169	1104190	50414	184	1202104	50414	200	1306763	50414	215	1405322	50414	230	1503336	50414	245	1601374	50414	261	1705956	50414	276	1803838	50414	291	1901830	50414	307	2006129	50414	322	2104103	50414	337	2202357	50414	352	2300506	50414	368	2404958	50414	383	2503257	50414	398	2601147	50414	414	2705406	50414	429	2802971	50414	444	2901107	50414	460	3005630	50414	475	3103616	50414	490	3201201	50414	506	3305427	50414	521	3403252	50414	536	3501539	50414	
16	104454	50414	31	202787	50414	46	300747	50414	62	405088	50414	77	502846	50414	92	600724	50414	108	705198	50414	123	802868	50414	138	901255	50414	154	1005765	50414	169	1103689	50414	184	1201890	50414	200	1306338	50414	215	1404326	50414	230	1502332	50414	246	1606936	50414	261	1704656	50414	276	1802257	50414	291	1900555	50414	307	2005269	50414	322	2103198	50414	337	2201120	50414	353	2305104	50414	368	2403313	50414	383	2501016	50414	399	2605503	50414	414	2703500	50414	429	2800975	50414	445	2905478	50414	460	3003150	50414	475	3101036	50414	491	3205488	50414	506	3303525	50414	521	3401430	50414	537	3505921	50414	
16	104446	50414	31	202054	50414	47	306323	50414	62	404224	50414	77	501671	50414	93	606191	50414	108	703677	50414	123	801333	50414	139	905706	50414	154	1003524	50414	169	1101299	50414	185	1205588	50414	200	1303181	50414	215	1400982	50414	231	1504988	50414	246	1602829	50414	261	1701249	50414	277	1805433	50414	292	1903298	50414	307	2001493	50414	323	2106045	50414	338	2203809	50414	353	2301493	50414	369	2406395	50414	384	2504560	50414	399	2602468	50414	415	2706844	50414	430	2804616	50414	445	2902602	50414	460	3000576	50414	476	3104990	50414	491	3203220	50414	506	3301129	50414	522	3405634	50414	537	3503798	50414	
