wersja nr 2;wspolczynnik mutacji 0.050000;wielkosc populacji 60
215	100344	1420	430	200424	1420	643	300309	1420	857	400063	1420	1072	500298	1420	1286	600386	1420	1501	700096	1420	1716	800135	1420	1931	900331	1420	2145	1000022	1420	2361	1100368	1420	2576	1200106	1420	2791	1300044	1420	3006	1400181	1420	3221	1500122	1420	3436	1600432	1420	3651	1700156	1420	3866	1800093	1420	4080	1900179	1420	4295	2000180	1420	4509	2100157	1420	4719	2200077	1420	4935	2300284	1420	5148	2400199	1420	5363	2500363	1420	5577	2600229	1420	5792	2700277	1420	6008	2800317	1420	6222	2900135	1420	6436	3000401	1420	6650	3100208	1420	6865	3200230	1420	7080	3300231	1420	7295	3400273	1420	7510	3500285	1420	
216	100253	1420	431	200427	1420	646	300471	1420	860	400231	1420	1073	500076	1420	1288	600309	1420	1500	700269	1420	1715	800439	1420	1930	900324	1420	2144	1000069	1420	2343	1100431	1420	2558	1200219	1420	2773	1300325	1420	2988	1400333	1420	3202	1500428	1420	3416	1600200	1420	3629	1700285	1420	3843	1800196	1420	4059	1900472	1420	4273	2000324	1420	4487	2100183	1420	4702	2200068	1420	4917	2300385	1420	5131	2400112	1420	5346	2500297	1420	5560	2600055	1420	5776	2700362	1420	5990	2800385	1420	6204	2900470	1420	6417	3000283	1420	6633	3100452	1420	6848	3200145	1420	7064	3300447	1420	7278	3400266	1420	7493	3500338	1420	
216	100401	1420	430	200241	1420	645	300370	1420	860	400332	1420	1075	500043	1420	1291	600375	1420	1506	700261	1420	1720	800127	1420	1936	900349	1420	2151	1000479	1420	2365	1100051	1420	2580	1200080	1420	2795	1300165	1420	3007	1400310	1420	3221	1500373	1420	3435	1600493	1420	3650	1700323	1420	3865	1800322	1420	4080	1900401	1420	4295	2000487	1420	4510	2100481	1420	4723	2200222	1420	4938	2300254	1420	5150	2400483	1420	5363	2500038	1420	5579	2600356	1420	5794	2700382	1420	6009	2800302	1420	6222	2900114	1420	6437	3000169	1420	6653	3100459	1420	6867	3200126	1420	7082	3300370	1420	7295	3400290	1420	7509	3500445	1420	
215	100457	1420	429	200481	1420	644	300373	1420	859	400430	1420	1074	500127	1420	1289	600425	1420	1503	700075	1420	1719	800318	1420	1935	900482	1420	2150	1000437	1420	2364	1100355	1420	2578	1200238	1420	2793	1300228	1420	3009	1400450	1420	3224	1500278	1420	3439	1600112	1420	3655	1700357	1420	3869	1800170	1420	4083	1900113	1420	4298	2000326	1420	4513	2100453	1420	4727	2200116	1420	4942	2300042	1420	5157	2400342	1420	5371	2500359	1420	5586	2600130	1420	5801	2700128	1420	6016	2800159	1420	6232	2900425	1420	6447	3000339	1420	6661	3100241	1420	6876	3200303	1420	7091	3300342	1420	7306	3400130	1420	7521	3500315	1420	
214	100043	1420	429	200183	1420	644	300147	1420	858	400366	1420	1071	500378	1420	1285	600176	1420	1500	700224	1420	1715	800456	1420	1930	900392	1420	2144	1000152	1420	2360	1100339	1420	2574	1200291	1420	2789	1300284	1420	3004	1400276	1420	3219	1500124	1420	3433	1600437	1420	3647	1700086	1420	3860	1800065	1420	4075	1900462	1420	4289	2000455	1420	4503	2100407	1420	4718	2200151	1420	4933	2300354	1420	5148	2400382	1420	5361	2500431	1420	5575	2600149	1420	5790	2700469	1420	6005	2800439	1420	6220	2900377	1420	6434	3000230	1420	6649	3100135	1420	6864	3200366	1420	7079	3300230	1420	7294	3400230	1420	7509	3500100	1420	
225	100383	1354	450	200052	1354	675	300063	1354	899	400343	1354	1124	500208	1354	1350	600384	1354	1574	700416	1354	1799	800465	1354	2024	900303	1354	2250	1000365	1354	2475	1100412	1354	2699	1200088	1354	2924	1300144	1354	3149	1400169	1354	3375	1500363	1354	3600	1600096	1354	3827	1700362	1354	4053	1800045	1354	4277	1900165	1354	4502	2000414	1354	4727	2100436	1354	4952	2200127	1354	5177	2300403	1354	5401	2400200	1354	5626	2500263	1354	5851	2600259	1354	6076	2700383	1354	6301	2800137	1354	6526	2900052	1354	6752	3000169	1354	6976	3100102	1354	7202	3200119	1354	7428	3300135	1354	7655	3400391	1354	7880	3500284	1354	
226	100312	1354	451	200194	1354	677	300384	1354	903	400309	1354	1128	500351	1354	1352	600363	1354	1577	700243	1354	1803	800390	1354	2029	900425	1354	2254	1000057	1354	2480	1100262	1354	2706	1200123	1354	2932	1300263	1354	3156	1400293	1354	3381	1500137	1354	3607	1600296	1354	3832	1700329	1354	4056	1800301	1354	4281	1900116	1354	4505	2000280	1354	4731	2100108	1354	4958	2200130	1354	5184	2300111	1354	5410	2400139	1354	5636	2500286	1354	5862	2600453	1354	6087	2700253	1354	6312	2800197	1354	6536	2900127	1354	6762	3000318	1354	6986	3100031	1354	7210	3200142	1354	7434	3300372	1354	7659	3400239	1354	7885	3500453	1354	
223	100373	1354	448	200316	1354	672	300081	1354	897	400026	1354	1123	500103	1354	1349	600327	1354	1575	700333	1354	1801	800411	1354	2026	900083	1354	2251	1000214	1354	2476	1100099	1354	2703	1200405	1354	2928	1300221	1354	3151	1400391	1354	3376	1500437	1354	3601	1600345	1354	3825	1700248	1354	4050	1800450	1354	4275	1900113	1354	4499	2000191	1354	4724	2100118	1354	4950	2200054	1354	5176	2300115	1354	5399	2400371	1354	5624	2500405	1354	5849	2600418	1354	6074	2700396	1354	6299	2800296	1354	6525	2900194	1354	6750	3000086	1354	6976	3100300	1354	7201	3200136	1354	7427	3300168	1354	7652	3400415	1354	7876	3500059	1354	
228	100425	1354	452	200266	1354	678	300230	1354	903	400126	1354	1129	500053	1354	1356	600410	1354	1581	700049	1354	1807	800221	1354	2033	900113	1354	2258	1000206	1354	2483	1100126	1354	2709	1200250	1354	2933	1300374	1354	3157	1400075	1354	3381	1500285	1354	3607	1600264	1354	3831	1700257	1354	4056	1800335	1354	4278	1900386	1354	4502	2000314	1354	4728	2100394	1354	4954	2200450	1354	5180	2300439	1354	5406	2400415	1354	5632	2500185	1354	5858	2600313	1354	6082	2700194	1354	6308	2800360	1354	6533	2900073	1354	6759	3000243	1354	6985	3100430	1354	7209	3200303	1354	7433	3300040	1354	7660	3400184	1354	7885	3500387	1354	
226	100204	1354	452	200432	1354	677	300439	1354	901	400140	1354	1127	500394	1354	1352	600404	1354	1578	700039	1354	1804	800080	1354	2030	900111	1354	2257	1000433	1354	2482	1100314	1354	2707	1200200	1354	2933	1300367	1354	3156	1400267	1354	3380	1500273	1354	3605	1600042	1354	3828	1700079	1354	4054	1800357	1354	4279	1900179	1354	4504	2000080	1354	4729	2100049	1354	4955	2200462	1354	5180	2300231	1354	5406	2400062	1354	5631	2500217	1354	5857	2600153	1354	6083	2700114	1354	6309	2800280	1354	6534	2900056	1354	6759	3000329	1354	6983	3100115	1354	7207	3200398	1354	7431	3300104	1354	7657	3400190	1354	7883	3500316	1354	
68	101442	5189	134	200916	5189	200	300167	5189	267	400319	5189	334	500914	5189	401	601589	5189	467	700823	5189	533	800506	5189	599	900310	5189	666	1000649	5189	732	1100285	5189	799	1200812	5189	866	1301414	5189	932	1400285	5189	999	1500418	5189	1065	1601278	5189	1130	1700111	5189	1197	1801308	5189	1263	1901005	5189	1329	2000341	5189	1396	2101253	5189	1462	2200127	5189	1529	2301135	5189	1595	2400581	5189	1662	2500939	5189	1729	2601545	5189	1795	2700474	5189	1862	2801068	5189	1929	2901214	5189	1995	3000349	5189	2062	3100630	5189	2129	3201338	5189	2196	3301144	5189	2263	3401375	5189	2329	3500322	5189	
67	100766	5189	134	201480	5189	200	300358	5189	268	401606	5189	334	501471	5189	400	600357	5189	467	701078	5189	534	801045	5189	601	901254	5189	667	1000157	5189	734	1100109	5189	801	1200437	5189	868	1301042	5189	935	1401451	5189	1001	1500350	5189	1068	1601450	5189	1134	1700344	5189	1201	1801111	5189	1267	1900224	5189	1334	2000311	5189	1401	2100579	5189	1468	2200919	5189	1535	2301136	5189	1601	2400541	5189	1668	2501420	5189	1734	2600752	5189	1801	2700215	5189	1868	2800591	5189	1935	2901400	5189	2001	3000346	5189	2067	3100369	5189	2134	3201542	5189	2200	3300340	5189	2267	3400717	5189	2334	3501095	5189	
68	101531	5189	134	200858	5189	200	300605	5189	267	401076	5189	333	500251	5189	400	600540	5189	467	701336	5189	534	801505	5189	600	900455	5189	666	1000693	5189	733	1100532	5189	800	1200418	5189	866	1300716	5189	933	1401568	5189	999	1500306	5189	1066	1600388	5189	1132	1700422	5189	1199	1801001	5189	1266	1901426	5189	1332	2000119	5189	1399	2101510	5189	1465	2200696	5189	1530	2300865	5189	1596	2400164	5189	1663	2500632	5189	1730	2600695	5189	1797	2701104	5189	1863	2800216	5189	1930	2901326	5189	1997	3001273	5189	2064	3101489	5189	2130	3200399	5189	2197	3301484	5189	2263	3401345	5189	2328	3500170	5189	
66	100104	5189	133	200729	5189	199	301171	5189	264	400779	5189	331	501399	5189	398	601419	5189	464	700706	5189	531	801186	5189	597	900361	5189	664	1001191	5189	730	1100271	5189	797	1200499	5189	864	1300847	5189	931	1401317	5189	996	1500309	5189	1063	1600415	5189	1130	1700928	5189	1196	1800280	5189	1263	1900644	5189	1330	2001232	5189	1397	2101181	5189	1463	2200560	5189	1530	2301532	5189	1596	2400806	5189	1663	2501349	5189	1729	2601427	5189	1795	2700487	5189	1862	2801053	5189	1928	2900430	5189	1995	3000589	5189	2061	3100121	5189	2128	3201334	5189	2194	3300921	5189	2261	3401555	5189	2327	3500627	5189	
66	100743	5189	132	201085	5189	198	301121	5189	264	400117	5189	331	500440	5189	398	600490	5189	465	701485	5189	531	801042	5189	598	901318	5189	664	1000518	5189	730	1100667	5189	796	1200173	5189	862	1300123	5189	929	1400310	5189	996	1500193	5189	1063	1600670	5189	1129	1700702	5189	1196	1800935	5189	1262	1900170	5189	1329	2001321	5189	1395	2100993	5189	1461	2201055	5189	1527	2301181	5189	1593	2400861	5189	1660	2501128	5189	1727	2601382	5189	1793	2700838	5189	1860	2801217	5189	1926	2900295	5189	1993	3001274	5189	2059	3100561	5189	2126	3201332	5189	2192	3300393	5189	2259	3401422	5189	2325	3500476	5189	
68	100480	5037	135	201114	5037	203	301217	5037	271	401433	5037	339	500930	5037	407	601286	5037	474	700432	5037	542	801241	5037	610	901225	5037	678	1001511	5037	746	1101281	5037	814	1201290	5037	881	1300276	5037	949	1400363	5037	1017	1500262	5037	1086	1601563	5037	1153	1700582	5037	1221	1800909	5037	1289	1901417	5037	1356	2000725	5037	1424	2100929	5037	1492	2200839	5037	1560	2301279	5037	1628	2401078	5037	1696	2500939	5037	1764	2601453	5037	1831	2700221	5037	1900	2801534	5037	1967	2900628	5037	2035	3001192	5037	2103	3101323	5037	2170	3200693	5037	2237	3300373	5037	2305	3401047	5037	2372	3500125	5037	
68	100453	5037	136	201375	5037	204	301172	5037	271	400458	5037	339	500629	5037	407	601362	5037	474	701457	5037	541	801072	5037	609	900730	5037	677	1001298	5037	744	1100676	5037	812	1201373	5037	879	1300854	5037	947	1401013	5037	1014	1500327	5037	1082	1600995	5037	1150	1701182	5037	1218	1801054	5037	1286	1901522	5037	1353	2001328	5037	1420	2100096	5037	1489	2201196	5037	1557	2300953	5037	1625	2401399	5037	1692	2500615	5037	1760	2601460	5037	1826	2700473	5037	1894	2800625	5037	1962	2900864	5037	2030	3000922	5037	2098	3101055	5037	2165	3200172	5037	2233	3300685	5037	2302	3401515	5037	2370	3501303	5037	
69	101260	5037	136	200613	5037	203	300621	5037	271	401426	5037	339	500707	5037	407	601353	5037	474	700702	5037	542	800606	5037	610	900806	5037	677	1000156	5037	745	1100530	5037	813	1201484	5037	880	1301041	5037	947	1401424	5037	1015	1501068	5037	1083	1601437	5037	1150	1700709	5037	1218	1801437	5037	1285	1900829	5037	1353	2001309	5037	1420	2100180	5037	1487	2200161	5037	1555	2300536	5037	1623	2400713	5037	1691	2500352	5037	1759	2600173	5037	1827	2700552	5037	1895	2800610	5037	1962	2900855	5037	2029	3000373	5037	2097	3100396	5037	2165	3200775	5037	2233	3301475	5037	2300	3400415	5037	2368	3500544	5037	
68	100352	5037	136	200668	5037	204	300265	5037	272	401371	5037	339	500260	5037	407	600399	5037	475	700869	5037	543	801518	5037	610	900492	5037	678	1000849	5037	746	1100787	5037	813	1200319	5037	882	1301351	5037	950	1401280	5037	1018	1500667	5037	1086	1600909	5037	1153	1700358	5037	1221	1801393	5037	1288	1901156	5037	1355	2000259	5037	1423	2100150	5037	1491	2200384	5037	1559	2300624	5037	1627	2400326	5037	1695	2501113	5037	1763	2601011	5037	1830	2700593	5037	1898	2800698	5037	1966	2900536	5037	2033	3000663	5037	2101	3100853	5037	2169	3200261	5037	2238	3301383	5037	2305	3401472	5037	2372	3500109	5037	
68	101330	5037	136	201159	5037	203	300305	5037	271	400803	5037	338	500204	5037	406	600904	5037	473	700177	5037	541	800263	5037	609	900419	5037	677	1000636	5037	745	1100720	5037	813	1201090	5037	881	1300917	5037	948	1400281	5037	1016	1500889	5037	1084	1601316	5037	1152	1701078	5037	1220	1800890	5037	1288	1900731	5037	1356	2000789	5037	1424	2100934	5037	1491	2200795	5037	1559	2300972	5037	1627	2401372	5037	1694	2500401	5037	1762	2601032	5037	1829	2700547	5037	1896	2800343	5037	1964	2900645	5037	2031	3001419	5037	2099	3101518	5037	2166	3200395	5037	2234	3300677	5037	2302	3401225	5037	2369	3500421	5037	
15	106604	25272	29	206016	25272	43	305467	25272	57	405078	25272	71	504471	25272	85	603640	25272	99	703140	25272	113	802347	25272	127	902225	25272	141	1002065	25272	155	1101588	25272	169	1200988	25272	183	1300501	25272	198	1407262	25272	212	1506758	25272	226	1606073	25272	240	1705527	25272	254	1805032	25272	268	1904703	25272	282	2004315	25272	296	2104084	25272	310	2203663	25272	324	2303164	25272	338	2403011	25272	352	2502671	25272	366	2602177	25272	380	2701334	25272	394	2801466	25272	408	2901217	25272	422	3000987	25272	437	3107419	25272	451	3206884	25272	465	3306274	25272	479	3405754	25272	493	3505527	25272	
15	106512	25272	29	206277	25272	43	305631	25272	57	404851	25272	71	504165	25272	85	603471	25272	99	703709	25272	113	803206	25272	127	902773	25272	141	1002350	25272	155	1102051	25272	169	1202050	25272	183	1301816	25272	197	1401300	25272	211	1501158	25272	225	1600736	25272	240	1707557	25272	254	1807211	25272	268	1906877	25272	282	2006534	25272	296	2106087	25272	310	2205490	25272	324	2305311	25272	338	2404693	25272	352	2504397	25272	366	2604689	25272	380	2704926	25272	394	2804361	25272	408	2904025	25272	422	3003483	25272	436	3103201	25272	450	3202659	25272	464	3302568	25272	478	3401952	25272	492	3501986	25272	
15	106787	25272	29	206736	25272	43	306342	25272	57	405776	25272	71	505791	25272	85	605611	25272	99	705398	25272	113	804603	25272	127	904501	25272	141	1003960	25272	155	1105168	25272	169	1204930	25272	183	1304340	25272	197	1404100	25272	211	1503945	25272	225	1603818	25272	239	1703092	25272	253	1802240	25272	267	1901643	25272	281	2001496	25272	295	2102982	25272	309	2202747	25272	323	2302495	25272	337	2401862	25272	351	2501486	25272	365	2600818	25272	380	2707499	25272	394	2806960	25272	408	2906940	25272	422	3006395	25272	436	3106547	25272	450	3206598	25272	464	3305935	25272	478	3405454	25272	492	3504825	25272	
15	107481	25272	29	206953	25272	43	306775	25272	57	406960	25272	71	506714	25272	85	606461	25272	99	705646	25272	113	805118	25272	127	904591	25272	141	1003934	25272	155	1103313	25272	169	1202836	25272	183	1302421	25272	197	1401986	25272	211	1501830	25272	225	1601792	25272	239	1701645	25272	253	1801149	25272	267	1900603	25272	282	2007325	25272	296	2106851	25272	310	2206618	25272	324	2306511	25272	338	2405969	25272	352	2505342	25272	366	2604824	25272	380	2704541	25272	394	2804457	25272	408	2903904	25272	422	3003065	25272	436	3103151	25272	450	3203262	25272	464	3302868	25272	478	3402115	25272	492	3501903	25272	
15	107420	25272	28	200546	25272	43	307290	25272	57	406932	25272	71	506099	25272	85	605691	25272	99	705708	25272	113	805748	25272	127	906153	25272	141	1005981	25272	155	1105634	25272	169	1205954	25272	183	1305812	25272	197	1405873	25272	211	1506164	25272	225	1605706	25272	239	1705569	25272	253	1805123	25272	267	1905025	25272	281	2004725	25272	295	2104820	25272	309	2204068	25272	323	2303936	25272	337	2403602	25272	351	2502673	25272	365	2602203	25272	379	2701729	25272	393	2801794	25272	407	2901444	25272	421	3001316	25272	435	3101218	25272	449	3200747	25272	464	3307392	25272	478	3407509	25272	492	3507189	25272	
15	105303	25176	29	203391	25176	43	301803	25176	58	406978	25176	72	505003	25176	86	603359	25176	100	701351	25176	115	806495	25176	129	904409	25176	143	1002520	25176	157	1100638	25176	172	1205879	25176	186	1303826	25176	200	1401665	25176	215	1506799	25176	229	1605111	25176	243	1703124	25176	257	1801481	25176	272	1906470	25176	286	2004796	25176	300	2103198	25176	314	2201769	25176	329	2306991	25176	343	2405173	25176	357	2503044	25176	371	2600753	25176	386	2706342	25176	400	2804370	25176	414	2902079	25176	429	3007146	25176	443	3105519	25176	457	3203919	25176	471	3301693	25176	486	3406548	25176	500	3504567	25176	
15	105303	25176	29	204183	25176	43	302622	25176	57	400989	25176	72	505869	25176	86	603818	25176	100	702092	25176	114	800761	25176	129	905538	25176	143	1003427	25176	157	1101570	25176	172	1207086	25176	186	1305275	25176	200	1403553	25176	214	1501618	25176	229	1606359	25176	243	1704460	25176	257	1802627	25176	272	1907334	25176	286	2005321	25176	300	2103939	25176	314	2202029	25176	329	2306995	25176	343	2405369	25176	357	2503242	25176	371	2601617	25176	386	2706909	25176	400	2804627	25176	414	2903069	25176	428	3000958	25176	443	3105978	25176	457	3204037	25176	471	3302130	25176	486	3407148	25176	500	3505601	25176	
15	105103	25176	29	203348	25176	43	301438	25176	58	406058	25176	72	504346	25176	86	604800	25176	100	703379	25176	114	801801	25176	129	906694	25176	143	1004683	25176	157	1102678	25176	171	1201159	25176	186	1306617	25176	200	1404904	25176	214	1503252	25176	228	1602319	25176	242	1700846	25176	257	1805663	25176	271	1903736	25176	285	2002376	25176	299	2100983	25176	314	2206203	25176	328	2304216	25176	342	2402352	25176	357	2507401	25176	371	2606233	25176	385	2704978	25176	399	2803359	25176	413	2901581	25176	428	3006647	25176	442	3104536	25176	456	3203093	25176	470	3301224	25176	485	3406768	25176	499	3505055	25176	
15	105293	25176	29	203316	25176	43	301865	25176	58	407107	25176	72	505034	25176	86	603054	25176	100	701388	25176	115	806453	25176	129	904518	25176	143	1002686	25176	157	1100935	25176	172	1206018	25176	186	1304213	25176	200	1402206	25176	215	1507283	25176	229	1605306	25176	243	1703527	25176	257	1801797	25176	272	1907026	25176	286	2005162	25176	300	2103581	25176	314	2201658	25176	329	2306671	25176	343	2404707	25176	357	2502733	25176	371	2600964	25176	386	2706073	25176	400	2803991	25176	414	2902144	25176	429	3007455	25176	443	3106726	25176	457	3205231	25176	471	3303374	25176	485	3401325	25176	500	3506944	25176	
15	105269	25176	29	203732	25176	43	301839	25176	58	406926	25176	72	504717	25176	86	602730	25176	100	701033	25176	115	806464	25176	129	905089	25176	143	1003601	25176	157	1101719	25176	171	1200607	25176	186	1305862	25176	200	1404244	25176	214	1502245	25176	229	1607181	25176	243	1705713	25176	257	1804255	25176	271	1902441	25176	286	2007411	25176	300	2105524	25176	314	2203648	25176	328	2301658	25176	343	2406817	25176	357	2504902	25176	371	2602704	25176	385	2700738	25176	400	2805725	25176	414	2904218	25176	428	3002117	25176	443	3107121	25176	457	3205343	25176	471	3303836	25176	485	3401476	25176	500	3506600	25176	
259	100019	87	518	200281	87	778	300235	87	1037	400118	87	1297	500141	87	1558	600084	87	1818	700248	87	2079	800385	87	2338	900151	87	2599	1000336	87	2858	1100144	87	3118	1200071	87	3378	1300334	87	3638	1400159	87	3899	1500126	87	4159	1600046	87	4419	1700326	87	4679	1800130	87	4938	1900338	87	5197	2000401	87	5456	2100126	87	5715	2200308	87	5975	2300203	87	6236	2400017	87	6497	2500094	87	6758	2600263	87	7019	2700194	87	7280	2800108	87	7541	2900232	87	7801	3000193	87	8061	3100236	87	8320	3200299	87	8580	3300359	87	8840	3400050	87	9101	3500378	87	
261	100185	87	522	200199	87	781	300172	87	1042	400367	87	1301	500274	87	1560	600295	87	1820	700388	87	2078	800055	87	2337	900206	87	2597	1000152	87	2854	1100361	87	3112	1200202	87	3373	1300328	87	3634	1400168	87	3895	1500380	87	4154	1600129	87	4415	1700357	87	4674	1800088	87	4935	1900313	87	5196	2000249	87	5456	2100164	87	5717	2200222	87	5978	2300295	87	6237	2400244	87	6496	2500266	87	6756	2600087	87	7016	2700131	87	7277	2800260	87	7537	2900065	87	7796	3000027	87	8057	3100073	87	8318	3200055	87	8579	3300296	87	8838	3400305	87	9098	3500084	87	
257	100217	87	517	200188	87	777	300221	87	1037	400252	87	1296	500106	87	1557	600396	87	1817	700213	87	2074	800043	87	2332	900083	87	2592	1000284	87	2848	1100099	87	3109	1200265	87	3370	1300367	87	3630	1400193	87	3889	1500282	87	4147	1600061	87	4408	1700110	87	4670	1800331	87	4931	1900259	87	5192	2000364	87	5451	2100073	87	5711	2200268	87	5971	2300203	87	6231	2400094	87	6492	2500198	87	6753	2600291	87	7012	2700029	87	7272	2800140	87	7531	2900361	87	7792	3000283	87	8053	3100348	87	8314	3200341	87	8573	3300293	87	8833	3400325	87	9092	3500119	87	
261	100127	87	522	200235	87	781	300271	87	1039	400150	87	1299	500242	87	1560	600254	87	1821	700329	87	2081	800274	87	2342	900096	87	2602	1000277	87	2862	1100235	87	3121	1200205	87	3381	1300058	87	3643	1400363	87	3903	1500242	87	4163	1600301	87	4423	1700253	87	4683	1800242	87	4944	1900145	87	5205	2000105	87	5466	2100364	87	5723	2200020	87	5984	2300218	87	6245	2400359	87	6505	2500352	87	6765	2600330	87	7024	2700264	87	7284	2800030	87	7545	2900210	87	7806	3000178	87	8067	3100387	87	8327	3200079	87	8588	3300305	87	8846	3400042	87	9107	3500155	87	
261	100240	87	520	200238	87	780	300315	87	1039	400115	87	1298	500055	87	1559	600306	87	1820	700344	87	2079	800127	87	2339	900167	87	2598	1000016	87	2859	1100240	87	3118	1200209	87	3378	1300340	87	3637	1400192	87	3896	1500173	87	4156	1600086	87	4416	1700232	87	4675	1800019	87	4936	1900329	87	5195	2000379	87	5455	2100339	87	5715	2200314	87	5976	2300369	87	6237	2400281	87	6498	2500322	87	6759	2600283	87	7020	2700395	87	7281	2800053	87	7540	2900023	87	7801	3000266	87	8060	3100069	87	8320	3200024	87	8580	3300329	87	8840	3400237	87	9100	3500229	87	
293	100338	92	585	200018	92	878	300269	92	1168	400033	92	1460	500064	92	1751	600291	92	2039	700221	92	2332	800125	92	2626	900147	92	2918	1000289	92	3208	1100042	92	3501	1200195	92	3794	1300273	92	4087	1400260	92	4380	1500133	92	4673	1600127	92	4966	1700262	92	5258	1800129	92	5550	1900170	92	5841	2000180	92	6134	2100307	92	6426	2200342	92	6716	2300052	92	7009	2400291	92	7301	2500282	92	7594	2600112	92	7888	2700342	92	8180	2800014	92	8471	2900093	92	8762	3000131	92	9053	3100338	92	9345	3200254	92	9637	3300325	92	9930	3400136	92	10222	3500076	92	
294	100350	92	583	200204	92	875	300308	92	1167	400153	92	1455	500220	92	1747	600171	92	2040	700115	92	2334	800335	92	2627	900329	92	2920	1000312	92	3214	1100335	92	3505	1200303	92	3795	1300097	92	4087	1400069	92	4377	1500146	92	4668	1600173	92	4958	1700093	92	5250	1800264	92	5540	1900238	92	5830	2000053	92	6122	2100282	92	6413	2200170	92	6704	2300054	92	6995	2400261	92	7287	2500236	92	7578	2600219	92	7870	2700243	92	8159	2800204	92	8449	2900259	92	8742	3000251	92	9036	3100232	92	9327	3200027	92	9620	3300139	92	9913	3400159	92	10205	3500334	92	
291	100352	92	582	200060	92	876	300343	92	1169	400336	92	1460	500130	92	1754	600327	92	2047	700267	92	2340	800076	92	2631	900180	92	2918	1000195	92	3207	1100140	92	3500	1200346	92	3793	1300266	92	4084	1400189	92	4376	1500202	92	4668	1600016	92	4960	1700231	92	5254	1800290	92	5545	1900095	92	5836	2000048	92	6127	2100084	92	6418	2200271	92	6710	2300186	92	6998	2400056	92	7292	2500193	92	7583	2600090	92	7874	2700192	92	8163	2800083	92	8455	2900268	92	8748	3000116	92	9040	3100152	92	9332	3200119	92	9625	3300272	92	9918	3400185	92	10210	3500060	92	
291	100101	92	582	200019	92	874	300024	92	1168	400314	92	1459	500301	92	1750	600325	92	2042	700281	92	2335	800333	92	2627	900197	92	2919	1000034	92	3213	1100269	92	3506	1200036	92	3798	1300175	92	4092	1400330	92	4385	1500181	92	4678	1600139	92	4969	1700079	92	5263	1800284	92	5555	1900163	92	5847	2000341	92	6139	2100152	92	6431	2200148	92	6724	2300215	92	7015	2400105	92	7307	2500155	92	7597	2600146	92	7889	2700202	92	8181	2800072	92	8472	2900070	92	8763	3000276	92	9054	3100177	92	9347	3200206	92	9640	3300212	92	9932	3400211	92	10223	3500087	92	
293	100249	92	585	200214	92	875	300118	92	1162	400033	92	1455	500182	92	1747	600142	92	2039	700098	92	2331	800111	92	2625	900279	92	2917	1000251	92	3208	1100027	92	3500	1200024	92	3792	1300095	92	4084	1400297	92	4372	1500318	92	4658	1600068	92	4949	1700271	92	5238	1800190	92	5530	1900093	92	5824	2000218	92	6115	2100090	92	6407	2200155	92	6700	2300318	92	6992	2400232	92	7283	2500088	92	7577	2600320	92	7869	2700088	92	8162	2800071	92	8454	2900117	92	8747	3000071	92	9038	3100050	92	9330	3200182	92	9622	3300225	92	9915	3400166	92	10207	3500019	92	
73	101240	355	144	200115	355	217	301429	355	289	400478	355	362	500443	355	435	601068	355	507	700454	355	580	800872	355	653	901051	355	725	1000310	355	797	1100226	355	870	1200658	355	942	1300379	355	1015	1401456	355	1087	1500445	355	1159	1600444	355	1232	1701018	355	1304	1800740	355	1376	1900412	355	1449	2001453	355	1521	2100931	355	1593	2200527	355	1665	2300326	355	1738	2401205	355	1810	2500413	355	1883	2600480	355	1956	2700913	355	2028	2800887	355	2100	2901119	355	2172	3000253	355	2245	3100904	355	2317	3200834	355	2389	3300646	355	2461	3400639	355	2533	3500257	355	
72	100477	355	144	200686	355	215	300106	355	287	400821	355	359	500538	355	432	601312	355	504	700676	355	576	800595	355	649	900903	355	721	1000428	355	793	1100939	355	865	1201002	355	938	1300925	355	1011	1401074	355	1084	1501217	355	1156	1600296	355	1228	1700578	355	1300	1800079	355	1374	1901418	355	1445	2000176	355	1518	2101267	355	1590	2201011	355	1662	2300568	355	1735	2401121	355	1807	2500197	355	1880	2600526	355	1953	2701267	355	2024	2801173	355	2096	2901189	355	2166	3000312	355	2239	3100467	355	2312	3201062	355	2384	3300408	355	2456	3400955	355	2528	3501300	355	
73	100690	355	146	200921	355	218	300368	355	291	400810	355	363	500155	355	436	600981	355	509	701442	355	581	801128	355	653	900868	355	724	1000566	355	797	1101282	355	870	1201340	355	942	1300667	355	1014	1400293	355	1087	1500701	355	1160	1601190	355	1232	1700210	355	1305	1800714	355	1378	1900986	355	1450	2000244	355	1523	2100602	355	1596	2201215	355	1668	2300289	355	1740	2400634	355	1813	2500826	355	1886	2601396	355	1958	2700615	355	2031	2801451	355	2102	2900080	355	2175	3000354	355	2247	3100157	355	2320	3200098	355	2393	3300613	355	2466	3400974	355	2538	3500181	355	
73	100568	355	146	201078	355	218	300309	355	291	401067	355	363	500635	355	436	600846	355	509	700898	355	582	801499	355	654	900868	355	726	1000493	355	798	1100452	355	870	1200227	355	943	1301070	355	1015	1400394	355	1087	1500169	355	1159	1600440	355	1231	1700257	355	1304	1800959	355	1376	1900718	355	1447	2000549	355	1520	2101314	355	1592	2200731	355	1664	2300360	355	1736	2400167	355	1809	2501339	355	1881	2601157	355	1953	2700892	355	2026	2800567	355	2099	2900518	355	2172	3001069	355	2244	3100126	355	2317	3200447	355	2390	3301440	355	2461	3400828	355	2533	3500796	355	
72	100644	355	145	201229	355	217	300526	355	289	400243	355	360	500282	355	431	600371	355	504	700797	355	576	800889	355	648	900245	355	721	1001203	355	793	1100572	355	865	1200758	355	937	1300173	355	1009	1400177	355	1081	1500241	355	1153	1600781	355	1225	1700872	355	1296	1800948	355	1368	1901133	355	1439	2000128	355	1512	2100620	355	1584	2200329	355	1657	2301150	355	1729	2400346	355	1801	2500629	355	1873	2600205	355	1946	2700908	355	2019	2801059	355	2090	2900118	355	2163	3001206	355	2235	3100536	355	2307	3200769	355	2379	3300544	355	2451	3400472	355	2523	3500107	355	
80	101266	365	159	201277	365	237	300157	365	316	400178	365	396	501048	365	474	600473	365	554	701339	365	632	801365	365	709	900275	365	788	1000733	365	867	1101144	365	946	1200640	365	1025	1300963	365	1104	1400827	365	1183	1500816	365	1262	1600468	365	1341	1700472	365	1420	1800414	365	1500	1901062	365	1579	2000578	365	1658	2100497	365	1737	2200447	365	1815	2300634	365	1894	2401063	365	1972	2500188	365	2051	2600086	365	2131	2700993	365	2210	2801051	365	2289	2900734	365	2368	3001250	365	2447	3101076	365	2525	3200943	365	2603	3300691	365	2682	3400367	365	2762	3501055	365	
80	101056	365	159	201222	365	237	300540	365	316	400744	365	395	500849	365	474	601128	365	553	700740	365	632	800395	365	711	900446	365	790	1000786	365	869	1101219	365	948	1201260	365	1026	1300630	365	1105	1401031	365	1183	1500311	365	1262	1600967	365	1339	1701351	365	1417	1800897	365	1495	1900120	365	1575	2000763	365	1654	2100383	365	1733	2200669	365	1812	2300697	365	1891	2400431	365	1970	2500239	365	2049	2600582	365	2127	2700104	365	2206	2800310	365	2285	2900643	365	2364	3001043	365	2443	3100652	365	2522	3200279	365	2601	3300223	365	2679	3400071	365	2758	3500409	365	
79	100096	365	158	200748	365	237	301261	365	314	400870	365	393	501147	365	471	600231	365	550	700398	365	630	801279	365	707	900100	365	786	1000187	365	865	1100528	365	943	1200219	365	1022	1300565	365	1101	1400872	365	1180	1500995	365	1259	1600822	365	1338	1701284	365	1415	1801337	365	1493	1900551	365	1572	2000417	365	1651	2100587	365	1730	2201031	365	1809	2300781	365	1888	2401094	365	1967	2500703	365	2046	2601223	365	2124	2700835	365	2203	2801077	365	2282	2901154	365	2360	3000537	365	2438	3100088	365	2518	3201343	365	2596	3300298	365	2675	3400630	365	2754	3500529	365	
80	101222	365	159	201307	365	237	301130	365	316	400974	365	393	500098	365	472	600754	365	551	700566	365	629	801148	365	707	900099	365	787	1001181	365	865	1100176	365	943	1200091	365	1021	1300819	365	1099	1400957	365	1178	1500894	365	1257	1600681	365	1336	1700906	365	1415	1800761	365	1493	1900104	365	1571	2000121	365	1650	2100369	365	1729	2200392	365	1808	2300357	365	1887	2400682	365	1966	2501136	365	2045	2601306	365	2123	2700632	365	2202	2800479	365	2280	2900788	365	2359	3001128	365	2438	3101207	365	2516	3200590	365	2595	3301123	365	2673	3400602	365	2752	3500450	365	
79	100878	365	157	200829	365	235	300505	365	314	400742	365	393	501038	365	472	600860	365	550	700288	365	629	800874	365	708	900782	365	787	1000812	365	866	1101066	365	944	1200113	365	1023	1301084	365	1101	1400252	365	1180	1500503	365	1259	1600610	365	1338	1700147	365	1417	1800612	365	1496	1900267	365	1575	2000266	365	1654	2100296	365	1733	2200353	365	1812	2300404	365	1891	2400784	365	1969	2500389	365	2048	2601143	365	2126	2700329	365	2205	2800365	365	2284	2900479	365	2363	3000532	365	2442	3100905	365	2520	3200084	365	2599	3300450	365	2678	3400289	365	2758	3501300	365	
17	102331	1803	34	204755	1803	50	300841	1803	67	403149	1803	84	505591	1803	100	602042	1803	117	704348	1803	133	800952	1803	150	903500	1803	167	1005813	1803	183	1102218	1803	200	1204549	1803	216	1301005	1803	233	1403171	1803	250	1505401	1803	266	1601917	1803	283	1704583	1803	299	1800703	1803	316	1903255	1803	333	2005679	1803	349	2101941	1803	366	2204626	1803	382	2300998	1803	399	2403436	1803	416	2505998	1803	432	2602275	1803	449	2704868	1803	465	2801503	1803	482	2903870	1803	499	3006190	1803	515	3102565	1803	532	3204446	1803	548	3300696	1803	565	3403257	1803	582	3505706	1803	
17	103016	1803	34	205238	1803	50	301425	1803	67	403641	1803	84	505989	1803	100	602325	1803	117	704707	1803	133	801083	1803	150	903218	1803	167	1005615	1803	183	1101981	1803	200	1204354	1803	216	1301343	1803	233	1403544	1803	250	1506080	1803	266	1602424	1803	283	1704725	1803	299	1801552	1803	316	1903885	1803	332	2000546	1803	349	2103058	1803	366	2205451	1803	382	2301603	1803	399	2403879	1803	416	2506147	1803	432	2602785	1803	449	2705041	1803	465	2801257	1803	482	2903822	1803	499	3006024	1803	515	3102843	1803	532	3205204	1803	548	3302733	1803	565	3404793	1803	581	3501294	1803	
17	102497	1803	34	204801	1803	50	300760	1803	67	402813	1803	84	504845	1803	100	601411	1803	117	703886	1803	133	801629	1803	150	903840	1803	167	1006154	1803	183	1102116	1803	200	1204248	1803	216	1300559	1803	233	1402934	1803	250	1505463	1803	266	1601956	1803	283	1704409	1803	299	1801026	1803	316	1903394	1803	333	2005544	1803	349	2101404	1803	366	2203553	1803	383	2305900	1803	399	2401896	1803	416	2504257	1803	432	2600757	1803	449	2703012	1803	466	2805250	1803	482	2901488	1803	499	3004027	1803	516	3106017	1803	532	3202486	1803	549	3305126	1803	565	3401413	1803	582	3503762	1803	
17	102163	1803	34	204251	1803	50	300482	1803	67	402409	1803	84	504626	1803	100	600720	1803	117	702964	1803	134	805116	1803	150	901291	1803	167	1003448	1803	184	1105997	1803	200	1202279	1803	217	1304568	1803	233	1400802	1803	250	1503046	1803	267	1605381	1803	283	1701757	1803	300	1803850	1803	317	1905992	1803	333	2002580	1803	350	2104614	1803	366	2201044	1803	383	2303587	1803	400	2406085	1803	416	2502688	1803	433	2605088	1803	449	2701068	1803	466	2802944	1803	483	2905273	1803	499	3001067	1803	516	3103747	1803	533	3206088	1803	549	3302510	1803	566	3404413	1803	582	3500716	1803	
17	102633	1803	34	205603	1803	50	301728	1803	67	403995	1803	84	506334	1803	100	602612	1803	117	704989	1803	133	801452	1803	150	904027	1803	166	1000588	1803	183	1102560	1803	200	1204603	1803	216	1300808	1803	233	1402918	1803	250	1505332	1803	266	1602010	1803	283	1704067	1803	299	1800547	1803	316	1902892	1803	333	2005342	1803	349	2101403	1803	366	2203991	1803	382	2300404	1803	399	2402533	1803	416	2504618	1803	432	2600567	1803	449	2702896	1803	466	2805401	1803	482	2901656	1803	499	3003888	1803	516	3106001	1803	532	3202145	1803	549	3304693	1803	565	3400950	1803	582	3503376	1803	
19	104972	1754	37	204583	1754	55	304033	1754	73	403922	1754	91	503602	1754	109	602747	1754	127	702506	1754	145	801769	1754	163	901053	1754	181	1000385	1754	200	1104853	1754	218	1204719	1754	236	1304071	1754	254	1403320	1754	272	1502753	1754	290	1602272	1754	308	1701436	1754	326	1801014	1754	344	1900520	1754	363	2005384	1754	381	2104599	1754	399	2204233	1754	417	2303904	1754	435	2403622	1754	453	2503434	1754	471	2602903	1754	489	2702541	1754	507	2802078	1754	525	2901745	1754	543	3001235	1754	561	3100973	1754	579	3200555	1754	598	3305693	1754	616	3405074	1754	634	3504548	1754	
19	104875	1754	37	204431	1754	55	303675	1754	73	403013	1754	91	502550	1754	109	601577	1754	127	701234	1754	145	800767	1754	164	905758	1754	182	1005130	1754	200	1104534	1754	218	1203455	1754	236	1302771	1754	254	1402140	1754	272	1501531	1754	290	1600937	1754	308	1700723	1754	327	1805439	1754	345	1904796	1754	363	2004249	1754	381	2103519	1754	399	2203132	1754	417	2302173	1754	435	2401873	1754	453	2501075	1754	471	2600591	1754	490	2705134	1754	508	2805102	1754	525	2900731	1754	544	3005817	1754	562	3105175	1754	580	3204268	1754	598	3303806	1754	616	3402918	1754	634	3502766	1754	
19	104901	1754	37	204278	1754	55	304040	1754	73	405000	1754	91	504140	1754	109	603647	1754	127	702830	1754	145	802235	1754	163	901371	1754	181	1001031	1754	200	1105450	1754	218	1204886	1754	236	1304217	1754	254	1404123	1754	272	1503584	1754	290	1602704	1754	308	1702153	1754	326	1801433	1754	344	1901224	1754	362	2000776	1754	381	2105481	1754	399	2205219	1754	417	2304451	1754	435	2404156	1754	453	2503448	1754	471	2602831	1754	489	2702157	1754	507	2801458	1754	525	2901217	1754	543	3000522	1754	562	3105683	1754	580	3205320	1754	598	3304847	1754	616	3404434	1754	634	3504188	1754	
19	104792	1754	37	203938	1754	55	303332	1754	73	402768	1754	91	501814	1754	109	600972	1754	127	700634	1754	146	805477	1754	164	905081	1754	182	1004618	1754	200	1103642	1754	218	1202928	1754	236	1302163	1754	254	1401303	1754	272	1501058	1754	290	1600438	1754	309	1705374	1754	327	1804596	1754	345	1904874	1754	363	2004339	1754	381	2103529	1754	399	2202800	1754	417	2302109	1754	435	2401627	1754	453	2500863	1754	472	2605751	1754	490	2705279	1754	508	2804550	1754	526	2903928	1754	544	3003484	1754	562	3102882	1754	580	3203364	1754	598	3302697	1754	616	3402086	1754	634	3501329	1754	
19	104698	1754	37	204243	1754	55	303296	1754	73	402319	1754	91	501791	1754	109	601316	1754	127	700608	1754	146	805361	1754	164	904787	1754	182	1004026	1754	200	1103097	1754	218	1202569	1754	236	1301915	1754	254	1401110	1754	272	1500376	1754	291	1605085	1754	309	1704644	1754	327	1804112	1754	345	1903558	1754	363	2003327	1754	381	2102549	1754	399	2201906	1754	417	2301339	1754	435	2400982	1754	453	2500383	1754	472	2605099	1754	490	2704368	1754	508	2803803	1754	526	2903034	1754	544	3002356	1754	562	3101957	1754	580	3201623	1754	598	3300887	1754	616	3400391	1754	635	3505330	1754	
228	100070	2611	457	200166	2611	684	300436	2611	912	400323	2611	1140	500348	2611	1368	600139	2611	1597	700252	2611	1825	800313	2611	2052	900027	2611	2281	1000365	2611	2508	1100116	2611	2736	1200205	2611	2965	1300347	2611	3191	1400251	2611	3417	1500251	2611	3644	1600047	2611	3873	1700091	2611	4102	1800127	2611	4331	1900280	2611	4560	2000358	2611	4787	2100239	2611	5015	2200034	2611	5244	2300324	2611	5472	2400027	2611	5701	2500270	2611	5930	2600246	2611	6158	2700163	2611	6384	2800063	2611	6613	2900200	2611	6842	3000308	2611	7070	3100454	2611	7298	3200167	2611	7527	3300351	2611	7754	3400182	2611	7980	3500142	2611	
227	100124	2611	455	200070	2611	684	300196	2611	913	400300	2611	1140	500335	2611	1368	600224	2611	1596	700097	2611	1824	800348	2611	2053	900425	2611	2280	1000241	2611	2509	1100401	2611	2737	1200107	2611	2965	1300077	2611	3194	1400071	2611	3423	1500423	2611	3650	1600103	2611	3880	1700457	2611	4107	1800141	2611	4333	1900036	2611	4560	2000082	2611	4789	2100425	2611	5018	2200380	2611	5246	2300305	2611	5473	2400389	2611	5697	2500241	2611	5925	2600212	2611	6152	2700186	2611	6380	2800070	2611	6609	2900312	2611	6838	3000229	2611	7067	3100211	2611	7293	3200065	2611	7521	3300170	2611	7750	3400367	2611	7974	3500198	2611	
228	100037	2611	457	200369	2611	685	300398	2611	914	400292	2611	1141	500264	2611	1370	600401	2611	1597	700141	2611	1825	800069	2611	2054	900151	2611	2282	1000380	2611	2510	1100295	2611	2737	1200148	2611	2966	1300451	2611	3193	1400297	2611	3419	1500021	2611	3648	1600406	2611	3876	1700116	2611	4104	1800170	2611	4333	1900353	2611	4561	2000091	2611	4789	2100365	2611	5017	2200181	2611	5245	2300308	2611	5473	2400192	2611	5701	2500446	2611	5928	2600031	2611	6157	2700025	2611	6386	2800101	2611	6615	2900364	2611	6843	3000272	2611	7071	3100080	2611	7300	3200281	2611	7529	3300355	2611	7756	3400147	2611	7985	3500327	2611	
229	100329	2611	456	200055	2611	684	300100	2611	914	400342	2611	1140	500357	2611	1367	600423	2611	1595	700080	2611	1824	800138	2611	2053	900093	2611	2282	1000337	2611	2509	1100189	2611	2736	1200160	2611	2965	1300434	2611	3191	1400180	2611	3418	1500186	2611	3646	1600383	2611	3874	1700104	2611	4103	1800316	2611	4331	1900140	2611	4560	2000405	2611	4787	2100041	2611	5016	2200457	2611	5242	2300199	2611	5471	2400247	2611	5700	2500080	2611	5928	2600054	2611	6156	2700172	2611	6384	2800306	2611	6611	2900059	2611	6840	3000101	2611	7069	3100258	2611	7297	3200337	2611	7524	3300331	2611	7752	3400371	2611	7980	3500272	2611	
228	100049	2611	456	200200	2611	682	300298	2611	909	400031	2611	1138	500061	2611	1367	600093	2611	1596	700174	2611	1824	800172	2611	2052	900077	2611	2280	1000183	2611	2508	1100449	2611	2736	1200051	2611	2964	1300370	2611	3192	1400168	2611	3420	1500177	2611	3649	1600420	2611	3877	1700285	2611	4105	1800199	2611	4334	1900183	2611	4561	2000322	2611	4788	2100026	2611	5017	2200152	2611	5246	2300354	2611	5473	2400090	2611	5701	2500394	2611	5929	2600379	2611	6157	2700120	2611	6385	2800056	2611	6614	2900217	2611	6842	3000114	2611	7070	3100272	2611	7299	3200359	2611	7527	3300208	2611	7757	3400260	2611	7986	3500172	2611	
67	100262	10027	134	201233	10027	201	301451	10027	267	400426	10027	334	501515	10027	400	600417	10027	467	700904	10027	534	801622	10027	600	900603	10027	667	1000992	10027	734	1101562	10027	800	1200505	10027	867	1300467	10027	933	1400485	10027	999	1500799	10027	1065	1600718	10027	1132	1700657	10027	1199	1800652	10027	1266	1900617	10027	1333	2001036	10027	1399	2100790	10027	1466	2200995	10027	1533	2301361	10027	1600	2401439	10027	1666	2500253	10027	1733	2600644	10027	1800	2701167	10027	1866	2800687	10027	1933	2901126	10027	1999	3000831	10027	2065	3100677	10027	2132	3200987	10027	2198	3300197	10027	2265	3401099	10027	2331	3501065	10027	
67	100647	10027	134	201508	10027	200	301078	10027	267	401559	10027	333	500690	10027	399	600737	10027	465	701207	10027	531	800503	10027	598	900596	10027	665	1000540	10027	732	1101130	10027	798	1200719	10027	865	1300864	10027	932	1401350	10027	999	1501423	10027	1065	1600663	10027	1132	1701288	10027	1198	1801478	10027	1264	1901486	10027	1330	2001338	10027	1396	2100831	10027	1463	2200721	10027	1530	2300454	10027	1596	2400344	10027	1663	2500785	10027	1730	2601187	10027	1797	2701425	10027	1864	2801514	10027	1930	2900390	10027	1997	3001494	10027	2063	3100217	10027	2130	3200261	10027	2197	3300956	10027	2263	3401937	10027	2328	3500897	10027	
68	101559	10027	134	200328	10027	201	300565	10027	268	400471	10027	335	500158	10027	402	600423	10027	469	701017	10027	535	800624	10027	601	900117	10027	668	1000768	10027	735	1100784	10027	802	1200932	10027	869	1301416	10027	935	1400428	10027	1002	1500507	10027	1069	1601240	10027	1136	1701392	10027	1203	1801305	10027	1269	1900699	10027	1336	2000865	10027	1403	2100912	10027	1470	2201210	10027	1536	2300235	10027	1603	2400569	10027	1670	2500913	10027	1737	2601284	10027	1804	2701453	10027	1869	2800636	10027	1936	2901232	10027	2002	3001314	10027	2068	3100314	10027	2135	3200812	10027	2202	3301137	10027	2269	3401225	10027	2335	3500229	10027	
68	101486	10027	134	200102	10027	201	300350	10027	268	401002	10027	335	501470	10027	402	601161	10027	469	701022	10027	535	800225	10027	601	900334	10027	667	1000263	10027	734	1100958	10027	801	1201151	10027	867	1300374	10027	934	1401366	10027	1000	1501365	10027	1067	1601436	10027	1134	1701562	10027	1199	1800439	10027	1266	1901277	10027	1332	2000604	10027	1399	2101327	10027	1465	2200827	10027	1532	2301529	10027	1598	2401373	10027	1664	2500310	10027	1731	2601177	10027	1798	2701264	10027	1864	2800900	10027	1931	2900855	10027	1998	3000882	10027	2065	3101348	10027	2131	3200941	10027	2198	3301057	10027	2264	3400231	10027	2331	3500682	10027	
67	100360	10027	134	201014	10027	200	301419	10027	266	401171	10027	333	501477	10027	399	600205	10027	466	700610	10027	533	800659	10027	600	901192	10027	666	1000339	10027	733	1100551	10027	800	1201343	10027	866	1300630	10027	932	1401105	10027	998	1500207	10027	1065	1601073	10027	1132	1701525	10027	1198	1800285	10027	1265	1900216	10027	1332	2000397	10027	1399	2101373	10027	1465	2200180	10027	1532	2300778	10027	1598	2400483	10027	1665	2501400	10027	1732	2601508	10027	1799	2701204	10027	1865	2800473	10027	1931	2900727	10027	1997	3000307	10027	2065	3101428	10027	2132	3200963	10027	2199	3300937	10027	2266	3401255	10027	2332	3500584	10027	
15	104523	50414	29	202293	50414	44	307164	50414	58	404895	50414	72	502475	50414	87	607162	50414	101	705197	50414	115	803105	50414	129	900605	50414	144	1005763	50414	158	1103874	50414	172	1201450	50414	187	1305928	50414	201	1403533	50414	215	1501396	50414	230	1605863	50414	244	1703569	50414	258	1801679	50414	273	1906613	50414	287	2004604	50414	301	2102259	50414	316	2207068	50414	330	2305028	50414	344	2403227	50414	358	2501099	50414	373	2606048	50414	387	2703822	50414	401	2801486	50414	416	2906327	50414	430	3004160	50414	444	3102015	50414	459	3207183	50414	473	3304896	50414	487	3402765	50414	501	3501037	50414	
15	104608	50414	29	202200	50414	44	307115	50414	58	404858	50414	72	502971	50414	86	601015	50414	101	705609	50414	115	803554	50414	129	901635	50414	144	1006272	50414	158	1104180	50414	172	1202084	50414	187	1307190	50414	201	1404813	50414	215	1502247	50414	230	1607161	50414	244	1704929	50414	258	1802671	50414	273	1907201	50414	287	2004971	50414	301	2102794	50414	316	2207193	50414	330	2306736	50414	344	2404737	50414	358	2502571	50414	372	2600648	50414	387	2705911	50414	401	2803363	50414	415	2901546	50414	430	3006481	50414	444	3103920	50414	458	3201779	50414	472	3303847	50414	486	3401630	50414	501	3506613	50414	
15	104848	50414	29	202249	50414	44	307175	50414	58	404974	50414	72	503003	50414	86	600876	50414	101	705574	50414	115	803844	50414	129	901745	50414	144	1006611	50414	158	1104096	50414	172	1202234	50414	187	1306832	50414	201	1404485	50414	215	1502548	50414	230	1607271	50414	244	1705302	50414	258	1803019	50414	272	1900668	50414	287	2005159	50414	301	2102769	50414	315	2200736	50414	330	2305930	50414	344	2404047	50414	358	2501630	50414	373	2606025	50414	387	2704252	50414	401	2801989	50414	416	2906667	50414	430	3004143	50414	444	3101844	50414	459	3206636	50414	473	3304308	50414	487	3402182	50414	502	3507198	50414	
15	105037	50414	29	202639	50414	44	307256	50414	58	405066	50414	72	502035	50414	87	606615	50414	101	704643	50414	115	802618	50414	130	907451	50414	144	1004918	50414	158	1102574	50414	173	1206871	50414	187	1305046	50414	201	1403197	50414	215	1501293	50414	230	1606160	50414	244	1703950	50414	258	1801462	50414	273	1906483	50414	287	2004176	50414	301	2102474	50414	316	2207536	50414	330	2305435	50414	344	2402970	50414	358	2500836	50414	373	2605763	50414	387	2704193	50414	401	2802421	50414	416	2906974	50414	430	3004520	50414	444	3102208	50414	459	3206995	50414	473	3304856	50414	487	3402900	50414	501	3500758	50414	
15	104699	50414	29	202640	50414	43	300556	50414	58	405482	50414	72	503056	50414	86	600572	50414	101	705255	50414	115	803133	50414	129	900760	50414	144	1005355	50414	158	1102654	50414	173	1207000	50414	187	1304512	50414	201	1402650	50414	216	1507156	50414	230	1605020	50414	244	1702789	50414	258	1800933	50414	273	1905885	50414	287	2004073	50414	301	2101794	50414	316	2206380	50414	330	2304153	50414	344	2401852	50414	359	2506334	50414	373	2603985	50414	387	2701648	50414	401	2800804	50414	416	2905638	50414	430	3003391	50414	444	3101388	50414	459	3206305	50414	473	3304012	50414	487	3401841	50414	502	3506733	50414	
