wersja nr 3;wspolczynnik mutacji 1.600000;wielkosc populacji 10
1508	100046	216	3011	200024	192	4509	300047	192	6008	400036	192	7510	500035	183	9004	600016	170	10510	700064	152	12013	800053	152	13509	900044	152	15000	1000008	152	16500	1100056	144	17992	1200021	144	19496	1300013	144	20991	1400030	144	22487	1500011	144	23980	1600018	144	25470	1700028	144	26971	1800008	144	28477	1900010	144	29984	2000030	135	31488	2100052	135	32992	2200036	135	34488	2300025	135	35986	2400051	135	37485	2500046	116	38986	2600013	116	40483	2700015	116	41975	2800071	116	43471	2900066	116	44969	3000068	116	46464	3100047	116	47953	3200025	116	49440	3300008	110	50938	3400019	110	52434	3500038	110	
1502	100056	212	2998	200057	204	4504	300031	204	6004	400007	191	7502	500039	191	9017	600066	182	10531	700039	170	12046	800035	170	13558	900017	170	15071	1000063	150	16578	1100011	141	18096	1200051	141	19610	1300037	134	21133	1400020	134	22658	1500017	134	24173	1600003	134	25692	1700036	134	27209	1800036	134	28711	1900050	134	30219	2000068	134	31726	2100018	134	33236	2200010	134	34743	2300065	134	36249	2400030	125	37752	2500035	125	39266	2600015	125	40777	2700062	125	42285	2800028	125	43803	2900066	120	45312	3000023	120	46816	3100040	120	48317	3200039	120	49831	3300039	110	51335	3400025	110	52837	3500024	110	
1508	100061	226	3012	200027	216	4517	300052	216	6027	400015	181	7529	500044	181	9047	600058	181	10557	700033	181	12070	800055	181	13588	900004	181	15090	1000047	181	16600	1100038	181	18108	1200055	181	19609	1300044	181	21110	1400064	181	22628	1500050	181	24137	1600011	172	25646	1700045	172	27139	1800061	172	28634	1900032	172	30137	2000007	164	31653	2100053	164	33154	2200046	164	34676	2300067	164	36186	2400050	164	37691	2500059	153	39195	2600050	153	40708	2700018	153	42220	2800006	153	43736	2900051	153	45248	3000037	146	46760	3100005	146	48273	3200017	146	49780	3300051	146	51285	3400009	146	52794	3500050	146	
1506	100047	157	3005	200055	144	4501	300033	121	5996	400044	121	7494	500032	109	8989	600020	109	10488	700042	109	11988	800062	89	13496	900068	89	15006	1000012	89	16503	1100013	89	17999	1200051	89	19502	1300011	89	21012	1400050	89	22516	1500028	89	24022	1600008	89	25532	1700053	89	27020	1800015	89	28514	1900034	89	30017	2000008	89	31516	2100064	89	33017	2200035	89	34523	2300053	76	36026	2400025	76	37538	2500053	76	39039	2600011	76	40540	2700009	76	42042	2800027	76	43528	2900069	76	45021	3000003	76	46521	3100050	76	48024	3200064	76	49528	3300049	76	51015	3400043	76	52521	3500028	76	
1500	100039	201	3001	200035	145	4499	300025	145	5996	400046	133	7492	500012	133	8997	600032	133	10500	700071	133	11988	800045	133	13492	900009	133	14999	1000040	133	16502	1100061	133	17996	1200014	133	19474	1300025	133	20975	1400011	133	22481	1500004	112	23985	1600060	112	25493	1700024	112	26989	1800031	112	28489	1900025	112	29987	2000004	112	31495	2100043	112	33005	2200023	112	34515	2300064	112	36023	2400063	112	37536	2500059	112	39030	2600052	112	40541	2700023	112	42049	2800044	102	43562	2900053	102	45073	3000051	102	46580	3100068	102	48091	3200022	102	49603	3300011	102	51109	3400053	102	52614	3500060	102	
1581	100014	98	3161	200013	98	4747	300047	98	6325	400026	89	7907	500024	89	9449	600020	89	10999	700039	80	12571	800008	80	14137	900044	80	15714	1000034	80	17299	1100060	80	18864	1200032	80	20429	1300045	80	21994	1400040	80	23571	1500007	80	25147	1600061	80	26708	1700011	80	28258	1800055	80	29821	1900023	80	31398	2000045	80	32970	2100021	80	34553	2200042	77	36128	2300004	77	37698	2400017	77	39267	2500049	77	40832	2600050	77	42384	2700045	77	43956	2800012	77	45526	2900055	77	47091	3000065	77	48665	3100009	77	50211	3200029	77	51788	3300022	77	53367	3400060	77	54947	3500063	77	
1593	100045	102	3186	200044	77	4769	300049	70	6356	400035	66	7937	500036	66	9520	600039	66	11094	700021	66	12669	800011	66	14250	900037	66	15830	1000024	66	17391	1100018	66	18960	1200025	66	20538	1300034	66	22128	1400067	66	23708	1500008	66	25294	1600064	66	26864	1700051	66	28425	1800066	66	29998	1900061	66	31577	2000021	66	33164	2100017	66	34741	2200048	66	36313	2300020	66	37892	2400036	60	39466	2500031	60	41040	2600021	60	42615	2700036	60	44196	2800055	60	45755	2900026	60	47331	3000057	60	48913	3100047	60	50488	3200019	60	52066	3300058	60	53643	3400016	60	55221	3500039	60	
1577	100039	99	3148	200011	99	4727	300014	99	6311	400012	99	7884	500055	99	9451	600063	99	11019	700040	99	12591	800057	88	14152	900013	88	15715	1000056	88	17291	1100005	88	18862	1200048	88	20443	1300062	88	22024	1400064	88	23588	1500038	88	25161	1600065	80	26738	1700024	80	28301	1800065	80	29872	1900042	80	31437	2000004	80	33004	2100059	80	34577	2200060	80	36150	2300061	80	37726	2400055	80	39305	2500052	80	40876	2600064	80	42449	2700056	80	44007	2800050	80	45572	2900050	80	47134	3000013	80	48713	3100062	80	50293	3200037	78	51870	3300031	78	53450	3400018	78	55019	3500042	78	
1585	100035	164	3157	200035	130	4733	300040	122	6314	400040	122	7895	500024	122	9483	600030	114	11066	700017	105	12653	800063	105	14237	900046	105	15816	1000016	95	17398	1100043	90	18981	1200058	90	20565	1300031	90	22147	1400061	90	23720	1500016	90	25299	1600041	90	26874	1700018	90	28445	1800060	90	30019	1900056	90	31597	2000040	90	33158	2100037	90	34726	2200011	90	36303	2300061	90	37870	2400024	90	39450	2500014	90	41027	2600029	90	42608	2700041	90	44170	2800018	90	45735	2900034	90	47315	3000050	90	48896	3100015	90	50469	3200028	90	52045	3300019	90	53614	3400019	90	55193	3500026	90	
1573	100062	114	3143	200017	114	4723	300033	105	6298	400032	100	7873	500017	91	9448	600012	91	11030	700040	91	12603	800010	91	14174	900030	91	15738	1000043	91	17320	1100057	91	18898	1200042	91	20467	1300047	91	22031	1400035	91	23598	1500014	91	25174	1600016	91	26754	1700015	91	28327	1800035	91	29869	1900010	91	31424	2000057	91	32983	2100025	91	34560	2200067	91	36128	2300057	91	37704	2400039	91	39270	2500066	91	40844	2600041	91	42423	2700049	91	44000	2800057	91	45568	2900005	91	47140	3000031	91	48699	3100008	91	50275	3200042	91	51857	3300063	91	53422	3400020	91	54997	3500027	91	
502	100025	3033	1001	200038	3033	1498	300073	2944	1998	400130	2839	2494	500123	2839	2992	600206	2839	3485	700207	2839	3973	800090	2839	4468	900127	2839	4966	1000072	2839	5466	1100140	2839	5966	1200187	2839	6468	1300209	2839	6967	1400070	2839	7461	1500086	2839	7965	1600098	2839	8466	1700081	2839	8964	1800082	2839	9465	1900035	2741	9965	2000061	2741	10462	2100178	2741	10957	2200163	2741	11458	2300019	2741	11953	2400194	2741	12452	2500060	2741	12954	2600123	2741	13453	2700049	2741	13951	2800124	2741	14452	2900165	2741	14950	3000081	2741	15450	3100168	2741	15945	3200044	2741	16447	3300086	2741	16947	3400095	2741	17449	3500136	2741	
499	100090	2960	1000	200074	2960	1502	300092	2960	2003	400134	2960	2500	500054	2960	2996	600090	2960	3499	700096	2960	4002	800166	2960	4500	900128	2960	5002	1000129	2960	5502	1100031	2960	6004	1200098	2960	6508	1300177	2960	7010	1400214	2960	7507	1500083	2960	8011	1600121	2960	8515	1700160	2960	9009	1800190	2960	9509	1900197	2960	10004	2000086	2960	10504	2100060	2881	11005	2200212	2881	11507	2300069	2881	12011	2400211	2881	12510	2500070	2881	13013	2600122	2881	13509	2700189	2881	14006	2800123	2881	14506	2900127	2881	15007	3000161	2881	15506	3100172	2881	16003	3200136	2799	16500	3300071	2799	17002	3400094	2799	17503	3500028	2799	
503	100022	3136	1001	200041	3136	1503	300044	3136	2003	400087	3052	2495	500101	2958	2985	600157	2958	3486	700209	2958	3984	800162	2958	4484	900205	2958	4985	1000171	2958	5487	1100044	2958	5988	1200165	2958	6482	1300183	2958	6979	1400166	2958	7476	1500083	2958	7973	1600124	2958	8474	1700155	2958	8960	1800083	2958	9456	1900142	2958	9954	2000033	2958	10455	2100116	2958	10956	2200136	2890	11456	2300127	2890	11956	2400059	2890	12451	2500110	2890	12952	2600093	2890	13451	2700093	2890	13952	2800164	2890	14455	2900044	2890	14955	3000158	2890	15458	3100079	2800	15957	3200056	2800	16453	3300073	2800	16950	3400175	2800	17450	3500168	2800	
506	100211	2983	1007	200147	2796	1512	300173	2796	2015	400147	2796	2518	500097	2796	3019	600079	2796	3519	700016	2796	4018	800059	2796	4517	900166	2796	5015	1000133	2704	5516	1100155	2704	6017	1200184	2704	6514	1300183	2704	7017	1400025	2704	7513	1500164	2704	8002	1600198	2613	8498	1700192	2613	8998	1800052	2613	9500	1900080	2613	9997	2000088	2613	10500	2100217	2613	10996	2200028	2613	11497	2300121	2613	11994	2400071	2613	12489	2500073	2613	12986	2600023	2613	13470	2700040	2613	13970	2800137	2613	14468	2900219	2613	14966	3000209	2613	15468	3100117	2613	15967	3200097	2613	16469	3300154	2613	16971	3400049	2613	17469	3500090	2613	
504	100178	3030	999	200183	3030	1498	300172	3030	1999	400138	3030	2498	500023	3030	3001	600113	3030	3503	700158	3030	4007	800182	3030	4508	900079	3030	5011	1000170	3030	5513	1100017	3030	6016	1200168	3030	6519	1300139	3030	7020	1400016	3030	7517	1500026	3030	8020	1600123	3030	8521	1700100	3030	9018	1800045	3030	9519	1900178	2941	10019	2000035	2941	10513	2100158	2941	11012	2200066	2941	11515	2300140	2941	12013	2400117	2941	12509	2500084	2941	12998	2600200	2941	13497	2700147	2941	13995	2800180	2941	14493	2900200	2941	14991	3000176	2941	15488	3100071	2941	15983	3200036	2941	16482	3300067	2941	16982	3400111	2941	17483	3500124	2941	
514	100020	1330	1020	200048	1239	1517	300030	1239	2024	400153	1239	2519	500021	1239	3022	600126	1239	3524	700059	1239	4027	800083	1239	4529	900037	1239	5033	1000118	1117	5537	1100080	1117	6037	1200020	1117	6545	1300094	1117	7048	1400085	1117	7553	1500039	1117	8053	1600187	1117	8555	1700154	1117	9056	1800179	1117	9561	1900176	1117	10061	2000043	1117	10567	2100164	1117	11074	2200170	1117	11573	2300032	1117	12075	2400193	1117	12579	2500197	1117	13082	2600165	1117	13586	2700059	1117	14092	2800060	1117	14592	2900083	1117	15095	3000150	1117	15595	3100149	1117	16099	3200156	1117	16599	3300121	1117	17094	3400067	1117	17597	3500045	1117	
515	100034	1219	1026	200051	1120	1536	300068	1120	2047	400079	1120	2558	500149	1120	3066	600190	1120	3578	700176	1120	4089	800141	1120	4600	900076	1120	5106	1000094	1120	5616	1100162	1120	6123	1200136	1120	6629	1300144	1120	7131	1400147	1120	7639	1500047	1120	8136	1600155	1120	8638	1700042	1120	9141	1800035	1120	9649	1900095	1120	10155	2000099	1120	10664	2100049	1120	11174	2200132	1120	11682	2300033	1120	12193	2400097	1120	12702	2500100	1120	13209	2600185	1120	13716	2700085	1120	14227	2800084	1120	14737	2900173	1120	15241	3000107	1120	15751	3100206	1120	16260	3200054	1120	16769	3300025	1120	17280	3400072	1120	17784	3500106	1120	
506	100180	1254	1017	200202	1254	1530	300111	1254	2042	400054	1254	2549	500076	1254	3062	600190	1254	3572	700092	1254	4082	800177	1254	4593	900073	1254	5105	1000131	1141	5615	1100144	1141	6114	1200171	1141	6620	1300209	1141	7128	1400068	1141	7641	1500054	1141	8149	1600071	1141	8660	1700090	1141	9167	1800032	1141	9678	1900063	1141	10190	2000024	1141	10697	2100039	1141	11207	2200084	1141	11716	2300086	1141	12224	2400135	1141	12736	2500196	1141	13246	2600153	1141	13751	2700025	1141	14256	2800160	1141	14767	2900072	1141	15276	3000038	1141	15787	3100181	1141	16298	3200085	1141	16810	3300038	1141	17316	3400032	1141	17825	3500210	1141	
512	100052	1002	1023	200153	1002	1532	300080	1002	2038	400070	1002	2546	500022	1002	3046	600152	1002	3554	700128	1002	4065	800117	1002	4572	900056	1002	5081	1000109	1002	5582	1100162	1002	6092	1200028	1002	6602	1300204	1002	7112	1400018	1002	7615	1500192	1002	8124	1600175	1002	8632	1700161	1002	9140	1800126	1002	9649	1900195	1002	10158	2000029	1002	10666	2100132	1002	11175	2200106	1002	11681	2300046	1002	12192	2400023	918	12699	2500042	918	13204	2600153	918	13708	2700154	918	14215	2800016	918	14724	2900142	918	15231	3000059	918	15742	3100193	918	16247	3200095	918	16757	3300139	918	17261	3400044	918	17761	3500050	918	
509	100164	1238	1013	200036	1138	1522	300181	1033	2031	400136	1033	2536	500071	1033	3046	600054	1033	3555	700102	1033	4066	800206	1033	4573	900018	1033	5085	1000195	1033	5597	1100122	1033	6109	1200195	1033	6613	1300159	1033	7123	1400173	1033	7634	1500214	1033	8145	1600207	1033	8652	1700156	1033	9160	1800102	1033	9668	1900078	1033	10177	2000112	1033	10681	2100188	1033	11189	2200180	1033	11696	2300059	1033	12205	2400108	936	12715	2500139	936	13224	2600093	936	13729	2700110	936	14232	2800113	936	14740	2900103	936	15249	3000040	936	15744	3100190	936	16249	3200124	936	16758	3300067	936	17264	3400175	936	17774	3500083	936	
109	100318	24028	218	200145	24028	328	300478	24028	437	400795	24028	546	500626	24028	655	600361	24028	764	700318	24028	874	800817	24028	983	900763	24028	1093	1000809	24028	1202	1100685	24028	1310	1200962	24028	1418	1300805	24028	1526	1400135	24028	1636	1500842	24028	1745	1600142	24028	1855	1700810	24028	1963	1800496	24028	2071	1900688	24028	2179	2000250	23460	2288	2100277	23460	2397	2200478	23460	2506	2300148	22865	2615	2400390	22271	2724	2500834	22271	2833	2600588	22271	2942	2700721	22271	3051	2800291	22271	3160	2900458	22271	3270	3000592	22271	3379	3100647	22271	3487	3200470	22271	3597	3300919	22271	3705	3400534	22271	3814	3500662	22271	
109	100581	25272	219	200834	24024	329	300488	24024	440	400374	24024	550	500198	24024	660	600507	24024	770	700873	24024	880	800706	24024	990	900425	24024	1091	1000097	24024	1202	1100908	24024	1311	1200649	24024	1421	1300709	24024	1530	1400207	24024	1641	1500567	24024	1751	1600554	24024	1861	1700876	24024	1971	1800884	24024	2080	1900182	24024	2190	2000085	24024	2300	2100644	24024	2410	2200412	24024	2521	2300657	24024	2631	2400670	24024	2740	2500209	24024	2850	2600704	24024	2960	2700563	24024	3071	2800989	24024	3181	2900832	24024	3290	3000267	24024	3401	3100539	24024	3511	3200221	24024	3622	3300870	24024	3731	3400357	24024	3841	3500873	24024	
111	100921	23410	220	200937	23410	328	300572	23410	437	400665	22831	546	500590	22831	653	600229	22262	763	700681	22262	872	800164	22262	982	900668	22262	1091	1000345	22262	1201	1100621	22262	1309	1200827	22262	1418	1300672	22262	1527	1400484	22262	1635	1500427	22262	1744	1600262	22262	1853	1700506	22262	1961	1800603	22262	2070	1900386	22262	2179	2000712	22262	2287	2100184	22262	2396	2200934	22262	2505	2300876	22262	2613	2400732	22262	2723	2500917	22262	2833	2600894	22262	2942	2700881	22262	3050	2800450	22262	3159	2900775	22262	3268	3000861	22262	3377	3100604	22262	3485	3200721	22262	3593	3300533	22262	3701	3400670	22262	3809	3500503	22262	
109	100375	23417	218	200579	23417	327	300596	22842	436	400695	22842	545	500966	22842	654	600320	22842	761	700550	22842	870	800431	22842	979	900205	22842	1087	1000402	22842	1195	1100462	22842	1303	1200530	22842	1411	1300359	22842	1521	1400723	22842	1631	1500871	22842	1741	1600885	22842	1850	1700655	22842	1959	1800450	22842	2068	1900488	22842	2177	2000817	22842	2286	2100474	22842	2395	2200735	22842	2504	2300987	22842	2612	2400677	22842	2721	2500821	22842	2830	2600871	22842	2937	2700375	22842	3046	2800376	22842	3155	2900132	22842	3265	3000744	22842	3374	3100685	22842	3484	3200978	22842	3592	3300603	22842	3701	3400743	22842	3808	3500146	22842	
110	100285	24650	220	200166	24650	330	300489	24066	440	400981	24066	550	500963	24066	659	600722	24066	768	700117	24066	879	800486	24066	989	900475	24066	1098	1000487	24066	1207	1100536	24066	1316	1200544	24066	1425	1300777	24066	1534	1400197	24066	1644	1500640	24066	1753	1600908	24066	1862	1700970	24066	1971	1800964	24066	2079	1900848	24066	2188	2000725	24066	2298	2100926	24066	2407	2200263	24066	2516	2300255	24066	2626	2400927	24066	2736	2500711	24066	2846	2600773	24066	2956	2700932	23417	3065	2800329	22253	3174	2900798	22253	3283	3000612	21654	3392	3100403	21654	3502	3200615	21654	3611	3300692	21654	3720	3400701	21654	3829	3500249	21654	
113	100946	25176	225	200303	25176	337	300328	25176	450	400796	25176	562	500458	25176	674	600488	25176	786	700608	25176	898	800755	25176	1011	900946	25176	1123	1000538	25176	1234	1100752	25176	1347	1200851	25176	1458	1300307	25176	1570	1400651	25176	1683	1500537	25176	1794	1600220	25176	1906	1700336	25176	2018	1800169	25176	2129	1900417	25176	2242	2000592	25176	2354	2100666	25176	2466	2200133	25176	2577	2300380	25176	2689	2400147	25176	2802	2500918	25176	2914	2600320	25176	3026	2700690	25176	3136	2800430	25176	3247	2900317	25176	3359	3000208	25176	3472	3100200	25176	3582	3200695	25176	3693	3300187	25176	3806	3400587	25176	3917	3500229	25176	
113	100204	25176	226	200847	25176	338	300693	25176	450	400871	25176	561	500379	25176	673	600198	25176	786	700145	25176	899	800650	25176	1011	900660	25176	1123	1000089	25176	1235	1100641	25176	1348	1200860	25176	1460	1300690	25176	1572	1400769	25176	1684	1500142	25176	1797	1600714	25176	1910	1700759	25176	2022	1800605	25176	2135	1900883	25176	2246	2000770	25176	2358	2100824	25176	2469	2200583	25176	2581	2300242	25176	2693	2400777	25176	2805	2500362	25176	2918	2600579	25176	3031	2700888	25176	3142	2800342	25176	3254	2900309	25176	3366	3000267	25176	3478	3100820	25176	3590	3200336	25176	3702	3300076	25176	3815	3400768	25176	3927	3500828	25176	
113	100552	25176	225	200426	25176	337	300281	25176	450	400745	25176	560	500653	25176	672	600327	25176	786	700744	25176	898	800222	25176	1011	900730	25176	1121	1000094	25176	1232	1100078	25176	1346	1200956	25176	1458	1300445	25176	1571	1400843	25176	1683	1500292	25176	1796	1600653	25176	1908	1700604	25176	2019	1800822	25176	2131	1900382	25176	2244	2000842	25176	2356	2100649	25176	2469	2200909	25176	2580	2300150	25176	2693	2400585	25176	2806	2500926	25176	2918	2600438	25176	3030	2700333	25176	3144	2800944	25176	3256	2900470	25176	3367	3000111	25176	3478	3100095	25176	3590	3200504	25176	3703	3300756	25176	3814	3400606	25176	3925	3500124	25176	
113	100568	25176	223	200144	25176	333	300252	25176	444	400181	25176	555	500262	25176	668	600191	25176	780	700754	25176	892	800337	25176	1004	900655	25176	1117	1000906	25176	1227	1100267	25176	1339	1200761	25176	1451	1300716	25176	1563	1400298	25176	1675	1500602	25176	1786	1600903	25176	1898	1700764	25176	2009	1800119	25176	2121	1900866	25176	2233	2000650	25176	2344	2100140	25176	2457	2200896	25176	2569	2300583	25176	2681	2400439	25176	2794	2500895	25176	2905	2600705	25176	3017	2700636	25176	3129	2800569	25176	3241	2900464	25176	3354	3000838	25176	3466	3100246	25176	3578	3200367	25176	3691	3300488	25176	3803	3400120	25176	3915	3500310	25176	
112	100122	25176	226	200905	25176	337	300172	25176	450	400721	25176	563	500664	25176	676	600291	25176	788	700226	25176	900	800206	25176	1013	900759	25176	1126	1000881	25176	1237	1100311	25176	1348	1200848	25176	1459	1300129	25176	1570	1400464	25176	1682	1500462	25176	1794	1600100	25176	1907	1700582	25176	2020	1800318	25176	2132	1900523	25176	2243	2000173	25176	2354	2100540	25176	2466	2200981	25176	2576	2300180	25176	2689	2400399	25176	2802	2500516	25176	2915	2600957	25176	3027	2700772	25176	3138	2800886	25176	3250	2900556	25176	3361	3000742	25176	3470	3100144	25176	3583	3200593	25176	3695	3300323	25176	3808	3400633	25176	3921	3500695	25176	
1807	100018	54	3613	200040	54	5409	300020	47	7220	400022	47	9030	500022	47	10842	600018	47	12651	700020	47	14459	800020	47	16260	900038	47	18061	1000052	47	19866	1100035	47	21669	1200043	47	23475	1300027	47	25274	1400032	47	27079	1500029	47	28876	1600015	47	30670	1700013	47	32476	1800003	47	34276	1900017	47	36086	2000025	47	37896	2100057	47	39678	2200047	47	41472	2300022	47	43267	2400056	47	45070	2500026	47	46864	2600032	47	48666	2700017	47	50465	2800029	47	52274	2900030	47	54085	3000036	47	55898	3100015	47	57698	3200003	47	59499	3300005	47	61294	3400010	47	63102	3500018	47	
1797	100052	51	3594	200061	48	5387	300037	48	7182	400055	48	8973	500023	48	10783	600034	48	12567	700043	48	14364	800007	48	16171	900046	48	17966	1000050	48	19756	1100043	48	21565	1200034	48	23365	1300032	48	25171	1400017	48	26970	1500028	48	28773	1600056	48	30568	1700031	48	32349	1800042	48	34144	1900057	48	35949	2000037	48	37752	2100029	48	39560	2200021	48	41358	2300045	48	43160	2400007	48	44968	2500015	48	46781	2600044	48	48574	2700041	48	50361	2800052	48	52167	2900051	48	53974	3000045	48	55776	3100030	48	57582	3200041	48	59383	3300032	48	61194	3400004	48	62999	3500009	48	
1809	100037	51	3623	200017	49	5423	300008	49	7232	400050	49	9038	500009	49	10837	600026	49	12642	700029	49	14444	800020	49	16247	900006	49	18050	1000007	49	19846	1100018	49	21652	1200006	49	23454	1300038	49	25259	1400003	49	27051	1500026	49	28849	1600012	49	30657	1700030	49	32459	1800021	49	34274	1900053	49	36075	2000023	49	37878	2100008	49	39684	2200023	49	41481	2300043	49	43285	2400019	49	45089	2500014	49	46897	2600020	49	48696	2700043	49	50498	2800009	49	52306	2900049	49	54116	3000032	49	55934	3100022	49	57744	3200009	49	59548	3300027	49	61348	3400008	49	63150	3500010	49	
1813	100047	62	3622	200050	52	5436	300039	52	7238	400024	52	9034	500051	52	10819	600011	52	12630	700003	50	14432	800030	50	16235	900012	50	18042	1000049	50	19834	1100050	50	21622	1200019	50	23422	1300035	50	25213	1400017	50	27024	1500054	50	28830	1600009	50	30634	1700027	50	32429	1800042	50	34230	1900015	50	36026	2000019	50	37829	2100027	50	39627	2200036	50	41426	2300058	50	43237	2400038	50	45038	2500031	50	46833	2600044	50	48623	2700039	50	50423	2800016	50	52217	2900024	50	54025	3000038	50	55828	3100006	50	57634	3200017	50	59423	3300041	50	61218	3400042	50	63014	3500015	50	
1806	100019	52	3617	200024	47	5418	300044	47	7198	400002	47	9008	500016	47	10811	600048	47	12602	700039	47	14411	800029	47	16217	900039	47	18024	1000040	47	19832	1100037	47	21612	1200005	47	23411	1300052	47	25206	1400023	47	27003	1500047	47	28804	1600022	47	30604	1700039	47	32410	1800023	47	34210	1900012	47	36012	2000008	47	37805	2100040	47	39594	2200039	47	41393	2300039	47	43184	2400034	47	44974	2500047	47	46784	2600036	47	48583	2700053	47	50386	2800038	47	52188	2900014	47	53996	3000040	47	55800	3100027	47	57599	3200024	47	59397	3300028	47	61203	3400049	47	63006	3500014	47	
2023	100008	63	4032	200034	57	6045	300030	57	8063	400003	57	10082	500012	57	12099	600036	57	14100	700041	57	16070	800003	57	18084	900036	57	20087	1000023	57	22085	1100046	57	24090	1200023	57	26097	1300016	57	28111	1400011	57	30112	1500053	57	32120	1600048	57	34132	1700034	57	36129	1800027	53	38126	1900042	53	40137	2000049	53	42143	2100005	53	44146	2200031	53	46149	2300027	53	48151	2400024	53	50148	2500025	53	52145	2600007	53	54152	2700026	53	56161	2800027	53	58175	2900046	53	60175	3000033	53	62173	3100026	53	64177	3200036	53	66187	3300047	53	68194	3400019	53	70183	3500020	53	
2009	100038	58	4017	200042	58	6015	300046	54	8007	400022	54	10010	500007	54	12018	600024	54	14024	700020	54	16027	800038	54	17995	900037	54	19980	1000035	54	21986	1100002	54	23992	1200024	54	25999	1300044	54	28011	1400042	54	30013	1500015	54	32009	1600012	54	34013	1700014	54	36012	1800025	54	38022	1900007	54	40034	2000036	54	42042	2100043	54	44049	2200039	54	46041	2300045	54	48047	2400047	54	50059	2500021	54	52065	2600046	54	54058	2700013	54	56060	2800020	54	58064	2900047	54	60066	3000017	54	62066	3100010	54	64072	3200019	54	66073	3300015	54	68079	3400002	54	70092	3500025	54	
2006	100048	54	4006	200045	54	6003	300025	54	7986	400005	54	9995	500049	54	12000	600046	54	13992	700057	54	15996	800004	54	18005	900036	54	20007	1000002	54	22023	1100044	54	24026	1200029	54	26036	1300028	54	28050	1400044	54	30061	1500051	54	32075	1600012	54	34080	1700016	54	36064	1800051	54	38065	1900032	54	40073	2000019	54	42084	2100008	54	44085	2200004	54	46082	2300017	54	48083	2400053	54	50090	2500016	54	52049	2600035	54	54037	2700043	54	56043	2800014	54	58049	2900040	54	60053	3000004	54	62064	3100031	54	64053	3200021	53	66057	3300013	53	68060	3400015	53	70070	3500012	53	
2019	100016	54	4016	200053	54	6022	300042	54	8026	400005	54	10033	500024	54	12029	600004	54	14039	700039	54	16039	800018	54	18040	900024	54	20048	1000015	54	22056	1100028	53	24072	1200038	53	26063	1300036	53	28057	1400010	53	30047	1500003	53	32051	1600017	53	34065	1700022	53	36074	1800045	53	38075	1900002	53	40069	2000037	53	42078	2100048	53	44088	2200026	53	46094	2300022	53	48097	2400006	53	50109	2500045	53	52105	2600007	53	54105	2700004	53	56105	2800015	53	58104	2900050	53	60091	3000036	53	62101	3100040	53	64100	3200010	53	66100	3300040	53	68109	3400043	53	70116	3500046	53	
2017	100034	56	4030	200032	56	6051	300041	56	8039	400005	53	10048	500033	53	12040	600019	53	14049	700043	53	16065	800026	53	18074	900047	53	20087	1000050	53	22096	1100011	53	24115	1200040	53	26126	1300011	53	28142	1400003	53	30147	1500024	53	32152	1600046	53	34158	1700030	53	36173	1800030	53	38176	1900016	53	40182	2000047	53	42194	2100040	53	44212	2200006	53	46208	2300011	53	48213	2400012	53	50225	2500011	53	52233	2600016	53	54243	2700032	53	56230	2800005	53	58233	2900031	53	60245	3000010	53	62255	3100004	53	64259	3200038	53	66268	3300030	53	68272	3400025	53	70288	3500015	53	
548	100118	355	1094	200080	355	1638	300126	355	2186	400056	355	2736	500039	355	3281	600159	355	3829	700073	355	4375	800088	355	4924	900184	355	5472	1000036	355	6023	1100166	355	6572	1200047	355	7118	1300020	355	7667	1400052	355	8215	1500157	355	8763	1600097	355	9307	1700086	355	9857	1800170	355	10407	1900159	355	10955	2000176	355	11502	2100061	355	12053	2200139	355	12589	2300102	355	13133	2400067	355	13682	2500133	355	14229	2600180	355	14772	2700113	355	15311	2800083	355	15851	2900066	355	16399	3000022	355	16943	3100058	355	17489	3200125	355	18032	3300152	355	18580	3400059	355	19129	3500064	355	
545	100077	355	1091	200033	355	1640	300168	355	2187	400163	355	2733	500185	355	3273	600062	355	3816	700037	355	4358	800191	355	4904	900043	355	5451	1000057	355	6001	1100053	355	6552	1200196	355	7095	1300089	355	7627	1400026	355	8167	1500046	355	8708	1600082	355	9257	1700169	355	9802	1800031	355	10352	1900142	355	10903	2000054	355	11454	2100132	355	12005	2200128	355	12552	2300126	355	13095	2400104	355	13639	2500045	355	14188	2600092	355	14737	2700099	355	15285	2800159	355	15833	2900018	355	16382	3000154	355	16928	3100136	355	17472	3200138	355	18021	3300042	355	18567	3400041	355	19114	3500169	355	
544	100178	355	1092	200070	355	1638	300101	355	2185	400173	355	2723	500166	355	3269	600037	355	3816	700120	355	4354	800070	355	4899	900068	355	5448	1000082	355	5994	1100093	355	6541	1200052	355	7088	1300136	355	7630	1400145	355	8180	1500167	355	8727	1600153	355	9275	1700152	355	9822	1800069	355	10368	1900108	355	10919	2000166	355	11466	2100194	355	12015	2200040	355	12563	2300155	355	13111	2400094	355	13658	2500132	355	14206	2600053	355	14756	2700170	355	15300	2800146	355	15845	2900051	355	16394	3000179	355	16936	3100155	355	17477	3200139	355	18027	3300148	355	18573	3400059	355	19121	3500065	355	
538	100111	355	1077	200156	355	1619	300147	355	2157	400101	355	2702	500097	355	3247	600144	355	3790	700104	355	4329	800175	355	4875	900174	355	5416	1000153	355	5952	1100138	355	6499	1200178	355	7047	1300157	355	7592	1400154	355	8139	1500077	355	8683	1600094	355	9230	1700099	355	9776	1800126	355	10319	1900115	355	10866	2000032	355	11413	2100177	355	11960	2200036	355	12506	2300077	355	13055	2400042	355	13603	2500051	355	14148	2600142	355	14693	2700091	355	15238	2800033	355	15785	2900032	355	16333	3000119	355	16879	3100041	355	17422	3200082	355	17965	3300092	355	18509	3400093	355	19056	3500115	355	
550	100168	355	1091	200173	355	1632	300013	355	2182	400138	355	2732	500071	355	3277	600088	355	3826	700187	355	4375	800126	355	4924	900043	355	5475	1000114	355	6022	1100114	355	6573	1200111	355	7109	1300171	355	7656	1400094	355	8203	1500129	355	8743	1600041	355	9292	1700119	355	9835	1800042	355	10379	1900043	355	10929	2000124	355	11477	2100194	355	12011	2200060	355	12556	2300058	355	13105	2400164	355	13649	2500071	355	14198	2600064	355	14745	2700024	355	15294	2800180	355	15840	2900062	355	16381	3000021	355	16924	3100090	355	17473	3200024	355	18019	3300151	355	18568	3400166	355	19117	3500118	355	
590	100105	365	1181	200131	365	1771	300088	365	2362	400091	365	2956	500132	365	3552	600065	365	4144	700165	365	4738	800015	365	5335	900152	365	5928	1000150	365	6522	1100117	365	7117	1200127	365	7712	1300118	365	8305	1400141	365	8894	1500137	365	9487	1600080	365	10080	1700116	365	10669	1800137	365	11259	1900055	365	11844	2000161	365	12431	2100075	365	13024	2200097	365	13615	2300126	365	14206	2400064	365	14803	2500016	365	15398	2600094	365	15992	2700078	365	16587	2800134	365	17179	2900140	365	17766	3000151	365	18358	3100149	365	18945	3200128	365	19540	3300103	365	20130	3400018	365	20726	3500068	365	
592	100067	365	1182	200083	365	1774	300143	365	2363	400036	365	2956	500068	365	3548	600173	365	4138	700110	365	4726	800014	365	5318	900075	365	5911	1000168	365	6503	1100114	365	7098	1200037	365	7689	1300118	365	8277	1400061	365	8874	1500175	365	9466	1600175	365	10059	1700037	365	10652	1800113	365	11242	1900019	365	11837	2000117	365	12431	2100094	365	13022	2200181	365	13613	2300178	365	14206	2400076	365	14800	2500136	365	15392	2600134	365	15983	2700177	365	16565	2800043	365	17146	2900051	365	17738	3000117	365	18333	3100174	365	18926	3200024	365	19515	3300097	365	20101	3400062	365	20689	3500131	365	
594	100027	365	1189	200169	365	1781	300087	365	2374	400156	365	2963	500071	365	3559	600035	365	4153	700109	365	4744	800167	365	5334	900047	365	5931	1000025	365	6523	1100113	365	7112	1200069	365	7704	1300169	365	8295	1400153	365	8886	1500080	365	9479	1600176	365	10073	1700087	365	10669	1800088	365	11263	1900033	365	11854	2000035	365	12446	2100072	365	13034	2200182	365	13621	2300140	365	14213	2400038	365	14805	2500098	365	15400	2600066	365	15994	2700049	365	16586	2800052	365	17175	2900135	365	17769	3000081	365	18360	3100065	365	18955	3200069	365	19538	3300036	365	20131	3400153	365	20723	3500103	365	
595	100111	365	1189	200062	365	1782	300172	365	2374	400106	365	2968	500095	365	3560	600061	365	4154	700082	365	4745	800066	365	5336	900161	365	5925	1000023	365	6521	1100127	365	7110	1200092	365	7702	1300103	365	8294	1400177	365	8883	1500081	365	9469	1600105	365	10059	1700036	365	10650	1800169	365	11245	1900068	365	11837	2000091	365	12433	2100166	365	13027	2200165	365	13618	2300119	365	14213	2400146	365	14806	2500114	365	15396	2600161	365	15990	2700089	365	16580	2800137	365	17174	2900132	365	17764	3000110	365	18353	3100029	365	18935	3200107	365	19530	3300120	365	20121	3400103	365	20714	3500108	365	
594	100084	365	1187	200070	365	1776	300149	365	2364	400171	365	2959	500051	365	3545	600175	365	4134	700079	365	4725	800066	365	5317	900034	365	5913	1000056	365	6498	1100105	365	7085	1200040	365	7677	1300060	365	8268	1400018	365	8855	1500079	365	9444	1600156	365	10039	1700093	365	10628	1800058	365	11223	1900021	365	11817	2000136	365	12408	2100014	365	13004	2200174	365	13596	2300178	365	14188	2400126	365	14782	2500171	365	15372	2600056	365	15968	2700176	365	16563	2800131	365	17155	2900083	365	17731	3000124	365	18322	3100017	365	18915	3200027	365	19508	3300083	365	20100	3400040	365	20697	3500046	365	
128	100315	1803	257	200446	1803	386	300562	1803	514	400787	1803	640	500269	1803	767	600528	1803	896	700629	1803	1023	800160	1803	1151	900690	1803	1279	1000369	1803	1407	1100478	1803	1535	1200238	1803	1664	1300640	1803	1791	1400599	1803	1918	1500611	1803	2045	1600412	1803	2174	1700269	1803	2301	1800363	1803	2429	1900538	1803	2555	2000239	1803	2684	2100354	1803	2812	2200510	1803	2940	2300432	1803	3068	2400537	1803	3197	2500585	1803	3324	2600343	1803	3453	2700701	1803	3581	2800365	1803	3709	2900095	1803	3838	3000576	1803	3966	3100607	1803	4093	3200201	1803	4222	3300610	1803	4350	3400579	1803	4478	3500518	1803	
129	100596	1803	256	200783	1803	383	300610	1803	511	400283	1803	640	500826	1803	766	600317	1803	895	700547	1803	1022	800089	1803	1148	900303	1803	1277	1000805	1803	1404	1100289	1803	1532	1200712	1803	1660	1300449	1803	1786	1400071	1803	1915	1500290	1803	2043	1600136	1803	2172	1700687	1803	2301	1800780	1803	2429	1900159	1803	2558	2000175	1803	2687	2100534	1803	2814	2200373	1803	2942	2300741	1803	3069	2400396	1803	3197	2500658	1803	3325	2600870	1803	3453	2700275	1803	3582	2800691	1803	3710	2900101	1803	3839	3000715	1803	3965	3100081	1803	4094	3200763	1803	4223	3300793	1803	4351	3400571	1803	4479	3500860	1803	
129	100181	1803	259	200392	1803	387	300284	1803	514	400158	1803	644	500796	1803	772	600482	1803	901	700290	1803	1029	800587	1803	1158	900385	1803	1287	1000217	1803	1415	1100113	1803	1543	1200295	1803	1672	1300722	1803	1800	1400681	1803	1928	1500433	1803	2056	1600725	1803	2184	1700705	1803	2310	1800799	1803	2438	1900857	1803	2566	2000512	1803	2692	2100842	1803	2820	2200102	1803	2949	2300509	1803	3076	2400519	1803	3204	2500334	1803	3332	2600598	1803	3460	2700754	1803	3587	2800800	1803	3715	2900336	1803	3843	3000250	1803	3972	3100407	1803	4101	3200682	1803	4229	3300131	1803	4358	3400341	1803	4486	3500170	1803	
128	100650	1803	256	200666	1803	385	300412	1803	514	400194	1803	643	500452	1803	771	600701	1803	899	700423	1803	1025	800802	1803	1152	900286	1803	1280	1000083	1803	1409	1100491	1803	1537	1200586	1803	1666	1300732	1803	1793	1400228	1803	1922	1500523	1803	2052	1600852	1803	2179	1700308	1803	2307	1800581	1803	2435	1900136	1803	2563	2000308	1803	2690	2100333	1803	2817	2200191	1803	2945	2300718	1803	3073	2400372	1803	3201	2500428	1803	3330	2600283	1803	3457	2700281	1803	3585	2800505	1803	3713	2900138	1803	3842	3000204	1803	3970	3100338	1803	4098	3200532	1803	4224	3300391	1803	4352	3400116	1803	4481	3500464	1803	
129	100539	1803	258	200619	1803	386	300469	1803	514	400270	1803	643	500153	1803	772	600202	1803	900	700082	1803	1029	800699	1803	1156	900747	1803	1282	1000327	1803	1410	1100479	1803	1537	1200339	1803	1666	1300437	1803	1793	1400284	1803	1921	1500701	1803	2049	1600139	1803	2178	1700523	1803	2306	1800715	1803	2433	1900102	1803	2562	2000850	1803	2690	2100791	1803	2818	2200460	1803	2947	2300501	1803	3074	2400478	1803	3202	2500569	1803	3330	2600224	1803	3459	2700811	1803	3585	2800779	1803	3711	2900151	1803	3839	3000395	1803	3967	3100166	1803	4095	3200461	1803	4223	3300740	1803	4352	3400750	1803	4481	3500464	1803	
139	100233	1754	278	200535	1754	417	300543	1754	556	400403	1754	695	500463	1754	833	600549	1754	973	700427	1754	1112	800473	1754	1250	900269	1754	1390	1000287	1754	1528	1100515	1754	1667	1200238	1754	1806	1300686	1754	1945	1400693	1754	2084	1500165	1754	2222	1600470	1754	2361	1700593	1754	2501	1800540	1754	2640	1900569	1754	2779	2000116	1754	2919	2100214	1754	3057	2200579	1754	3196	2300621	1754	3336	2400406	1754	3476	2500333	1754	3616	2600555	1754	3754	2700409	1754	3893	2800267	1754	4033	2900577	1754	4173	3000523	1754	4312	3100731	1754	4449	3200292	1754	4588	3300537	1754	4727	3400365	1754	4866	3500413	1754	
140	100596	1754	280	200464	1754	419	300570	1754	558	400091	1754	699	500548	1754	837	600066	1754	977	700363	1754	1117	800675	1754	1256	900236	1754	1396	1000724	1754	1535	1100736	1754	1675	1200658	1754	1814	1300613	1754	1952	1400196	1754	2092	1500456	1754	2232	1600328	1754	2372	1700424	1754	2512	1800770	1754	2652	1900646	1754	2791	2000291	1754	2931	2100741	1754	3069	2200096	1754	3208	2300521	1754	3347	2400106	1754	3487	2500320	1754	3627	2600478	1754	3765	2700150	1754	3905	2800595	1754	4045	2900620	1754	4184	3000118	1754	4324	3100505	1754	4463	3200100	1754	4601	3300602	1754	4739	3400294	1754	4877	3500290	1754	
139	100704	1754	275	200143	1754	414	300652	1754	553	400365	1754	693	500564	1754	833	600527	1754	971	700703	1754	1110	800750	1754	1249	900391	1754	1389	1000675	1754	1527	1100316	1754	1666	1200716	1754	1804	1300318	1754	1943	1400531	1754	2082	1500240	1754	2220	1600116	1754	2361	1700766	1754	2499	1800278	1754	2639	1900375	1754	2779	2000224	1754	2920	2100708	1754	3058	2200078	1754	3199	2300597	1754	3337	2400533	1754	3477	2500536	1754	3617	2600709	1754	3756	2700234	1754	3895	2800308	1754	4035	2900146	1754	4174	3000243	1754	4314	3100744	1754	4454	3200320	1754	4594	3300151	1754	4734	3400079	1754	4874	3500524	1754	
140	100396	1754	278	200742	1754	416	300138	1754	556	400369	1754	695	500237	1754	832	600635	1754	970	700078	1754	1110	800666	1754	1249	900507	1754	1388	1000608	1754	1526	1100475	1754	1666	1200509	1754	1804	1300111	1754	1943	1400376	1754	2083	1500431	1754	2223	1600319	1754	2363	1700568	1754	2503	1800419	1754	2643	1900584	1754	2781	2000688	1754	2920	2100160	1754	3059	2200589	1754	3199	2300615	1754	3338	2400414	1754	3478	2500521	1754	3617	2600327	1754	3757	2700796	1754	3896	2800430	1754	4036	2900352	1754	4176	3000695	1754	4316	3100714	1754	4455	3200561	1754	4594	3300379	1754	4733	3400701	1754	4872	3500164	1754	
141	100473	1754	280	200479	1754	420	300632	1754	558	400591	1754	695	500687	1754	833	600304	1754	973	700164	1754	1112	800289	1754	1252	900378	1754	1393	1000755	1754	1533	1100227	1754	1672	1200274	1754	1811	1300328	1754	1949	1400118	1754	2087	1500067	1754	2227	1600632	1754	2366	1700334	1754	2506	1800468	1754	2645	1900483	1754	2785	2000582	1754	2924	2100539	1754	3063	2200224	1754	3202	2300070	1754	3342	2400420	1754	3481	2500568	1754	3622	2600615	1754	3761	2700618	1754	3899	2800343	1754	4038	2900184	1754	4178	3000194	1754	4318	3100388	1754	4456	3200198	1754	4595	3300121	1754	4736	3400571	1754	4874	3500671	1754	
1605	100055	168	3211	200048	168	4819	300035	168	6437	400065	168	8050	500056	168	9659	600054	168	11264	700053	168	12875	800054	168	14469	900011	168	16071	1000028	168	17668	1100042	168	19259	1200048	168	20863	1300021	168	22469	1400006	168	24070	1500034	148	25668	1600062	148	27271	1700044	148	28872	1800043	148	30479	1900048	148	32087	2000012	148	33702	2100049	148	35309	2200061	140	36898	2300062	140	38493	2400029	140	40092	2500048	140	41700	2600028	140	43308	2700061	140	44915	2800039	140	46524	2900060	140	48134	3000011	140	49747	3100050	140	51361	3200023	140	52970	3300013	140	54584	3400035	140	56190	3500066	140	
1604	100032	168	3196	200032	147	4799	300016	147	6410	400013	147	8018	500045	147	9621	600039	147	11216	700052	147	12809	800004	138	14426	900044	138	16024	1000009	138	17620	1100012	138	19224	1200015	138	20832	1300058	138	22446	1400057	138	24057	1500018	138	25670	1600066	138	27266	1700026	138	28868	1800050	128	30476	1900037	128	32080	2000045	128	33692	2100044	128	35302	2200056	128	36913	2300017	128	38524	2400024	128	40139	2500039	115	41748	2600046	115	43352	2700014	115	44963	2800030	115	46576	2900024	115	48178	3000068	115	49778	3100013	115	51380	3200049	115	52976	3300055	115	54588	3400056	115	56205	3500046	115	
1605	100023	168	3207	200023	159	4818	300021	159	6429	400015	159	8031	500049	159	9641	600034	159	11248	700023	159	12859	800009	159	14475	900037	159	16088	1000025	159	17690	1100023	159	19297	1200032	159	20898	1300026	159	22509	1400024	159	24112	1500025	159	25715	1600041	159	27321	1700010	159	28933	1800061	159	30531	1900025	159	32129	2000023	159	33735	2100041	159	35334	2200026	159	36936	2300014	159	38540	2400035	159	40143	2500023	159	41743	2600029	159	43354	2700020	159	44965	2800059	159	46582	2900010	159	48193	3000055	159	49796	3100032	159	51408	3200027	159	53011	3300046	159	54616	3400045	159	56231	3500037	159	
1612	100051	153	3212	200004	130	4825	300046	112	6433	400027	112	8046	500015	106	9645	600008	106	11262	700032	106	12872	800054	106	14484	900034	106	16091	1000042	106	17698	1100018	106	19289	1200045	106	20890	1300037	106	22498	1400039	106	24103	1500048	106	25702	1600059	106	27298	1700054	106	28906	1800004	106	30509	1900046	106	32120	2000025	106	33722	2100026	106	35313	2200056	106	36910	2300048	106	38518	2400031	106	40118	2500038	106	41713	2600008	106	43315	2700027	106	44927	2800009	106	46528	2900048	106	48125	3000053	106	49719	3100013	106	51326	3200016	106	52930	3300050	106	54531	3400066	106	56125	3500054	106	
1592	100038	154	3203	200008	146	4821	300057	146	6429	400021	146	8034	500047	146	9644	600060	146	11251	700064	146	12859	800057	146	14469	900039	146	16076	1000003	146	17667	1100032	146	19279	1200008	146	20875	1300036	146	22478	1400029	141	24084	1500062	118	25684	1600036	118	27287	1700065	118	28895	1800037	118	30502	1900011	118	32112	2000037	118	33715	2100053	118	35315	2200024	118	36924	2300016	118	38524	2400016	118	40125	2500021	118	41716	2600039	118	43315	2700034	118	44910	2800011	118	46508	2900013	118	48102	3000005	118	49704	3100024	118	51302	3200032	118	52907	3300044	118	54516	3400023	118	56117	3500015	118	
498	100058	1899	998	200041	1899	1501	300086	1807	2003	400086	1807	2506	500061	1807	3007	600202	1807	3507	700164	1807	4001	800027	1807	4500	900121	1807	5002	1000215	1807	5501	1100140	1807	6002	1200136	1807	6506	1300108	1807	7003	1400171	1807	7500	1500083	1807	8000	1600060	1807	8500	1700033	1807	9002	1800201	1807	9502	1900103	1807	9998	2000025	1807	10498	2100206	1807	10996	2200056	1807	11491	2300039	1807	11987	2400027	1807	12487	2500018	1807	12988	2600034	1807	13488	2700014	1807	13987	2800033	1807	14481	2900138	1807	14978	3000061	1807	15479	3100108	1807	15974	3200179	1807	16476	3300023	1807	16979	3400168	1807	17475	3500176	1807	
508	100181	1703	1008	200138	1703	1503	300130	1611	2003	400167	1611	2498	500019	1611	2992	600033	1611	3483	700040	1505	3970	800176	1505	4469	900035	1505	4967	1000192	1505	5467	1100065	1505	5963	1200162	1505	6460	1300059	1505	6955	1400038	1505	7451	1500148	1505	7950	1600206	1505	8447	1700087	1505	8940	1800035	1505	9440	1900068	1505	9937	2000077	1505	10438	2100055	1505	10936	2200166	1505	11433	2300026	1505	11931	2400117	1505	12431	2500050	1505	12930	2600092	1505	13424	2700036	1505	13923	2800137	1505	14418	2900068	1505	14912	3000053	1505	15408	3100087	1505	15895	3200132	1505	16393	3300190	1505	16893	3400142	1505	17385	3500175	1505	
503	100218	1674	1004	200165	1674	1504	300198	1674	2004	400196	1674	2505	500052	1674	3007	600198	1674	3502	700031	1581	4002	800086	1581	4501	900140	1581	4999	1000083	1581	5499	1100215	1581	5991	1200019	1581	6479	1300119	1581	6980	1400039	1581	7477	1500193	1581	7974	1600040	1581	8474	1700176	1581	8971	1800057	1581	9467	1900053	1581	9963	2000141	1581	10452	2100123	1581	10952	2200205	1581	11450	2300202	1581	11949	2400045	1581	12450	2500194	1581	12947	2600097	1581	13449	2700075	1581	13948	2800107	1581	14448	2900192	1581	14946	3000097	1581	15447	3100133	1581	15941	3200023	1581	16437	3300094	1581	16939	3400080	1581	17431	3500159	1581	
506	100125	1618	1004	200204	1530	1506	300062	1530	2010	400189	1530	2501	500141	1530	3003	600143	1530	3501	700048	1449	4000	800142	1376	4496	900164	1376	4994	1000207	1376	5476	1100028	1376	5963	1200153	1376	6455	1300158	1376	6953	1400038	1376	7450	1500049	1376	7946	1600069	1376	8439	1700071	1376	8935	1800118	1376	9431	1900178	1376	9929	2000094	1376	10428	2100105	1376	10927	2200122	1376	11423	2300038	1376	11921	2400055	1376	12409	2500205	1376	12906	2600114	1376	13400	2700146	1376	13897	2800032	1376	14395	2900211	1376	14889	3000105	1376	15385	3100019	1376	15883	3200167	1376	16370	3300191	1376	16865	3400047	1376	17364	3500043	1376	
500	100123	2017	1005	200162	1922	1504	300113	1922	2005	400104	1922	2502	500138	1922	2996	600208	1922	3501	700017	1816	4006	800016	1816	4510	900193	1734	5015	1000089	1734	5514	1100166	1734	6011	1200111	1734	6512	1300143	1734	7013	1400079	1734	7511	1500034	1734	8011	1600091	1734	8516	1700164	1734	9018	1800152	1734	9521	1900199	1734	10025	2000052	1734	10527	2100134	1734	11028	2200089	1734	11532	2300170	1734	12035	2400192	1734	12540	2500205	1734	13042	2600016	1734	13540	2700063	1734	14044	2800032	1734	14546	2900115	1734	15049	3000032	1734	15548	3100082	1734	16045	3200122	1734	16546	3300054	1734	17051	3400124	1734	17553	3500099	1734	
113	100831	50414	225	200465	50414	337	300471	50414	449	400508	50414	560	500317	50414	671	600197	50414	783	700237	50414	895	800730	50414	1007	900964	50414	1118	1000095	50414	1230	1100813	50414	1342	1200738	50414	1454	1300826	50414	1565	1400905	50414	1677	1500583	50414	1790	1600888	50414	1902	1700548	50414	2015	1800945	50414	2127	1900306	50414	2239	2000211	50414	2353	2100801	50414	2463	2200209	50414	2575	2300729	50414	2688	2400598	50414	2797	2500248	50414	2908	2600213	50414	3021	2700393	50414	3134	2800632	50414	3247	2900657	50414	3359	3000417	50414	3470	3100185	50414	3584	3200634	50414	3697	3300891	50414	3809	3400412	50414	3921	3500744	50414	
113	100478	50414	225	200751	50414	337	300388	50414	449	400236	50414	560	500620	50414	672	600379	49826	784	700347	49826	897	800501	49826	1009	900437	49826	1121	1000302	49826	1234	1100789	49826	1345	1200483	49826	1458	1300956	49826	1571	1400672	49826	1684	1500581	49826	1797	1600454	49826	1909	1700470	49826	2022	1800401	49826	2135	1900781	49826	2247	2000206	49826	2359	2100212	49826	2472	2200545	49826	2584	2300157	49187	2697	2400322	49187	2809	2500756	49187	2920	2600225	49187	3034	2700832	49187	3146	2800943	49187	3257	2900433	49187	3370	3000962	49187	3482	3100707	49187	3594	3200618	49187	3707	3300257	49187	3820	3400912	49187	3932	3500856	49187	
114	100589	50414	226	200328	50414	337	300590	50414	447	400085	50414	561	500916	50414	673	600206	50414	786	700485	49805	900	800829	49805	1012	900690	49805	1124	1000298	49805	1236	1100108	49805	1349	1200958	49805	1461	1300252	49180	1573	1400475	49180	1684	1500546	47328	1796	1600886	46695	1907	1700751	46695	2018	1800203	46059	2129	1900186	46059	2242	2000819	46059	2354	2100555	46059	2467	2200858	46059	2578	2300347	46059	2692	2400815	46059	2805	2500489	46059	2917	2600159	46059	3029	2700245	46059	3141	2800658	44763	3253	2900387	43487	3366	3000574	42867	3478	3100127	42867	3591	3200902	42867	3703	3300139	42867	3816	3400716	42867	3928	3500259	42867	
113	100301	50414	226	200771	50414	338	300734	50414	450	400493	50414	561	500299	50414	674	600342	50414	786	700588	50414	899	800150	50414	1012	900375	50414	1125	1000678	50414	1237	1100089	50414	1349	1200468	50414	1462	1300599	50414	1573	1400180	50414	1686	1500872	50414	1798	1600969	50414	1910	1700797	50414	2022	1800182	50414	2134	1900248	50414	2247	2000923	50414	2359	2100080	50414	2472	2200517	50414	2585	2300928	50414	2698	2400502	50414	2810	2500646	50414	2922	2600854	50414	3034	2700131	50414	3147	2800542	50414	3260	2900200	49803	3373	3000391	49803	3486	3100891	49803	3599	3200473	49803	3711	3300233	49803	3823	3400726	49803	3933	3500828	49803	
108	100629	50414	219	200385	50414	332	300552	50414	445	400802	50414	557	500603	50414	669	600127	50414	782	700907	50414	894	800952	50414	1006	900934	50414	1117	1000304	50414	1229	1100212	50414	1342	1200107	50414	1454	1300286	50414	1567	1400319	50414	1679	1500153	50414	1792	1600525	50414	1904	1700125	50414	2017	1800425	50414	2129	1900948	50414	2239	2000775	50414	2350	2100424	50414	2462	2200602	50414	2574	2300121	50414	2687	2400764	50414	2800	2500757	50414	2913	2600866	50414	3024	2700185	50414	3135	2800189	50414	3248	2900372	50414	3360	3000316	50414	3472	3100104	49787	3585	3200897	49787	3698	3300512	49787	3809	3400829	49787	3922	3500595	49787	
