wersja nr 3;wspolczynnik mutacji 0.200000;wielkosc populacji 15
980	100073	528	1953	200092	44	2917	300108	44	3884	400072	44	4857	500065	44	5824	600018	44	6794	700055	44	7769	800051	44	8732	900097	44	9705	1000055	44	10670	1100079	44	11640	1200065	44	12608	1300106	44	13575	1400008	44	14545	1500029	44	15515	1600061	44	16481	1700024	44	17448	1800042	44	18416	1900060	44	19385	2000014	44	20340	2100093	44	21295	2200101	44	22256	2300104	44	23222	2400088	44	24191	2500039	44	25163	2600027	44	26134	2700080	44	27105	2800034	44	28075	2900014	44	29041	3000096	44	30008	3100015	44	30974	3200090	44	31944	3300045	44	32919	3400066	44	33891	3500066	44	
976	100085	533	1948	200096	44	2913	300070	44	3880	400071	44	4846	500075	44	5813	600027	44	6787	700099	44	7759	800092	44	8729	900049	44	9697	1000043	44	10666	1100013	44	11643	1200094	44	12610	1300083	44	13575	1400073	44	14541	1500055	44	15507	1600079	44	16479	1700080	44	17447	1800051	44	18416	1900090	44	19385	2000032	44	20357	2100110	44	21322	2200006	44	22295	2300066	44	23270	2400086	44	24241	2500059	44	25207	2600056	44	26176	2700015	44	27151	2800104	44	28122	2900064	44	29095	3000046	44	30062	3100108	44	31032	3200050	44	32002	3300043	44	32974	3400048	44	33940	3500091	44	
975	100026	540	1944	200070	44	2914	300022	44	3887	400059	44	4855	500045	44	5826	600084	44	6798	700023	44	7767	800041	44	8740	900131	44	9713	1000090	44	10679	1100049	44	11650	1200066	44	12621	1300094	44	13590	1400090	44	14559	1500105	44	15529	1600047	44	16498	1700079	44	17471	1800008	44	18439	1900096	44	19408	2000076	44	20377	2100084	44	21346	2200017	44	22319	2300058	44	23292	2400081	44	24262	2500036	44	25232	2600046	44	26195	2700078	44	27164	2800016	44	28135	2900034	44	29102	3000083	44	30068	3100062	44	31032	3200068	44	32006	3300036	44	32978	3400085	44	33945	3500088	44	
976	100023	557	1945	200038	47	2917	300035	44	3887	400044	44	4854	500109	44	5819	600024	44	6789	700056	44	7758	800031	44	8729	900028	44	9695	1000023	44	10665	1100096	44	11634	1200022	44	12609	1300035	44	13576	1400096	44	14546	1500022	44	15519	1600073	44	16491	1700031	44	17461	1800014	44	18436	1900060	44	19407	2000019	44	20370	2100078	44	21339	2200078	44	22304	2300031	44	23268	2400118	44	24235	2500080	44	25203	2600105	44	26173	2700011	44	27141	2800054	44	28107	2900025	44	29075	3000028	44	30047	3100080	44	31016	3200069	44	31989	3300052	44	32958	3400057	44	33930	3500061	44	
977	100011	530	1945	200017	44	2912	300018	44	3878	400017	44	4844	500058	44	5817	600105	44	6786	700033	44	7757	800074	44	8728	900057	44	9699	1000026	44	10668	1100114	44	11637	1200008	44	12609	1300044	44	13581	1400011	44	14550	1500066	44	15520	1600078	44	16493	1700009	44	17461	1800090	44	18430	1900014	44	19401	2000108	44	20372	2100076	44	21346	2200094	44	22316	2300071	44	23288	2400101	44	24256	2500069	44	25223	2600024	44	26193	2700061	44	27161	2800013	44	28126	2900013	44	29095	3000064	44	30056	3100060	44	31026	3200073	44	31992	3300015	44	32959	3400104	44	33929	3500071	44	
1029	100017	353	2042	200025	46	3056	300058	46	4066	400093	46	5079	500037	46	6099	600055	46	7117	700077	46	8133	800060	46	9142	900084	46	10160	1000073	46	11175	1100022	46	12195	1200081	46	13214	1300082	46	14230	1400082	46	15248	1500022	46	16256	1600054	46	17271	1700007	46	18288	1800035	46	19301	1900012	46	20319	2000069	46	21336	2100096	46	22355	2200060	46	23369	2300098	46	24385	2400096	46	25399	2500056	46	26416	2600086	46	27432	2700057	46	28448	2800013	46	29458	2900039	46	30473	3000044	46	31486	3100083	46	32503	3200095	46	33519	3300030	46	34534	3400104	46	35544	3500035	46	
1023	100060	317	2032	200027	46	3047	300024	46	4062	400011	46	5074	500040	46	6086	600029	46	7101	700053	46	8113	800009	46	9125	900065	46	10131	1000086	46	11145	1100090	46	12160	1200017	46	13170	1300069	46	14175	1400058	46	15189	1500030	46	16207	1600097	46	17223	1700032	46	18243	1800025	46	19260	1900097	46	20272	2000025	46	21286	2100019	46	22301	2200046	46	23314	2300099	46	24328	2400065	46	25341	2500094	46	26355	2600020	46	27374	2700081	46	28392	2800099	46	29407	2900079	46	30423	3000073	46	31442	3100038	46	32457	3200058	46	33479	3300054	46	34494	3400057	46	35506	3500024	46	
1027	100070	331	2034	200043	46	3054	300076	46	4066	400026	46	5074	500044	46	6092	600020	46	7114	700098	46	8129	800056	46	9143	900092	46	10158	1000019	46	11171	1100066	46	12177	1200042	46	13194	1300039	46	14206	1400024	46	15219	1500054	46	16234	1600044	46	17253	1700041	46	18273	1800100	46	19283	1900103	46	20293	2000076	46	21308	2100072	46	22322	2200058	46	23338	2300042	46	24350	2400006	46	25363	2500026	46	26377	2600040	46	27386	2700086	46	28391	2800005	46	29402	2900064	46	30417	3000061	46	31433	3100009	46	32445	3200006	46	33464	3300022	46	34475	3400010	46	35494	3500096	46	
1027	100013	317	2044	200057	46	3054	300025	46	4070	400063	46	5080	500040	46	6093	600037	46	7100	700076	46	8101	800044	46	9117	900042	46	10133	1000072	46	11144	1100050	46	12163	1200037	46	13177	1300053	46	14187	1400012	46	15204	1500090	46	16218	1600036	46	17234	1700076	46	18253	1800006	46	19271	1900018	46	20280	2000080	46	21297	2100079	46	22314	2200038	46	23328	2300095	46	24335	2400046	46	25354	2500099	46	26369	2600016	46	27389	2700077	46	28403	2800014	46	29415	2900081	46	30424	3000102	46	31441	3100100	46	32457	3200085	46	33471	3300064	46	34484	3400043	46	35503	3500012	46	
1021	100045	303	2041	200087	46	3062	300050	46	4078	400018	46	5091	500028	46	6110	600065	46	7126	700032	46	8141	800053	46	9157	900079	46	10169	1000092	46	11183	1100037	46	12196	1200019	46	13218	1300097	46	14237	1400015	46	15253	1500035	46	16273	1600061	46	17294	1700048	46	18309	1800083	46	19320	1900029	46	20334	2000009	46	21351	2100016	46	22367	2200076	46	23380	2300029	46	24398	2400030	46	25417	2500091	46	26430	2600069	46	27442	2700049	46	28457	2800065	46	29468	2900006	46	30479	3000068	46	31494	3100099	46	32511	3200050	46	33529	3300044	46	34551	3400079	46	35571	3500053	46	
323	100308	4389	642	200066	3645	959	300334	2953	1277	400100	2366	1595	500223	1850	1911	600033	1393	2227	700206	987	2539	800032	672	2854	900289	414	3165	1000024	257	3475	1100088	205	3781	1200063	200	4088	1300309	200	4393	1400216	200	4701	1500341	200	5008	1600316	200	5313	1700073	200	5621	1800327	200	5928	1900196	200	6235	2000180	200	6541	2100027	200	6847	2200043	200	7154	2300188	200	7461	2400090	200	7768	2500045	200	8075	2600207	200	8382	2700140	200	8689	2800044	200	8995	2900209	200	9303	3000309	200	9610	3100061	200	9918	3200039	200	10225	3300298	200	10532	3400297	200	10838	3500053	200	
320	100148	4416	638	200235	3647	955	300162	2979	1273	400201	2380	1590	500145	1861	1903	600211	1382	2216	700043	996	2528	800130	674	2841	900069	426	3153	1000273	260	3461	1100140	208	3770	1200321	200	4075	1300051	200	4382	1400091	200	4690	1500157	200	4998	1600295	200	5306	1700338	200	5613	1800289	200	5920	1900338	200	6224	2000308	200	6527	2100218	200	6833	2200125	200	7139	2300260	200	7444	2400049	200	7752	2500269	200	8058	2600197	200	8364	2700218	200	8672	2800272	200	8978	2900322	200	9284	3000045	200	9591	3100195	200	9898	3200187	200	10204	3300098	200	10511	3400340	200	10817	3500088	200	
323	100289	4418	643	200072	3688	963	300175	3000	1282	400096	2392	1600	500225	1873	1915	600301	1412	2231	700109	1015	2547	800323	683	2859	900141	432	3172	1000148	253	3481	1100279	204	3787	1200234	200	4095	1300268	200	4402	1400258	200	4709	1500101	200	5015	1600080	200	5322	1700065	200	5626	1800048	200	5932	1900310	200	6237	2000292	200	6545	2100328	200	6851	2200106	200	7159	2300254	200	7465	2400129	200	7772	2500303	200	8078	2600259	200	8385	2700228	200	8692	2800343	200	8998	2900209	200	9304	3000079	200	9612	3100080	200	9919	3200246	200	10226	3300341	200	10532	3400064	200	10839	3500120	200	
322	100267	4404	643	200183	3687	961	300242	2979	1280	400306	2376	1597	500178	1857	1913	600042	1400	2229	700050	997	2543	800110	660	2856	900246	402	3168	1000049	250	3478	1100029	200	3786	1200270	200	4093	1300154	200	4399	1400065	200	4706	1500027	200	5014	1600279	200	5321	1700180	200	5627	1800144	200	5934	1900159	200	6241	2000164	200	6548	2100129	200	6855	2200115	200	7160	2300173	200	7466	2400068	200	7773	2500110	200	8079	2600062	200	8387	2700176	200	8695	2800328	200	9001	2900065	200	9308	3000127	200	9614	3100244	200	9920	3200207	200	10227	3300106	200	10534	3400223	200	10840	3500240	200	
323	100110	4394	644	200054	3636	964	300031	2960	1283	400177	2370	1600	500169	1833	1916	600306	1370	2228	700022	979	2542	800090	659	2857	900213	411	3169	1000309	257	3477	1100096	200	3784	1200183	200	4090	1300243	200	4396	1400078	200	4703	1500318	200	5010	1600347	200	5315	1700135	200	5621	1800050	200	5929	1900292	200	6235	2000062	200	6542	2100065	200	6850	2200329	200	7156	2300104	200	7462	2400293	200	7768	2500037	200	8076	2600255	200	8383	2700137	200	8689	2800242	200	8994	2900026	200	9301	3000245	200	9608	3100302	200	9914	3200297	200	10220	3300244	200	10527	3400274	200	10831	3500269	200	
324	100260	4235	651	200310	3444	979	300132	2611	1302	400190	1848	1625	500103	1144	1951	600299	613	2269	700174	315	2586	800206	206	2899	900248	205	3211	1000258	205	3523	1100168	205	3836	1200333	205	4148	1300309	205	4460	1400076	205	4773	1500240	205	5084	1600170	205	5396	1700338	205	5708	1800218	205	6020	1900305	205	6333	2000315	205	6645	2100232	205	6956	2200078	205	7266	2300154	205	7577	2400046	205	7890	2500134	205	8203	2600262	205	8515	2700051	205	8823	2800051	205	9136	2900218	205	9449	3000255	205	9759	3100060	205	10072	3200206	205	10384	3300240	205	10695	3400170	205	11005	3500064	205	
329	100302	4251	656	200119	3447	984	300272	2635	1312	400173	1864	1637	500299	1172	1959	600242	620	2278	700137	326	2595	800230	209	2906	900172	205	3219	1000093	205	3532	1100150	205	3844	1200155	205	4155	1300036	205	4467	1400101	205	4778	1500247	205	5089	1600230	205	5401	1700163	205	5712	1800030	205	6024	1900037	205	6337	2000198	205	6647	2100220	205	6959	2200177	205	7269	2300284	205	7581	2400159	205	7894	2500318	205	8205	2600043	205	8517	2700316	205	8829	2800284	205	9141	2900212	205	9452	3000319	205	9763	3100031	205	10076	3200281	205	10387	3300213	205	10699	3400175	205	11012	3500083	205	
330	100136	4228	657	200060	3433	983	300024	2650	1312	400106	1897	1637	500138	1174	1961	600301	645	2279	700140	314	2595	800250	216	2902	900030	205	3215	1000233	205	3526	1100276	205	3837	1200159	205	4148	1300220	205	4460	1400152	205	4769	1500201	205	5082	1600121	205	5393	1700119	205	5705	1800072	205	6017	1900227	205	6329	2000232	205	6641	2100139	205	6953	2200247	205	7264	2300205	205	7577	2400081	205	7887	2500172	205	8195	2600244	205	8503	2700107	205	8815	2800258	205	9126	2900189	205	9437	3000274	205	9748	3100218	205	10057	3200153	205	10369	3300043	205	10679	3400105	205	10992	3500243	205	
330	100149	4266	659	200153	3476	987	300086	2662	1315	400211	1868	1641	500242	1148	1962	600090	641	2282	700180	338	2600	800271	205	2911	900132	205	3221	1000261	205	3533	1100175	205	3844	1200339	205	4155	1300060	205	4469	1400306	205	4782	1500257	205	5092	1600286	205	5404	1700062	205	5716	1800273	205	6028	1900065	205	6342	2000146	205	6655	2100292	205	6965	2200240	205	7277	2300301	205	7589	2400237	205	7902	2500041	205	8215	2600194	205	8529	2700276	205	8841	2800191	205	9151	2900282	205	9460	3000348	205	9772	3100147	205	10084	3200314	205	10396	3300212	205	10707	3400058	205	11021	3500143	205	
329	100081	4221	658	200075	3397	986	300259	2571	1313	400064	1783	1638	500270	1077	1962	600143	542	2283	700295	296	2599	800238	206	2912	900205	205	3226	1000286	205	3537	1100065	205	3849	1200058	205	4162	1300089	205	4474	1400276	205	4784	1500137	205	5095	1600211	205	5408	1700277	205	5720	1800234	205	6033	1900273	205	6343	2000050	205	6657	2100327	205	6968	2200053	205	7279	2300083	205	7589	2400033	205	7902	2500211	205	8216	2600316	205	8527	2700232	205	8838	2800305	205	9150	2900198	205	9459	3000127	205	9770	3100202	205	10080	3200022	205	10393	3300302	205	10706	3400262	205	11018	3500229	205	
71	101524	24673	139	200404	24104	208	300861	23541	277	401021	22966	346	500718	22416	416	600659	21870	486	700609	21315	556	800661	20772	626	900376	20227	696	1000353	19722	766	1100262	19180	836	1200903	18653	906	1300953	18131	976	1401528	17615	1046	1501133	17139	1116	1600926	16637	1186	1700817	16124	1256	1800947	15655	1326	1900499	15231	1397	2001315	14798	1467	2101040	14367	1537	2200569	13971	1608	2301270	13583	1678	2400852	13197	1748	2500700	12810	1818	2600777	12461	1888	2700810	12105	1958	2800496	11772	2029	2901533	11452	2098	3000477	11119	2168	3101314	10802	2238	3200831	10508	2308	3300661	10202	2378	3401209	9908	2448	3501230	9659	
71	101154	24661	141	200896	24069	211	300995	23495	281	400991	22910	351	500995	22326	421	600372	21771	492	700811	21212	562	800347	20683	632	901240	20140	701	1000550	19605	771	1100472	19067	842	1201365	18539	912	1301254	18032	982	1401382	17527	1052	1500876	17044	1122	1600265	16584	1192	1700238	16123	1262	1800254	15665	1332	1900580	15205	1402	2000129	14783	1473	2100880	14355	1543	2200985	13946	1613	2300648	13538	1683	2400781	13139	1753	2501273	12755	1822	2600600	12364	1892	2700512	12001	1962	2800187	11648	2033	2901170	11302	2103	3001346	10947	2173	3101272	10629	2243	3201243	10312	2313	3301151	10038	2383	3400773	9761	2453	3500654	9491	
71	100662	24668	142	201321	24070	212	301465	23509	282	401059	22936	352	501521	22343	422	601452	21786	491	700575	21247	562	801438	20724	632	901079	20195	702	1001096	19657	772	1101274	19131	841	1200372	18610	911	1301113	18094	980	1400241	17592	1050	1500791	17080	1120	1600689	16598	1190	1700144	16140	1260	1801160	15688	1330	1900993	15250	1400	2000850	14822	1470	2100631	14402	1540	2200121	14000	1611	2301247	13592	1681	2401034	13206	1751	2501348	12833	1821	2601405	12459	1891	2701350	12087	1961	2800771	11724	2031	2900281	11375	2102	3001457	11054	2171	3100308	10763	2241	3200654	10463	2311	3300862	10192	2381	3400489	9917	2451	3500764	9658	
70	100647	24705	140	201205	24126	209	300908	23546	278	400972	22963	348	501143	22385	417	600130	21800	488	701018	21258	558	800909	20706	628	900297	20168	699	1001083	19599	769	1100822	19076	839	1201368	18563	909	1301452	18042	979	1401388	17535	1049	1501098	17022	1119	1600684	16526	1189	1700659	16027	1259	1800395	15564	1330	1901525	15122	1399	2000661	14683	1469	2100786	14262	1539	2200292	13834	1609	2300702	13436	1679	2400276	13046	1750	2500955	12686	1820	2601089	12316	1890	2700790	11964	1960	2800345	11605	2030	2900534	11272	2101	3001440	10951	2170	3100339	10647	2240	3200220	10355	2311	3301337	10083	2381	3401450	9820	2450	3500416	9561	
70	100251	24658	140	200843	24049	210	301335	23444	279	400705	22867	349	500831	22318	419	601208	21768	489	701196	21238	559	800499	20697	630	901210	20140	700	1001192	19595	769	1100176	19081	840	1201206	18569	910	1300818	18071	980	1400184	17589	1051	1500787	17108	1122	1601520	16651	1192	1701431	16169	1262	1801200	15700	1332	1900861	15260	1402	2000143	14823	1473	2101345	14424	1543	2200558	13980	1614	2301330	13577	1684	2401585	13227	1753	2500732	12883	1823	2601168	12508	1893	2700965	12145	1963	2801114	11799	2033	2900699	11478	2103	3001337	11179	2172	3101028	10868	2242	3201440	10566	2311	3300908	10265	2381	3401451	9998	2451	3500867	9719	
72	100764	24628	144	201195	24039	216	301384	23500	288	401477	22940	360	501181	22357	432	601421	21801	503	701038	21264	574	800289	20710	646	900863	20134	717	1000125	19558	789	1100469	18963	861	1200693	18403	933	1301474	17829	1004	1401420	17256	1075	1500230	16679	1147	1600207	16120	1219	1700750	15538	1290	1800184	14922	1362	1900963	14327	1433	2000155	13723	1505	2100892	13138	1577	2201458	12595	1648	2301428	12056	1719	2401017	11485	1790	2500158	10966	1862	2601171	10401	1933	2700936	9858	2004	2801219	9316	2075	2901029	8779	2146	3000370	8247	2217	3100783	7730	2288	3200534	7230	2360	3301333	6757	2431	3400870	6364	2502	3500320	5957	
72	100345	24584	144	201140	23990	215	301375	23420	286	400625	22831	357	500641	22284	428	600250	21697	500	700281	21117	573	801519	20547	643	900276	19998	714	1000305	19458	786	1100777	18866	858	1201357	18252	929	1300453	17667	1001	1400275	17084	1073	1500794	16543	1145	1601257	15971	1216	1700748	15418	1286	1800380	14870	1358	1900922	14316	1430	2000583	13785	1502	2101008	13240	1573	2201441	12688	1644	2300713	12142	1715	2400315	11605	1787	2501150	11041	1858	2601304	10485	1929	2700611	9962	2000	2800977	9445	2071	2900399	8904	2142	3000347	8378	2214	3101220	7877	2285	3200850	7412	2356	3300716	6962	2427	3400742	6515	2497	3501218	6123	
72	100399	24598	143	200665	24062	213	300253	23516	284	400718	22923	355	500742	22385	425	600479	21844	496	700519	21317	568	800857	20775	640	901124	20219	711	1000817	19650	783	1101001	19102	855	1201257	18547	927	1301263	18015	998	1400652	17441	1070	1501055	16875	1141	1600592	16341	1213	1701075	15767	1285	1801489	15192	1356	1900284	14625	1428	2000799	14056	1500	2101016	13511	1571	2200844	12954	1642	2300566	12393	1713	2400737	11811	1784	2501166	11276	1855	2601135	10716	1926	2700308	10146	1998	2801493	9606	2069	2900931	9060	2140	3001123	8551	2211	3101406	8063	2282	3201317	7569	2353	3300751	7120	2424	3401306	6687	2495	3501367	6262	
72	100376	24636	144	200611	24083	216	300827	23500	287	400752	22917	359	500903	22335	431	601276	21764	502	700332	21201	574	801137	20644	645	900216	20080	716	1000141	19501	787	1100670	18955	859	1200996	18389	930	1300310	17846	1002	1400840	17287	1073	1500709	16747	1145	1600907	16185	1216	1700130	15610	1289	1801350	15030	1360	1900187	14464	1432	2000380	13928	1504	2100864	13374	1576	2201196	12803	1647	2300450	12234	1718	2400494	11666	1790	2501191	11127	1861	2600539	10585	1933	2701288	10047	2003	2800149	9522	2075	2901481	8988	2146	3000604	8456	2217	3100704	7983	2288	3200875	7537	2358	3300185	7102	2429	3400812	6671	2499	3501195	6244	
72	100966	24573	143	200236	24021	215	300579	23447	286	400131	22870	357	500469	22302	428	600470	21713	500	700346	21165	572	800743	20589	643	900545	20019	715	1000318	19480	787	1100974	18892	858	1200633	18331	930	1301203	17711	1001	1400790	17117	1073	1501363	16525	1144	1600639	15929	1215	1700414	15332	1286	1800707	14747	1357	1901286	14153	1428	2001513	13567	1499	2100835	12988	1570	2200948	12420	1642	2301353	11859	1713	2400976	11327	1784	2500690	10790	1856	2600906	10232	1928	2701491	9665	1999	2801253	9157	2070	2901422	8622	2140	3001459	8130	2210	3100383	7685	2281	3200127	7213	2352	3300372	6773	2423	3400353	6349	2494	3500141	5905	
1169	100030	47	2343	200030	47	3523	300086	47	4692	400031	47	5867	500011	47	7044	600041	47	8221	700028	47	9399	800075	47	10577	900062	47	11752	1000044	47	12925	1100067	47	14100	1200060	47	15273	1300009	47	16441	1400015	47	17616	1500018	47	18787	1600063	47	19958	1700053	47	21130	1800089	47	22306	1900031	47	23476	2000027	47	24649	2100048	47	25820	2200076	47	26994	2300017	47	28170	2400065	47	29349	2500036	47	30521	2600068	47	31694	2700009	47	32860	2800063	47	34022	2900086	47	35194	3000080	47	36365	3100038	47	37532	3200036	47	38709	3300062	47	39885	3400014	47	41066	3500037	47	
1169	100008	47	2343	200043	47	3514	300048	47	4690	400062	47	5864	500079	47	7029	600047	47	8202	700011	47	9372	800080	47	10545	900061	47	11722	1000053	47	12898	1100015	47	14076	1200062	47	15250	1300054	47	16427	1400061	47	17599	1500039	47	18774	1600010	47	19945	1700072	47	21114	1800028	47	22294	1900073	47	23473	2000088	47	24648	2100037	47	25815	2200037	47	26984	2300079	47	28161	2400042	47	29329	2500020	47	30504	2600075	47	31674	2700035	47	32851	2800045	47	34024	2900052	47	35191	3000026	47	36363	3100086	47	37539	3200013	47	38708	3300042	47	39879	3400043	47	41058	3500033	47	
1173	100033	47	2346	200012	47	3520	300017	47	4692	400010	47	5861	500027	47	7025	600074	47	8199	700071	47	9372	800035	47	10548	900071	47	11721	1000056	47	12890	1100009	47	14065	1200084	47	15243	1300029	47	16414	1400068	47	17585	1500075	47	18758	1600050	47	19932	1700050	47	21110	1800066	47	22288	1900086	47	23463	2000035	47	24636	2100074	47	25809	2200008	47	26987	2300069	47	28164	2400037	47	29343	2500077	47	30518	2600021	47	31691	2700044	47	32865	2800089	47	34040	2900074	47	35214	3000058	47	36384	3100056	47	37554	3200089	47	38729	3300025	47	39899	3400027	47	41075	3500052	47	
1171	100043	47	2347	200051	47	3521	300044	47	4697	400044	47	5871	500079	47	7049	600048	47	8225	700042	47	9396	800079	47	10565	900017	47	11734	1000013	47	12899	1100079	47	14074	1200022	47	15248	1300039	47	16421	1400020	47	17598	1500046	47	18776	1600077	47	19951	1700042	47	21130	1800071	47	22301	1900018	47	23474	2000005	47	24647	2100005	47	25815	2200017	47	26989	2300011	47	28160	2400034	47	29336	2500065	47	30504	2600054	47	31677	2700052	47	32853	2800088	47	34029	2900085	47	35207	3000065	47	36381	3100011	47	37553	3200008	47	38727	3300083	47	39900	3400033	47	41071	3500039	47	
1175	100094	47	2347	200031	47	3522	300063	47	4696	400033	47	5867	500064	47	7040	600083	47	8212	700029	47	9378	800013	47	10550	900047	47	11728	1000048	47	12905	1100048	47	14074	1200038	47	15244	1300039	47	16421	1400058	47	17599	1500013	47	18769	1600024	47	19941	1700068	47	21111	1800009	47	22287	1900048	47	23461	2000042	47	24629	2100016	47	25793	2200035	47	26969	2300044	47	28143	2400059	47	29321	2500087	47	30489	2600028	47	31662	2700026	47	32839	2800058	47	34016	2900046	47	35190	3000026	47	36364	3100083	47	37538	3200081	47	38708	3300069	47	39877	3400067	47	41042	3500067	47	
1316	100041	53	2624	200022	53	3937	300053	53	5255	400044	53	6573	500010	53	7892	600071	53	9208	700029	53	10530	800056	53	11843	900051	53	13162	1000016	53	14477	1100037	53	15797	1200010	53	17115	1300013	53	18425	1400074	53	19731	1500072	53	21046	1600062	53	22363	1700057	53	23681	1800062	53	24996	1900078	53	26310	2000074	53	27619	2100073	53	28932	2200034	53	30250	2300068	53	31569	2400013	53	32882	2500043	53	34198	2600035	53	35515	2700046	53	36832	2800023	53	38154	2900020	53	39475	3000037	53	40791	3100027	53	42109	3200027	53	43432	3300067	53	44752	3400079	53	46065	3500007	53	
1310	100061	53	2621	200066	53	3935	300053	53	5253	400078	53	6568	500053	53	7886	600016	53	9211	700043	53	10527	800053	53	11846	900078	53	13148	1000042	53	14462	1100060	53	15768	1200039	53	17087	1300012	53	18409	1400063	53	19722	1500003	53	21038	1600049	53	22354	1700033	53	23661	1800008	53	24972	1900075	53	26282	2000060	53	27589	2100040	53	28905	2200048	53	30225	2300029	53	31544	2400050	53	32864	2500070	53	34177	2600012	53	35496	2700059	53	36817	2800036	53	38115	2900017	53	39433	3000034	53	40748	3100030	53	42061	3200022	53	43377	3300018	53	44694	3400024	53	46008	3500042	53	
1320	100079	53	2631	200066	53	3930	300036	53	5234	400013	53	6553	500022	53	7861	600033	53	9176	700055	53	10490	800074	53	11804	900066	53	13122	1000067	53	14442	1100052	53	15764	1200051	53	17078	1300061	53	18388	1400010	53	19707	1500052	53	21031	1600049	53	22344	1700029	53	23661	1800060	53	24978	1900070	53	26290	2000070	53	27603	2100039	53	28919	2200066	53	30239	2300073	53	31560	2400010	53	32880	2500073	53	34193	2600040	53	35506	2700038	53	36821	2800023	53	38133	2900017	53	39446	3000007	53	40759	3100045	53	42064	3200049	53	43377	3300047	53	44691	3400036	53	46012	3500024	53	
1311	100013	53	2629	200024	53	3938	300075	53	5256	400069	53	6569	500026	53	7889	600066	53	9206	700046	53	10516	800031	53	11827	900045	53	13139	1000059	53	14451	1100072	53	15770	1200049	53	17084	1300057	53	18392	1400016	53	19712	1500067	53	21029	1600024	53	22343	1700023	53	23662	1800005	53	24976	1900020	53	26295	2000008	53	27619	2100070	53	28935	2200051	53	30245	2300013	53	31552	2400011	53	32854	2500019	53	34168	2600078	53	35482	2700047	53	36797	2800051	53	38111	2900063	53	39420	3000020	53	40741	3100009	53	42057	3200074	53	43370	3300077	53	44682	3400067	53	45994	3500006	53	
1315	100059	53	2623	200029	53	3936	300054	53	5252	400075	53	6563	500041	53	7883	600057	53	9204	700033	53	10524	800021	53	11840	900012	53	13146	1000036	53	14453	1100043	53	15768	1200020	53	17084	1300055	53	18400	1400066	53	19723	1500061	53	21032	1600062	53	22348	1700025	53	23663	1800077	53	24981	1900070	53	26299	2000077	53	27615	2100071	53	28932	2200043	53	30250	2300057	53	31562	2400055	53	32874	2500068	53	34187	2600032	53	35506	2700040	53	36825	2800076	53	38137	2900050	53	39450	3000065	53	40765	3100005	53	42078	3200053	53	43399	3300050	53	44721	3400065	53	46036	3500042	53	
339	100088	191	671	200133	191	1004	300115	191	1338	400281	191	1672	500128	191	2006	600261	191	2341	700182	191	2677	800038	191	3014	900206	191	3348	1000046	191	3681	1100172	191	4016	1200118	191	4352	1300273	191	4686	1400056	191	5022	1500323	191	5355	1600303	191	5689	1700197	191	6024	1800141	191	6356	1900193	191	6690	2000079	191	7027	2100311	191	7362	2200310	191	7698	2300261	191	8034	2400083	191	8370	2500304	191	8703	2600111	191	9034	2700308	191	9369	2800227	191	9704	2900222	191	10041	3000140	191	10377	3100032	191	10713	3200055	191	11048	3300086	191	11382	3400180	191	11717	3500185	191	
339	100164	191	673	200158	191	1009	300257	191	1345	400197	191	1680	500206	191	2014	600129	191	2349	700202	191	2685	800222	191	3022	900233	191	3356	1000142	191	3687	1100263	191	4020	1200132	191	4356	1300313	191	4691	1400074	191	5025	1500022	191	5360	1600197	191	5694	1700214	191	6027	1800148	191	6358	1900022	191	6692	2000189	191	7025	2100031	191	7361	2200258	191	7696	2300055	191	8033	2400167	191	8366	2500316	191	8701	2600204	191	9038	2700252	191	9374	2800177	191	9710	2900106	191	10047	3000248	191	10384	3100194	191	10720	3200127	191	11057	3300270	191	11392	3400205	191	11729	3500245	191	
342	100154	191	678	200260	191	1012	300074	191	1349	400046	191	1685	500103	191	2020	600193	191	2355	700278	191	2691	800195	191	3027	900074	191	3363	1000113	191	3699	1100298	191	4034	1200220	191	4368	1300063	191	4703	1400025	191	5036	1500231	191	5370	1600292	191	5705	1700310	191	6041	1800207	191	6375	1900200	191	6710	2000031	191	7047	2100059	191	7383	2200236	191	7717	2300159	191	8051	2400208	191	8387	2500128	191	8722	2600304	191	9053	2700047	191	9390	2800245	191	9724	2900256	191	10058	3000158	191	10394	3100244	191	10729	3200314	191	11064	3300187	191	11400	3400138	191	11733	3500324	191	
339	100084	191	672	200184	191	1005	300292	191	1339	400166	191	1671	500032	191	2007	600185	191	2342	700097	191	2676	800153	191	3010	900076	191	3345	1000083	191	3680	1100103	191	4015	1200031	191	4351	1300258	191	4684	1400244	191	5018	1500099	191	5354	1600265	191	5687	1700044	191	6023	1800231	191	6360	1900160	191	6695	2000047	191	7028	2100308	191	7363	2200191	191	7699	2300215	191	8034	2400321	191	8365	2500268	191	8700	2600181	191	9035	2700159	191	9371	2800315	191	9706	2900214	191	10043	3000262	191	10376	3100022	191	10711	3200208	191	11046	3300310	191	11381	3400040	191	11718	3500095	191	
334	100082	191	669	200214	191	1005	300247	191	1341	400252	191	1676	500209	191	2009	600046	191	2344	700188	191	2680	800213	191	3014	900048	191	3350	1000199	191	3686	1100276	191	4019	1200122	191	4356	1300177	191	4693	1400131	191	5028	1500168	191	5363	1600324	191	5697	1700023	191	6033	1800303	191	6366	1900257	191	6698	2000043	191	7030	2100238	191	7366	2200236	191	7699	2300112	191	8033	2400153	191	8366	2500037	191	8697	2600120	191	9032	2700087	191	9366	2800285	191	9699	2900076	191	10035	3000310	191	10370	3100259	191	10705	3200120	191	11038	3300106	191	11375	3400290	191	11708	3500204	191	
366	100054	194	727	200240	194	1090	300091	194	1451	400022	194	1812	500234	194	2174	600214	194	2538	700112	194	2902	800031	194	3266	900285	194	3628	1000086	194	3986	1100248	194	4349	1200036	194	4710	1300186	194	5073	1400125	194	5435	1500150	194	5797	1600067	194	6158	1700153	194	6521	1800246	194	6885	1900218	194	7246	2000245	194	7606	2100064	194	7969	2200214	194	8324	2300122	194	8685	2400112	194	9047	2500149	194	9406	2600083	194	9766	2700274	194	10128	2800179	194	10491	2900033	194	10853	3000029	194	11216	3100129	194	11578	3200059	194	11943	3300283	194	12302	3400117	194	12666	3500258	194	
366	100034	194	725	200104	194	1086	300203	194	1449	400185	194	1812	500025	194	2175	600213	194	2535	700254	194	2897	800287	194	3260	900026	194	3624	1000238	194	3986	1100093	194	4347	1200182	194	4708	1300256	194	5068	1400132	194	5425	1500074	194	5789	1600172	194	6153	1700280	194	6514	1800048	194	6877	1900282	194	7238	2000121	194	7601	2100094	194	7962	2200264	194	8322	2300113	194	8684	2400256	194	9044	2500184	194	9404	2600071	194	9762	2700190	194	10123	2800229	194	10486	2900194	194	10848	3000272	194	11211	3100224	194	11573	3200039	194	11938	3300245	194	12301	3400246	194	12662	3500182	194	
367	100155	194	729	200204	194	1092	300131	194	1452	400169	194	1815	500292	194	2176	600241	194	2537	700220	194	2893	800037	194	3253	900212	194	3615	1000134	194	3977	1100084	194	4339	1200138	194	4701	1300110	194	5060	1400171	194	5423	1500086	194	5787	1600204	194	6148	1700086	194	6509	1800238	194	6871	1900177	194	7231	2000171	194	7594	2100052	194	7957	2200028	194	8319	2300092	194	8680	2400224	194	9039	2500082	194	9401	2600106	194	9761	2700094	194	10122	2800176	194	10485	2900051	194	10847	3000035	194	11210	3100063	194	11572	3200098	194	11933	3300183	194	12295	3400287	194	12657	3500088	194	
367	100273	194	729	200057	194	1092	300170	194	1456	400162	194	1819	500107	194	2181	600086	194	2542	700224	194	2904	800293	194	3266	900192	194	3628	1000019	194	3993	1100257	194	4354	1200090	194	4718	1300244	194	5082	1400285	194	5446	1500130	194	5808	1600239	194	6167	1700081	194	6531	1800238	194	6892	1900055	194	7255	2000209	194	7617	2100086	194	7977	2200230	194	8336	2300077	194	8698	2400072	194	9055	2500096	194	9418	2600120	194	9781	2700158	194	10140	2800258	194	10502	2900189	194	10865	3000127	194	11228	3100142	194	11590	3200257	194	11950	3300249	194	12311	3400140	194	12671	3500180	194	
366	100071	194	728	200090	194	1088	300105	194	1450	400023	194	1813	500194	194	2175	600097	194	2537	700218	194	2899	800205	194	3262	900029	194	3623	1000119	194	3984	1100044	194	4347	1200093	194	4709	1300068	194	5073	1400266	194	5435	1500119	194	5798	1600202	194	6160	1700188	194	6520	1800234	194	6882	1900294	194	7243	2000273	194	7607	2100289	194	7969	2200111	194	8333	2300116	194	8697	2400095	194	9060	2500265	194	9423	2600150	194	9785	2700036	194	10147	2800019	194	10512	2900240	194	10873	3000284	194	11236	3100199	194	11598	3200031	194	11962	3300047	194	12323	3400179	194	12683	3500211	194	
84	101299	1572	166	200447	1390	248	300475	1250	330	400176	1170	412	500318	1115	492	600722	1080	572	700861	1047	653	801021	1029	733	900297	1012	814	1001018	1004	894	1100338	990	975	1201045	978	1055	1301160	976	1134	1400132	972	1214	1500497	970	1294	1600844	969	1373	1700117	969	1453	1800360	968	1533	1900769	968	1611	2001364	966	1689	2100325	965	1769	2200447	965	1849	2300759	965	1928	2400911	965	2008	2500957	965	2088	2601079	965	2167	2700491	965	2247	2800943	965	2326	2900533	965	2405	3000686	965	2484	3101219	965	2563	3200754	965	2643	3301108	965	2723	3401016	965	2803	3500855	965	
84	101169	1568	166	200497	1397	249	301084	1283	331	400900	1188	412	500641	1130	492	600122	1094	574	701234	1065	655	801167	1031	735	900737	1011	815	1001040	996	895	1100271	986	975	1200503	982	1055	1300671	977	1135	1400939	974	1214	1500189	974	1294	1601131	971	1373	1701244	971	1453	1801282	971	1531	1900128	971	1611	2000319	970	1688	2100301	966	1767	2200605	965	1846	2300249	965	1926	2400454	965	2006	2500282	965	2086	2600460	965	2166	2700847	965	2246	2800988	965	2325	2900585	965	2404	3000193	965	2484	3100840	965	2564	3201016	965	2644	3301231	965	2723	3400317	965	2803	3500629	965	
84	101076	1558	166	200847	1380	248	300527	1275	330	400527	1198	412	500754	1142	493	600790	1106	574	700955	1074	655	800948	1041	735	901235	1025	813	1000231	1011	894	1101270	996	972	1200335	986	1052	1300237	977	1132	1400201	972	1213	1501335	972	1292	1600231	971	1372	1700108	967	1452	1800247	967	1533	1901338	966	1612	2000683	966	1692	2101275	965	1771	2200665	965	1851	2301180	965	1930	2400539	965	2010	2500419	965	2090	2600432	965	2169	2701205	965	2248	2800176	965	2327	2900613	965	2405	3000706	965	2485	3100800	965	2565	3201137	965	2644	3300558	965	2723	3400226	965	2803	3500573	965	
84	101233	1546	166	200103	1355	248	300489	1242	330	401008	1149	411	500406	1096	493	601313	1053	573	701224	1034	653	800806	1021	733	900842	1007	814	1001139	993	894	1101289	986	974	1200856	978	1054	1300809	973	1134	1401123	973	1214	1501309	971	1293	1600510	971	1373	1701281	970	1452	1800389	969	1532	1900907	969	1612	2001191	969	1692	2101127	968	1772	2201220	967	1851	2301290	965	1930	2400553	965	2010	2500676	965	2090	2600613	965	2170	2701105	965	2248	2800663	965	2328	2900954	965	2407	3000414	965	2487	3100771	965	2566	3201010	965	2645	3300347	965	2725	3400372	965	2804	3500253	965	
83	100443	1574	165	200175	1402	246	300541	1265	328	400731	1171	410	501252	1115	491	601237	1067	571	700796	1047	652	800788	1021	731	900183	1009	812	1001121	996	892	1100962	988	972	1200988	984	1052	1300717	974	1132	1400494	971	1212	1500562	970	1292	1600506	969	1372	1700523	966	1452	1800740	966	1532	1901231	966	1611	2000413	965	1691	2100709	965	1770	2200862	965	1848	2300404	965	1928	2400334	965	2008	2501083	965	2088	2601000	965	2168	2701029	965	2247	2800212	965	2327	2900622	965	2407	3000339	965	2487	3101327	965	2567	3201089	965	2646	3300117	965	2726	3400809	965	2805	3501335	965	
90	100333	1551	180	200566	1361	269	300422	1220	358	401018	1126	445	500517	1067	532	600517	1023	619	700582	986	706	800795	966	792	901052	957	878	1000806	949	964	1100113	942	1049	1200459	938	1135	1300379	936	1221	1400167	934	1308	1500944	933	1394	1600770	933	1480	1700376	932	1566	1800421	932	1652	1900091	932	1738	2000281	932	1824	2100510	932	1910	2200514	932	1996	2300425	932	2082	2400530	932	2167	2500437	932	2253	2600380	932	2339	2700329	932	2425	2800970	932	2511	2900776	932	2597	3000517	932	2683	3100445	932	2769	3200977	932	2854	3300415	932	2940	3400506	932	3026	3500647	932	
90	100517	1541	180	200897	1335	269	300709	1219	357	400174	1142	446	501108	1049	533	600283	1004	621	700869	970	707	800725	956	794	901037	948	879	1000145	940	965	1100110	939	1052	1200539	937	1139	1300895	935	1225	1400828	932	1311	1500566	932	1397	1600269	932	1483	1700916	932	1568	1800170	932	1655	1900952	932	1740	2000320	932	1826	2100467	932	1913	2201065	932	1998	2300361	932	2084	2400674	932	2169	2500834	932	2255	2600912	932	2341	2701154	932	2427	2801110	932	2512	2900318	932	2598	3000439	932	2684	3100487	932	2770	3200320	932	2856	3301066	932	2942	3401047	932	3027	3500783	932	
91	101141	1573	180	200197	1354	270	301048	1191	358	401174	1088	445	500357	1022	532	600192	984	619	700601	966	705	800110	954	792	900708	946	878	1000578	940	964	1100278	934	1050	1200788	934	1136	1300658	934	1222	1400962	933	1308	1500904	932	1394	1600662	932	1480	1700457	932	1565	1800097	932	1651	1900170	932	1737	2000923	932	1823	2101179	932	1909	2200753	932	1995	2300825	932	2081	2400517	932	2167	2500802	932	2253	2600795	932	2339	2700956	932	2424	2800325	932	2510	2900310	932	2596	3000591	932	2682	3100508	932	2768	3200312	932	2854	3300767	932	2939	3401065	932	3025	3500777	932	
90	100500	1523	179	200301	1324	268	300460	1192	356	400226	1116	444	501165	1073	531	601121	1033	618	701089	1009	705	801200	985	792	901214	968	878	1000973	957	965	1101258	946	1050	1200364	944	1136	1300105	938	1223	1401017	933	1309	1501049	933	1395	1601244	932	1481	1700847	932	1567	1800574	932	1653	1900282	932	1739	2000297	932	1825	2100717	932	1911	2200445	932	1997	2300712	932	2083	2400396	932	2169	2500473	932	2255	2600307	932	2341	2700284	932	2427	2800356	932	2513	2900195	932	2599	3000928	932	2685	3101038	932	2771	3201117	932	2857	3301184	932	2942	3400564	932	3028	3501172	932	
91	100544	1513	179	200452	1301	268	300787	1178	356	400305	1085	444	500276	1020	532	601098	990	618	700295	971	704	800313	957	790	900109	950	876	1000432	940	962	1100217	939	1049	1200815	938	1135	1300758	935	1221	1400431	935	1307	1500508	934	1393	1601035	933	1479	1700927	932	1565	1801134	932	1650	1900115	932	1736	2000693	932	1822	2100648	932	1908	2200566	932	1994	2300756	932	2080	2400251	932	2166	2500482	932	2252	2600653	932	2338	2700202	932	2424	2801072	932	2510	2900913	932	2596	3000876	932	2682	3100811	932	2768	3201083	932	2853	3300147	932	2940	3400949	932	3026	3501047	932	
1045	100060	1573	2092	200060	493	3125	300012	50	4160	400024	50	5195	500071	50	6234	600038	50	7274	700072	50	8308	800099	50	9340	900053	50	10377	1000016	50	11414	1100030	50	12452	1200094	50	13477	1300071	50	14511	1400061	50	15547	1500019	50	16580	1600092	50	17620	1700091	50	18651	1800049	50	19680	1900097	50	20714	2000029	50	21753	2100021	50	22791	2200009	50	23821	2300092	50	24856	2400083	50	25887	2500037	50	26926	2600086	50	27961	2700092	50	29000	2800004	50	30034	2900016	50	31073	3000049	50	32105	3100066	50	33141	3200039	50	34175	3300053	50	35211	3400094	50	36249	3500052	50	
1046	100025	1517	2086	200040	463	3121	300007	50	4157	400068	50	5199	500038	50	6240	600013	50	7279	700059	50	8308	800014	50	9343	900054	50	10370	1000082	50	11403	1100005	50	12442	1200024	50	13476	1300064	50	14514	1400105	50	15548	1500053	50	16586	1600090	50	17625	1700014	50	18654	1800073	50	19687	1900048	50	20721	2000014	50	21761	2100016	50	22804	2200030	50	23844	2300013	50	24880	2400012	50	25912	2500098	50	26949	2600045	50	27982	2700067	50	29010	2800022	50	30040	2900070	50	31078	3000091	50	32111	3100011	50	33151	3200069	50	34190	3300095	50	35220	3400020	50	36250	3500038	50	
1047	100063	1537	2091	200087	487	3119	300029	50	4152	400073	50	5187	500069	50	6223	600005	50	7254	700092	50	8287	800040	50	9324	900054	50	10362	1000074	50	11399	1100102	50	12433	1200018	50	13463	1300057	50	14491	1400028	50	15528	1500020	50	16558	1600093	50	17589	1700072	50	18627	1800068	50	19665	1900008	50	20701	2000080	50	21739	2100080	50	22783	2200093	50	23827	2300026	50	24865	2400028	50	25901	2500067	50	26937	2600030	50	27974	2700057	50	29009	2800074	50	30047	2900060	50	31085	3000026	50	32119	3100025	50	33160	3200098	50	34195	3300093	50	35231	3400094	50	36263	3500062	50	
1045	100066	1560	2090	200054	528	3122	300048	50	4150	400025	50	5186	500051	50	6224	600051	50	7260	700014	50	8294	800063	50	9329	900071	50	10367	1000080	50	11402	1100052	50	12440	1200045	50	13472	1300036	50	14509	1400088	50	15535	1500087	50	16566	1600057	50	17609	1700008	50	18653	1800065	50	19694	1900070	50	20731	2000060	50	21767	2100039	50	22807	2200008	50	23843	2300090	50	24883	2400019	50	25920	2500045	50	26949	2600044	50	27988	2700014	50	29026	2800014	50	30060	2900095	50	31088	3000027	50	32123	3100087	50	33163	3200100	50	34201	3300056	50	35237	3400090	50	36269	3500074	50	
1049	100059	1495	2089	200010	426	3128	300072	50	4165	400068	50	5199	500083	50	6238	600099	50	7266	700033	50	8300	800070	50	9331	900057	50	10363	1000061	50	11394	1100080	50	12433	1200053	50	13469	1300007	50	14507	1400055	50	15541	1500015	50	16581	1600092	50	17617	1700045	50	18658	1800091	50	19696	1900060	50	20733	2000037	50	21765	2100054	50	22803	2200005	50	23837	2300064	50	24875	2400096	50	25907	2500056	50	26944	2600061	50	27978	2700058	50	29016	2800083	50	30049	2900009	50	31084	3000088	50	32116	3100030	50	33157	3200081	50	34194	3300069	50	35232	3400031	50	36268	3500037	50	
323	100208	9214	646	200110	8394	968	300030	7594	1292	400126	6803	1613	500046	6013	1937	600166	5223	2259	700029	4437	2582	800316	3649	2904	900142	2876	3225	1000295	2175	3544	1100043	1562	3862	1200183	1048	4179	1300147	650	4494	1400149	378	4807	1500265	226	5115	1600079	204	5423	1700249	204	5732	1800322	204	6038	1900162	204	6345	2000131	204	6653	2100083	204	6961	2200126	204	7267	2300192	204	7572	2400040	204	7880	2500321	204	8186	2600063	204	8494	2700023	204	8803	2800076	204	9110	2900274	204	9418	3000266	204	9725	3100152	204	10032	3200183	204	10339	3300233	204	10645	3400065	204	10953	3500166	204	
326	100149	9243	648	200289	8441	970	300139	7679	1294	400189	6893	1617	500075	6078	1938	600063	5295	2260	700231	4503	2581	800260	3735	2902	900113	2960	3220	1000088	2232	3541	1100229	1600	3859	1200170	1103	4175	1300273	728	4486	1400214	454	4798	1500041	292	5110	1600187	219	5417	1700233	204	5725	1800225	204	6033	1900083	204	6341	2000090	204	6649	2100130	204	6955	2200168	204	7263	2300241	204	7571	2400294	204	7878	2500066	204	8186	2600256	204	8494	2700218	204	8800	2800027	204	9107	2900080	204	9414	3000119	204	9721	3100128	204	10030	3200175	204	10338	3300197	204	10645	3400168	204	10954	3500322	204	
324	100033	9220	644	200183	8448	966	300058	7658	1289	400136	6868	1612	500055	6088	1936	600074	5295	2261	700301	4499	2584	800134	3744	2905	900208	2989	3226	1000041	2303	3546	1100198	1711	3862	1200265	1220	4177	1300094	787	4493	1400233	468	4807	1500135	283	5118	1600066	207	5427	1700135	204	5735	1800180	204	6043	1900214	204	6351	2000224	204	6657	2100117	204	6964	2200297	204	7270	2300323	204	7575	2400195	204	7882	2500288	204	8189	2600098	204	8496	2700029	204	8804	2800194	204	9113	2900181	204	9422	3000152	204	9729	3100240	204	10035	3200043	204	10343	3300063	204	10651	3400243	204	10958	3500331	204	
324	100029	9239	648	200167	8463	972	300283	7665	1297	400151	6872	1621	500130	6057	1944	600241	5241	2266	700235	4469	2588	800259	3683	2908	900187	2939	3228	1000328	2235	3546	1100209	1625	3865	1200278	1082	4181	1300298	649	4496	1400331	375	4807	1500064	237	5116	1600144	204	5423	1700327	204	5730	1800187	204	6036	1900043	204	6341	2000078	204	6646	2100081	204	6953	2200080	204	7262	2300115	204	7570	2400223	204	7877	2500115	204	8185	2600193	204	8493	2700217	204	8800	2800271	204	9106	2900076	204	9413	3000230	204	9719	3100126	204	10028	3200197	204	10335	3300290	204	10641	3400082	204	10949	3500077	204	
324	100308	9206	648	200189	8373	972	300126	7556	1295	400292	6743	1617	500075	5927	1939	600068	5143	2264	700261	4340	2586	800169	3529	2908	900264	2782	3227	1000307	2106	3547	1100061	1500	3865	1200041	963	4184	1300275	564	4498	1400125	293	4809	1500049	204	5116	1600041	204	5426	1700283	204	5732	1800093	204	6040	1900025	204	6346	2000154	204	6652	2100330	204	6959	2200147	204	7265	2300148	204	7572	2400304	204	7877	2500058	204	8185	2600277	204	8490	2700143	204	8797	2800026	204	9103	2900178	204	9411	3000268	204	9718	3100179	204	10027	3200261	204	10334	3300181	204	10642	3400121	204	10952	3500112	204	
73	101414	49804	145	201589	49186	216	300761	48603	288	401242	47958	360	501368	47322	432	601200	46703	503	700199	46090	575	800547	45483	647	901379	44875	719	1001497	44285	790	1100295	43676	862	1200813	43059	934	1300414	42419	1006	1400487	41801	1078	1500882	41182	1150	1601149	40574	1222	1701372	39949	1293	1800407	39354	1365	1900422	38738	1437	2000606	38092	1509	2100798	37485	1581	2201078	36889	1653	2301232	36313	1725	2401113	35695	1797	2501188	35105	1869	2601070	34515	1941	2701287	33913	2012	2800445	33310	2084	2900417	32691	2156	3000294	32087	2228	3100164	31502	2300	3200259	30885	2372	3300636	30256	2444	3400242	29664	2516	3500376	29100	
73	101393	49777	145	201405	49149	217	301455	48542	289	401145	47916	360	500251	47338	432	600367	46757	505	701413	46155	576	801024	45566	648	900863	44971	720	1000981	44382	792	1100493	43791	864	1200485	43164	937	1301382	42546	1008	1400592	41933	1079	1500445	41314	1151	1600534	40708	1223	1700990	40116	1295	1801040	39515	1367	1901323	38922	1439	2001333	38326	1511	2100975	37748	1583	2200612	37171	1655	2300527	36573	1727	2400157	35973	1799	2500296	35394	1871	2600898	34808	1943	2701142	34196	2014	2800277	33607	2086	2900449	32995	2158	3000820	32371	2230	3100951	31772	2301	3200215	31145	2373	3300213	30539	2444	3400127	29932	2516	3500513	29346	
72	100506	49811	144	200631	49226	216	301133	48628	288	400995	48020	360	500429	47441	432	600809	46849	505	701486	46237	577	801404	45664	649	901465	45089	721	1001385	44468	792	1100201	43897	864	1200264	43317	936	1300245	42711	1008	1400278	42091	1080	1500518	41476	1152	1601276	40875	1223	1700477	40254	1295	1800119	39659	1367	1900285	39050	1440	2001378	38472	1511	2100479	37862	1583	2200721	37256	1655	2301295	36638	1727	2401032	36027	1798	2500405	35442	1870	2601478	34839	1942	2701132	34237	2014	2800619	33643	2086	2900344	33051	2158	3000267	32427	2230	3100542	31825	2302	3200654	31242	2374	3300743	30654	2446	3401071	30087	2518	3500971	29482	
72	100311	49819	144	200239	49230	216	300789	48626	288	400705	48013	360	500865	47370	432	600932	46781	504	701103	46171	575	800310	45570	647	900794	44961	719	1001256	44338	791	1101015	43758	863	1200946	43155	935	1301071	42547	1006	1400133	41947	1078	1500389	41337	1150	1600562	40739	1222	1700924	40108	1294	1801012	39499	1366	1900977	38871	1438	2001326	38262	1509	2100466	37674	1581	2200625	37073	1653	2301418	36465	1724	2400707	35888	1796	2501078	35263	1868	2601451	34640	1939	2700853	34022	2010	2801221	33419	2081	2900365	32813	2153	3001154	32221	2225	3101472	31593	2296	3200413	31005	2368	3300239	30395	2440	3400177	29804	2512	3500924	29197	
72	100238	49783	144	200610	49184	215	300515	48574	287	401254	47973	358	500692	47384	430	600927	46764	501	700919	46161	573	801060	45573	645	900661	44980	717	1000826	44381	788	1100637	43765	859	1200976	43182	931	1301158	42547	1003	1401182	41951	1075	1500947	41361	1147	1601162	40753	1219	1701231	40153	1291	1801051	39554	1363	1900998	38954	1435	2001446	38349	1506	2100770	37744	1578	2201310	37111	1650	2300928	36539	1721	2400207	35965	1794	2501464	35371	1865	2600781	34791	1937	2701000	34190	2009	2801184	33578	2081	2901233	32968	2153	3000939	32362	2225	3101062	31783	2297	3200561	31184	2369	3300205	30589	2441	3400216	29981	2514	3501418	29359	
