wersja nr 1;wspolczynnik mutacji 0.100000;wielkosc populacji 60
318	100118	1132	631	200249	881	947	300340	701	1263	400122	577	1579	500075	452	1894	600136	333	2210	700286	218	2525	800119	127	2839	900119	55	3155	1000224	44	3471	1100078	44	3787	1200067	44	4103	1300085	44	4420	1400317	44	4737	1500325	44	5054	1600323	44	5370	1700298	44	5684	1800140	44	6000	1900025	44	6317	2000031	44	6635	2100249	44	6952	2200234	44	7268	2300065	44	7585	2400135	44	7902	2500149	44	8218	2600021	44	8535	2700302	44	8851	2800248	44	9167	2900219	44	9483	3000061	44	9800	3100237	44	10115	3200171	44	10431	3300336	44	10747	3400110	44	11064	3500219	44	
319	100243	1109	631	200077	848	946	300086	691	1261	400177	585	1577	500221	468	1892	600170	354	2206	700324	246	2518	800054	148	2832	900162	73	3148	1000023	44	3465	1100247	44	3781	1200197	44	4097	1300200	44	4413	1400116	44	4730	1500085	44	5047	1600213	44	5359	1700088	44	5675	1800299	44	5990	1900231	44	6304	2000119	44	6621	2100217	44	6937	2200281	44	7253	2300332	44	7569	2400278	44	7885	2500151	44	8202	2600219	44	8517	2700166	44	8833	2800190	44	9149	2900253	44	9465	3000293	44	9781	3100109	44	10097	3200034	44	10413	3300189	44	10728	3400111	44	11045	3500232	44	
318	100037	1120	632	200137	888	947	300185	711	1264	400172	594	1580	500073	477	1897	600266	361	2211	700117	259	2523	800128	169	2835	900142	93	3150	1000174	50	3467	1100264	44	3780	1200061	44	4096	1300328	44	4412	1400182	44	4729	1500290	44	5045	1600287	44	5361	1700256	44	5675	1800215	44	5990	1900033	44	6307	2000204	44	6621	2100155	44	6937	2200292	44	7253	2300264	44	7569	2400272	44	7885	2500207	44	8202	2600235	44	8519	2700338	44	8835	2800129	44	9151	2900064	44	9468	3000248	44	9784	3100295	44	10100	3200241	44	10416	3300315	44	10731	3400032	44	11046	3500156	44	
320	100226	1131	635	200279	868	950	300087	690	1266	400112	573	1583	500189	446	1900	600263	328	2214	700127	220	2526	800087	125	2840	900044	52	3157	1000206	44	3471	1100081	44	3786	1200230	44	4101	1300242	44	4416	1400042	44	4734	1500309	44	5049	1600177	44	5362	1700135	44	5677	1800026	44	5993	1900229	44	6304	2000111	44	6620	2100236	44	6934	2200050	44	7251	2300275	44	7568	2400322	44	7884	2500169	44	8200	2600109	44	8517	2700269	44	8833	2800064	44	9149	2900087	44	9465	3000186	44	9782	3100196	44	10098	3200147	44	10415	3300294	44	10731	3400080	44	11048	3500280	44	
319	100309	1098	627	200223	869	942	300144	698	1258	400261	573	1573	500273	457	1888	600023	347	2203	700141	244	2516	800091	152	2831	900306	70	3145	1000257	44	3461	1100277	44	3777	1200081	44	4093	1300102	44	4410	1400332	44	4726	1500157	44	5043	1600286	44	5360	1700311	44	5677	1800303	44	5993	1900212	44	6309	2000155	44	6625	2100027	44	6941	2200255	44	7257	2300173	44	7573	2400210	44	7889	2500045	44	8206	2600060	44	8523	2700250	44	8839	2800266	44	9155	2900259	44	9472	3000215	44	9788	3100029	44	10104	3200042	44	10421	3300183	44	10737	3400137	44	11053	3500162	44	
325	100106	1026	646	200111	811	970	300330	676	1294	400126	551	1620	500219	410	1944	600245	283	2269	700317	164	2591	800105	76	2917	900174	46	3244	1000289	46	3571	1100165	46	3897	1200197	46	4222	1300234	46	4548	1400257	46	4874	1500272	46	5200	1600100	46	5527	1700177	46	5853	1800125	46	6180	1900217	46	6506	2000243	46	6828	2100023	46	7153	2200067	46	7480	2300301	46	7806	2400127	46	8133	2500084	46	8461	2600271	46	8788	2700231	46	9114	2800021	46	9440	2900116	46	9767	3000127	46	10095	3100318	46	10422	3200305	46	10748	3300154	46	11074	3400306	46	11401	3500208	46	
325	100233	1031	647	200049	812	971	300195	698	1297	400060	576	1621	500165	448	1942	600178	321	2264	700068	196	2589	800321	101	2914	900285	47	3240	1000215	46	3564	1100140	46	3891	1200302	46	4218	1300293	46	4543	1400130	46	4869	1500290	46	5196	1600230	46	5520	1700104	46	5847	1800176	46	6172	1900243	46	6499	2000287	46	6825	2100147	46	7152	2200205	46	7479	2300312	46	7804	2400030	46	8131	2500135	46	8458	2600225	46	8785	2700173	46	9111	2800183	46	9436	2900180	46	9762	3000250	46	10089	3100233	46	10416	3200070	46	10743	3300255	46	11069	3400058	46	11396	3500201	46	
321	100187	1011	640	200280	813	963	300187	683	1285	400325	571	1608	500153	434	1929	600235	297	2251	700062	176	2573	800063	85	2893	900108	46	3218	1000225	46	3542	1100254	46	3863	1200062	46	4186	1300026	46	4512	1400289	46	4836	1500081	46	5161	1600191	46	5487	1700198	46	5811	1800039	46	6134	1900299	46	6452	2000105	46	6775	2100315	46	7096	2200040	46	7422	2300130	46	7747	2400164	46	8071	2500115	46	8395	2600128	46	8720	2700227	46	9045	2800161	46	9369	2900142	46	9694	3000326	46	10019	3100219	46	10343	3200243	46	10667	3300144	46	10991	3400096	46	11315	3500115	46	
325	100263	1015	646	200202	811	969	300060	675	1293	400030	557	1616	500254	424	1939	600230	289	2263	700237	150	2587	800136	56	2912	900287	46	3237	1000040	46	3564	1100152	46	3891	1200115	46	4217	1300078	46	4543	1400215	46	4869	1500047	46	5197	1600313	46	5522	1700306	46	5848	1800208	46	6168	1900096	46	6495	2000205	46	6821	2100241	46	7147	2200131	46	7474	2300211	46	7801	2400226	46	8126	2500251	46	8450	2600050	46	8777	2700287	46	9102	2800072	46	9428	2900091	46	9754	3000179	46	10080	3100295	46	10405	3200142	46	10730	3300180	46	11054	3400117	46	11381	3500036	46	
324	100113	1006	643	200282	803	968	300271	675	1292	400089	545	1616	500052	411	1938	600240	292	2259	700322	159	2578	800053	75	2891	900217	46	3204	1000279	46	3516	1100080	46	3829	1200076	46	4143	1300300	46	4455	1400046	46	4769	1500299	46	5082	1600246	46	5395	1700254	46	5707	1800086	46	6020	1900172	46	6333	2000131	46	6646	2100055	46	6960	2200346	46	7272	2300066	46	7586	2400346	46	7898	2500183	46	8211	2600165	46	8525	2700200	46	8837	2800021	46	9150	2900145	46	9464	3000253	46	9777	3100245	46	10090	3200194	46	10403	3300234	46	10716	3400263	46	11029	3500309	46	
117	100094	5106	234	200381	5020	351	300937	4932	466	400314	4845	582	500174	4755	700	600860	4673	816	700651	4593	931	800363	4515	1047	900915	4431	1163	1000888	4350	1279	1100659	4260	1395	1200927	4185	1510	1300312	4101	1626	1400720	4023	1741	1500488	3945	1857	1600232	3867	1973	1700200	3791	2089	1800342	3715	2205	1900953	3639	2320	2000739	3566	2435	2100382	3489	2550	2200221	3413	2665	2300526	3334	2780	2400265	3261	2895	2500814	3192	3010	2600845	3120	3124	2700305	3048	3238	2800313	2977	3353	2900685	2902	3466	3000450	2837	3581	3100697	2768	3695	3200729	2697	3808	3300144	2629	3923	3400560	2563	4036	3500357	2497	
117	100588	5106	233	200412	5026	351	300833	4940	466	400243	4856	581	500117	4776	696	600103	4695	813	700496	4610	929	800270	4531	1045	900693	4454	1161	1000706	4378	1277	1100545	4295	1392	1200901	4217	1507	1300597	4135	1623	1400857	4051	1738	1500288	3971	1854	1600377	3890	1970	1700629	3816	2086	1800650	3739	2201	1900419	3660	2316	2000199	3580	2432	2100502	3504	2547	2200447	3427	2662	2300561	3353	2777	2400454	3279	2891	2500235	3211	3005	2600429	3141	3120	2700429	3072	3235	2800949	2998	3349	2900516	2931	3463	3000575	2862	3578	3100579	2792	3692	3200802	2729	3806	3300787	2659	3919	3400684	2599	4032	3500816	2536	
117	100611	5108	234	200201	5022	351	300680	4938	468	400468	4851	583	500494	4774	699	600757	4691	814	700167	4618	931	800767	4534	1046	900143	4451	1162	1000524	4369	1278	1100885	4282	1393	1200476	4202	1509	1300767	4118	1624	1400107	4042	1741	1500894	3964	1856	1600799	3890	1971	1700639	3816	2087	1800902	3738	2202	1900707	3662	2317	2000705	3589	2431	2100857	3512	2546	2200756	3438	2661	2300967	3365	2775	2400840	3295	2888	2500404	3226	3002	2600889	3156	3116	2700366	3084	3231	2800839	3012	3345	2900251	2941	3460	3000789	2875	3574	3100580	2807	3688	3200404	2738	3803	3300783	2670	3917	3400659	2603	4030	3500234	2538	
117	100779	5109	233	200170	5025	350	300772	4943	466	400406	4865	583	500271	4778	699	600176	4691	816	700806	4604	932	800680	4515	1048	900338	4434	1165	1000677	4354	1281	1100958	4277	1396	1200563	4195	1513	1300783	4112	1629	1400880	4030	1743	1500440	3960	1858	1600521	3878	1973	1700611	3799	2088	1800270	3725	2204	1900610	3649	2319	2000373	3578	2435	2100875	3501	2549	2200596	3427	2664	2300685	3353	2779	2400294	3276	2894	2500688	3203	3009	2600942	3132	3123	2700462	3058	3238	2800847	2989	3352	2900574	2920	3466	3000233	2854	3579	3100137	2788	3693	3200516	2715	3808	3300170	2648	3922	3400423	2584	4036	3500583	2513	
117	100268	5105	233	200562	5027	350	300599	4948	467	400747	4859	584	500602	4770	700	600381	4691	816	700725	4602	932	800646	4524	1048	900512	4440	1163	1000180	4355	1280	1100911	4277	1395	1200161	4200	1512	1300826	4118	1627	1400621	4040	1744	1500675	3958	1859	1600123	3882	1974	1700160	3807	2090	1800879	3728	2205	1900439	3656	2321	2000924	3580	2436	2100789	3506	2550	2200757	3430	2665	2300145	3351	2780	2400321	3283	2896	2500967	3209	3011	2600684	3136	3126	2700959	3066	3240	2800545	2994	3355	2900882	2925	3469	3000636	2860	3583	3100205	2789	3698	3200479	2724	3812	3300271	2656	3927	3400675	2584	4040	3500748	2523	
120	100830	4949	238	200611	4862	356	300692	4772	475	400709	4687	594	500548	4594	713	600135	4508	832	700303	4423	951	800497	4346	1070	900891	4261	1189	1000501	4176	1308	1100524	4083	1427	1200753	4001	1546	1300738	3913	1664	1400254	3833	1784	1500841	3746	1903	1600278	3661	2023	1700570	3584	2142	1800514	3508	2260	1900397	3431	2379	2000781	3356	2498	2100316	3279	2617	2200289	3196	2736	2300363	3111	2855	2400509	3033	2974	2500643	2948	3093	2600181	2870	3212	2700378	2786	3332	2800763	2701	3451	2900506	2620	3570	3000446	2542	3689	3100768	2457	3808	3200618	2378	3926	3300365	2298	4044	3400703	2220	4162	3500420	2138	
119	100628	4956	238	200268	4869	357	300362	4779	475	400236	4693	593	500380	4615	712	600513	4530	832	700829	4437	950	800237	4352	1068	900217	4266	1187	1000423	4177	1307	1100902	4093	1425	1200453	4011	1544	1300737	3931	1663	1400264	3842	1783	1500607	3756	1902	1600532	3672	2022	1700855	3582	2140	1800584	3502	2259	1900352	3420	2378	2000428	3333	2497	2100727	3247	2615	2200323	3172	2734	2300618	3083	2853	2400759	2999	2971	2500189	2918	3090	2600722	2836	3208	2700404	2757	3327	2800334	2679	3445	2900436	2601	3564	3000466	2517	3682	3100239	2431	3801	3200489	2351	3920	3300920	2269	4037	3400234	2190	4156	3500528	2112	
119	100561	4950	237	200101	4870	357	300499	4777	475	400575	4693	594	500750	4608	712	600129	4524	831	700626	4437	949	800955	4348	1067	900294	4267	1186	1000534	4176	1304	1100149	4087	1423	1200558	4001	1542	1300439	3919	1660	1400674	3835	1779	1500527	3750	1898	1600656	3666	2017	1700406	3588	2135	1800158	3505	2254	1900091	3421	2374	2000859	3334	2492	2100090	3251	2611	2200187	3163	2730	2300175	3077	2849	2400619	2992	2968	2500728	2914	3087	2600668	2832	3205	2700440	2749	3324	2800846	2666	3442	2900873	2585	3560	3000800	2501	3679	3100917	2421	3797	3200655	2339	3915	3300257	2258	4034	3400205	2176	4152	3500373	2098	
119	100881	4956	238	200769	4870	357	300891	4780	476	400809	4699	595	500626	4608	714	600488	4518	834	700838	4426	952	800104	4340	1071	900576	4256	1190	1000887	4163	1309	1100592	4074	1427	1200104	3988	1547	1300360	3897	1666	1400325	3814	1786	1500817	3728	1904	1600545	3642	2022	1700657	3563	2141	1800876	3478	2259	1900154	3394	2378	2000758	3311	2497	2100294	3224	2617	2200816	3144	2736	2300917	3064	2854	2400318	2984	2973	2500338	2898	3092	2600414	2810	3211	2700353	2727	3331	2800804	2640	3450	2900914	2555	3568	3000757	2475	3686	3100401	2396	3805	3200716	2312	3924	3300653	2231	4042	3400666	2149	4160	3500621	2072	
118	100122	4949	237	200478	4867	356	300484	4782	475	400371	4698	594	500741	4617	713	600727	4532	831	700457	4449	949	800506	4370	1067	900288	4284	1186	1000295	4199	1305	1100245	4116	1424	1200218	4032	1543	1300089	3947	1663	1400609	3865	1782	1500746	3782	1900	1600548	3703	2019	1700604	3622	2138	1800870	3542	2256	1900670	3457	2374	2000251	3376	2493	2100637	3292	2611	2200567	3208	2730	2300584	3123	2849	2400584	3045	2967	2500114	2962	3086	2600828	2880	3204	2700184	2796	3324	2800884	2717	3442	2900874	2633	3559	3000581	2555	3677	3100127	2479	3796	3200206	2397	3915	3300652	2315	4034	3400844	2235	4151	3500122	2158	
28	104025	25227	55	202925	25182	82	300928	25137	110	402282	25091	138	502942	25045	165	600759	25001	193	703102	24957	220	801509	24910	248	902806	24861	275	1001384	24819	302	1100761	24778	330	1202233	24735	358	1303035	24691	385	1400755	24647	413	1502817	24605	440	1602154	24564	467	1700554	24521	495	1801895	24476	522	1900858	24431	550	2003195	24385	577	2102124	24345	605	2204003	24300	632	2302716	24251	659	2400668	24205	687	2503406	24166	714	2601765	24121	742	2703003	24075	769	2801276	24034	797	2903836	23986	824	3002909	23935	851	3101715	23890	879	3203423	23841	906	3301968	23800	933	3401311	23753	960	3501732	23709	
28	103456	25229	55	202283	25186	83	303876	25134	110	402092	25090	137	501073	25049	165	603662	24999	192	702941	24959	219	802176	24917	246	900836	24870	274	1002175	24824	301	1100975	24778	329	1202673	24732	357	1303968	24680	384	1401834	24637	411	1500772	24591	439	1603169	24546	466	1701704	24503	493	1800514	24458	521	1902633	24415	548	2000595	24372	576	2102583	24330	603	2201493	24285	631	2303996	24242	658	2401636	24200	686	2504011	24155	713	2603110	24110	740	2701669	24062	767	2800724	24018	795	2903378	23971	822	3001955	23929	850	3104023	23889	877	3202683	23845	904	3302769	23794	931	3400589	23751	959	3502041	23705	
28	104011	25227	55	202070	25178	83	302621	25130	110	401378	25080	138	503282	25035	165	602550	24990	192	701149	24949	219	800622	24905	247	902413	24857	274	1001538	24810	302	1103795	24765	329	1203501	24719	356	1303333	24674	383	1400854	24621	411	1503165	24576	438	1600677	24535	466	1703089	24488	493	1801284	24445	521	1902802	24398	548	2002245	24353	575	2100619	24305	602	2200707	24261	630	2303135	24218	657	2401878	24173	685	2503664	24131	712	2601715	24088	740	2703302	24044	767	2802108	24000	794	2900662	23955	822	3003507	23908	849	3102055	23863	876	3200697	23820	904	3303401	23776	931	3401904	23732	958	3500892	23692	
28	103498	25228	55	201525	25185	83	304079	25140	110	401604	25096	138	503683	25050	165	601765	25002	192	700729	24956	220	802898	24911	247	901272	24862	275	1003351	24817	302	1101677	24770	330	1203062	24720	357	1301279	24679	385	1403255	24632	412	1502151	24584	439	1601458	24543	467	1703124	24494	494	1801609	24449	521	1901163	24405	549	2002926	24360	576	2101280	24316	604	2203263	24268	631	2301601	24224	659	2402792	24172	686	2502119	24127	713	2601344	24084	741	2703425	24037	768	2802403	23991	795	2900682	23948	823	3002094	23898	851	3103505	23851	878	3202303	23811	906	3303984	23768	933	3403412	23729	960	3501577	23684	
27	100580	25224	55	202468	25181	82	300639	25130	110	403094	25081	138	503896	25035	165	602229	24989	192	701183	24945	220	802628	24902	247	900896	24862	275	1003017	24819	302	1102450	24777	329	1200561	24735	357	1302226	24687	385	1403601	24640	412	1501925	24597	439	1600778	24550	467	1703461	24507	494	1802039	24461	522	1903607	24418	549	2002078	24369	576	2100785	24317	604	2203235	24273	631	2302194	24227	658	2400589	24183	686	2502241	24131	714	2603936	24086	741	2702323	24042	768	2800802	23997	795	2900551	23953	823	3002491	23909	850	3100682	23867	878	3202001	23817	905	3301232	23771	933	3403170	23725	960	3501432	23677	
28	100952	25126	56	200475	25077	85	303605	25029	113	402699	24985	141	501961	24940	169	602302	24894	197	702087	24848	225	802241	24804	253	901462	24755	281	1001773	24704	309	1102436	24655	337	1202967	24607	365	1301728	24563	393	1401583	24519	421	1500780	24477	450	1603560	24428	478	1703552	24387	505	1800618	24341	534	1903580	24290	562	2003056	24247	590	2103669	24201	617	2200700	24155	645	2301011	24108	673	2401116	24066	702	2503821	24024	729	2600562	23978	758	2703126	23931	786	2802975	23883	814	2903762	23840	842	3003100	23796	870	3102916	23748	898	3202768	23702	926	3302541	23657	954	3402477	23607	982	3502607	23561	
28	100699	25130	57	203384	25084	85	303175	25035	113	403682	24991	141	504002	24948	169	603586	24894	196	700527	24848	225	803721	24800	253	903170	24755	281	1003415	24712	309	1103323	24667	337	1203608	24623	365	1303486	24578	393	1402892	24532	421	1503788	24489	449	1603129	24440	477	1702821	24396	505	1802604	24350	533	1903036	24304	561	2003560	24255	589	2103609	24213	616	2200553	24166	645	2303900	24123	673	2403995	24072	701	2503557	24027	729	2602959	23977	757	2703731	23930	784	2800672	23888	813	2903673	23845	841	3003232	23799	869	3103478	23754	897	3203311	23711	925	3303299	23665	952	3400522	23618	980	3500830	23574	
29	103939	25128	57	203502	25081	85	303797	25032	113	403982	24988	140	500910	24945	168	601084	24898	196	701385	24853	225	803928	24809	252	901162	24764	280	1001374	24720	308	1101178	24672	336	1201806	24629	364	1301618	24579	392	1402050	24533	420	1501683	24489	448	1601335	24445	476	1700743	24402	505	1803755	24353	532	1900636	24304	561	2003412	24260	589	2103778	24211	617	2203714	24163	645	2302520	24120	673	2402544	24079	701	2502389	24029	729	2601699	23980	757	2701484	23936	785	2801294	23892	813	2901340	23841	841	3001223	23790	869	3101240	23743	897	3201646	23701	925	3301990	23651	953	3403009	23604	981	3503915	23558	
28	101264	25133	56	201226	25086	84	301593	25045	112	401159	24997	140	500839	24949	168	601242	24902	196	701693	24856	224	801795	24813	252	901759	24763	280	1001783	24713	308	1102179	24666	336	1202686	24618	364	1302163	24576	392	1402310	24529	420	1503717	24484	448	1603424	24441	476	1703581	24395	504	1803727	24347	532	1903960	24306	560	2003945	24260	588	2103447	24215	616	2203211	24161	644	2303073	24110	672	2403254	24066	700	2502988	24014	728	2602680	23974	756	2702912	23924	784	2802570	23878	812	2902767	23830	840	3002598	23783	868	3102750	23738	895	3200584	23699	924	3303518	23653	952	3403805	23609	980	3503797	23565	
29	103959	25122	56	201298	25080	84	301549	25027	112	401607	24977	140	501883	24932	168	601101	24886	196	702239	24839	224	802236	24793	252	902934	24748	280	1003393	24704	308	1103356	24652	336	1202692	24602	364	1302516	24558	392	1401853	24512	420	1502118	24466	448	1602191	24420	476	1702800	24372	504	1802653	24327	532	1903759	24272	560	2004145	24225	588	2103875	24176	616	2203558	24132	644	2303209	24083	671	2400504	24042	700	2503587	23996	728	2603804	23947	756	2703348	23899	784	2803963	23854	811	2901822	23804	839	3001953	23758	867	3103893	23710	894	3201163	23667	922	3300641	23626	951	3403075	23575	979	3502139	23526	
371	100218	47	743	200034	47	1116	300054	47	1490	400122	47	1864	500105	47	2238	600276	47	2612	700232	47	2985	800023	47	3357	900077	47	3731	1000156	47	4102	1100021	47	4476	1200122	47	4850	1300230	47	5223	1400093	47	5596	1500135	47	5969	1600040	47	6344	1700282	47	6716	1800032	47	7088	1900236	47	7461	2000058	47	7833	2100256	47	8206	2200096	47	8580	2300240	47	8952	2400175	47	9323	2500148	47	9696	2600212	47	10067	2700278	47	10441	2800235	47	10811	2900069	47	11185	3000255	47	11556	3100030	47	11930	3200212	47	12302	3300075	47	12676	3400179	47	13050	3500152	47	
372	100229	47	745	200019	47	1117	300076	47	1490	400180	47	1861	500048	47	2235	600022	47	2607	700241	47	2981	800190	47	3355	900276	47	3726	1000052	47	4100	1100116	47	4474	1200046	47	4847	1300127	47	5221	1400270	47	5593	1500238	47	5966	1600030	47	6338	1700031	47	6712	1800112	47	7085	1900224	47	7458	2000180	47	7830	2100017	47	8204	2200249	47	8578	2300274	47	8951	2400052	47	9323	2500072	47	9697	2600053	47	10071	2700248	47	10444	2800244	47	10817	2900271	47	11188	3000070	47	11562	3100022	47	11937	3200220	47	12306	3300183	47	12676	3400264	47	13048	3500217	47	
371	100025	47	743	200032	47	1117	300135	47	1489	400252	47	1862	500094	47	2234	600195	47	2608	700172	47	2979	800139	47	3351	900035	47	3724	1000242	47	4098	1100287	47	4469	1200276	47	4843	1300230	47	5216	1400262	47	5589	1500056	47	5962	1600067	47	6337	1700277	47	6709	1800121	47	7082	1900159	47	7454	2000072	47	7827	2100027	47	8199	2200017	47	8573	2300059	47	8947	2400206	47	9321	2500247	47	9694	2600015	47	10069	2700168	47	10443	2800219	47	10816	2900111	47	11188	3000087	47	11561	3100037	47	11935	3200018	47	12308	3300165	47	12681	3400070	47	13052	3500072	47	
373	100102	47	745	200128	47	1118	300222	47	1490	400030	47	1863	500226	47	2235	600141	47	2608	700104	47	2978	800039	47	3350	900256	47	3721	1000248	47	4093	1100182	47	4466	1200092	47	4837	1300130	47	5210	1400025	47	5583	1500253	47	5954	1600033	47	6328	1700231	47	6700	1800161	47	7074	1900220	47	7448	2000312	47	7820	2100112	47	8193	2200102	47	8567	2300126	47	8941	2400164	47	9314	2500214	47	9683	2600191	47	10056	2700088	47	10431	2800279	47	10802	2900279	47	11175	3000245	47	11543	3100049	47	11917	3200132	47	12285	3300023	47	12658	3400062	47	13032	3500229	47	
372	100232	47	745	200063	47	1117	300066	47	1489	400022	47	1862	500169	47	2235	600210	47	2607	700049	47	2980	800090	47	3352	900078	47	3725	1000171	47	4096	1100172	47	4469	1200113	47	4843	1300254	47	5215	1400264	47	5587	1500068	47	5959	1600246	47	6331	1700236	47	6701	1800163	47	7074	1900167	47	7445	2000118	47	7817	2100246	47	8190	2200268	47	8562	2300037	47	8935	2400138	47	9309	2500186	47	9682	2600123	47	10057	2700151	47	10430	2800025	47	10802	2900026	47	11175	3000125	47	11546	3100148	47	11919	3200082	47	12293	3300236	47	12665	3400254	47	13038	3500215	47	
401	100122	53	803	200255	53	1204	300027	53	1607	400060	53	2010	500122	53	2414	600215	53	2816	700014	53	3220	800163	53	3623	900065	53	4027	1000156	53	4431	1100249	53	4833	1200183	53	5236	1300141	53	5638	1400046	53	6041	1500113	53	6443	1600189	53	6843	1700067	53	7246	1800179	53	7646	1900118	53	8049	2000128	53	8453	2100233	53	8855	2200095	53	9257	2300085	53	9660	2400200	53	10062	2500122	53	10465	2600103	53	10869	2700190	53	11272	2800057	53	11675	2900167	53	12078	3000082	53	12481	3100027	53	12883	3200145	53	13285	3300254	53	13687	3400253	53	14090	3500083	53	
402	100106	53	806	200244	53	1205	300143	53	1608	400193	53	2009	500184	53	2412	600173	53	2815	700163	53	3214	800130	53	3617	900161	53	4019	1000114	53	4422	1100043	53	4825	1200125	53	5227	1300078	53	5628	1400182	53	6030	1500047	53	6433	1600257	53	6835	1700167	53	7236	1800025	53	7640	1900084	53	8044	2000196	53	8446	2100030	53	8848	2200024	53	9251	2300194	53	9653	2400099	53	10055	2500049	53	10459	2600147	53	10862	2700075	53	11263	2800190	53	11666	2900104	53	12069	3000212	53	12472	3100023	53	12875	3200118	53	13272	3300102	53	13675	3400190	53	14077	3500191	53	
403	100251	53	806	200145	53	1208	300072	53	1609	400196	53	2012	500258	53	2415	600090	53	2818	700093	53	3219	800199	53	3621	900099	53	4022	1000160	53	4424	1100014	53	4828	1200052	53	5229	1300165	53	5631	1400018	53	6033	1500140	53	6435	1600232	53	6837	1700065	53	7239	1800257	53	7641	1900220	53	8043	2000049	53	8447	2100093	53	8851	2200257	53	9252	2300179	53	9654	2400102	53	10056	2500061	53	10459	2600218	53	10862	2700224	53	11264	2800090	53	11666	2900068	53	12068	3000178	53	12472	3100194	53	12875	3200175	53	13277	3300141	53	13679	3400174	53	14079	3500195	53	
402	100238	53	805	200043	53	1208	300220	53	1610	400193	53	2012	500238	53	2415	600263	53	2818	700237	53	3221	800226	53	3622	900146	53	4025	1000178	53	4428	1100225	53	4830	1200227	53	5230	1300038	53	5633	1400094	53	6035	1500161	53	6437	1600017	53	6841	1700095	53	7244	1800201	53	7645	1900245	53	8048	2000247	53	8451	2100094	53	8853	2200045	53	9255	2300032	53	9656	2400050	53	10059	2500135	53	10462	2600172	53	10865	2700113	53	11267	2800050	53	11668	2900114	53	12068	3000053	53	12470	3100225	53	12865	3200047	53	13266	3300227	53	13666	3400147	53	14069	3500098	53	
401	100077	53	803	200035	53	1205	300210	53	1605	400031	53	2007	500121	53	2409	600023	53	2812	700068	53	3215	800171	53	3617	900111	53	4020	1000127	53	4423	1100038	53	4827	1200224	53	5230	1300104	53	5632	1400227	53	6035	1500263	53	6437	1600071	53	6841	1700169	53	7241	1800084	53	7643	1900157	53	8045	2000222	53	8448	2100180	53	8851	2200076	53	9254	2300161	53	9655	2400022	53	10058	2500070	53	10461	2600035	53	10865	2700139	53	11263	2800164	53	11665	2900051	53	12065	3000097	53	12468	3100104	53	12872	3200215	53	13275	3300148	53	13678	3400217	53	14080	3500093	53	
123	100650	283	243	200204	235	363	300495	200	482	400194	191	601	500244	191	720	600535	191	839	700860	191	958	800570	191	1077	900683	191	1196	1000706	191	1315	1100791	191	1434	1200553	191	1553	1300651	191	1672	1400560	191	1791	1500400	191	1910	1600289	191	2030	1700752	191	2149	1800625	191	2267	1900531	191	2385	2000121	191	2504	2100380	191	2623	2200460	191	2742	2300504	191	2861	2400673	191	2980	2500609	191	3099	2600722	191	3218	2700562	191	3337	2800462	191	3455	2900166	191	3574	3000624	191	3692	3100226	191	3812	3200874	191	3931	3300848	191	4049	3400196	191	4168	3500520	191	
123	100484	285	245	200495	231	365	300462	199	484	400480	191	603	500821	191	721	600305	191	840	700802	191	959	800871	191	1077	900304	191	1196	1000729	191	1314	1100345	191	1433	1200333	191	1552	1300319	191	1671	1400372	191	1790	1500532	191	1909	1600201	191	2029	1700906	191	2147	1800302	191	2266	1900553	191	2385	2000528	191	2504	2100818	191	2622	2200183	191	2742	2300765	191	2861	2400752	191	2980	2500465	191	3099	2600510	191	3218	2700259	191	3337	2800112	191	3457	2900784	191	3575	3000087	191	3694	3100357	191	3813	3200301	191	3931	3300261	191	4050	3400425	191	4169	3500328	191	
124	100780	289	246	200439	233	366	300626	202	485	400200	191	604	500275	191	724	600690	191	842	700302	191	960	800231	191	1079	900229	191	1198	1000204	191	1317	1100291	191	1436	1200681	191	1555	1300691	191	1674	1400721	191	1792	1500446	191	1911	1600332	191	2030	1700605	191	2149	1800848	191	2267	1900166	191	2386	2000086	191	2506	2100874	191	2624	2200382	191	2743	2300709	191	2862	2400800	191	2981	2500674	191	3100	2600691	191	3218	2700524	191	3337	2800469	191	3456	2900421	191	3575	3000294	191	3694	3100118	191	3814	3200890	191	3933	3300680	191	4051	3400176	191	4170	3500677	191	
123	100214	292	244	200208	238	365	300859	204	484	400624	191	603	500535	191	721	600324	191	840	700785	191	958	800339	191	1077	900275	191	1197	1000713	191	1316	1100728	191	1434	1200268	191	1553	1300378	191	1672	1400135	191	1791	1500433	191	1910	1600595	191	2029	1700502	191	2147	1800294	191	2266	1900787	191	2384	2000122	191	2503	2100483	191	2621	2200399	191	2740	2300662	191	2859	2400521	191	2978	2500686	191	3096	2600132	191	3215	2700281	191	3334	2800758	191	3453	2900288	191	3572	3000150	191	3691	3100848	191	3809	3200105	191	3927	3300105	191	4046	3400459	191	4165	3500867	191	
124	100875	287	245	200214	236	366	300399	197	485	400342	191	605	500886	191	724	600363	191	843	700382	191	962	800607	191	1080	900283	191	1200	1000803	191	1319	1100902	191	1438	1200735	191	1557	1300675	191	1676	1400842	191	1795	1500730	191	1913	1600087	191	2033	1700818	191	2151	1800637	191	2270	1900435	191	2389	2000664	191	2508	2100694	191	2627	2200338	191	2747	2300885	191	2866	2400886	191	2985	2500907	191	3104	2600810	191	3223	2700709	191	3341	2800188	191	3460	2900592	191	3578	3000114	191	3697	3100112	191	3817	3200903	191	3934	3300355	191	4053	3400343	191	4172	3500666	191	
133	100167	294	264	200319	229	394	300110	194	524	400666	194	653	500146	194	782	600091	194	912	700274	194	1041	800824	194	1169	900487	194	1298	1000098	194	1428	1100577	194	1557	1200588	194	1686	1300566	194	1815	1400362	194	1944	1500409	194	2074	1600781	194	2202	1700729	194	2330	1800291	194	2459	1900189	194	2588	2000311	194	2717	2100417	194	2845	2200195	194	2975	2300659	194	3103	2400147	194	3233	2500505	194	3363	2600763	194	3492	2700575	194	3621	2800717	194	3750	2900818	194	3878	3000393	194	4006	3100242	194	4134	3200266	194	4264	3300790	194	4393	3400411	194	4522	3500224	194	
133	100146	295	263	200238	239	393	300750	195	521	400441	194	649	500528	194	777	600175	194	907	700799	194	1035	800355	194	1163	900543	194	1291	1000449	194	1420	1100465	194	1549	1200777	194	1677	1300580	194	1805	1400365	194	1934	1500430	194	2063	1600320	194	2192	1700242	194	2321	1800323	194	2450	1900734	194	2579	2000310	194	2709	2100761	194	2837	2200570	194	2966	2300480	194	3094	2400133	194	3223	2500258	194	3352	2600378	194	3481	2700732	194	3609	2800387	194	3738	2900657	194	3866	3000199	194	3995	3100799	194	4122	3200086	194	4251	3300300	194	4380	3400697	194	4508	3500390	194	
133	100790	289	264	200435	222	393	300507	195	522	400634	194	651	500685	194	780	600719	194	908	700546	194	1036	800204	194	1164	900112	194	1293	1000208	194	1422	1100359	194	1550	1200444	194	1678	1300230	194	1807	1400594	194	1935	1500415	194	2062	1600189	194	2191	1700498	194	2320	1800508	194	2448	1900199	194	2577	2000335	194	2705	2100233	194	2833	2200440	194	2962	2300703	194	3091	2400652	194	3219	2500148	194	3349	2600838	194	3477	2700157	194	3607	2800765	194	3735	2900248	194	3864	3000213	194	3993	3100169	194	4122	3200353	194	4251	3300835	194	4379	3400235	194	4507	3500490	194	
133	100318	289	264	200518	230	392	300429	200	521	400830	194	650	500765	194	778	600148	194	908	700642	194	1037	800578	194	1166	900693	194	1295	1000719	194	1424	1100793	194	1552	1200764	194	1681	1300628	194	1809	1400268	194	1938	1500261	194	2067	1600518	194	2196	1700737	194	2324	1800251	194	2452	1900365	194	2581	2000497	194	2710	2100120	194	2839	2200231	194	2968	2300222	194	3097	2400669	194	3226	2500862	194	3355	2600706	194	3484	2700355	194	3613	2800364	194	3742	2900483	194	3871	3000720	194	3999	3100391	194	4128	3200690	194	4257	3300675	194	4386	3400671	194	4514	3500231	194	
133	100636	296	264	200326	235	394	300204	196	523	400294	194	652	500554	194	780	600335	194	908	700159	194	1036	800161	194	1165	900619	194	1293	1000101	194	1422	1100409	194	1551	1200209	194	1681	1300806	194	1810	1400389	194	1939	1500511	194	2068	1600549	194	2197	1700799	194	2325	1800095	194	2454	1900644	194	2583	2000654	194	2712	2100506	194	2841	2200608	194	2970	2300187	194	3099	2400126	194	3228	2500477	194	3358	2600702	194	3486	2700841	194	3614	2800179	194	3743	2900626	194	3872	3000645	194	4001	3100644	194	4130	3200494	194	4259	3300541	194	4388	3400442	194	4516	3500854	194	
31	100412	1767	63	202848	1728	94	301475	1684	126	403182	1646	157	501731	1604	188	600496	1568	220	702994	1535	251	803321	1502	282	902625	1465	313	1003125	1432	343	1100786	1400	374	1201629	1370	405	1303171	1339	436	1403345	1312	466	1501115	1289	497	1603558	1265	527	1702861	1239	557	1803043	1212	587	1901762	1188	617	2001945	1167	648	2103239	1147	678	2203116	1123	708	2303315	1095	737	2401017	1078	767	2501686	1059	797	2603645	1044	826	2702422	1032	855	2800845	1019	885	2902227	1000	914	3001844	990	943	3102203	980	972	3202715	974	1000	3300453	969	1029	3401425	968	1058	3502585	967	
32	102314	1757	63	201851	1722	95	303467	1680	126	403082	1649	156	501200	1621	187	600403	1582	218	701117	1546	249	801758	1511	280	902232	1472	311	1001583	1442	342	1101714	1415	373	1202143	1377	404	1303088	1346	434	1400765	1315	465	1502081	1282	495	1601049	1259	526	1701955	1236	556	1800534	1211	587	1902677	1187	617	2003030	1162	647	2102768	1136	676	2200515	1117	707	2303381	1095	736	2401003	1079	766	2502013	1063	795	2601041	1046	825	2701985	1031	855	2803696	1017	884	2903034	1008	913	3002620	997	942	3102473	987	971	3203445	978	1000	3303794	972	1028	3400920	969	1057	3501835	966	
32	103559	1761	63	202162	1724	94	300764	1685	126	402647	1648	157	502722	1616	187	600546	1577	219	703537	1541	250	803094	1504	280	901016	1472	311	1001624	1441	342	1102041	1409	373	1202315	1377	404	1302805	1350	435	1403692	1324	465	1501500	1293	496	1602785	1270	526	1700831	1248	557	1803397	1216	587	1902399	1197	618	2003533	1169	648	2102558	1147	678	2202624	1128	707	2300703	1112	737	2401008	1098	767	2502268	1083	796	2600980	1066	825	2701103	1049	855	2803162	1035	884	2901997	1023	913	3001641	1007	942	3102475	996	971	3203239	989	1000	3303575	983	1028	3400615	976	1057	3501547	969	
32	103459	1766	63	202958	1723	94	302955	1689	125	402606	1657	156	501439	1620	187	601033	1585	218	701123	1548	249	800719	1512	281	903439	1470	312	1002991	1435	343	1103528	1402	373	1201523	1375	404	1302119	1350	435	1402134	1315	466	1503133	1288	496	1602778	1260	526	1701185	1230	557	1802620	1207	586	1900441	1181	617	2003504	1154	647	2103467	1136	677	2203836	1114	706	2300626	1097	736	2401749	1084	766	2503428	1070	795	2601590	1056	825	2703377	1041	854	2802984	1027	883	2902309	1017	912	3002225	1005	941	3102199	991	970	3203553	986	999	3303564	975	1027	3400879	970	1056	3502075	968	
32	101618	1756	64	203550	1726	95	302474	1684	126	400965	1643	158	503317	1608	189	603386	1571	219	700594	1539	250	800891	1504	281	901462	1471	312	1001402	1440	343	1102807	1412	374	1203696	1379	404	1301461	1349	435	1402619	1317	465	1501726	1287	496	1603136	1258	526	1701806	1222	557	1803422	1198	587	1901862	1176	617	2002179	1157	647	2101269	1133	677	2201102	1116	707	2300527	1101	737	2402131	1082	767	2502977	1066	796	2601216	1050	826	2702792	1036	855	2801879	1022	884	2901196	1007	913	3000530	997	942	3100397	984	971	3200799	977	1000	3302162	967	1029	3403161	966	1057	3500913	965	
35	102463	1713	69	201153	1662	104	302990	1619	138	402791	1582	171	500432	1543	205	601037	1499	239	701496	1458	273	802172	1416	306	900433	1380	340	1001565	1349	374	1102614	1311	407	1201611	1277	440	1302617	1249	473	1402783	1222	506	1502000	1192	538	1601227	1167	571	1701299	1141	604	1802028	1107	637	1902058	1085	670	2002750	1058	702	2102014	1037	735	2202762	1014	767	2301782	1000	799	2401423	980	831	2501322	965	863	2603386	958	894	2702248	950	925	2800596	941	957	2902443	937	988	3001745	934	1019	3101236	932	1050	3201235	932	1081	3300639	932	1112	3400570	932	1143	3500698	932	
35	103089	1717	69	202412	1680	103	302070	1640	137	401909	1597	171	501879	1559	206	603256	1519	239	702550	1480	272	800471	1441	306	901352	1415	340	1002665	1381	373	1102043	1346	406	1200442	1311	440	1302614	1279	473	1401033	1252	506	1500822	1222	539	1600558	1194	572	1701106	1166	605	1801891	1128	638	1903072	1101	670	2001962	1077	702	2101055	1059	735	2202748	1039	767	2302531	1023	799	2402589	1009	830	2500812	995	863	2602725	977	894	2700497	960	926	2802408	951	957	2901519	948	988	3001889	945	1019	3102854	936	1050	3202352	935	1081	3301330	932	1112	3401496	932	1143	3501262	932	
35	102526	1711	69	203028	1675	103	302840	1638	136	401136	1601	170	501305	1558	204	602386	1523	237	700610	1492	271	801852	1459	304	900455	1421	338	1002656	1393	371	1102304	1363	404	1201650	1328	437	1302029	1291	470	1401200	1262	503	1500745	1225	537	1603253	1204	569	1700996	1181	603	1803153	1153	635	1900399	1131	668	2002125	1107	701	2102253	1083	734	2203328	1064	766	2302647	1044	799	2403291	1019	831	2502006	997	863	2602002	980	895	2702250	970	927	2802218	955	959	2902920	944	990	3001777	939	1021	3100872	933	1053	3203351	932	1084	3303397	932	1115	3403496	932	1146	3502959	932	
34	100688	1719	68	200602	1672	102	300462	1633	137	402305	1591	171	501753	1550	205	602226	1507	239	701826	1472	273	803068	1436	306	901731	1405	339	1002000	1367	372	1100864	1334	406	1202728	1294	439	1302827	1260	472	1403088	1234	504	1500785	1209	537	1600999	1181	570	1701353	1147	603	1801249	1118	636	1901718	1091	669	2002096	1065	701	2100870	1040	734	2202761	1023	766	2301338	1000	798	2401479	986	830	2501906	970	862	2601268	957	894	2702422	946	925	2801432	938	956	2900750	934	987	3001300	933	1018	3101266	932	1049	3201242	932	1080	3300695	932	1112	3403308	932	1143	3503527	932	
35	101627	1705	69	201007	1664	104	302314	1619	138	401658	1584	172	500513	1540	206	600857	1506	240	701050	1465	274	800985	1436	308	902736	1394	341	1001133	1356	375	1102991	1315	408	1202443	1287	441	1302314	1257	474	1401400	1223	507	1500774	1197	540	1600686	1166	573	1702364	1138	605	1800923	1104	638	1901847	1074	670	2000435	1049	703	2103442	1033	735	2202523	1017	767	2302324	1001	799	2403396	988	831	2503522	969	862	2602158	959	893	2700411	948	925	2803267	942	956	2902906	939	987	3002101	934	1018	3102008	933	1049	3202138	933	1080	3301577	932	1111	3401756	932	1142	3501820	932	
335	100120	2257	671	200125	1884	1007	300234	1540	1341	400092	1204	1671	500023	900	2002	600294	715	2335	700161	597	2667	800145	475	2998	900154	352	3329	1000150	238	3659	1100266	127	3990	1200023	70	4324	1300289	50	4658	1400292	50	4992	1500241	50	5325	1600124	50	5659	1700235	50	5992	1800125	50	6324	1900150	50	6656	2000228	50	6989	2100302	50	7323	2200256	50	7657	2300202	50	7989	2400212	50	8323	2500059	50	8656	2600100	50	8990	2700020	50	9323	2800079	50	9655	2900034	50	9990	3000266	50	10323	3100068	50	10653	3200293	50	10981	3300195	50	11311	3400277	50	11644	3500254	50	
337	100164	2231	674	200185	1829	1008	300081	1476	1338	400038	1128	1668	500247	847	1997	600096	682	2330	700246	567	2663	800054	438	2996	900100	323	3327	1000083	205	3657	1100042	108	3990	1200229	50	4324	1300091	50	4655	1400041	50	4989	1500303	50	5322	1600170	50	5656	1700056	50	5991	1800293	50	6325	1900178	50	6659	2000164	50	6993	2100288	50	7327	2200226	50	7660	2300079	50	7993	2400068	50	8325	2500032	50	8659	2600192	50	8993	2700135	50	9326	2800164	50	9657	2900050	50	9991	3000198	50	10323	3100052	50	10655	3200238	50	10987	3300246	50	11318	3400096	50	11652	3500192	50	
336	100078	2219	671	200019	1869	1008	300150	1481	1340	400213	1165	1671	500264	861	2001	600123	676	2332	700198	562	2664	800287	450	2995	900163	323	3325	1000081	205	3656	1100151	102	3989	1200155	51	4322	1300040	50	4655	1400157	50	4987	1500027	50	5319	1600228	50	5651	1700314	50	5984	1800080	50	6316	1900058	50	6650	2000079	50	6984	2100071	50	7315	2200176	50	7649	2300053	50	7984	2400222	50	8317	2500181	50	8649	2600089	50	8983	2700022	50	9317	2800128	50	9650	2900257	50	9981	3000186	50	10314	3100077	50	10648	3200146	50	10982	3300276	50	11315	3400203	50	11649	3500088	50	
335	100051	2207	670	200081	1846	1006	300250	1485	1338	400114	1157	1668	500203	846	2000	600255	689	2333	700126	554	2666	800074	433	2998	900311	295	3328	1000110	180	3659	1100114	85	3985	1200057	51	4319	1300028	50	4652	1400068	50	4986	1500106	50	5318	1600032	50	5653	1700104	50	5987	1800212	50	6321	1900142	50	6656	2000298	50	6987	2100230	50	7320	2200175	50	7652	2300045	50	7984	2400119	50	8317	2500314	50	8651	2600229	50	8985	2700088	50	9319	2800028	50	9651	2900248	50	9983	3000043	50	10317	3100242	50	10651	3200266	50	10985	3300221	50	11319	3400193	50	11650	3500223	50	
336	100287	2209	670	200114	1856	1007	300246	1506	1342	400068	1158	1673	500167	879	2004	600162	698	2336	700084	578	2667	800173	455	3000	900274	346	3331	1000167	221	3659	1100050	120	3993	1200210	53	4327	1300169	50	4660	1400246	50	4992	1500121	50	5325	1600032	50	5659	1700149	50	5992	1800027	50	6327	1900260	50	6659	2000189	50	6992	2100248	50	7325	2200213	50	7658	2300165	50	7991	2400223	50	8324	2500173	50	8657	2600303	50	8990	2700261	50	9321	2800180	50	9652	2900067	50	9987	3000297	50	10320	3100302	50	10653	3200277	50	10986	3300085	50	11321	3400188	50	11653	3500042	50	
117	100299	9944	235	200654	9854	353	300630	9763	471	400857	9668	588	500707	9579	706	600707	9496	823	700501	9412	941	800613	9333	1058	900451	9248	1176	1000773	9164	1293	1100213	9070	1411	1200935	8989	1528	1300325	8900	1646	1400625	8818	1763	1500710	8735	1880	1600509	8653	1998	1700869	8571	2115	1800723	8489	2232	1900827	8406	2348	2000321	8329	2465	2100778	8243	2582	2200455	8156	2700	2300855	8068	2817	2400626	7991	2934	2500446	7910	3051	2600425	7825	3168	2700341	7742	3285	2800484	7655	3402	2900948	7575	3518	3000208	7498	3635	3100624	7413	3752	3200396	7324	3869	3300240	7240	3986	3400779	7163	4103	3500898	7082	
117	100134	9945	235	200927	9861	353	300547	9774	470	400100	9685	588	500498	9606	705	600610	9521	822	700210	9438	939	800294	9357	1056	900508	9272	1173	1000232	9191	1291	1100927	9106	1408	1200714	9021	1526	1300451	8936	1644	1400511	8850	1762	1500723	8766	1880	1600902	8681	1997	1700216	8598	2115	1800240	8515	2232	1900150	8426	2351	2000906	8338	2468	2100683	8253	2585	2200294	8167	2703	2300344	8083	2820	2400092	8000	2937	2500376	7918	3054	2600185	7838	3172	2700517	7751	3289	2800336	7663	3406	2900530	7581	3524	3000609	7495	3641	3100637	7413	3758	3200442	7331	3876	3300870	7249	3993	3400773	7172	4111	3500710	7089	
118	100907	9945	235	200982	9858	351	300798	9774	468	400772	9689	584	500451	9607	701	600140	9522	818	700151	9442	936	800607	9357	1053	900173	9273	1170	1000396	9188	1287	1100190	9095	1405	1200211	9010	1523	1300710	8925	1641	1400698	8842	1758	1500383	8759	1875	1600433	8678	1992	1700372	8593	2110	1800850	8504	2226	1900272	8419	2343	2000489	8334	2460	2100386	8247	2578	2200759	8163	2695	2300366	8076	2812	2400304	7993	2930	2500952	7916	3047	2600603	7833	3164	2700165	7750	3282	2800790	7673	3399	2900276	7594	3516	3000101	7516	3634	3100819	7432	3751	3200136	7351	3868	3300141	7274	3986	3400858	7190	4103	3500692	7107	
117	100540	9950	234	200139	9867	351	300582	9784	469	400837	9701	586	500519	9613	702	600503	9533	819	700501	9449	936	800224	9362	1053	900853	9282	1170	1000673	9196	1287	1100840	9116	1404	1200739	9030	1522	1300924	8946	1639	1400686	8862	1756	1500721	8782	1873	1600690	8702	1990	1700453	8621	2107	1800322	8541	2224	1900147	8456	2342	2000805	8376	2459	2100186	8294	2575	2200106	8216	2692	2300546	8131	2810	2400593	8045	2927	2500454	7963	3045	2600918	7876	3162	2700708	7792	3280	2800881	7709	3397	2900611	7630	3514	3000700	7550	3631	3100688	7469	3747	3200348	7390	3864	3300127	7310	3981	3400373	7233	4098	3500283	7151	
118	100796	9941	235	200587	9862	353	300817	9779	471	400822	9689	588	500404	9600	706	600654	9519	822	700190	9436	939	800253	9355	1057	900524	9271	1175	1000740	9186	1292	1100505	9109	1410	1200650	9025	1527	1300237	8939	1644	1400541	8851	1762	1500620	8771	1880	1600333	8685	1998	1700675	8600	2115	1800794	8517	2232	1900433	8434	2349	2000430	8353	2467	2100881	8268	2584	2200317	8180	2700	2300146	8097	2816	2400887	8014	2932	2500277	7923	3050	2600320	7838	3168	2700623	7750	3285	2800431	7663	3403	2900669	7572	3521	3000847	7488	3638	3100559	7406	3756	3200530	7321	3874	3300726	7232	3991	3400606	7147	4108	3500317	7069	
28	101195	50367	57	203987	50314	84	300481	50271	113	403845	50213	140	501083	50167	168	600807	50120	197	703882	50080	224	800672	50042	252	900608	49996	279	1000624	49949	307	1101085	49906	335	1201178	49864	363	1301510	49812	391	1401088	49762	418	1501018	49715	446	1601598	49670	474	1701903	49628	502	1801753	49582	529	1901570	49539	557	2001949	49493	585	2102655	49452	612	2202991	49408	640	2303086	49362	668	2403507	49313	695	2503737	49275	722	2601546	49234	750	2703637	49189	777	2802209	49142	805	2902963	49097	832	3003586	49053	859	3100928	49006	887	3201987	48955	915	3303050	48909	941	3400818	48867	968	3500944	48825	
28	102576	50371	55	200865	50328	83	302756	50281	111	403223	50234	138	503379	50189	165	601949	50141	193	701907	50097	221	802720	50051	249	903264	50006	277	1003661	49958	303	1101156	49915	331	1202158	49867	359	1302956	49820	386	1400544	49772	414	1502288	49725	442	1602979	49678	470	1702801	49631	498	1802834	49588	526	1902737	49539	554	2003463	49494	582	2103342	49442	609	2200550	49394	637	2300886	49345	665	2401065	49301	693	2501971	49256	721	2601991	49208	749	2702469	49158	777	2803082	49113	805	2903368	49065	833	3003174	49022	861	3103188	48972	888	3201952	48934	916	3303135	48886	944	3403656	48836	971	3500528	48794	
28	102348	50364	56	203191	50307	83	300605	50261	111	401311	50208	139	502214	50162	167	602997	50118	195	702464	50074	223	802868	50029	250	900847	49983	278	1001676	49934	306	1101510	49884	334	1201272	49835	362	1300851	49790	390	1400535	49740	418	1501147	49697	446	1600848	49649	475	1703142	49600	503	1802387	49555	531	1901906	49508	559	2002350	49461	587	2102567	49416	615	2203412	49368	643	2303568	49319	671	2404001	49270	699	2503627	49223	727	2603044	49176	755	2703920	49132	782	2800853	49087	810	2901177	49039	838	3001356	48992	866	3101138	48947	894	3200508	48904	922	3300540	48858	950	3401324	48815	978	3501226	48767	
28	101206	50368	56	201056	50324	84	301013	50280	112	400952	50232	140	501451	50185	168	601925	50141	196	702362	50089	224	802922	50040	252	902571	49996	280	1002135	49951	308	1101694	49905	336	1201171	49857	364	1301340	49814	392	1400600	49769	421	1503756	49719	448	1600758	49677	476	1700872	49631	504	1800833	49589	532	1900538	49547	560	2001195	49501	588	2101557	49456	616	2201367	49409	644	2301695	49354	672	2401965	49305	700	2501659	49257	728	2602060	49210	756	2701726	49166	784	2803284	49117	811	2900500	49074	839	3000940	49026	867	3100606	48977	895	3200800	48931	923	3300954	48881	951	3401964	48834	979	3503710	48786	
28	100987	50365	56	200884	50321	84	301409	50272	112	401338	50221	140	501318	50178	168	601349	50134	196	701505	50091	224	801682	50042	252	901479	49996	280	1002249	49953	308	1102763	49908	336	1202537	49862	364	1302471	49815	392	1401725	49760	420	1502176	49714	448	1602701	49668	476	1703397	49624	504	1803116	49580	532	1902881	49537	560	2002821	49490	588	2103400	49443	616	2203491	49402	644	2303822	49353	671	2402510	49308	699	2502606	49262	727	2603156	49210	755	2703402	49158	782	2802626	49113	810	2902582	49069	838	3002944	49020	866	3103524	48972	893	3202095	48929	921	3302490	48881	949	3402801	48834	976	3500609	48784	
