wersja nr 2;wspolczynnik mutacji 3.200000;wielkosc populacji 5
3563	100006	163	7143	200022	145	10731	300019	144	14322	400008	144	17911	500016	144	21517	600023	144	25102	700013	144	28713	800018	144	32323	900010	135	35914	1000017	130	39488	1100019	114	43034	1200006	114	46610	1300022	111	50201	1400015	111	53798	1500023	111	57397	1600028	111	60979	1700003	111	64570	1800016	111	68181	1900012	111	71766	2000006	111	75328	2100006	111	78903	2200028	111	82490	2300023	111	86075	2400020	111	89640	2500016	111	93231	2600014	111	96792	2700025	111	100348	2800012	111	103921	2900024	111	107508	3000011	111	111084	3100004	111	114651	3200013	111	118215	3300003	111	121808	3400024	111	125392	3500018	108	
3579	100024	218	7140	200016	211	10716	300015	211	14320	400007	207	17932	500019	201	21514	600010	201	25081	700024	201	28648	800025	201	32229	900007	199	35813	1000023	197	39398	1100016	197	42975	1200014	197	46538	1300017	173	50075	1400005	173	53633	1500025	173	57177	1600015	173	60708	1700025	173	64286	1800006	173	67839	1900011	173	71385	2000009	171	74952	2100010	171	78536	2200011	171	82116	2300009	171	85691	2400026	171	89253	2500006	171	92833	2600016	171	96366	2700011	171	99927	2800014	170	103496	2900031	170	107064	3000015	170	110649	3100008	170	114214	3200020	170	117763	3300005	170	121320	3400015	170	124882	3500021	170	
3580	100012	244	7164	200020	226	10719	300008	223	14258	400019	223	17836	500014	223	21433	600014	223	25010	700026	223	28605	800006	223	32190	900019	223	35797	1000011	211	39379	1100026	205	42955	1200024	193	46517	1300024	193	50085	1400016	190	53633	1500018	190	57187	1600030	182	60754	1700005	182	64332	1800016	182	67901	1900008	180	71456	2000030	174	75029	2100016	174	78560	2200019	174	82115	2300023	174	85680	2400009	174	89242	2500028	174	92801	2600019	174	96342	2700019	174	99884	2800013	174	103462	2900027	174	107044	3000028	174	110615	3100025	174	114174	3200023	174	117745	3300021	174	121311	3400004	174	124863	3500005	174	
3598	100019	167	7159	200006	146	10705	300002	146	14242	400014	146	17795	500007	142	21335	600006	142	24865	700002	141	28420	800027	133	31985	900019	129	35549	1000028	129	39113	1100029	129	42670	1200003	126	46228	1300026	126	49773	1400016	126	53326	1500020	126	56878	1600004	126	60435	1700016	126	63999	1800017	126	67579	1900018	126	71147	2000024	126	74703	2100014	126	78253	2200008	126	81816	2300010	126	85392	2400004	126	88961	2500025	126	92510	2600022	126	96048	2700016	126	99606	2800029	126	103181	2900017	126	106726	3000004	126	110247	3100007	126	113799	3200029	126	117358	3300003	126	120921	3400015	126	124468	3500026	126	
3573	100025	227	7136	200005	210	10716	300019	170	14294	400023	142	17885	500015	142	21484	600025	142	25082	700025	139	28683	800006	131	32277	900003	131	35845	1000020	131	39428	1100029	131	43017	1200028	131	46591	1300013	131	50172	1400004	126	53730	1500011	126	57278	1600006	126	60850	1700031	126	64433	1800027	126	67993	1900030	126	71519	2000018	126	75087	2100012	126	78666	2200017	126	82228	2300016	126	85793	2400006	126	89363	2500012	126	92929	2600021	126	96502	2700024	126	100045	2800003	126	103602	2900021	126	107179	3000019	126	110759	3100008	126	114317	3200009	126	117902	3300010	126	121482	3400028	126	125066	3500018	126	
3733	100020	178	7456	200022	167	11181	300022	151	14922	400016	142	18638	500006	142	22371	600026	122	26089	700007	122	29804	800012	122	33528	900018	119	37240	1000025	120	40955	1100005	116	44643	1200022	116	48351	1300024	116	52075	1400006	96	55787	1500010	96	59515	1600024	96	63253	1700020	96	66963	1800007	96	70672	1900023	96	74382	2000003	96	78078	2100019	96	81785	2200014	96	85505	2300030	96	89224	2400024	96	92961	2500003	96	96678	2600005	96	100399	2700029	96	104118	2800002	96	107814	2900008	96	111519	3000029	96	115232	3100027	96	118936	3200018	96	122646	3300014	96	126365	3400020	96	130083	3500008	96	
3754	100009	175	7465	200002	170	11173	300002	164	14906	400026	160	18630	500019	145	22281	600014	145	25971	700007	140	29693	800023	128	33402	900011	128	37127	1000007	128	40868	1100021	128	44585	1200008	128	48309	1300016	128	52007	1400020	125	55717	1500010	119	59435	1600005	117	63152	1700016	117	66879	1800009	117	70596	1900012	117	74275	2000019	117	78004	2100011	117	81717	2200026	117	85439	2300024	117	89169	2400012	117	92876	2500004	117	96592	2600016	117	100298	2700002	117	104022	2800014	117	107773	2900022	117	111513	3000022	117	115243	3100025	117	118964	3200021	112	122693	3300019	106	126414	3400014	106	130150	3500008	106	
3756	100008	175	7494	200021	155	11212	300020	150	14901	400025	142	18585	500010	142	22305	600012	142	26023	700022	142	29759	800010	142	33482	900018	142	37206	1000020	136	40902	1100018	135	44629	1200023	135	48332	1300021	131	52046	1400009	131	55748	1500020	131	59460	1600024	131	63166	1700029	131	66886	1800024	131	70630	1900018	131	74381	2000026	131	78100	2100023	125	81807	2200006	125	85526	2300020	125	89248	2400002	125	92952	2500021	125	96669	2600007	121	100378	2700021	121	104078	2800030	121	107752	2900028	121	111468	3000012	121	115195	3100004	121	118886	3200020	114	122588	3300009	114	126305	3400028	114	129992	3500014	114	
3746	100019	228	7492	200027	157	11217	300003	144	14934	400005	136	18662	500010	134	22388	600010	134	26127	700005	134	29847	800024	131	33585	900026	131	37272	1000005	115	40990	1100023	115	44728	1200006	115	48454	1300010	115	52167	1400010	115	55898	1500014	115	59592	1600017	115	63287	1700023	115	66989	1800018	115	70705	1900019	115	74410	2000011	115	78132	2100003	115	81853	2200019	115	85553	2300020	115	89252	2400014	115	92969	2500021	109	96678	2600006	109	100384	2700017	109	104105	2800004	109	107834	2900003	109	111542	3000016	109	115254	3100026	109	118971	3200005	109	122679	3300022	109	126373	3400010	109	130073	3500019	109	
3732	100002	158	7440	200005	158	11139	300015	158	14834	400004	158	18541	500018	157	22243	600021	157	25940	700007	143	29670	800024	130	33379	900030	130	37093	1000015	130	40823	1100021	122	44561	1200002	122	48285	1300022	122	52000	1400016	122	55720	1500014	122	59436	1600018	122	63154	1700013	122	66862	1800030	116	70577	1900014	108	74283	2000005	108	78007	2100008	108	81720	2200016	108	85434	2300005	108	89101	2400022	108	92792	2500024	108	96500	2600017	101	100190	2700027	101	103906	2800025	101	107606	2900018	101	111337	3000011	101	115038	3100026	101	118751	3200025	101	122473	3300022	101	126174	3400022	101	129893	3500010	101	
1270	100059	3834	2524	200043	3210	3789	300052	3177	5035	400054	2750	6286	500044	2688	7553	600071	2596	8825	700069	2559	10091	800038	2468	11351	900041	2321	12618	1000082	2239	13883	1100087	2224	15145	1200039	2224	16407	1300070	2224	17682	1400076	2193	18934	1500032	2187	20191	1600066	2149	21439	1700064	2129	22702	1800039	2072	23964	1900060	2072	25233	2000011	2067	26502	2100072	2067	27763	2200030	2054	29025	2300078	2037	30286	2400011	2021	31559	2500076	1981	32820	2600074	1957	34087	2700042	1957	35341	2800019	1930	36608	2900042	1891	37872	3000083	1891	39139	3100018	1891	40383	3200036	1891	41643	3300075	1891	42907	3400015	1872	44184	3500010	1872	
1270	100043	3922	2538	200017	3475	3806	300011	3369	5075	400087	3119	6327	500070	3083	7595	600077	3005	8860	700039	3005	10114	800038	3005	11377	900032	3005	12636	1000046	2852	13900	1100052	2830	15169	1200036	2784	16432	1300064	2704	17684	1400034	2704	18934	1500039	2686	20185	1600053	2679	21443	1700047	2663	22697	1800080	2663	23955	1900015	2663	25221	2000037	2646	26489	2100058	2619	27750	2200032	2565	29009	2300020	2527	30262	2400019	2524	31522	2500030	2524	32777	2600040	2467	34032	2700020	2450	35283	2800080	2414	36548	2900084	2414	37803	3000022	2414	39060	3100034	2414	40325	3200082	2373	41589	3300057	2318	42856	3400061	2318	44130	3500008	2318	
1280	100036	3928	2550	200029	3690	3815	300014	3321	5080	400071	2846	6353	500033	2688	7626	600068	2688	8883	700043	2683	10150	800048	2534	11416	900060	2498	12681	1000054	2498	13949	1100075	2498	15203	1200029	2498	16461	1300051	2498	17730	1400043	2498	19000	1500054	2498	20244	1600018	2498	21502	1700042	2498	22765	1800072	2498	24025	1900035	2498	25292	2000053	2498	26547	2100086	2498	27810	2200078	2498	29072	2300038	2498	30341	2400073	2482	31591	2500054	2482	32843	2600031	2482	34109	2700085	2482	35370	2800017	2482	36623	2900073	2482	37891	3000084	2482	39165	3100064	2482	40421	3200080	2482	41675	3300061	2482	42945	3400082	2482	44210	3500021	2482	
1271	100053	4087	2479	200070	3664	3743	300042	3434	5002	400044	3366	6253	500072	3210	7490	600020	3125	8762	700027	2953	10017	800026	2853	11287	900045	2806	12556	1000028	2806	13811	1100072	2806	15069	1200049	2803	16332	1300010	2776	17602	1400034	2761	18855	1500015	2655	20116	1600009	2633	21373	1700061	2625	22638	1800064	2625	23909	1900081	2598	25181	2000075	2588	26450	2100018	2588	27700	2200015	2571	28957	2300061	2569	30217	2400066	2525	31465	2500049	2525	32698	2600091	2512	33947	2700040	2512	35217	2800080	2512	36487	2900074	2511	37748	3000043	2511	39009	3100044	2511	40261	3200052	2511	41526	3300083	2511	42793	3400070	2511	44057	3500035	2511	
1270	100057	3819	2536	200083	3198	3799	300038	3198	5057	400064	3198	6325	500055	3122	7586	600009	2992	8851	700010	2967	10102	800009	2967	11363	900041	2967	12614	1000058	2967	13865	1100050	2967	15110	1200034	2967	16345	1300057	2967	17611	1400044	2917	18866	1500012	2916	20132	1600079	2895	21399	1700016	2895	22666	1800078	2895	23935	1900054	2895	25203	2000043	2859	26454	2100057	2859	27723	2200011	2859	28985	2300050	2824	30242	2400072	2797	31501	2500082	2797	32764	2600080	2795	34030	2700040	2784	35286	2800026	2770	36553	2900016	2753	37832	3000075	2749	39108	3100041	2749	40380	3200017	2749	41646	3300018	2749	42906	3400014	2749	44180	3500011	2749	
1298	100017	5037	2591	200071	5037	3885	300070	5037	5169	400082	5037	6458	500060	5037	7745	600020	5037	9031	700028	5037	10330	800056	5037	11631	900079	5037	12920	1000012	5037	14217	1100058	5037	15512	1200057	5037	16817	1300072	5037	18104	1400041	5037	19404	1500058	5003	20704	1600036	5003	21999	1700054	5003	23302	1800016	5003	24596	1900065	5003	25873	2000069	5003	27170	2100079	5003	28465	2200052	5003	29753	2300016	5003	31052	2400070	5003	32340	2500067	5003	33639	2600012	5003	34938	2700056	5003	36237	2800067	5003	37525	2900075	5003	38813	3000010	5003	40094	3100035	4995	41383	3200053	4995	42674	3300013	4995	43971	3400028	4940	45265	3500044	4880	
1301	100022	5037	2596	200041	5037	3882	300063	5037	5170	400009	5037	6465	500028	5037	7760	600039	5037	9060	700063	5037	10339	800030	5037	11608	900008	5037	12897	1000019	5037	14190	1100052	5037	15486	1200049	5037	16774	1300081	5037	18054	1400053	5037	19336	1500010	5037	20627	1600030	5037	21910	1700073	5037	23200	1800031	5037	24498	1900058	5037	25799	2000068	5037	27092	2100038	5037	28389	2200045	5037	29669	2300050	5037	30951	2400028	5037	32242	2500041	5037	33532	2600056	5037	34818	2700053	5037	36110	2800020	5037	37404	2900026	5037	38698	3000011	5037	39971	3100042	5037	41259	3200041	5037	42554	3300034	5037	43852	3400063	5037	45146	3500025	5037	
1306	100028	5037	2590	200041	5037	3883	300055	5037	5175	400053	5037	6460	500042	5037	7751	600030	5037	9039	700020	5037	10326	800059	5037	11623	900010	5037	12919	1000047	5037	14218	1100061	5037	15504	1200026	5037	16807	1300044	5037	18104	1400009	5037	19405	1500048	5037	20697	1600043	5037	21994	1700079	5037	23297	1800034	5037	24579	1900071	5037	25868	2000019	5037	27172	2100025	5037	28464	2200059	5037	29761	2300054	5037	31065	2400057	5037	32362	2500068	5037	33654	2600035	5037	34946	2700028	5037	36242	2800022	5037	37539	2900016	5037	38837	3000008	5037	40125	3100079	5037	41417	3200030	5037	42713	3300070	5037	44003	3400035	5037	45299	3500071	5037	
1301	100076	5037	2594	200024	5037	3887	300025	5037	5187	400039	5037	6486	500075	5037	7784	600071	5037	9080	700054	5039	10375	800029	5039	11666	900040	5039	12963	1000044	5039	14265	1100068	5039	15543	1200044	5039	16831	1300042	5039	18130	1400047	5039	19425	1500064	5039	20725	1600084	5030	22021	1700033	5030	23320	1800066	5030	24612	1900081	5030	25908	2000055	5030	27208	2100075	5030	28509	2200017	5030	29801	2300035	5030	31103	2400055	5030	32393	2500027	5030	33654	2600038	5030	34941	2700070	5030	36239	2800041	5030	37536	2900077	5030	38815	3000047	5030	40098	3100077	5030	41396	3200043	5030	42685	3300030	5030	43970	3400066	5030	45267	3500082	5030	
1275	100082	5037	2570	200078	5037	3868	300023	5037	5161	400013	5037	6455	500036	5037	7753	600020	5037	9044	700022	5037	10346	800032	5037	11643	900024	5037	12938	1000050	5037	14222	1100010	5037	15515	1200064	5037	16812	1300029	5037	18099	1400043	5037	19405	1500077	5037	20700	1600030	5037	21984	1700060	5037	23275	1800048	5037	24560	1900028	5037	25843	2000012	5013	27142	2100037	5013	28436	2200064	5013	29736	2300056	5013	31038	2400008	4994	32329	2500050	4921	33615	2600071	4904	34901	2700045	4904	36187	2800079	4904	37477	2900017	4904	38762	3000031	4904	40044	3100019	4904	41340	3200067	4904	42630	3300026	4904	43925	3400028	4874	45226	3500053	4860	
286	100162	25272	568	200140	25272	851	300228	25272	1134	400380	25272	1417	500289	25272	1701	600348	25272	1981	700135	25272	2266	800310	25272	2548	900178	25272	2827	1000231	25272	3106	1100090	25272	3389	1200391	25272	3673	1300135	25272	3958	1400049	25272	4244	1500308	25272	4525	1600244	25272	4809	1700335	25272	5091	1800123	25272	5375	1900078	25272	5655	2000044	25272	5937	2100238	25272	6221	2200094	25272	6503	2300341	25272	6784	2400255	25272	7069	2500212	25272	7354	2600075	25272	7636	2700260	25272	7918	2800321	25272	8199	2900091	25272	8482	3000372	25272	8761	3100372	25272	9045	3200291	25272	9329	3300362	25272	9612	3400224	25272	9896	3500096	25272	
284	100203	25272	565	200168	25272	851	300319	25272	1135	400363	25272	1419	500069	25272	1703	600063	25272	1988	700335	25272	2272	800376	25272	2557	900186	25272	2841	1000344	25272	3125	1100279	25272	3409	1200365	25272	3693	1300309	25272	3977	1400241	25272	4259	1500248	25272	4539	1600258	25272	4823	1700114	25272	5108	1800104	25272	5391	1900120	25272	5676	2000397	25272	5956	2100087	25272	6238	2200080	25272	6521	2300052	25272	6807	2400047	25272	7089	2500272	25272	7373	2600162	25272	7659	2700204	25272	7941	2800395	25272	8223	2900054	25272	8505	3000047	25272	8790	3100142	25272	9068	3200086	25272	9351	3300305	25272	9635	3400150	25272	9917	3500213	25272	
282	100251	25272	564	200256	25272	848	300156	25272	1131	400143	25272	1417	500197	25272	1699	600106	25272	1986	700367	25272	2270	800374	25272	2552	900189	25272	2834	1000171	25272	3119	1100174	25272	3399	1200371	25272	3683	1300165	25272	3967	1400074	25272	4251	1500259	25272	4530	1600045	25272	4811	1700358	25272	5094	1800236	25272	5376	1900164	25272	5651	2000050	25272	5932	2100171	25272	6214	2200108	25272	6498	2300185	25272	6783	2400388	25272	7067	2500185	25272	7352	2600174	25272	7637	2700205	25272	7920	2800388	25272	8201	2900297	25272	8484	3000302	25272	8768	3100376	25272	9052	3200276	25272	9337	3300106	25272	9620	3400105	25272	9904	3500349	25272	
287	100243	25272	571	200100	25272	854	300255	25272	1137	400150	25272	1420	500288	25272	1697	600133	25272	1976	700121	25272	2259	800380	25272	2541	900180	25272	2825	1000171	25272	3106	1100186	25272	3388	1200067	25272	3668	1300325	25272	3953	1400241	25272	4238	1500142	25272	4522	1600261	25272	4807	1700064	25272	5091	1800161	25272	5377	1900201	25272	5657	2000168	25272	5938	2100098	25272	6222	2200145	25272	6505	2300216	25272	6788	2400297	25272	7071	2500118	25272	7350	2600384	25272	7634	2700251	25272	7915	2800345	25272	8198	2900303	25272	8478	3000049	25272	8758	3100130	25272	9042	3200339	25272	9325	3300200	25272	9605	3400227	25272	9887	3500397	25272	
278	100186	25272	562	200135	25272	845	300379	25272	1126	400074	25272	1406	500125	25272	1688	600270	25272	1973	700383	25272	2254	800147	25272	2537	900378	25272	2818	1000293	25272	3100	1100047	25272	3385	1200199	25272	3668	1300089	25272	3949	1400249	25272	4232	1500267	25272	4515	1600146	25272	4796	1700070	25272	5078	1800192	25272	5359	1900081	25272	5639	2000142	25272	5923	2100199	25272	6207	2200278	25272	6490	2300124	25272	6775	2400175	25272	7059	2500244	25272	7344	2600367	25272	7630	2700225	25272	7913	2800041	25272	8193	2900206	25272	8476	3000054	25272	8756	3100147	25272	9041	3200307	25272	9323	3300241	25272	9603	3400263	25272	9884	3500043	25272	
286	100272	25176	575	200357	25176	863	300088	25176	1152	400084	25176	1440	500135	25176	1727	600328	25176	2013	700170	25176	2301	800370	25176	2589	900275	25176	2878	1000149	25176	3166	1100316	25176	3453	1200332	25176	3741	1300327	25176	4029	1400340	25176	4317	1500302	25176	4600	1600374	25176	4887	1700310	25176	5175	1800124	25176	5456	1900356	25176	5743	2000238	25176	6030	2100045	25176	6316	2200245	25176	6602	2300079	25176	6888	2400053	25176	7173	2500087	25176	7459	2600180	25176	7746	2700366	25176	8034	2800233	25176	8323	2900210	25176	8613	3000069	25176	8890	3100268	25176	9176	3200101	25176	9463	3300172	25176	9750	3400247	25176	10039	3500126	25176	
289	100226	25176	574	200237	25176	862	300144	25176	1151	400164	25176	1438	500184	25176	1725	600113	25176	2014	700111	25176	2301	800198	25176	2585	900110	25176	2869	1000213	25176	3152	1100234	25176	3440	1200241	25176	3728	1300261	25176	4015	1400193	25176	4300	1500334	25176	4585	1600375	25176	4873	1700171	25176	5162	1800385	25176	5450	1900306	25176	5739	2000267	25176	6029	2100341	25176	6317	2200233	25176	6605	2300136	25176	6895	2400182	25176	7181	2500357	25176	7468	2600119	25176	7752	2700188	25176	8040	2800185	25176	8327	2900246	25176	8612	3000225	25176	8899	3100325	25176	9186	3200190	25176	9472	3300107	25176	9759	3400050	25176	10051	3500343	25176	
288	100045	25176	577	200345	25176	861	300319	25176	1147	400103	25176	1437	500320	25176	1717	600075	25176	2003	700319	25176	2291	800358	25176	2579	900257	25176	2865	1000167	25176	3153	1100130	25176	3441	1200160	25176	3728	1300228	25176	4017	1400107	25176	4305	1500264	25176	4590	1600326	25176	4873	1700218	25176	5160	1800393	25176	5446	1900330	25176	5733	2000143	25176	6020	2100090	25176	6306	2200283	25176	6594	2300161	25176	6880	2400326	25176	7162	2500306	25176	7448	2600355	25176	7733	2700136	25176	8019	2800249	25176	8304	2900296	25176	8591	3000141	25176	8876	3100223	25176	9162	3200087	25176	9451	3300068	25176	9738	3400072	25176	10025	3500289	25176	
285	100388	25176	570	200355	25176	858	300122	25176	1146	400228	25176	1433	500093	25176	1724	600146	25176	2010	700076	25176	2298	800148	25176	2584	900071	25176	2869	1000296	25176	3155	1100225	25176	3441	1200067	25176	3730	1300377	25176	4012	1400208	25176	4300	1500112	25176	4588	1600354	25176	4875	1700355	25176	5163	1800373	25176	5450	1900222	25176	5731	2000194	25176	6015	2100188	25176	6300	2200096	25176	6590	2300110	25176	6877	2400202	25176	7165	2500388	25176	7448	2600075	25176	7736	2700347	25176	8022	2800266	25176	8311	2900267	25176	8599	3000122	25176	8885	3100135	25176	9164	3200366	25176	9450	3300293	25176	9738	3400185	25176	10026	3500293	25176	
286	100153	25176	574	200373	25176	862	300048	25176	1151	400240	25176	1437	500077	25176	1720	600184	25176	2006	700335	25176	2295	800284	25176	2582	900371	25176	2867	1000385	25176	3151	1100298	25176	3436	1200348	25176	3716	1300174	25176	4004	1400056	25176	4292	1500196	25176	4578	1600320	25176	4863	1700309	25176	5151	1800385	25176	5437	1900233	25176	5726	2000280	25176	6013	2100112	25176	6302	2200338	25176	6589	2300394	25176	6875	2400132	25176	7163	2500127	25176	7449	2600131	25176	7736	2700175	25176	8023	2800138	25176	8309	2900067	25176	8598	3000235	25176	8885	3100244	25176	9175	3200344	25176	9459	3300316	25176	9744	3400094	25176	10031	3500196	25176	
4201	100025	78	8408	200015	78	12612	300006	78	16816	400016	78	21009	500021	78	25190	600001	78	29370	700015	78	33558	800014	78	37742	900002	78	41963	1000014	78	46160	1100012	78	50367	1200003	78	54575	1300019	78	58774	1400018	75	62979	1500001	75	67167	1600023	75	71358	1700013	75	75564	1800016	75	79780	1900016	75	83994	2000021	75	88195	2100018	75	92387	2200019	75	96603	2300009	75	100804	2400025	75	104994	2500005	75	109178	2600025	75	113363	2700015	75	117556	2800010	75	121764	2900027	75	125936	3000022	75	130122	3100018	75	134318	3200005	75	138523	3300015	75	142731	3400026	75	146889	3500018	75	
4166	100015	90	8339	200012	90	12543	300016	90	16763	400009	90	20958	500023	90	25175	600026	90	29367	700022	90	33561	800016	90	37782	900011	90	42005	1000025	90	46227	1100020	90	50449	1200010	90	54644	1300024	74	58816	1400013	74	63028	1500011	73	67241	1600017	73	71417	1700023	73	75601	1800012	73	79798	1900012	73	83977	2000018	73	88152	2100014	73	92335	2200016	73	96543	2300017	73	100724	2400002	73	104895	2500027	73	109079	2600020	73	113264	2700013	73	117480	2800022	73	121697	2900017	73	125900	3000007	73	130119	3100008	73	134319	3200015	73	138520	3300007	73	142726	3400023	73	146915	3500005	73	
4187	100010	82	8378	200004	82	12584	300020	82	16799	400014	82	20989	500003	82	25193	600025	82	29391	700011	82	33573	800017	82	37787	900011	82	41994	1000008	82	46187	1100022	82	50390	1200024	82	54595	1300018	82	58793	1400026	82	62966	1500003	82	67130	1600024	82	71296	1700005	82	75479	1800017	82	79692	1900008	82	83892	2000022	82	88087	2100022	82	92245	2200017	82	96455	2300011	82	100646	2400021	82	104818	2500014	82	108994	2600007	82	113179	2700026	82	117382	2800023	82	121575	2900012	82	125746	3000014	82	129954	3100004	82	134125	3200008	82	138297	3300025	82	142499	3400019	82	146705	3500006	82	
4199	100013	87	8386	200010	75	12598	300019	75	16798	400015	75	20993	500007	75	25199	600025	75	29379	700018	75	33584	800010	75	37798	900018	75	41996	1000009	75	46183	1100017	75	50328	1200012	75	54497	1300016	75	58698	1400006	75	62874	1500013	75	67065	1600018	75	71261	1700003	75	75451	1800005	75	79614	1900007	75	83785	2000013	75	87974	2100025	75	92165	2200007	75	96364	2300003	75	100577	2400022	75	104760	2500007	75	108941	2600018	75	113137	2700012	75	117336	2800013	75	121518	2900022	75	125714	3000009	75	129891	3100003	75	134087	3200013	75	138302	3300013	75	142508	3400018	75	146703	3500002	75	
4208	100007	87	8387	200003	81	12564	300021	81	16743	400004	81	20912	500007	81	25055	600022	81	29258	700009	81	33450	800021	81	37630	900026	81	41771	1000020	81	45943	1100017	81	50118	1200007	81	54308	1300006	81	58491	1400014	81	62662	1500019	81	66822	1600011	81	70986	1700001	81	75132	1800020	81	79316	1900005	81	83441	2000006	81	87616	2100009	81	91796	2200005	81	95942	2300003	81	100102	2400009	81	104291	2500021	81	108471	2600025	81	112644	2700020	81	116815	2800003	81	120968	2900001	81	125138	3000004	81	129293	3100010	81	133439	3200009	81	137624	3300003	81	141811	3400018	81	146008	3500007	81	
4612	100014	86	9199	200001	86	13779	300022	86	18365	400004	86	22926	500017	92	27494	600007	92	32078	700016	92	36696	800006	92	41289	900018	79	45865	1000023	79	50437	1100015	79	55041	1200010	79	59645	1300007	79	64206	1400017	79	68787	1500013	79	73384	1600003	82	77964	1700020	82	82549	1800012	82	87133	1900026	82	91729	2000006	82	96313	2100010	82	100896	2200005	82	105510	2300004	82	110119	2400004	82	114728	2500017	82	119319	2600015	82	123900	2700003	82	128505	2800006	82	133100	2900011	82	137686	3000007	82	142259	3100003	82	146846	3200007	82	151464	3300003	82	156071	3400016	82	160665	3500001	82	
4605	100002	92	9214	200017	92	13798	300008	82	18366	400005	82	22945	500012	82	27555	600018	82	32169	700019	82	36744	800004	82	41321	900015	82	45942	1000014	82	50531	1100002	82	55126	1200019	82	59722	1300016	82	64315	1400007	82	68921	1500014	82	73513	1600021	82	78112	1700006	82	82715	1800022	82	87309	1900003	82	91880	2000003	82	96422	2100008	82	100962	2200004	82	105534	2300014	82	110093	2400018	82	114670	2500005	82	119255	2600003	82	123837	2700007	82	128450	2800010	82	133033	2900017	82	137592	3000025	82	142194	3100019	82	146787	3200012	82	151396	3300012	82	155975	3400004	82	160578	3500003	76	
4610	100019	92	9228	200016	92	13845	300016	92	18455	400006	92	23065	500014	97	27656	600012	97	32256	700022	97	36842	800008	97	41425	900003	97	46033	1000011	97	50612	1100009	97	55200	1200007	97	59813	1300005	97	64441	1400007	97	69060	1500017	97	73667	1600018	97	78287	1700008	97	82904	1800017	97	87505	1900002	97	92083	2000015	97	96668	2100005	97	101255	2200016	97	105841	2300016	89	110420	2400003	81	114986	2500007	81	119562	2600012	81	124095	2700007	81	128690	2800005	81	133295	2900003	81	137916	3000016	81	142511	3100012	81	147105	3200015	81	151699	3300008	81	156260	3400015	81	160855	3500006	81	
4629	100006	92	9260	200003	92	13847	300019	97	18444	400004	97	23065	500023	97	27663	600016	87	32268	700012	87	36868	800009	87	41469	900024	87	46064	1000012	87	50661	1100024	87	55258	1200002	87	59839	1300001	87	64426	1400004	87	69032	1500020	87	73629	1600023	87	78219	1700011	87	82797	1800019	87	87390	1900010	87	92016	2000018	87	96627	2100008	87	101236	2200018	87	105854	2300007	87	110473	2400022	87	115070	2500027	87	119654	2600014	87	124238	2700024	87	128833	2800003	87	133450	2900024	87	138054	3000009	87	142650	3100012	87	147234	3200001	87	151815	3300017	87	156397	3400010	87	161003	3500021	87	
4616	100001	92	9221	200002	92	13820	300005	91	18422	400018	91	22991	500007	91	27554	600017	91	32124	700019	91	36744	800015	87	41344	900018	87	45942	1000007	87	50533	1100019	87	55111	1200002	87	59717	1300006	87	64294	1400018	87	68855	1500001	87	73440	1600014	87	78032	1700009	87	82621	1800021	87	87176	1900025	87	91766	2000003	87	96365	2100003	87	100970	2200011	87	105481	2300003	87	110089	2400022	87	114679	2500018	87	119288	2600008	87	123901	2700006	87	128528	2800010	87	133136	2900011	87	137761	3000007	87	142359	3100005	87	146956	3200020	87	151560	3300006	87	156145	3400011	87	160734	3500015	87	
1360	100015	355	2715	200072	355	4079	300067	355	5438	400022	355	6800	500059	355	8160	600078	355	9521	700015	355	10879	800023	355	12232	900065	355	13590	1000026	355	14945	1100019	355	16307	1200027	355	17678	1300011	355	19032	1400013	355	20395	1500063	355	21754	1600048	355	23118	1700016	355	24482	1800045	355	25837	1900021	355	27186	2000044	355	28546	2100066	355	29913	2200071	355	31281	2300024	355	32627	2400051	355	33989	2500076	355	35357	2600021	355	36701	2700073	355	38057	2800039	355	39423	2900046	355	40786	3000078	355	42133	3100010	355	43488	3200058	355	44843	3300081	355	46203	3400034	355	47574	3500059	355	
1365	100058	355	2728	200019	355	4091	300022	355	5448	400010	355	6798	500044	355	8149	600059	355	9503	700060	355	10858	800018	355	12222	900014	355	13586	1000025	355	14948	1100034	355	16311	1200048	355	17679	1300042	355	19029	1400048	355	20381	1500032	355	21736	1600013	355	23076	1700047	355	24439	1800041	355	25800	1900009	355	27163	2000063	355	28507	2100044	355	29863	2200080	355	31215	2300054	355	32580	2400021	355	33943	2500047	355	35296	2600030	355	36658	2700078	355	38026	2800046	355	39391	2900069	355	40740	3000043	355	42102	3100037	355	43461	3200046	355	44821	3300072	355	46190	3400069	355	47553	3500070	355	
1363	100030	355	2720	200011	355	4085	300033	355	5452	400050	355	6822	500037	355	8192	600007	355	9556	700076	355	10926	800046	355	12288	900073	355	13654	1000032	355	15022	1100028	355	16384	1200025	355	17736	1300072	355	19088	1400013	355	20451	1500042	355	21798	1600053	355	23154	1700009	355	24519	1800066	355	25878	1900071	355	27242	2000073	355	28607	2100074	355	29963	2200012	355	31330	2300027	355	32699	2400052	355	34071	2500032	355	35428	2600019	355	36783	2700019	355	38150	2800042	355	39517	2900008	355	40888	3000059	355	42254	3100071	355	43605	3200059	355	44970	3300062	355	46320	3400065	355	47682	3500031	355	
1365	100013	355	2712	200013	355	4078	300068	355	5432	400070	355	6802	500023	355	8165	600049	355	9525	700069	355	10887	800052	355	12258	900076	355	13625	1000066	355	14987	1100019	355	16349	1200064	355	17706	1300069	355	19065	1400019	355	20421	1500017	355	21773	1600058	355	23124	1700018	355	24488	1800025	355	25851	1900020	355	27216	2000066	355	28583	2100018	355	29945	2200015	355	31304	2300040	355	32657	2400023	355	34021	2500049	355	35379	2600035	355	36742	2700049	355	38106	2800010	355	39461	2900055	355	40827	3000073	355	42174	3100064	355	43526	3200046	355	44889	3300035	355	46254	3400024	355	47618	3500058	355	
1352	100036	355	2715	200042	355	4068	300078	355	5432	400074	355	6790	500077	355	8142	600008	355	9492	700010	355	10861	800053	355	12223	900021	355	13580	1000021	355	14939	1100009	355	16289	1200074	355	17653	1300027	355	19025	1400071	355	20382	1500043	355	21748	1600026	355	23106	1700009	355	24471	1800042	355	25834	1900010	355	27187	2000050	355	28551	2100072	355	29901	2200036	355	31261	2300017	355	32618	2400066	355	33961	2500028	355	35325	2600031	355	36685	2700054	355	38048	2800021	355	39417	2900073	355	40776	3000050	355	42131	3100066	355	43505	3200062	355	44869	3300065	355	46233	3400007	355	47597	3500043	355	
1467	100061	365	2937	200018	365	4406	300028	365	5875	400020	365	7331	500052	365	8788	600058	365	10248	700061	365	11719	800067	365	13163	900026	365	14620	1000047	365	16083	1100062	365	17545	1200016	365	19013	1300021	365	20474	1400039	365	21943	1500048	365	23386	1600028	365	24841	1700050	365	26297	1800023	365	27767	1900049	365	29235	2000015	365	30703	2100041	365	32161	2200042	365	33617	2300035	365	35069	2400071	365	36542	2500070	365	38013	2600031	365	39477	2700052	365	40946	2800022	365	42403	2900071	365	43868	3000016	365	45316	3100041	365	46783	3200048	365	48257	3300019	365	49725	3400042	365	51200	3500045	365	
1462	100054	365	2931	200058	365	4387	300059	365	5841	400073	365	7301	500067	365	8760	600011	365	10222	700074	365	11676	800016	365	13144	900015	365	14599	1000023	365	16067	1100014	365	17534	1200027	365	18995	1300022	365	20468	1400041	365	21941	1500068	365	23411	1600016	365	24875	1700035	365	26336	1800051	365	27797	1900015	365	29265	2000026	365	30741	2100072	365	32195	2200057	365	33664	2300027	365	35135	2400020	365	36607	2500051	365	38063	2600046	365	39522	2700028	365	40990	2800056	365	42459	2900067	365	43926	3000058	365	45381	3100053	365	46853	3200065	365	48321	3300062	365	49793	3400054	365	51260	3500008	365	
1436	100023	365	2904	200060	365	4364	300011	365	5819	400042	365	7280	500026	365	8750	600039	365	10189	700055	365	11660	800008	365	13132	900018	365	14599	1000053	365	16060	1100041	365	17528	1200061	365	18992	1300051	365	20458	1400011	365	21930	1500028	365	23402	1600011	365	24867	1700054	365	26323	1800062	365	27784	1900064	365	29258	2000010	365	30728	2100042	365	32192	2200008	365	33650	2300009	365	35124	2400012	365	36584	2500014	365	38049	2600076	365	39528	2700066	365	40986	2800025	365	42454	2900050	365	43907	3000050	365	45379	3100065	365	46842	3200071	365	48319	3300036	365	49791	3400011	365	51238	3500042	365	
1443	100026	365	2911	200019	365	4375	300054	365	5836	400059	365	7289	500072	365	8761	600063	365	10234	700052	365	11692	800040	365	13148	900048	365	14599	1000054	365	16065	1100051	365	17532	1200015	365	19002	1300015	365	20465	1400067	365	21935	1500035	365	23408	1600044	365	24877	1700018	365	26354	1800061	365	27819	1900011	365	29294	2000048	365	30756	2100043	365	32216	2200034	365	33673	2300058	365	35119	2400012	365	36593	2500037	365	38060	2600056	365	39527	2700052	365	40998	2800015	365	42466	2900019	365	43939	3000028	365	45415	3100037	365	46882	3200019	365	48354	3300047	365	49825	3400011	365	51291	3500021	365	
1465	100018	365	2929	200078	365	4385	300024	365	5852	400072	365	7294	500019	365	8755	600020	365	10218	700037	365	11661	800038	365	13090	900019	365	14544	1000071	365	16011	1100060	365	17471	1200026	365	18931	1300073	365	20389	1400033	365	21857	1500049	365	23328	1600020	365	24806	1700033	365	26273	1800009	365	27738	1900038	365	29193	2000040	365	30648	2100015	365	32093	2200060	365	33546	2300013	365	35014	2400065	365	36493	2500056	365	37960	2600058	365	39414	2700009	365	40891	2800032	365	42357	2900009	365	43828	3000056	365	45287	3100013	365	46754	3200013	365	48216	3300060	365	49680	3400034	365	51122	3500011	365	
330	100038	1803	653	200150	1803	981	300079	1803	1311	400190	1803	1638	500327	1803	1967	600289	1803	2295	700107	1803	2621	800109	1803	2946	900287	1803	3274	1000308	1803	3599	1100111	1803	3928	1200087	1803	4257	1300143	1803	4586	1400176	1803	4915	1500051	1803	5242	1600081	1803	5569	1700142	1803	5897	1800305	1803	6226	1900272	1803	6553	2000226	1803	6881	2100246	1803	7206	2200095	1803	7533	2300095	1803	7861	2400046	1803	8190	2500095	1803	8519	2600093	1803	8846	2700103	1803	9173	2800158	1803	9500	2900047	1803	9829	3000120	1803	10154	3100338	1803	10479	3200148	1803	10808	3300045	1803	11138	3400313	1803	11465	3500106	1803	
329	100250	1803	656	200042	1803	986	300073	1803	1313	400216	1803	1642	500324	1803	1969	600114	1803	2298	700329	1803	2624	800073	1803	2949	900045	1803	3280	1000174	1803	3605	1100162	1803	3932	1200282	1803	4260	1300067	1803	4589	1400143	1803	4919	1500221	1803	5247	1600045	1803	5574	1700088	1803	5899	1800288	1803	6224	1900108	1803	6550	2000082	1803	6874	2100171	1803	7204	2200168	1803	7530	2300311	1803	7853	2400138	1803	8184	2500241	1803	8513	2600066	1803	8843	2700196	1803	9170	2800166	1803	9499	2900288	1803	9824	3000107	1803	10152	3100061	1803	10479	3200271	1803	10807	3300045	1803	11134	3400113	1803	11462	3500161	1803	
329	100139	1803	657	200337	1803	985	300251	1803	1314	400203	1803	1643	500083	1803	1975	600278	1803	2304	700284	1803	2633	800204	1803	2961	900054	1803	3289	1000130	1803	3619	1100279	1803	3943	1200101	1803	4273	1300264	1803	4597	1400082	1803	4927	1500153	1803	5256	1600138	1803	5584	1700253	1803	5913	1800305	1803	6244	1900127	1803	6570	2000245	1803	6898	2100102	1803	7226	2200078	1803	7555	2300160	1803	7883	2400098	1803	8210	2500065	1803	8539	2600093	1803	8867	2700274	1803	9196	2800206	1803	9524	2900081	1803	9850	3000155	1803	10177	3100168	1803	10504	3200279	1803	10834	3300253	1803	11161	3400099	1803	11489	3500105	1803	
330	100265	1803	659	200279	1803	984	300259	1803	1305	400218	1803	1631	500196	1803	1959	600099	1803	2286	700275	1803	2614	800264	1803	2943	900160	1803	3271	1000096	1803	3599	1100351	1803	3927	1200119	1803	4256	1300223	1803	4587	1400224	1803	4917	1500294	1803	5242	1600167	1803	5566	1700200	1803	5896	1800087	1803	6223	1900177	1803	6550	2000126	1803	6881	2100319	1803	7206	2200083	1803	7534	2300326	1803	7862	2400185	1803	8188	2500061	1803	8517	2600249	1803	8845	2700236	1803	9174	2800255	1803	9504	2900129	1803	9833	3000139	1803	10161	3100149	1803	10490	3200134	1803	10819	3300060	1803	11147	3400206	1803	11477	3500233	1803	
328	100310	1803	654	200318	1803	984	300050	1803	1313	400054	1803	1644	500085	1803	1969	600103	1803	2293	700153	1803	2620	800230	1803	2948	900060	1803	3278	1000120	1803	3608	1100263	1803	3937	1200248	1803	4265	1300193	1803	4592	1400322	1803	4916	1500278	1803	5239	1600171	1803	5566	1700158	1803	5898	1800309	1803	6223	1900123	1803	6553	2000183	1803	6882	2100216	1803	7208	2200102	1803	7535	2300253	1803	7859	2400108	1803	8185	2500192	1803	8511	2600037	1803	8840	2700085	1803	9167	2800145	1803	9493	2900270	1803	9820	3000131	1803	10149	3100171	1803	10477	3200056	1803	10807	3300056	1803	11134	3400095	1803	11464	3500169	1803	
352	100083	1754	708	200114	1754	1062	300105	1754	1416	400062	1754	1772	500071	1754	2130	600295	1754	2486	700261	1754	2838	800316	1754	3195	900117	1754	3553	1000118	1754	3909	1100219	1754	4267	1200123	1754	4624	1300248	1754	4979	1400282	1754	5334	1500077	1754	5691	1600183	1754	6047	1700194	1754	6404	1800296	1754	6761	1900241	1754	7117	2000088	1754	7474	2100040	1754	7831	2200047	1754	8184	2300305	1754	8531	2400277	1754	8879	2500086	1754	9233	2600187	1754	9589	2700213	1754	9947	2800161	1754	10302	2900098	1754	10658	3000300	1754	11007	3100062	1754	11362	3200130	1754	11719	3300036	1754	12071	3400120	1754	12427	3500144	1754	
357	100109	1754	711	200115	1754	1063	300063	1754	1410	400088	1754	1761	500215	1754	2115	600263	1754	2470	700207	1754	2824	800039	1754	3171	900210	1754	3522	1000188	1754	3873	1100111	1754	4231	1200272	1754	4585	1300245	1754	4941	1400304	1754	5297	1500247	1754	5653	1600091	1754	6009	1700051	1754	6363	1800150	1754	6714	1900200	1754	7065	2000141	1754	7419	2100052	1754	7773	2200071	1754	8129	2300058	1754	8485	2400294	1754	8841	2500175	1754	9198	2600226	1754	9555	2700238	1754	9908	2800181	1754	10257	2900195	1754	10607	3000035	1754	10963	3100162	1754	11319	3200135	1754	11678	3300291	1754	12031	3400031	1754	12388	3500051	1754	
355	100081	1754	710	200058	1754	1069	300107	1754	1426	400064	1754	1778	500109	1754	2131	600172	1754	2483	700300	1754	2837	800171	1754	3192	900214	1754	3545	1000062	1754	3901	1100113	1754	4252	1200065	1754	4608	1300054	1754	4966	1400186	1754	5324	1500151	1754	5682	1600256	1754	6037	1700263	1754	6392	1800083	1754	6745	1900184	1754	7097	2000160	1754	7453	2100247	1754	7810	2200144	1754	8162	2300047	1754	8520	2400182	1754	8877	2500191	1754	9234	2600298	1754	9590	2700160	1754	9945	2800317	1754	10300	2900108	1754	10657	3000231	1754	11013	3100260	1754	11369	3200153	1754	11725	3300212	1754	12082	3400091	1754	12441	3500186	1754	
355	100058	1754	712	200060	1754	1069	300057	1754	1428	400220	1754	1784	500080	1754	2141	600127	1754	2499	700237	1754	2857	800146	1754	3208	900036	1754	3566	1000075	1754	3923	1100180	1754	4281	1200279	1754	4638	1300033	1754	4993	1400202	1754	5346	1500178	1754	5699	1600247	1754	6055	1700233	1754	6410	1800327	1754	6761	1900066	1754	7117	2000040	1754	7474	2100159	1754	7830	2200054	1754	8187	2300270	1754	8542	2400090	1754	8895	2500279	1754	9246	2600096	1754	9604	2700136	1754	9961	2800132	1754	10315	2900237	1754	10666	3000046	1754	11024	3100177	1754	11380	3200137	1754	11734	3300084	1754	12091	3400127	1754	12446	3500049	1754	
357	100314	1754	711	200098	1754	1069	300042	1754	1426	400155	1754	1782	500302	1754	2140	600104	1754	2498	700272	1754	2852	800293	1754	3207	900110	1754	3563	1000222	1754	3917	1100191	1754	4270	1200143	1754	4625	1300279	1754	4976	1400042	1754	5329	1500051	1754	5684	1600137	1754	6039	1700049	1754	6397	1800233	1754	6753	1900205	1754	7110	2000283	1754	7465	2100269	1754	7818	2200188	1754	8172	2300256	1754	8519	2400250	1754	8874	2500198	1754	9231	2600179	1754	9588	2700245	1754	9945	2800125	1754	10303	2900145	1754	10660	3000088	1754	11016	3100195	1754	11373	3200054	1754	11732	3300149	1754	12090	3400049	1754	12446	3500062	1754	
3778	100002	273	7562	200018	172	11331	300029	138	15115	400017	138	18900	500005	135	22680	600004	135	26439	700008	135	30207	800009	121	33984	900025	117	37760	1000013	117	41524	1100027	117	45278	1200003	117	49028	1300006	117	52800	1400026	117	56553	1500018	117	60317	1600007	117	64082	1700014	117	67848	1800003	117	71619	1900002	117	75395	2000020	117	79165	2100029	117	82937	2200015	117	86710	2300017	117	90490	2400015	110	94277	2500011	110	98029	2600002	110	101799	2700008	110	105590	2800017	110	109370	2900019	110	113150	3000018	110	116925	3100011	110	120687	3200002	110	124456	3300018	110	128228	3400022	110	131993	3500004	110	
3792	100019	210	7570	200004	173	11358	300022	165	15168	400012	165	18969	500024	165	22761	600023	165	26533	700020	158	30322	800004	158	34108	900003	158	37891	1000012	154	41676	1100024	154	45473	1200017	154	49259	1300003	154	53020	1400024	154	56778	1500015	154	60570	1600013	154	64367	1700017	154	68159	1800021	154	71968	1900023	150	75744	2000002	144	79515	2100025	144	83312	2200020	144	87081	2300026	140	90877	2400026	140	94648	2500012	140	98436	2600030	140	102212	2700009	140	106000	2800012	140	109798	2900001	135	113601	3000003	135	117386	3100002	135	121162	3200010	131	124940	3300021	131	128741	3400006	131	132524	3500016	131	
3783	100002	377	7540	200026	320	11300	300003	230	15063	400003	184	18832	500020	184	22587	600007	173	26375	700027	165	30151	800003	162	33905	900005	162	37647	1000022	162	41416	1100029	162	45195	1200010	162	48961	1300008	162	52717	1400013	162	56478	1500009	162	60243	1600004	162	64008	1700019	162	67784	1800025	162	71550	1900010	162	75316	2000015	163	79084	2100016	157	82866	2200010	157	86638	2300002	137	90428	2400005	140	94207	2500019	140	98004	2600004	140	101789	2700019	132	105556	2800029	132	109337	2900019	132	113115	3000015	132	116904	3100009	132	120684	3200023	132	124443	3300018	132	128228	3400023	132	132007	3500003	132	
3771	100006	261	7544	200021	194	11320	300026	187	15092	400012	164	18862	500015	164	22630	600016	164	26389	700025	164	30171	800018	164	33966	900017	161	37756	1000021	161	41510	1100026	161	45295	1200022	160	49078	1300024	160	52859	1400026	160	56629	1500022	160	60410	1600004	160	64176	1700010	160	67955	1800014	160	71714	1900012	160	75478	2000009	160	79276	2100002	160	83048	2200029	160	86815	2300026	160	90584	2400005	160	94361	2500011	158	98123	2600007	158	101901	2700015	158	105693	2800014	158	109488	2900008	158	113271	3000023	158	117055	3100015	158	120830	3200028	158	124610	3300027	158	128395	3400006	158	132155	3500003	158	
3795	100008	223	7565	200017	172	11342	300007	169	15112	400004	163	18870	500010	155	22653	600018	147	26440	700025	147	30242	800003	130	34015	900008	130	37805	1000019	130	41576	1100016	130	45342	1200025	130	49115	1300012	127	52887	1400022	127	56662	1500025	127	60426	1600013	127	64203	1700021	127	67975	1800024	127	71713	1900022	127	75486	2000016	127	79276	2100012	127	83063	2200007	127	86846	2300017	127	90604	2400002	127	94356	2500007	127	98120	2600005	124	101897	2700012	124	105671	2800021	124	109453	2900014	124	113211	3000024	124	116980	3100013	124	120745	3200015	124	124509	3300018	124	128301	3400022	124	132068	3500012	124	
1276	100014	9938	2551	200088	9745	3825	300013	9745	5099	400050	9201	6380	500008	7378	7651	600073	5826	8915	700057	5314	10176	800040	4888	11441	900025	4253	12681	1000009	4213	13940	1100071	4134	15198	1200059	4058	16449	1300013	3978	17709	1400075	3805	18970	1500051	3648	20225	1600044	3584	21490	1700022	3478	22748	1800042	3372	24020	1900035	3252	25294	2000010	3252	26565	2100036	3225	27842	2200035	3221	29120	2300011	3179	30375	2400064	3068	31627	2500007	3068	32901	2600040	3068	34174	2700077	3068	35422	2800058	3058	36667	2900022	3050	37913	3000044	3050	39162	3100017	2997	40424	3200017	2997	41689	3300063	2997	42942	3400020	2997	44212	3500025	2997	
1275	100043	10017	2549	200066	9965	3830	300062	9965	5095	400046	9965	6359	500057	9836	7626	600049	9736	8895	700010	9630	10174	800085	7759	11451	900067	5371	12720	1000035	4590	13981	1100058	4297	15230	1200019	3687	16502	1300046	3471	17771	1400043	3180	19029	1500060	3180	20283	1600048	3160	21535	1700072	3160	22804	1800065	3138	24068	1900040	3138	25315	2000056	3109	26566	2100031	2979	27815	2200034	2852	29083	2300072	2753	30349	2400030	2753	31617	2500078	2753	32872	2600013	2753	34142	2700052	2737	35417	2800045	2737	36676	2900045	2737	37927	3000015	2737	39190	3100025	2737	40461	3200057	2697	41725	3300057	2697	42983	3400075	2697	44254	3500042	2629	
1277	100008	9971	2551	200047	9789	3829	300078	9176	5096	400053	7271	6362	500014	5663	7626	600032	4755	8886	700056	3790	10155	800013	3687	11426	900042	3573	12686	1000078	3479	13945	1100019	3479	15194	1200033	3445	16439	1300031	3445	17699	1400053	3431	18961	1500022	3376	20223	1600017	3374	21492	1700010	3307	22762	1800014	3307	24038	1900073	3275	25279	2000044	3259	26543	2100021	3259	27799	2200008	3259	29074	2300022	3259	30349	2400075	3259	31614	2500054	3259	32876	2600019	3247	34139	2700052	3241	35393	2800074	3230	36640	2900022	3230	37902	3000051	3230	39162	3100062	3230	40428	3200020	3230	41685	3300071	3230	42950	3400032	3230	44222	3500053	3230	
1275	100084	9874	2557	200079	9874	3839	300057	9874	5115	400018	9874	6368	500037	9800	7635	600080	9778	8905	700085	9538	10175	800048	8163	11447	900076	5809	12696	1000044	4544	13954	1100023	3742	15210	1200018	3515	16463	1300035	3321	17729	1400051	3285	18993	1500028	3244	20251	1600058	3234	21506	1700061	3151	22768	1800077	3120	24029	1900019	3081	25290	2000016	3081	26546	2100072	3050	27806	2200081	3004	29059	2300066	3004	30331	2400058	3004	31598	2500060	2976	32862	2600065	2976	34123	2700066	2909	35387	2800053	2891	36639	2900055	2891	37915	3000025	2891	39167	3100020	2891	40429	3200066	2879	41689	3300079	2879	42956	3400046	2860	44222	3500085	2860	
1273	100014	9771	2547	200047	9689	3819	300061	9543	5105	400028	8604	6384	500058	7408	7661	600056	5332	8934	700075	4287	10202	800080	3997	11480	900012	3873	12735	1000057	3730	14003	1100082	3622	15267	1200073	3540	16538	1300068	3540	17815	1400043	3475	19092	1500073	3345	20344	1600057	3211	21598	1700015	3172	22857	1800034	3172	24113	1900076	3136	25388	2000057	3036	26647	2100062	3036	27891	2200071	3036	29153	2300023	3036	30424	2400032	3036	31693	2500014	3023	32969	2600034	3014	34234	2700016	3014	35506	2800011	3014	36766	2900012	2994	38034	3000067	2994	39302	3100028	2994	40573	3200072	2979	41843	3300063	2979	43121	3400043	2979	44393	3500056	2979	
291	100240	50414	580	200209	50414	867	300339	50414	1155	400119	50414	1446	500136	50414	1734	600085	50414	2023	700215	50414	2312	800055	50414	2600	900091	50414	2889	1000289	50414	3178	1100358	50414	3465	1200238	50414	3750	1300204	50414	4037	1400107	50414	4326	1500281	50414	4612	1600308	50414	4902	1700269	50414	5192	1800319	50414	5474	1900201	50414	5762	2000163	50414	6052	2100348	50414	6339	2200141	50414	6630	2300318	50414	6917	2400053	50414	7206	2500310	50414	7494	2600137	50414	7782	2700123	50414	8071	2800308	50414	8358	2900129	50414	8644	3000129	50414	8929	3100139	50414	9218	3200141	50414	9509	3300194	50414	9799	3400320	50414	10084	3500067	50414	
287	100388	50414	576	200099	50414	867	300171	50414	1155	400160	50414	1445	500106	50414	1734	600073	50414	2021	700043	50414	2312	800070	50414	2600	900239	50414	2891	1000192	50414	3175	1100104	50414	3460	1200327	50414	3746	1300264	50414	4036	1400163	50414	4326	1500273	50414	4615	1600218	50414	4905	1700296	50414	5194	1800113	50414	5482	1900167	50414	5766	2000133	50414	6053	2100069	50414	6341	2200217	50414	6632	2300376	50414	6918	2400050	50414	7208	2500175	50414	7496	2600333	50414	7785	2700063	50414	8075	2800295	50414	8364	2900352	50414	8653	3000219	50414	8942	3100048	50414	9231	3200191	50414	9517	3300146	50414	9804	3400068	50414	10091	3500308	50414	
288	100322	50414	577	200242	50414	866	300383	50414	1156	400203	50414	1447	500295	50414	1737	600317	50414	2024	700092	50414	2313	800071	50414	2599	900118	50414	2886	1000044	50414	3174	1100358	50414	3460	1200155	50414	3752	1300309	50414	4040	1400330	50414	4327	1500345	50414	4617	1600260	50414	4906	1700238	50414	5196	1800283	50414	5483	1900132	50414	5773	2000326	50414	6060	2100145	50414	6347	2200189	50414	6637	2300331	50414	6926	2400046	50414	7215	2500232	50414	7501	2600075	50414	7789	2700248	50414	8081	2800361	50414	8370	2900145	50414	8658	3000077	50414	8948	3100184	50414	9238	3200125	50414	9528	3300162	50414	9814	3400360	50414	10095	3500333	50414	
280	100109	50414	566	200310	50414	856	300147	50414	1145	400295	50414	1431	500193	50414	1720	600317	50414	2009	700066	50414	2297	800044	50414	2585	900375	50414	2867	1000212	50414	3151	1100113	50414	3438	1200152	50414	3725	1300384	50414	4012	1400173	50414	4302	1500216	50414	4589	1600303	50414	4879	1700074	50414	5167	1800240	50414	5454	1900131	50414	5747	2000375	50414	6038	2100380	50414	6328	2200365	50414	6619	2300344	50414	6906	2400075	50414	7198	2500364	50414	7486	2600350	50414	7774	2700051	50414	8061	2800150	50414	8350	2900264	50414	8635	3000316	50414	8925	3100264	50414	9215	3200140	50414	9504	3300079	50414	9794	3400301	50414	10085	3500384	50414	
289	100060	50414	579	200171	50414	870	300386	50414	1160	400273	50414	1450	500147	50414	1737	600312	50414	2025	700294	50414	2314	800125	50414	2603	900187	50414	2891	1000127	50414	3180	1100208	50414	3470	1200085	50414	3758	1300144	50414	4049	1400337	50414	4338	1500207	50414	4630	1600228	50414	4919	1700243	50414	5206	1800277	50414	5496	1900223	50414	5781	2000241	50414	6067	2100352	50414	6357	2200172	50414	6644	2300054	50414	6930	2400337	50414	7216	2500175	50414	7497	2600347	50414	7783	2700386	50414	8071	2800088	50414	8360	2900132	50414	8650	3000118	50414	8938	3100225	50414	9228	3200310	50414	9517	3300406	50414	9805	3400048	50414	10094	3500218	50414	
