versja nr 3;wspolczynnik mutacji 0.900000;wielkosc populacji 45
283	100057	609	500	177107	609	565	200260	609	846	300372	609	1000	355383	609	1125	400204	609	1407	500340	609	1500	533385	609	1688	600141	609	1970	700291	609	2000	710923	609	2252	800320	609	2500	888746	609	2532	900142	609	2814	1000150	609	3000	1066420	609	3095	1100302	609	3375	1200090	609	3500	1244460	609	3656	1300096	609	3937	1400142	609	4000	1422529	609	4219	1500191	609	4500	1600091	609	4500	1600110	609	4782	1700216	609	5000	1777730	609	5063	1800101	609	5345	1900344	609	5500	1955534	609	5626	2000261	609	5907	2100077	609	6000	2133645	609	6179	2200051	609	6460	2300302	609	6500	2314662	609	6740	2400354	609	7000	2494053	609	7017	2500100	609	
284	100249	638	500	176634	638	567	200269	638	849	300031	638	1000	353473	638	1131	400095	638	1414	500059	638	1500	530465	638	1697	600153	638	1980	700033	638	2000	707146	638	2263	800119	638	2500	884003	638	2546	900229	638	2829	1000037	638	3000	1060571	638	3112	1100224	638	3395	1200235	638	3500	1237481	638	3677	1300184	638	3952	1400176	638	4000	1417136	638	4235	1500206	638	4500	1593746	638	4518	1600130	638	4801	1700032	638	5000	1770507	638	5084	1800247	638	5366	1900050	638	5500	1947429	638	5649	2000173	638	5932	2100032	638	6000	2124089	638	6214	2200103	638	6497	2300197	638	6500	2301275	638	6780	2400337	638	7000	2478213	638	7062	2500084	638	
292	100140	691	500	171474	691	583	200032	691	874	300351	691	1000	343867	691	1164	400098	691	1454	500172	691	1500	517194	691	1737	600225	691	2000	690530	691	2028	700182	691	2319	800159	691	2500	862408	691	2610	900313	691	2900	1000230	691	3000	1034842	691	3191	1100347	691	3482	1200233	691	3500	1206391	691	3772	1300303	691	4000	1378657	691	4063	1400309	691	4354	1500053	691	4500	1550105	691	4646	1600184	691	4937	1700177	691	5000	1721891	691	5228	1800212	691	5500	1893684	691	5519	1900245	691	5810	2000295	691	6000	2065536	691	6101	2100328	691	6392	2200242	691	6500	2237766	691	6681	2300353	691	6971	2400054	691	7000	2410068	691	7259	2500202	691	
285	100178	883	500	176220	883	568	200260	883	851	300192	883	1000	352940	883	1133	400214	883	1416	500226	883	1500	529962	883	1699	600135	883	1981	700116	883	2000	706987	883	2264	800260	883	2500	883477	883	2547	900144	883	2829	1000157	883	3000	1060548	883	3112	1100145	883	3394	1200363	883	3500	1237701	883	3677	1300232	883	3960	1400255	883	4000	1414434	883	4242	1500133	883	4500	1590793	883	4527	1600298	883	4809	1700305	883	5000	1767811	883	5092	1800323	883	5374	1900016	883	5500	1944443	883	5658	2000330	883	5941	2100198	883	6000	2121128	883	6223	2200057	883	6500	2297735	883	6507	2300218	883	6790	2400172	883	7000	2474133	883	7074	2500181	883	
288	100220	914	500	174508	914	573	200052	914	860	300240	914	1000	349620	914	1145	400052	914	1432	500253	914	1500	524063	914	1718	600126	914	2000	698419	914	2005	700188	914	2291	800031	914	2500	873578	914	2575	900023	914	2861	1000072	914	3000	1048608	914	3148	1100246	914	3434	1200353	914	3500	1223318	914	3720	1300083	914	4000	1398147	914	4006	1400264	914	4292	1500030	914	4500	1572558	914	4579	1600103	914	4865	1700190	914	5000	1747271	914	5151	1800065	914	5432	1900065	914	5500	1924239	914	5717	2000149	914	6000	2098717	914	6004	2100123	914	6290	2200073	914	6500	2273434	914	6577	2300322	914	6864	2400362	914	7000	2447673	914	7150	2500145	914	
283	100287	799	500	177437	799	564	200172	799	845	300073	799	1000	355070	799	1126	400111	799	1408	500178	799	1500	532898	799	1690	600229	799	1972	700310	799	2000	710344	799	2254	800312	799	2500	887697	799	2535	900125	799	2816	1000191	799	3000	1065937	799	3075	1100048	799	3354	1200259	799	3500	1252089	799	3635	1300286	799	3917	1400309	799	4000	1429798	799	4199	1500255	799	4481	1600060	799	4500	1606786	799	4763	1700119	799	5000	1784841	799	5043	1800156	799	5324	1900151	799	5500	1962919	799	5605	2000133	799	5887	2100024	799	6000	2140404	799	6168	2200067	799	6449	2300024	799	6500	2318246	799	6731	2400112	799	7000	2495716	799	7012	2500033	799	
292	100119	693	500	172058	693	581	200183	693	864	300216	693	1000	347323	693	1153	400093	693	1444	500332	693	1500	519599	693	1734	600211	693	2000	691975	693	2024	700322	693	2314	800341	693	2500	864425	693	2604	900283	693	2894	1000207	693	3000	1036826	693	3183	1100340	693	3471	1200341	693	3500	1210346	693	3760	1300151	693	4000	1382757	693	4050	1400069	693	4340	1500058	693	4500	1555171	693	4630	1600110	693	4921	1700242	693	5000	1727448	693	5210	1800039	693	5500	1899994	693	5501	1900354	693	5790	2000017	693	6000	2072473	693	6080	2100117	693	6368	2200234	693	6500	2245984	693	6657	2300215	693	6947	2400061	693	7000	2418327	693	7238	2500156	693	
281	100089	493	500	178341	493	561	200164	493	841	300247	493	1000	357231	493	1120	400124	493	1400	500054	493	1500	535906	493	1680	600253	493	1960	700157	493	2000	714458	493	2240	800145	493	2500	893134	493	2520	900318	493	2799	1000126	493	3000	1072032	493	3078	1100026	493	3357	1200224	493	3500	1251363	493	3637	1300346	493	3917	1400201	493	4000	1429742	493	4197	1500040	493	4478	1600118	493	4500	1608051	493	4758	1700133	493	5000	1786754	493	5038	1800321	493	5318	1900222	493	5500	1965512	493	5597	2000212	493	5877	2100103	493	6000	2143991	493	6157	2200068	493	6437	2300365	493	6500	2322754	493	6717	2400164	493	6990	2500216	493	
295	100118	710	500	169961	710	589	200173	710	882	300303	710	1000	340397	710	1176	400162	710	1471	500238	710	1500	510066	710	1765	600306	710	2000	680018	710	2059	700074	710	2354	800204	710	2500	849675	710	2649	900273	710	2943	1000094	710	3000	1019547	710	3238	1100343	710	3500	1189526	710	3531	1200112	710	3826	1300194	710	4000	1359363	710	4118	1400136	710	4412	1500057	710	4500	1529932	710	4707	1600221	710	4994	1700316	710	5000	1702436	710	5287	1800284	710	5500	1872671	710	5581	1900154	710	5876	2000313	710	6000	2042443	710	6170	2100178	710	6462	2200201	710	6500	2213120	710	6757	2300275	710	7000	2382941	710	7051	2400271	710	7343	2500016	710	
281	100038	878	500	178057	878	562	200258	878	842	300218	878	1000	356629	878	1121	400087	878	1402	500365	878	1500	535234	878	1681	600075	878	1962	700293	878	2000	713822	878	2243	800266	878	2500	894920	878	2515	900346	878	2795	1000058	878	3000	1073438	878	3074	1100131	878	3355	1200069	878	3500	1251889	878	3636	1300353	878	3916	1400338	878	4000	1430413	878	4195	1500101	878	4476	1600029	878	4500	1608613	878	4758	1700333	878	5000	1786493	878	5039	1800357	878	5319	1900069	878	5500	1964652	878	5599	2000065	878	5880	2100224	878	6000	2143020	878	6160	2200123	878	6441	2300147	878	6500	2321083	878	6723	2400357	878	7000	2499061	878	7003	2500153	878	
296	100129	231	500	167776	231	598	200307	231	899	300061	231	1000	333303	231	1202	400152	231	1500	498450	231	1505	500138	231	1808	600337	231	2000	663788	231	2109	700024	231	2411	800057	231	2500	829392	231	2714	900175	231	3000	994730	231	3017	1000340	231	3315	1100140	231	3500	1161334	231	3616	1200125	231	3919	1300304	231	4000	1327143	231	4221	1400293	231	4500	1492351	231	4524	1500268	231	4826	1600114	231	5000	1657867	231	5128	1700280	231	5428	1800340	231	5500	1824098	231	5730	1900155	231	6000	1989670	231	6032	2000258	231	6333	2100313	231	6500	2155917	231	6633	2200063	231	6936	2300136	231	7000	2321254	231	7239	2400087	231	7500	2486371	231	7542	2500257	231	
267	100340	163	500	184137	163	544	200042	163	822	300316	163	1000	364196	163	1103	400270	163	1389	500263	163	1500	539130	163	1674	600062	163	1960	700176	163	2000	714156	163	2245	800051	163	2500	889366	163	2531	900258	163	2816	1000054	163	3000	1066326	163	3096	1100234	163	3369	1200105	163	3500	1246060	163	3655	1300339	163	3940	1400268	163	4000	1421287	163	4224	1500052	163	4500	1597492	163	4508	1600384	163	4793	1700260	163	5000	1773002	163	5077	1800060	163	5362	1900118	163	5500	1948679	163	5647	2000150	163	5932	2100174	163	6000	2124191	163	6210	2200277	163	6492	2300349	163	6500	2303149	163	6777	2400268	163	7000	2478363	163	7062	2500071	163	
285	100107	195	500	176387	195	568	200276	195	851	300327	195	1000	352973	195	1134	400247	195	1418	500305	195	1500	529300	195	1701	600105	195	1985	700145	195	2000	705453	195	2269	800045	195	2500	881642	195	2553	900319	195	2836	1000204	195	3000	1058177	195	3119	1100249	195	3403	1200336	195	3500	1234415	195	3687	1300146	195	3964	1400188	195	4000	1413102	195	4247	1500276	195	4500	1589572	195	4530	1600193	195	4813	1700024	195	5000	1765898	195	5097	1800324	195	5380	1900281	195	5500	1943191	195	5661	2000065	195	5945	2100311	195	6000	2119655	195	6228	2200030	195	6500	2296267	195	6511	2300176	195	6795	2400224	195	7000	2472551	195	7079	2500338	195	
301	100117	252	500	166736	252	599	200023	252	899	300284	252	1000	334287	252	1197	400056	252	1495	500242	252	1500	501952	252	1787	600335	252	2000	672221	252	2083	700030	252	2382	800068	252	2500	839417	252	2682	900309	252	2978	1000060	252	3000	1007555	252	3274	1100349	252	3500	1176291	252	3572	1200322	252	3871	1300074	252	4000	1343578	252	4169	1400225	252	4469	1500287	252	4500	1510677	252	4768	1600353	252	5000	1677823	252	5067	1700267	252	5367	1800342	252	5500	1845167	252	5664	1900098	252	5963	2000313	252	6000	2012709	252	6261	2100226	252	6500	2180333	252	6559	2200142	252	6859	2300293	252	7000	2347333	252	7159	2400346	252	7459	2500252	252	
287	100341	377	500	175323	377	571	200210	377	855	300026	377	1000	351185	377	1140	400355	377	1424	500048	377	1500	526815	377	1709	600352	377	1992	700310	377	2000	703144	377	2276	800018	377	2500	878759	377	2561	900183	377	2845	1000329	377	3000	1055239	377	3127	1100142	377	3411	1200153	377	3500	1231384	377	3696	1300352	377	3979	1400360	377	4000	1407790	377	4262	1500286	377	4500	1584160	377	4546	1600288	377	4830	1700062	377	5000	1759837	377	5115	1800341	377	5399	1900126	377	5500	1935572	377	5682	2000034	377	5965	2100044	377	6000	2112350	377	6249	2200264	377	6500	2288206	377	6534	2300175	377	6819	2400276	377	7000	2463971	377	7103	2500176	377	
303	100329	329	500	166020	329	603	200325	329	903	300282	329	1000	332749	329	1202	400101	329	1500	499711	329	1501	500059	329	1800	600026	329	2000	666544	329	2101	700140	329	2400	800213	329	2500	833610	329	2699	900033	329	2999	1000033	329	3000	1000371	329	3299	1100070	329	3500	1167033	329	3600	1200265	329	3900	1300056	329	4000	1333440	329	4200	1400036	329	4500	1500325	329	4500	1500344	329	4800	1600278	329	5000	1667120	329	5099	1700286	329	5399	1800339	329	5500	1834030	329	5699	1900246	329	5990	2000213	329	6000	2003573	329	6289	2100019	329	6500	2170488	329	6589	2200221	329	6890	2300351	329	7000	2337003	329	7189	2400022	329	7490	2500307	329	
295	100330	488	500	170399	488	587	200141	488	880	300210	488	1000	341178	488	1172	400044	488	1465	500044	488	1500	512075	488	1758	600124	488	2000	682699	488	2051	700156	488	2344	800331	488	2500	853703	488	2635	900105	488	2927	1000137	488	3000	1025098	488	3220	1100208	488	3500	1198709	488	3504	1200122	488	3797	1300286	488	4000	1369541	488	4090	1400196	488	4383	1500204	488	4500	1540277	488	4675	1600194	488	4967	1700028	488	5000	1711263	488	5261	1800345	488	5500	1881998	488	5553	1900087	488	5845	2000056	488	6000	2053371	488	6137	2100075	488	6430	2200263	488	6500	2224256	488	6723	2300219	488	7000	2394913	488	7015	2400054	488	7308	2500044	488	
284	100183	282	500	177557	282	564	200357	282	843	300019	282	1000	358229	282	1116	400123	282	1397	500361	282	1500	537022	282	1676	600175	282	1958	700312	282	2000	715281	282	2239	800369	282	2500	892949	282	2520	900093	282	2801	1000316	282	3000	1071747	282	3078	1100267	282	3358	1200019	282	3500	1250439	282	3640	1300243	282	3921	1400107	282	4000	1428109	282	4203	1500179	282	4484	1600356	282	4500	1606033	282	4764	1700088	282	5000	1784006	282	5046	1800333	282	5324	1900126	282	5500	1962856	282	5605	2000293	282	5885	2100259	282	6000	2141021	282	6166	2200059	282	6448	2300075	282	6500	2318677	282	6729	2400277	282	7000	2496727	282	7010	2500285	282	
298	100069	201	500	168563	201	593	200044	201	890	300262	201	1000	337462	201	1185	400104	201	1481	500138	201	1500	506550	201	1775	600158	201	2000	676339	201	2070	700066	201	2366	800164	201	2500	845686	201	2661	900222	201	2955	1000149	201	3000	1015404	201	3250	1100137	201	3500	1185270	201	3544	1200107	201	3839	1300241	201	4000	1354617	201	4135	1400212	201	4430	1500247	201	4500	1523956	201	4726	1600352	201	5000	1693172	201	5021	1700296	201	5316	1800086	201	5500	1862059	201	5613	1900277	201	5906	2000163	201	6000	2031991	201	6201	2100133	201	6497	2200194	201	6500	2201212	201	6792	2300131	201	7000	2370544	201	7088	2400354	201	7380	2500281	201	
290	100278	315	500	173022	315	578	200301	315	867	300292	315	1000	346298	315	1155	400099	315	1443	500089	315	1500	519901	315	1731	600235	315	2000	693219	315	2020	700207	315	2306	800023	315	2500	867373	315	2594	900125	315	2882	1000323	315	3000	1041127	315	3170	1100187	315	3459	1200317	315	3500	1214514	315	3746	1300025	315	4000	1388318	315	4034	1400369	315	4322	1500265	315	4500	1562179	315	4610	1600176	315	4894	1700304	315	5000	1737885	315	5180	1800189	315	5469	1900232	315	5500	1911022	315	5757	2000348	315	6000	2084534	315	6045	2100122	315	6333	2200176	315	6500	2258211	315	6622	2300276	315	6911	2400302	315	7000	2431427	315	7198	2500158	315	
94	100114	4495	189	201057	4495	283	300859	4495	377	400890	4495	471	500716	4495	500	531627	4495	565	600597	4495	659	700330	4495	753	800223	4495	845	900648	4495	939	1001010	4495	1000	1065973	4495	1032	1100153	4495	1126	1200157	4495	1220	1300211	4495	1314	1400616	4495	1408	1500742	4495	1500	1598444	4495	1502	1600621	4495	1596	1701040	4495	1689	1800237	4495	1784	1900992	4495	1877	2000333	4495	1971	2100426	4495	2000	2131420	4495	2065	2200741	4495	2158	2300135	4495	2253	2400964	4495	2347	2500947	4495	
91	100302	4497	183	200495	4497	275	300604	4497	367	400523	4497	459	500637	4497	500	545304	4497	551	601123	4497	643	700857	4497	735	800942	4497	826	900468	4497	918	1000695	4497	1000	1089877	4497	1010	1100875	4497	1101	1200277	4497	1193	1300393	4497	1285	1400428	4497	1376	1500168	4497	1468	1600194	4497	1500	1634945	4497	1560	1700158	4497	1652	1800477	4497	1744	1900405	4497	1836	2000897	4497	1927	2100314	4497	2000	2179724	4497	2019	2200523	4497	2111	2300448	4497	2203	2400542	4497	2294	2500070	4497	
93	100557	4798	186	200492	4798	279	300720	4798	372	400831	4798	465	500830	4798	500	538385	4798	558	600663	4798	651	700886	4798	743	800855	4798	836	901128	4798	929	1001117	4798	1000	1077508	4798	1021	1100186	4798	1114	1200675	4798	1207	1300568	4798	1300	1400563	4798	1393	1501160	4798	1485	1601042	4798	1500	1617254	4798	1577	1700267	4798	1670	1800501	4798	1763	1901051	4798	1856	2000976	4798	1949	2100857	4798	2000	2157390	4798	2039	2200211	4798	2132	2300807	4798	2225	2400866	4798	2318	2501125	4798	
95	101140	3653	187	200723	3653	280	301057	3653	373	400970	3653	466	500964	3653	500	537471	3653	559	600805	3653	651	700515	3653	744	800706	3653	836	900194	3653	929	1000713	3653	1000	1077329	3653	1022	1101122	3653	1114	1200477	3653	1205	1300238	3653	1297	1400779	3653	1390	1500843	3653	1483	1601005	3653	1500	1619506	3653	1575	1700653	3653	1668	1800837	3653	1761	1900884	3653	1854	2001146	3653	1947	2101080	3653	2000	2158016	3653	2039	2200191	3653	2132	2300276	3653	2225	2400361	3653	2318	2500235	3653	
92	100379	3780	183	200767	3780	274	301067	3780	365	401026	3780	454	501104	3780	500	551666	3780	544	600096	3780	635	700087	3780	726	800560	3780	817	900748	3780	908	1000868	3780	999	1100919	3780	1000	1102084	3780	1090	1200942	3780	1181	1300963	3780	1272	1400926	3780	1362	1500657	3780	1453	1600743	3780	1500	1652484	3780	1544	1701104	3780	1634	1800397	3780	1725	1901022	3780	1816	2001078	3780	1907	2101085	3780	1997	2200348	3780	2000	2203686	3780	2088	2300600	3780	2179	2401038	3780	2269	2500182	3780	
92	100327	4657	183	200500	4657	274	300249	4657	366	400648	4657	457	500227	4657	500	547204	4657	548	600241	4657	640	700747	4657	731	800363	4657	823	900702	4657	915	1001068	4657	1000	1093618	4657	1006	1100154	4657	1098	1200887	4657	1189	1300319	4657	1281	1400719	4657	1372	1500148	4657	1464	1601113	4657	1500	1640347	4657	1555	1700419	4657	1647	1800916	4657	1739	1901122	4657	1830	2000818	4657	1922	2101026	4657	2000	2186262	4657	2013	2200540	4657	2105	2300982	4657	2196	2400441	4657	2288	2500685	4657	
93	100487	3693	185	201137	3693	276	300679	3693	367	400106	3693	459	500701	3693	500	545850	3693	550	600554	3693	642	701136	3693	733	800895	3693	824	900488	3693	915	1000202	3693	1000	1093205	3693	1007	1100912	3693	1098	1200410	3693	1189	1300447	3693	1280	1400829	3693	1371	1501047	3693	1461	1600135	3693	1500	1642779	3693	1553	1701111	3693	1641	1800460	3693	1733	1901100	3693	1824	2000649	3693	1915	2100713	3693	2000	2194019	3693	2006	2200644	3693	2097	2300834	3693	2188	2400576	3693	2280	2500993	3693	
91	100183	4204	181	200355	4204	270	301077	4204	359	400349	4204	449	500461	4204	500	557321	4204	539	600809	4204	629	701078	4204	718	800702	4204	806	900763	4204	895	1000340	4204	985	1100970	4204	1000	1117917	4204	1074	1200658	4204	1164	1300935	4204	1253	1400083	4204	1343	1500385	4204	1433	1600719	4204	1500	1675221	4204	1523	1700833	4204	1613	1801156	4204	1702	1900555	4204	1792	2001181	4204	1881	2100801	4204	1970	2200402	4204	2000	2233851	4204	2060	2300805	4204	2149	2400152	4204	2239	2500972	4204	
94	100813	4523	188	201070	4523	281	300684	4523	374	400873	4523	467	500105	4523	500	535405	4523	561	600640	4523	655	700938	4523	748	800318	4523	842	900556	4523	935	1000160	4523	1000	1069971	4523	1028	1100292	4523	1121	1200178	4523	1215	1300712	4523	1309	1401076	4523	1402	1500861	4523	1496	1600944	4523	1500	1605306	4523	1589	1700347	4523	1683	1800914	4523	1776	1900790	4523	1869	2000136	4523	1963	2100632	4523	2000	2140221	4523	2056	2200432	4523	2150	2300788	4523	2244	2401074	4523	2337	2500489	4523	
93	100809	4344	184	200270	4344	276	300508	4344	367	400179	4344	459	500855	4344	500	545612	4344	550	600241	4344	642	700648	4344	734	801062	4344	825	900690	4344	916	1000340	4344	1000	1091873	4344	1008	1100648	4344	1100	1200901	4344	1192	1300969	4344	1283	1400420	4344	1375	1500541	4344	1467	1601012	4344	1500	1637024	4344	1558	1700481	4344	1650	1800723	4344	1742	1901038	4344	1833	2000125	4344	1925	2100692	4344	2000	2184789	4344	2014	2200250	4344	2106	2300789	4344	2197	2400378	4344	2289	2500625	4344	
96	100759	1420	189	200846	1420	282	301022	1420	375	400921	1420	468	501108	1420	500	535613	1420	560	600192	1420	653	700355	1420	745	800110	1420	838	900355	1420	932	1001052	1420	1000	1073888	1420	1025	1100764	1420	1118	1200800	1420	1208	1300150	1420	1300	1400380	1420	1393	1500446	1420	1486	1600907	1420	1500	1615941	1420	1579	1700811	1420	1672	1801045	1420	1764	1900519	1420	1857	2000474	1420	1950	2100203	1420	2000	2154067	1420	2043	2200282	1420	2137	2301014	1420	2230	2401048	1420	2323	2500969	1420	
97	100446	1272	192	201085	1272	286	301075	1272	380	400629	1272	472	501011	1272	500	530737	1272	566	600615	1272	660	700735	1272	754	800375	1272	848	900068	1272	943	1001087	1272	1000	1061627	1272	1037	1100891	1272	1131	1200535	1272	1225	1300077	1272	1320	1401035	1272	1414	1500890	1272	1500	1592394	1272	1508	1600972	1272	1602	1700851	1272	1696	1800712	1272	1790	1900813	1272	1884	2000774	1272	1978	2100197	1272	2000	2123526	1272	2072	2200077	1272	2167	2301065	1272	2261	2400945	1272	2355	2500673	1272	
94	100289	2087	185	200485	2087	277	300635	2087	369	400875	2087	460	500180	2087	500	543829	2087	552	600516	2087	644	700758	2087	735	800129	2087	827	900464	2087	918	1000107	2087	1000	1089918	2087	1010	1100988	2087	1100	1200281	2087	1192	1301052	2087	1283	1400205	2087	1375	1500533	2087	1467	1600840	2087	1500	1636884	2087	1558	1700240	2087	1650	1800608	2087	1741	1900156	2087	1833	2000759	2087	1924	2100173	2087	2000	2183252	2087	2016	2200845	2087	2107	2300488	2087	2198	2400362	2087	2290	2501032	2087	
97	100393	1268	191	200431	1268	285	300404	1268	380	401027	1268	474	500605	1268	500	528212	1268	568	600179	1268	663	701065	1268	757	800701	1268	851	900226	1268	946	1001054	1268	1000	1058171	1268	1040	1100542	1268	1134	1200352	1268	1228	1300083	1268	1323	1400604	1268	1417	1500351	1268	1500	1588282	1268	1512	1601091	1268	1606	1701053	1268	1698	1800630	1268	1792	1900323	1268	1887	2001007	1268	1981	2100649	1268	2000	2120845	1268	2075	2200708	1268	2169	2300372	1268	2263	2400641	1268	2357	2500610	1268	
97	100485	1165	192	200905	1165	287	301073	1165	382	401089	1165	476	500309	1165	500	525561	1165	571	600423	1165	666	700717	1165	761	800867	1165	853	900158	1165	948	1000900	1165	1000	1055990	1165	1042	1100399	1165	1137	1201021	1165	1232	1300972	1165	1326	1400070	1165	1421	1500314	1165	1500	1583733	1165	1516	1600735	1165	1610	1700090	1165	1705	1800392	1165	1800	1900419	1165	1895	2000276	1165	1990	2100694	1165	2000	2111264	1165	2085	2200911	1165	2180	2300781	1165	2275	2400881	1165	2369	2500371	1165	
92	100342	1216	181	200319	1216	273	301124	1216	363	400100	1216	455	500738	1216	500	549943	1216	546	600360	1216	637	700621	1216	728	800528	1216	819	900502	1216	910	1000279	1216	1000	1098992	1216	1001	1100174	1216	1092	1200465	1216	1183	1300793	1216	1274	1400902	1216	1365	1500581	1216	1456	1600276	1216	1500	1648545	1216	1547	1700179	1216	1639	1801138	1216	1730	1900859	1216	1821	2000962	1216	1911	2100084	1216	2000	2197916	1216	2002	2200190	1216	2094	2300995	1216	2185	2400930	1216	2276	2500669	1216	
100	100568	1176	197	200446	1176	294	300575	1176	391	400939	1176	487	500399	1176	500	513860	1176	584	600803	1176	680	700299	1176	777	800862	1176	873	900126	1176	970	1000630	1176	1000	1031737	1176	1066	1100378	1176	1163	1200682	1176	1260	1301046	1176	1356	1400786	1176	1453	1501026	1176	1500	1549491	1176	1549	1600294	1176	1646	1700304	1176	1743	1800509	1176	1840	1900618	1176	1937	2000537	1176	2000	2065894	1176	2034	2101031	1176	2128	2200281	1176	2224	2300262	1176	2321	2400585	1176	2417	2500131	1176	
95	100923	1705	187	201150	1705	278	300645	1705	370	401130	1705	461	500715	1705	500	543330	1705	553	601150	1705	644	700282	1705	736	800373	1705	828	901028	1705	919	1000380	1705	1000	1088393	1705	1011	1100440	1705	1103	1200726	1705	1195	1301143	1705	1284	1400600	1705	1375	1500103	1705	1467	1600539	1705	1500	1636749	1705	1559	1701113	1705	1650	1800773	1705	1742	1901041	1705	1833	2000486	1705	1925	2100943	1705	2000	2182559	1705	2016	2200071	1705	2108	2300923	1705	2199	2400127	1705	2291	2500253	1705	
95	100967	1424	186	200601	1424	277	300399	1424	369	401132	1424	457	500317	1424	500	547883	1424	548	600597	1424	639	700309	1424	730	800097	1424	821	900172	1424	912	1000127	1424	1000	1096570	1424	1004	1101016	1424	1095	1200716	1424	1186	1300287	1424	1278	1400765	1424	1369	1500774	1424	1460	1600637	1424	1500	1644449	1424	1551	1700342	1424	1643	1800924	1424	1734	1900688	1424	1825	2000638	1424	1916	2100657	1424	2000	2193148	1424	2007	2200907	1424	2098	2300575	1424	2189	2400771	1424	2280	2500798	1424	
98	100704	1331	192	200210	1331	287	300725	1331	381	400553	1331	475	500782	1331	500	527262	1331	569	600179	1331	664	700932	1331	758	800490	1331	853	900889	1331	947	1000156	1331	1000	1056440	1331	1042	1100962	1331	1136	1200853	1331	1230	1300680	1331	1324	1400286	1331	1419	1500701	1331	1500	1586514	1331	1513	1600242	1331	1608	1700581	1331	1702	1800726	1331	1796	1901019	1331	1890	2000302	1331	1985	2100886	1331	2000	2116735	1331	2079	2200263	1331	2174	2300755	1331	2268	2400219	1331	2363	2500922	1331	
21	104166	22831	41	205085	22831	60	300676	22831	80	401128	22831	100	501975	22831	120	602583	22831	140	703745	22831	160	804573	22831	180	905172	22831	199	1000827	22831	219	1101086	22831	239	1201858	22831	259	1302362	22831	279	1403103	22831	299	1503341	22831	319	1603677	22831	338	1701143	22831	358	1803205	22831	378	1903887	22831	398	2004594	22831	417	2100443	22831	437	2201232	22831	457	2301922	22831	477	2402546	22831	497	2503268	22831	
20	101497	24595	40	204069	24595	59	301253	24595	79	403838	24595	98	500838	24595	117	603596	24595	136	701530	24595	156	803909	24595	175	901156	24595	195	1003719	24595	214	1100989	24595	234	1203170	24595	254	1305444	24595	273	1402512	24595	293	1505012	24595	312	1601977	24595	332	1704314	24595	351	1801666	24595	371	1904142	24595	390	2001212	24595	410	2103758	24595	429	2201240	24595	449	2303759	24595	468	2401149	24595	488	2503522	24595	
20	100448	22729	40	201424	22729	60	302232	22729	80	402855	22729	100	503686	22729	120	604474	22729	139	700449	22729	159	801643	22729	179	902420	22729	199	1003404	22729	219	1104386	22729	239	1204977	22729	258	1300943	22729	278	1401816	22729	298	1502676	22729	318	1603345	22729	338	1703963	22729	358	1805007	22729	377	1901391	22729	397	2002289	22729	417	2103148	22729	437	2203882	22729	457	2304552	22729	477	2404911	22729	496	2501030	22729	
21	105059	23940	40	200898	23940	60	302127	23940	80	402831	23940	100	504223	23940	120	605236	23940	139	701196	23940	159	802707	23940	179	903745	23940	199	1005298	23940	218	1101350	23940	238	1202380	23940	258	1303663	23940	278	1404640	23940	297	1502627	23940	317	1603859	23940	337	1705053	23940	356	1801299	23940	376	1902785	23940	396	2004333	23940	416	2105093	23940	435	2201385	23940	455	2302481	23940	475	2403443	23940	495	2504417	23940	
21	104482	23137	40	201206	23137	60	302964	23137	79	402070	23137	99	503741	23137	119	605361	23137	138	702664	23137	158	804714	23137	177	901553	23137	197	1003008	23137	217	1105011	23137	236	1201748	23137	256	1303263	23137	276	1404896	23137	295	1501613	23137	315	1603375	23137	335	1705164	23137	354	1801716	23137	374	1903246	23137	394	2004957	23137	413	2102011	23137	433	2203821	23137	452	2300448	23137	472	2402269	23137	492	2503924	23137	
21	104770	23324	40	201892	23324	60	304288	23324	79	401113	23324	99	503069	23324	118	600399	23324	138	702709	23324	158	804988	23324	177	902045	23324	197	1003855	23324	216	1100709	23324	236	1202534	23324	256	1304621	23324	275	1401462	23324	295	1503848	23324	314	1600472	23324	334	1702202	23324	354	1804353	23324	373	1901233	23324	393	2003015	23324	412	2100472	23324	432	2202977	23324	451	2300933	23324	471	2404286	23324	490	2501207	23324	
21	103923	23724	41	204286	23724	61	304794	23724	81	404575	23724	101	504769	23724	121	605067	23724	141	705253	23724	160	800381	23724	180	900560	23724	200	1000794	23724	220	1101051	23724	240	1201729	23724	260	1304379	23724	280	1405096	23724	299	1500713	23724	319	1601043	23724	339	1701696	23724	359	1802037	23724	379	1902693	23724	399	2003016	23724	419	2103538	23724	439	2203667	23724	459	2303979	23724	479	2404387	23724	499	2504876	23724	
21	104647	25425	40	201308	25425	60	301713	25425	80	401260	25425	100	500790	25425	120	600389	25425	141	705179	25425	161	804700	25425	181	904380	25425	201	1004078	25425	221	1103814	25425	241	1203764	25425	261	1303436	25425	281	1402957	25425	301	1502330	25425	321	1601725	25425	341	1701399	25425	361	1801105	25425	381	1900927	25425	402	2005105	25425	422	2104484	25425	442	2204267	25425	462	2303830	25425	482	2403137	25425	500	2492553	25425	502	2502773	25425	
20	102412	24873	39	201310	24873	59	303947	24873	78	401712	24873	97	502232	24873	116	600803	24873	136	703593	24873	155	801009	24873	175	903785	24873	194	1001301	24873	214	1104473	24873	233	1202358	24873	253	1305152	24873	272	1402587	24873	291	1500417	24873	311	1603288	24873	330	1700833	24873	350	1803531	24873	369	1901031	24873	389	2003786	24873	408	2101266	24873	427	2201498	24873	447	2304096	24873	466	2401615	24873	486	2504738	24873	
21	104912	24436	40	202242	24436	60	304981	24436	79	401535	24436	99	503093	24436	119	604868	24436	138	701786	24436	158	803837	24436	177	900837	24436	197	1002267	24436	216	1101175	24436	236	1203473	24436	256	1305445	24436	275	1402355	24436	295	1503988	24436	314	1600685	24436	334	1702208	24436	354	1804226	24436	373	1901099	24436	393	2003139	24436	413	2105189	24436	432	2202429	24436	452	2304299	24436	471	2401091	24436	491	2503063	24436	
21	103417	22328	41	201879	19763	61	301025	17855	82	403048	13987	103	504918	10796	123	603816	10796	143	703060	10796	163	801715	10796	184	905210	10796	204	1004121	10796	224	1102948	10796	244	1201675	10796	264	1300797	10796	285	1404752	10796	305	1503293	10796	325	1602302	10796	345	1700757	10796	366	1804404	10796	386	1903414	10796	406	2002501	10796	426	2101567	10796	446	2200530	10796	467	2304244	10796	487	2403079	10796	500	2467369	10796	507	2502247	10796	
21	102574	25100	42	204105	25100	62	300999	25100	83	402382	24466	104	504241	23161	124	601396	23161	145	703521	23161	166	805063	23161	186	902111	22522	207	1003696	21877	227	1100987	21229	248	1203530	20569	268	1300981	20569	289	1403908	20569	309	1501512	20569	330	1603886	20569	350	1701265	20569	371	1803774	20569	391	1902035	20569	411	2001245	19920	432	2103777	19920	452	2200606	19261	473	2301838	18629	494	2403242	16683	500	2432850	16683	514	2501148	16683	
21	105252	25298	40	200557	25298	60	301298	25298	80	401503	25298	100	502194	25298	120	602417	25298	140	702746	25298	160	802890	25298	179	900618	25298	199	1000856	25298	219	1101201	25298	239	1201270	24654	259	1301125	24654	279	1401175	24654	299	1501040	24654	319	1600467	24654	340	1705218	24654	360	1804567	24019	380	1904947	24019	400	2004952	24019	420	2104574	23391	440	2204710	22743	460	2304138	22093	480	2403357	20193	500	2503727	20193	500	2504097	20193	
21	104844	25129	41	204122	25129	61	303279	25129	81	402348	25129	101	501413	25129	122	605271	25129	142	704320	25129	162	803110	25129	182	902180	25129	202	1001321	25129	223	1105261	25129	243	1204299	24475	263	1302561	23841	283	1401585	23841	303	1500735	23841	324	1604900	23841	344	1703902	23841	364	1802806	23841	384	1902231	23841	404	2001611	23212	424	2100784	23212	445	2205254	23212	465	2304174	22560	485	2403353	22560	500	2477658	22560	505	2502529	22560	
21	103118	23155	42	204506	21186	62	301767	16611	83	403629	13388	103	501757	11467	124	604112	9562	144	703263	9562	164	802475	9562	184	901656	9562	204	1000883	9562	225	1105179	9562	245	1204340	9562	265	1303705	9562	285	1402899	9562	305	1501972	9562	325	1600879	9562	345	1700789	9562	364	1800843	9562	385	1904748	9562	405	2003698	9562	425	2102657	9562	445	2201336	9562	465	2300686	9562	486	2404735	9562	500	2474406	9562	506	2504341	9562	
21	102380	24332	41	200990	24332	62	304013	23046	82	402231	21759	102	501211	21759	122	600392	21111	142	700995	20465	163	804520	20465	183	903243	20465	203	1002205	20465	223	1100724	20465	244	1205071	19819	264	1303967	18525	284	1402006	17228	304	1500956	15940	324	1600440	15302	345	1703568	14655	365	1802303	14655	385	1901180	14655	406	2004741	14655	426	2102873	14018	446	2201404	14018	467	2304506	13378	487	2402156	11492	500	2466102	10877	507	2500888	10877	
21	104456	24078	41	204749	24078	61	304482	22808	81	403960	22170	101	503784	22170	121	602481	19569	141	701036	17032	161	800774	16377	181	900687	15748	202	1004362	12590	222	1103923	11301	242	1203606	10675	262	1303425	9429	282	1404517	9429	301	1500447	9429	321	1601740	9429	341	1702424	9429	361	1802927	9429	381	1903854	9429	401	2004688	9429	420	2100473	9429	440	2201751	9429	460	2302996	9429	480	2404229	9429	500	2505270	9429	500	2505630	9429	
21	103733	23142	41	201112	19233	62	304219	17262	82	402526	14699	103	504365	11479	123	602951	9589	143	701532	8360	164	804962	8360	184	903947	8360	204	1002948	8360	224	1102137	8360	244	1201518	8360	264	1300422	8360	285	1404310	8360	304	1500439	8360	325	1604546	8360	345	1703277	8360	365	1802074	8360	385	1900980	8360	406	2004976	8360	426	2103836	8360	446	2203558	8360	466	2302369	8360	486	2401175	8360	500	2470555	8360	506	2500705	8360	
21	103084	25350	41	200585	24714	62	302942	22807	82	400693	20908	103	504383	19635	123	602198	19635	144	704413	17734	164	801574	15823	185	902767	13229	206	1003762	10056	226	1100951	9441	247	1203447	9441	267	1300759	9441	288	1403125	9441	308	1500703	9441	329	1603122	9441	349	1700850	9441	370	1803323	9441	390	1900856	9441	411	2003470	9441	431	2101151	9441	452	2203672	9441	472	2301480	9441	493	2404157	9441	500	2438452	9441	513	2501931	9441	
21	103347	23355	41	202094	23355	61	300591	23355	82	403611	23355	102	502793	23355	122	601163	22709	143	704282	22075	163	802006	21419	183	900475	21419	204	1003474	21419	224	1101134	20138	245	1203587	18201	265	1300389	16913	286	1403766	15614	306	1501494	13693	327	1604824	13693	347	1702766	12399	367	1801239	12399	387	1900491	12399	408	2004138	12399	428	2102865	12399	448	2201822	12399	469	2305387	12399	488	2402006	12399	500	2462671	12399	508	2502311	12399	
312	100197	78	500	160446	78	624	200166	78	936	300137	78	1000	320599	78	1248	400175	78	1500	481123	78	1560	500287	78	1873	600290	78	2000	640880	78	2185	700022	78	2499	800280	78	2500	800605	78	2811	900194	78	3000	960659	78	3123	1000109	78	3435	1100038	78	3500	1120813	78	3747	1200043	78	4000	1281054	78	4060	1300210	78	4364	1400306	78	4500	1443962	78	4676	1500309	78	4988	1600111	78	5000	1603967	78	5298	1700023	78	5500	1765062	78	5609	1800100	78	5922	1900122	78	6000	1925099	78	6235	2000212	78	6500	2084745	78	6548	2100154	78	6860	2200072	78	7000	2244830	78	7173	2300136	78	7485	2400105	78	7500	2404878	78	7797	2500029	78	
306	100317	65	500	163850	65	611	200070	65	915	300077	65	1000	327922	65	1221	400252	65	1500	491406	65	1527	500299	65	1823	600037	65	2000	658024	65	2129	700229	65	2434	800039	65	2500	821703	65	2740	900160	65	3000	984954	65	3047	1000298	65	3352	1100341	65	3500	1148836	65	3657	1200288	65	3963	1300335	65	4000	1312421	65	4268	1400155	65	4500	1476289	65	4573	1500297	65	4879	1600238	65	5000	1639779	65	5184	1700116	65	5491	1800253	65	5500	1803190	65	5796	1900245	65	6000	1967645	65	6100	2000233	65	6406	2100168	65	6500	2130950	65	6710	2200073	65	7000	2295005	65	7016	2300224	65	7321	2400278	65	7500	2458716	65	7627	2500230	65	
315	100220	86	500	159206	86	629	200312	86	943	300152	86	1000	318271	86	1257	400267	86	1500	477345	86	1572	500192	86	1887	600276	86	2000	636151	86	2201	700080	86	2500	795311	86	2515	800072	86	2830	900105	86	3000	954146	86	3145	1000227	86	3458	1100105	86	3500	1113540	86	3771	1200067	86	4000	1273021	86	4085	1300045	86	4400	1400256	86	4500	1431969	86	4714	1500192	86	5000	1591246	86	5028	1600143	86	5342	1700277	86	5500	1750712	86	5656	1800276	86	5971	1900284	86	6000	1909502	86	6286	2000166	86	6500	2068238	86	6600	2100056	86	6914	2200144	86	7000	2228006	86	7227	2300303	86	7500	2386832	86	7542	2400206	86	7857	2500068	86	
315	100250	64	500	159428	64	628	200225	64	939	300026	64	1000	319443	64	1253	400247	64	1500	479158	64	1566	500305	64	1878	600077	64	2000	639067	64	2191	700227	64	2500	798704	64	2505	800320	64	2817	900339	64	3000	959160	64	3128	1000220	64	3441	1100177	64	3500	1119050	64	3753	1200099	64	4000	1278855	64	4067	1300248	64	4380	1400135	64	4500	1438337	64	4694	1500113	64	5000	1597692	64	5008	1600260	64	5320	1700028	64	5500	1757670	64	5632	1800268	64	5941	1900248	64	6000	1920269	64	6249	2000100	64	6500	2080215	64	6563	2100246	64	6875	2200189	64	7000	2240182	64	7188	2300321	64	7500	2399657	64	7502	2400310	64	7815	2500180	64	
295	100196	87	500	169654	87	590	200173	87	885	300257	87	1000	339213	87	1179	400047	87	1474	500030	87	1500	508858	87	1768	600080	87	2000	678732	87	2062	700147	87	2357	800106	87	2500	848781	87	2652	900354	87	2946	1000152	87	3000	1018444	87	3234	1100191	87	3500	1191837	87	3525	1200313	87	3819	1300142	87	4000	1361371	87	4114	1400034	87	4409	1500254	87	4500	1531097	87	4703	1600041	87	4998	1700089	87	5000	1700780	87	5293	1800256	87	5500	1870521	87	5587	1900093	87	5881	2000195	87	6000	2040543	87	6176	2100257	87	6471	2200335	87	6500	2210204	87	6766	2300140	87	7000	2380010	87	7060	2400333	87	7355	2500044	87	
338	100159	88	500	148153	88	675	200280	88	1000	298824	88	1004	300020	88	1342	400214	88	1500	446918	88	1680	500287	88	2000	595074	88	2017	600104	88	2355	700144	88	2500	743191	88	2692	800260	88	3000	891477	88	3029	900088	88	3367	1000129	88	3500	1039928	88	3702	1100168	88	4000	1188253	88	4040	1200134	88	4377	1300074	88	4500	1336473	88	4715	1400081	88	5000	1484474	88	5053	1500312	88	5384	1600109	88	5500	1634558	88	5721	1700147	88	6000	1783028	88	6058	1800258	88	6395	1900124	88	6500	1931120	88	6733	2000045	88	7000	2079411	88	7070	2100180	88	7407	2200085	88	7500	2227663	88	7744	2300227	88	8000	2375941	88	8081	2400099	88	8418	2500099	88	
298	100018	86	500	167685	86	597	200184	86	895	300149	86	1000	335346	86	1193	400141	86	1491	500047	86	1500	503088	86	1789	600268	86	2000	670998	86	2087	700276	86	2383	800036	86	2500	839226	86	2681	900232	86	2978	1000332	86	3000	1007710	86	3275	1100295	86	3500	1175811	86	3572	1200040	86	3870	1300078	86	4000	1343845	86	4167	1400147	86	4465	1500141	86	4500	1511899	86	4763	1600302	86	5000	1679619	86	5061	1700033	86	5359	1800335	86	5500	1847726	86	5657	1900261	86	5956	2000345	86	6000	2015103	86	6254	2100224	86	6500	2182844	86	6552	2200295	86	6850	2300341	86	7000	2350499	86	7149	2400328	86	7440	2500296	86	
323	100270	61	500	155060	61	646	200303	61	970	300286	61	1000	309536	61	1294	400154	61	1500	463529	61	1619	500316	61	1943	600108	61	2000	617663	61	2268	700253	61	2500	771592	61	2593	800204	61	2918	900268	61	3000	925540	61	3242	1000017	61	3500	1079638	61	3567	1100174	61	3892	1200191	61	4000	1233503	61	4216	1300148	61	4500	1387563	61	4541	1400222	61	4865	1500150	61	5000	1541700	61	5190	1600182	61	5500	1698473	61	5505	1700027	61	5830	1800156	61	6000	1852582	61	6154	1900138	61	6479	2000154	61	6500	2006592	61	6803	2100099	61	7000	2160652	61	7128	2200303	61	7452	2300166	61	7500	2314966	61	7776	2400073	61	8000	2469197	61	8101	2500200	61	
302	100100	88	500	165402	88	605	200138	88	909	300208	88	1000	330125	88	1212	400215	88	1500	494833	88	1516	500131	88	1821	600286	88	2000	659166	88	2125	700300	88	2428	800017	88	2500	823607	88	2726	900294	88	3000	990511	88	3029	1000094	88	3333	1100252	88	3500	1155253	88	3635	1200134	88	3938	1300314	88	4000	1320672	88	4239	1400123	88	4500	1486176	88	4542	1500077	88	4846	1600253	88	5000	1650861	88	5149	1700150	88	5453	1800149	88	5500	1815635	88	5757	1900043	88	6000	1980271	88	6060	2000095	88	6365	2100242	88	6500	2144908	88	6666	2200039	88	6970	2300277	88	7000	2310202	88	7273	2400278	88	7500	2475500	88	7575	2500189	88	
298	100098	94	500	166341	94	603	200197	94	908	300031	94	1000	329987	94	1214	400018	94	1500	493209	94	1521	500120	94	1827	600207	94	2000	657183	94	2131	700026	94	2439	800209	94	2500	820174	94	2745	900214	94	3000	983338	94	3052	1000281	94	3354	1100203	94	3500	1147906	94	3659	1200172	94	3966	1300286	94	4000	1311448	94	4271	1400115	94	4500	1474857	94	4578	1500329	94	4884	1600218	94	5000	1638189	94	5190	1700301	94	5497	1800216	94	5500	1801192	94	5803	1900240	94	6000	1965174	94	6107	2000100	94	6413	2100170	94	6500	2128792	94	6717	2200150	94	7000	2292539	94	7023	2300103	94	7328	2400067	94	7500	2456343	94	7634	2500082	94	
361	100185	84	500	138690	84	721	200132	84	1000	277588	84	1081	300013	84	1443	400277	84	1500	416094	84	1804	500084	84	2000	554322	84	2166	600275	84	2500	692794	84	2527	700281	84	2887	800046	84	3000	831424	84	3248	900276	84	3500	970686	84	3606	1000056	84	3968	1100224	84	4000	1109049	84	4330	1200230	84	4500	1247276	84	4690	1300069	84	5000	1385779	84	5052	1400220	84	5413	1500059	84	5500	1524075	84	5776	1600233	84	6000	1662879	84	6135	1700167	84	6496	1800087	84	6500	1801215	84	6857	1900167	84	7000	1940019	84	7217	2000233	84	7500	2078787	84	7577	2100107	84	7938	2200247	84	8000	2218979	84	8287	2300044	84	8500	2359104	84	8648	2400210	84	9000	2498087	84	9007	2500020	84	
323	100061	82	500	155113	82	646	200251	82	971	300201	82	1000	309155	82	1293	400040	82	1500	464737	82	1615	500247	82	1939	600231	82	2000	618974	82	2262	700075	82	2500	774230	82	2584	800071	82	2907	900142	82	3000	928751	82	3232	1000243	82	3500	1082944	82	3556	1100208	82	3870	1200078	82	4000	1240130	82	4193	1300139	82	4500	1395090	82	4515	1400080	82	4832	1500121	82	5000	1551964	82	5156	1600133	82	5480	1700288	82	5500	1706465	82	5803	1800059	82	6000	1860879	82	6126	1900132	82	6447	2000115	82	6500	2016628	82	6770	2100110	82	7000	2171077	82	7094	2200054	82	7418	2300084	82	7500	2325286	82	7744	2400263	82	8000	2479104	82	8068	2500084	82	
339	100221	60	500	148112	60	676	200239	60	1000	295913	60	1014	300064	60	1353	400061	60	1500	443360	60	1693	500129	60	2000	590401	60	2031	600187	60	2362	700100	60	2500	740792	60	2701	800067	60	3000	888208	60	3040	900093	60	3379	1000057	60	3500	1035779	60	3717	1100280	60	4000	1184060	60	4054	1200021	60	4394	1300255	60	4500	1331489	60	4732	1400048	60	5000	1479134	60	5071	1500109	60	5410	1600145	60	5500	1626818	60	5749	1700214	60	6000	1774119	60	6088	1800174	60	6428	1900271	60	6500	1921911	60	6766	2000220	60	7000	2069288	60	7105	2100241	60	7443	2200135	60	7500	2216962	60	7782	2300058	60	8000	2364503	60	8121	2400293	60	8458	2500243	60	
350	100223	60	500	143126	60	698	200128	60	1000	286524	60	1047	300038	60	1396	400121	60	1500	429981	60	1745	500187	60	2000	573176	60	2094	600103	60	2444	700143	60	2500	716155	60	2792	800029	60	3000	859519	60	3141	900027	60	3492	1000232	60	3500	1002531	60	3841	1100160	60	4000	1145786	60	4190	1200141	60	4500	1288882	60	4539	1300067	60	4888	1400021	60	5000	1431994	60	5238	1500011	60	5500	1574892	60	5588	1600059	60	5934	1700018	60	6000	1719280	60	6283	1800190	60	6500	1862675	60	6631	1900166	60	6978	2000039	60	7000	2006347	60	7328	2100267	60	7500	2149571	60	7677	2200176	60	8000	2292596	60	8026	2300070	60	8376	2400141	60	8500	2435773	60	8725	2500201	60	
313	100219	56	500	160357	56	624	200058	56	934	300054	56	1000	321307	56	1246	400315	56	1500	481556	56	1558	500180	56	1870	600171	56	2000	641854	56	2182	700116	56	2494	800069	56	2500	801999	56	2806	900257	56	3000	962620	56	3117	1000333	56	3428	1100137	56	3500	1123221	56	3739	1200106	56	4000	1283805	56	4051	1300249	56	4363	1400289	56	4500	1444341	56	4673	1500021	56	4985	1600085	56	5000	1604905	56	5295	1700229	56	5500	1765890	56	5607	1800233	56	5918	1900134	56	6000	1926572	56	6223	2000181	56	6500	2089339	56	6534	2100230	56	6845	2200161	56	7000	2249980	56	7156	2300108	56	7468	2400307	56	7500	2410580	56	7780	2500224	56	
346	100085	50	500	144137	50	696	200017	50	1000	286398	50	1047	300036	50	1398	400130	50	1500	429133	50	1749	500031	50	2000	571636	50	2099	600050	50	2449	700214	50	2500	714722	50	2800	800259	50	3000	857280	50	3150	900137	50	3500	999957	50	3501	1000249	50	3852	1100293	50	4000	1142346	50	4175	1200120	50	4500	1293113	50	4525	1300268	50	4876	1400158	50	5000	1435757	50	5225	1500233	50	5500	1578468	50	5576	1600088	50	5928	1700063	50	6000	1720542	50	6279	1800258	50	6500	1863317	50	6630	1900261	50	6980	2000115	50	7000	2005741	50	7331	2100061	50	7500	2148131	50	7683	2200274	50	8000	2290455	50	8034	2300092	50	8385	2400120	50	8500	2432764	50	8737	2500287	50	
338	100048	61	500	148021	61	675	200028	61	1000	296279	61	1013	300121	61	1342	400066	61	1500	447275	61	1679	500167	61	2000	595009	61	2017	600042	61	2356	700272	61	2500	742857	61	2693	800028	61	3000	890667	61	3032	900151	61	3369	1000176	61	3500	1039296	61	3706	1100308	61	4000	1187358	61	4043	1200049	61	4381	1300107	61	4500	1335247	61	4719	1400018	61	5000	1483139	61	5058	1500285	61	5396	1600304	61	5500	1631011	61	5734	1700152	61	6000	1778884	61	6071	1800030	61	6408	1900062	61	6500	1927294	61	6746	2000121	61	7000	2075698	61	7083	2100293	61	7421	2200277	61	7500	2223823	61	7758	2300186	61	8000	2371735	61	8096	2400190	61	8435	2500288	61	
320	100155	61	500	156326	61	641	200200	61	961	300125	61	1000	312224	61	1282	400047	61	1500	467876	61	1604	500268	61	1924	600274	61	2000	623989	61	2245	700239	61	2500	779555	61	2566	800154	61	2887	900171	61	3000	935347	61	3207	1000168	61	3500	1091779	61	3527	1100209	61	3848	1200295	61	4000	1248101	61	4165	1300094	61	4483	1400135	61	4500	1405479	61	4804	1500104	61	5000	1561188	61	5125	1600113	61	5446	1700241	61	5500	1717132	61	5767	1800313	61	6000	1872794	61	6088	1900247	61	6408	2000234	61	6500	2029048	61	6727	2100168	61	7000	2185221	61	7048	2200185	61	7369	2300218	61	7500	2341019	61	7690	2400044	61	8000	2496838	61	8011	2500277	61	
350	100148	54	500	143046	54	699	200035	54	1000	286497	54	1048	300213	54	1397	400095	54	1500	429581	54	1747	500256	54	2000	572619	54	2096	600160	54	2446	700202	54	2500	715625	54	2795	800158	54	3000	859254	54	3142	900261	54	3490	1000264	54	3500	1003118	54	3838	1100036	54	4000	1146291	54	4188	1200245	54	4500	1290267	54	4534	1300088	54	4883	1400200	54	5000	1433802	54	5231	1500252	54	5500	1577459	54	5579	1600190	54	5928	1700253	54	6000	1720947	54	6264	1800051	54	6500	1867638	54	6614	1900243	54	6962	2000039	54	7000	2010946	54	7310	2100035	54	7500	2154253	54	7661	2200206	54	8000	2297215	54	8010	2300120	54	8359	2400278	54	8500	2440667	54	8708	2500271	54	
316	100245	87	500	158602	87	631	200282	87	946	300036	87	1000	317089	87	1263	400249	87	1500	475504	87	1578	500169	87	1894	600198	87	2000	634013	87	2208	700043	87	2500	792215	87	2525	800149	87	2839	900142	87	3000	953368	87	3147	1000019	87	3464	1100252	87	3500	1111653	87	3780	1200191	87	4000	1269584	87	4096	1300022	87	4413	1400292	87	4500	1427810	87	4727	1500015	87	5000	1586385	87	5043	1600175	87	5358	1700044	87	5500	1744978	87	5675	1800288	87	5991	1900240	87	6000	1903122	87	6307	2000186	87	6500	2061445	87	6622	2100222	87	6938	2200257	87	7000	2219959	87	7253	2300061	87	7500	2378123	87	7570	2400210	87	7886	2500258	87	
114	100803	337	227	200120	337	342	300328	337	456	400205	337	500	438532	337	571	500458	337	686	600420	337	800	700062	337	915	800293	337	1000	874591	337	1030	900828	337	1144	1000512	337	1258	1100128	337	1373	1200218	337	1488	1300906	337	1500	1311413	337	1602	1400422	337	1716	1500142	337	1831	1600435	337	1946	1700702	337	2000	1748226	337	2060	1800532	337	2175	1900708	337	2288	2000135	337	2403	2100886	337	2500	2185826	337	2517	2200827	337	2631	2300495	337	2745	2400077	337	2860	2500726	337	
100	100307	351	200	200420	351	300	300863	351	399	400388	351	499	500657	351	500	501705	351	599	600975	351	698	700215	351	798	801044	351	897	900073	351	997	1000952	351	1000	1004054	351	1096	1100354	351	1196	1200725	351	1295	1300227	351	1395	1400837	351	1494	1500498	351	1500	1506615	351	1594	1600446	351	1694	1700565	351	1794	1800734	351	1894	1901053	351	1993	2000388	351	2000	2007405	351	2093	2100211	351	2193	2200397	351	2291	2300954	351	2390	2400684	351	2489	2500071	351	
103	100715	339	205	200123	339	308	300506	339	411	401002	339	500	487635	339	513	500305	339	616	600694	339	718	700404	339	821	800719	339	923	900268	339	1000	975471	339	1026	1000789	339	1128	1100277	339	1231	1200627	339	1334	1300700	339	1435	1400865	339	1500	1464976	339	1536	1500221	339	1639	1600406	339	1742	1700660	339	1844	1800237	339	1947	1900561	339	2000	1952055	339	2050	2000814	339	2152	2100537	339	2255	2200974	339	2358	2301012	339	2460	2400388	339	2500	2439605	339	2562	2500153	339	
111	100554	325	222	200923	325	332	300266	325	443	400548	325	500	452155	325	554	500930	325	662	600888	325	772	700185	325	883	800702	325	994	900694	325	1000	906136	325	1104	1000254	325	1215	1100772	325	1326	1200930	325	1437	1300922	325	1500	1357658	325	1548	1400921	325	1658	1500185	325	1769	1600528	325	1880	1700930	325	1990	1800267	325	2000	1809289	325	2101	1900402	325	2212	2000558	325	2322	2100147	325	2432	2200222	325	2500	2261815	325	2543	2300845	325	2653	2400348	325	2764	2500607	325	
109	100463	355	217	200170	355	325	300064	355	434	400747	355	500	461401	355	542	500104	355	651	600388	355	759	700219	355	868	800918	355	976	900752	355	1000	922948	355	1084	1000414	355	1192	1100290	355	1301	1200674	355	1409	1300698	355	1500	1385128	355	1517	1400845	355	1625	1500969	355	1733	1600844	355	1841	1700435	355	1949	1800130	355	2000	1847161	355	2058	1900665	355	2166	2000534	355	2274	2100362	355	2382	2200291	355	2490	2300374	355	2500	2309617	355	2599	2400902	355	2707	2500222	355	
102	100539	339	203	200304	339	305	300225	339	407	400692	339	500	492479	339	508	500702	339	609	600695	339	711	700849	339	812	800239	339	914	900645	339	1000	984925	339	1016	1000679	339	1117	1100239	339	1219	1200531	339	1321	1300757	339	1422	1400283	339	1500	1477293	339	1524	1501049	339	1626	1601004	339	1727	1700408	339	1829	1800875	339	1930	1900673	339	2000	1969876	339	2031	2000265	339	2131	2100592	339	2233	2200922	339	2334	2300602	339	2436	2400913	339	2500	2463823	339	2537	2500176	339	
111	100476	385	222	200831	385	333	300943	385	443	400261	385	500	451546	385	554	500306	385	665	600258	385	776	700498	385	887	800735	385	998	900736	385	1000	902575	385	1108	1000160	385	1219	1100540	385	1329	1200188	385	1437	1300169	385	1500	1356980	385	1548	1400196	385	1659	1500704	385	1770	1600914	385	1880	1700269	385	1991	1800577	385	2000	1808856	385	2100	1900571	385	2210	2000189	385	2321	2100597	385	2432	2200750	385	2500	2262458	385	2542	2300328	385	2653	2400610	385	2764	2500636	385	
117	100547	345	234	200837	345	350	300486	345	464	400588	345	500	432059	345	580	500894	345	696	600803	345	812	700746	345	928	800812	345	1000	864276	345	1042	900413	345	1159	1000870	345	1275	1100387	345	1392	1200788	345	1500	1293370	345	1508	1300297	345	1624	1400050	345	1741	1500606	345	1858	1600636	345	1974	1700121	345	2000	1722411	345	2091	1800614	345	2207	1900308	345	2324	2000725	345	2440	2100517	345	2500	2152290	345	2556	2200598	345	2672	2300845	345	2788	2400557	345	2904	2500529	345	
110	100792	369	219	200625	369	328	300214	369	437	400567	369	500	458287	369	546	500473	369	655	600589	369	764	700573	369	873	800709	369	982	900714	369	1000	917240	369	1091	1000789	369	1200	1100305	369	1309	1200124	369	1419	1300299	369	1500	1374516	369	1528	1400264	369	1637	1500263	369	1746	1600173	369	1856	1700955	369	1964	1800158	369	2000	1833233	369	2069	1900388	369	2177	2000564	369	2286	2100535	369	2395	2200422	369	2500	2299527	369	2501	2300506	369	2610	2400200	369	2719	2500103	369	
108	100426	358	216	200710	358	323	300260	358	431	400964	358	500	465075	358	537	500422	358	644	600315	358	751	700209	358	859	800852	358	966	900628	358	1000	932476	358	1073	1000282	358	1181	1100542	358	1289	1200981	358	1396	1300480	358	1500	1397589	358	1503	1400441	358	1610	1500244	358	1718	1600821	358	1823	1700411	358	1930	1800729	358	2000	1866161	358	2037	1900908	358	2144	2000615	358	2251	2100507	358	2358	2200282	358	2466	2300547	358	2500	2332134	358	2573	2400276	358	2681	2500650	358	
111	100454	376	222	200799	376	332	300288	376	443	400634	376	500	452569	376	553	500898	376	663	600641	376	773	700504	376	883	800277	376	991	900404	376	1000	908609	376	1101	1000065	376	1212	1100552	376	1322	1200066	376	1433	1300871	376	1500	1361808	376	1542	1400072	376	1653	1500909	376	1763	1600438	376	1873	1700072	376	1984	1800728	376	2000	1815155	376	2094	1900324	376	2205	2000781	376	2315	2100215	376	2426	2200397	376	2500	2267235	376	2537	2300688	376	2647	2400230	376	2758	2500845	376	
105	100644	333	210	200283	333	316	300377	333	422	400369	333	500	474137	333	528	500727	333	633	600124	333	739	700792	333	845	800996	333	950	900623	333	1000	947864	333	1056	1000611	333	1162	1100524	333	1268	1200616	333	1374	1300677	333	1480	1400933	333	1500	1419865	333	1585	1500244	333	1691	1600529	333	1796	1700354	333	1902	1800729	333	2000	1893247	333	2008	1900931	333	2113	2000803	333	2218	2100549	333	2323	2200255	333	2428	2300254	333	2500	2368470	333	2534	2400689	333	2640	2500616	333	
111	100448	357	222	200902	357	333	300961	357	443	400452	357	500	451994	357	553	500596	357	663	600330	357	774	700849	357	882	800505	357	993	900515	357	1000	906920	357	1104	1000790	357	1214	1100108	357	1325	1200376	357	1436	1300514	357	1500	1358344	357	1547	1400767	357	1658	1500768	357	1768	1600615	357	1879	1700859	357	1989	1800780	357	2000	1810710	357	2099	1900280	357	2210	2000378	357	2321	2100684	357	2429	2200496	357	2500	2264463	357	2540	2300535	357	2650	2400447	357	2761	2500754	357	
112	100059	337	225	200697	337	337	300294	337	450	400810	337	500	445375	337	562	500782	337	673	600093	337	786	700633	337	898	800213	337	1000	890905	337	1011	900698	337	1123	1000615	337	1235	1100489	337	1347	1200329	337	1458	1300382	337	1500	1338454	337	1570	1400490	337	1683	1500687	337	1795	1600795	337	1907	1700866	337	2000	1783595	337	2019	1800634	337	2131	1900729	337	2243	2000604	337	2355	2100696	337	2467	2200144	337	2500	2229436	337	2580	2300552	337	2692	2400302	337	2805	2500504	337	
115	100398	349	230	200662	349	344	300212	349	459	400365	349	500	440178	349	565	500318	349	680	600465	349	795	700636	349	909	800200	349	1000	879565	349	1024	900734	349	1138	1000599	349	1252	1100407	349	1366	1200052	349	1481	1300211	349	1500	1316977	349	1596	1400839	349	1710	1500891	349	1824	1600217	349	1939	1700910	349	2000	1754343	349	2053	1800642	349	2168	1900736	349	2282	2000458	349	2397	2100687	349	2500	2190781	349	2511	2200412	349	2625	2300151	349	2739	2400315	349	2854	2500895	349	
106	100827	355	212	200946	355	317	300469	355	423	400550	355	500	473644	355	528	500156	355	634	600302	355	740	700358	355	846	800628	355	952	900846	355	1000	946361	355	1057	1000454	355	1163	1100818	355	1268	1200106	355	1374	1300144	355	1480	1400484	355	1500	1419469	355	1586	1500779	355	1691	1600117	355	1797	1700336	355	1903	1800570	355	2000	1892624	355	2008	1900311	355	2114	2000414	355	2220	2100256	355	2327	2200982	355	2433	2300865	355	2500	2364081	355	2539	2400961	355	2644	2500375	355	
112	100721	349	223	200634	349	334	300442	349	445	400204	349	500	449782	349	556	500265	349	668	600904	349	779	700725	349	890	800558	349	1000	899815	349	1001	900774	349	1112	1000424	349	1223	1100066	349	1334	1200057	349	1446	1300680	349	1500	1349227	349	1557	1400860	349	1668	1500795	349	1779	1600841	349	1890	1700597	349	1999	1800864	349	2000	1801825	349	2110	1900754	349	2221	2000650	349	2332	2100650	349	2443	2200137	349	2500	2251393	349	2554	2300145	349	2665	2400382	349	2776	2500405	349	
112	100338	375	223	200512	375	334	300539	375	445	400463	375	500	449513	375	557	500519	375	669	600766	375	780	700067	375	892	800906	375	1000	897549	375	1003	900428	375	1112	1000320	375	1224	1100761	375	1335	1200373	375	1447	1300515	375	1500	1348085	375	1558	1400214	375	1670	1500363	375	1782	1600614	375	1894	1700769	375	2000	1795167	375	2006	1800550	375	2118	1900441	375	2230	2000647	375	2341	2100562	375	2452	2200328	375	2500	2243418	375	2564	2300696	375	2675	2400479	375	2786	2500111	375	
107	100916	332	220	200748	332	334	300790	332	448	400818	332	500	446421	332	561	500062	332	676	600879	332	789	700346	332	903	800431	332	1000	886498	332	1016	900598	332	1130	1000884	332	1244	1100807	332	1358	1200911	332	1471	1300126	332	1500	1325641	332	1585	1400340	332	1699	1500197	332	1813	1600146	332	1927	1700693	332	2000	1765056	332	2040	1800886	332	2153	1900237	332	2267	2000512	332	2381	2100341	332	2495	2200742	332	2500	2205154	332	2609	2300860	332	2721	2400186	332	2835	2500389	332	
119	100422	340	238	200764	340	355	300632	340	474	400839	340	500	422775	340	592	500575	340	711	600819	340	829	700423	340	948	800663	340	1000	844565	340	1066	900429	340	1185	1000804	340	1303	1100055	340	1422	1200281	340	1500	1266159	340	1541	1300760	340	1660	1400863	340	1779	1500804	340	1897	1600361	340	2000	1686773	340	2016	1700237	340	2134	1800132	340	2253	1900471	340	2371	2000170	340	2490	2100626	340	2500	2109132	340	2608	2200156	340	2718	2300265	340	2837	2400747	340	2955	2500190	340	
23	100386	1669	46	200862	1669	69	300908	1669	92	400951	1669	115	500646	1669	139	604622	1669	161	700636	1669	184	800889	1669	207	900940	1669	230	1001123	1669	253	1101249	1669	276	1201708	1669	299	1301612	1669	322	1404018	1669	345	1504080	1669	368	1604290	1669	391	1703922	1669	414	1803719	1669	437	1903525	1669	460	2003735	1669	483	2103887	1669	500	2177856	1669	506	2204437	1669	528	2300725	1669	551	2401100	1669	574	2500978	1669	
24	103005	1769	47	201951	1769	70	301145	1769	93	401177	1769	117	504428	1769	140	603053	1769	163	701563	1769	186	800374	1769	210	903624	1769	233	1002486	1769	256	1100896	1769	280	1204005	1769	303	1302567	1769	326	1401056	1769	350	1503588	1769	373	1602427	1769	396	1701291	1769	420	1803954	1769	443	1902749	1769	466	2001754	1769	489	2100723	1769	500	2148056	1769	513	2203895	1769	536	2302739	1769	559	2401319	1769	583	2504381	1769	
24	101973	1800	48	203610	1800	71	302114	1800	95	403822	1800	118	501107	1800	142	603008	1800	165	700575	1800	189	802603	1800	213	904295	1800	236	1002587	1800	260	1104276	1800	283	1202036	1800	307	1303668	1800	330	1401638	1800	354	1503468	1800	377	1600921	1800	401	1703240	1800	424	1800804	1800	448	1902819	1800	471	2000324	1800	495	2101910	1800	500	2123206	1800	519	2204002	1800	542	2303129	1800	565	2401614	1800	589	2503541	1800	
24	101575	1759	48	203112	1759	71	301032	1759	95	403028	1759	118	500610	1759	142	601877	1759	166	703701	1759	189	801543	1759	213	903404	1759	236	1001028	1759	260	1102599	1759	284	1204402	1759	307	1304332	1759	330	1401899	1759	354	1503570	1759	377	1601257	1759	401	1702902	1759	424	1800478	1759	448	1902109	1759	472	2004028	1759	495	2102043	1759	500	2123485	1759	519	2203887	1759	542	2301251	1759	566	2403103	1759	589	2500795	1759	
24	103327	1726	47	203189	1726	70	304492	1726	93	402969	1726	116	501635	1726	139	600717	1726	163	703948	1726	186	803097	1726	209	902027	1726	232	1001079	1726	255	1100349	1726	279	1203526	1726	302	1302253	1726	325	1401259	1726	349	1504288	1726	372	1603888	1726	395	1702511	1726	418	1801732	1726	441	1901140	1726	465	2004099	1726	488	2103373	1726	500	2154789	1726	511	2202452	1726	534	2301590	1726	557	2400622	1726	581	2503597	1726	
24	102775	1758	47	200843	1758	71	303555	1758	94	401166	1758	118	503509	1758	141	601812	1758	165	704377	1758	188	802501	1758	212	904487	1758	235	1003138	1758	258	1101056	1758	282	1203252	1758	305	1301235	1758	329	1403577	1758	352	1501528	1758	376	1603904	1758	399	1702178	1758	423	1804434	1758	446	1902349	1758	470	2004434	1758	493	2103141	1758	500	2133270	1758	516	2203187	1758	539	2301631	1758	563	2403714	1758	586	2501859	1758	
24	102068	1712	48	203834	1712	71	301589	1712	95	403417	1712	118	501198	1712	142	603246	1712	165	700838	1712	189	803045	1712	212	900835	1712	236	1002569	1712	259	1100851	1712	282	1200716	1712	306	1303479	1712	329	1401456	1712	353	1503786	1712	376	1601323	1712	400	1703240	1712	423	1800876	1712	447	1902842	1712	470	2000728	1712	494	2102903	1712	500	2128746	1712	517	2201097	1712	541	2303368	1712	564	2401518	1712	588	2503322	1712	
24	104013	1712	47	203266	1712	70	302356	1712	93	400589	1712	117	503075	1712	140	601675	1712	164	704318	1712	187	802474	1712	211	904491	1712	234	1002698	1712	257	1101092	1712	281	1203608	1712	304	1301786	1712	328	1403728	1712	351	1502518	1712	374	1600804	1712	398	1702900	1712	421	1801201	1712	445	1903544	1712	468	2001240	1712	492	2103674	1712	500	2138020	1712	515	2201940	1712	539	2303815	1712	562	2402362	1712	585	2501208	1712	
24	104056	1743	47	203834	1743	70	303424	1743	93	402624	1743	116	501891	1743	139	600680	1743	163	703951	1743	186	803447	1743	209	903306	1743	232	1002869	1743	255	1101911	1743	278	1201177	1743	301	1300492	1743	325	1404311	1743	348	1503723	1743	371	1603041	1743	394	1702224	1743	417	1802013	1743	440	1901536	1743	463	2000921	1743	486	2101524	1743	500	2162772	1743	509	2201680	1743	532	2301127	1743	556	2404298	1743	579	2503515	1743	
24	104273	1684	46	200308	1684	70	304250	1684	93	403616	1684	116	502707	1684	139	602985	1684	162	702792	1684	185	802386	1684	208	902122	1684	231	1001480	1684	254	1103501	1684	277	1203508	1684	300	1303611	1684	323	1402859	1684	346	1501872	1684	369	1601499	1684	392	1701048	1684	415	1800603	1684	438	1900458	1684	462	2004278	1684	485	2103828	1684	500	2168798	1684	508	2203609	1684	531	2303176	1684	554	2402774	1684	577	2502369	1684	
24	103046	1705	48	203273	1705	72	303508	1705	96	403799	1705	119	500531	1705	143	600857	1705	167	700939	1705	191	801580	1705	215	902629	1705	239	1002883	1705	263	1103560	1705	287	1203571	1705	311	1304208	1705	334	1400700	1705	358	1501345	1705	382	1601784	1705	406	1701971	1705	430	1802389	1705	454	1902398	1705	478	2002677	1705	500	2094623	1705	502	2103237	1705	526	2203518	1705	550	2304040	1705	573	2400915	1705	597	2501475	1705	
26	104063	1778	50	200432	1778	75	300435	1778	100	401002	1778	125	501266	1778	150	601983	1778	175	702437	1778	200	802612	1778	225	902869	1778	250	1003182	1778	275	1103617	1778	300	1203145	1778	325	1303305	1778	350	1403628	1778	375	1503996	1778	400	1604182	1778	424	1700581	1778	449	1800796	1778	474	1900773	1778	499	2001159	1778	500	2005424	1778	524	2103421	1778	549	2204038	1778	574	2304188	1778	598	2400834	1778	623	2501083	1778	
24	102088	1776	48	204034	1776	71	301196	1776	95	402558	1776	118	500599	1776	142	602622	1776	166	703947	1776	189	801212	1776	213	903309	1776	236	1000855	1776	259	1100451	1776	283	1201809	1776	307	1303053	1776	331	1404459	1776	354	1501868	1776	378	1603418	1776	401	1700675	1776	425	1802357	1776	449	1904119	1776	472	2001391	1776	496	2103086	1776	500	2120267	1776	519	2200772	1776	543	2302326	1776	566	2401338	1776	590	2502934	1776	
25	104276	1737	49	203948	1737	73	303929	1737	97	403624	1737	121	502763	1737	145	602560	1737	169	702353	1737	193	802314	1737	217	901809	1737	241	1001327	1737	265	1101858	1737	289	1201505	1737	313	1301166	1737	337	1400841	1737	361	1500890	1737	385	1600336	1737	410	1704013	1737	434	1803595	1737	458	1904319	1737	482	2004237	1737	500	2078825	1737	506	2104164	1737	530	2204095	1737	554	2304041	1737	578	2403586	1737	602	2503524	1737	
25	102143	1742	50	203921	1742	74	301260	1742	99	402654	1742	124	504094	1742	148	601763	1742	173	703931	1742	197	802639	1742	221	900491	1742	246	1001682	1742	271	1103921	1742	295	1201388	1742	320	1302643	1742	344	1400891	1742	369	1502783	1742	393	1600550	1742	418	1703236	1742	442	1800979	1742	467	1906683	1742	490	2003772	1742	500	2044626	1742	514	2101947	1742	539	2203600	1742	563	2301059	1742	588	2402566	1742	613	2504280	1742	
25	101247	1764	50	203406	1764	74	301075	1764	99	402712	1764	124	503653	1764	148	601140	1764	173	703657	1764	197	801666	1764	221	901227	1764	246	1003166	1764	270	1100345	1764	295	1201585	1764	320	1303214	1764	344	1401244	1764	369	1503199	1764	393	1601025	1764	418	1702498	1764	443	1803691	1764	467	1901362	1764	492	2002889	1764	500	2035643	1764	516	2100869	1764	541	2202381	1764	565	2300314	1764	590	2401798	1764	615	2503154	1764	
26	103105	1725	51	202113	1725	76	301217	1725	102	404022	1725	127	503417	1725	152	602410	1725	177	701464	1725	202	801911	1725	227	901541	1725	252	1000792	1725	278	1103825	1725	303	1203020	1725	328	1302398	1725	353	1401686	1725	378	1501130	1725	404	1603726	1725	429	1703287	1725	454	1802241	1725	479	1901436	1725	500	1985089	1725	504	2001211	1725	529	2100574	1725	555	2204156	1725	580	2303017	1725	605	2402394	1725	630	2501791	1725	
25	102482	1716	49	200533	1716	74	303248	1716	98	401675	1716	123	503871	1716	147	601949	1716	172	704270	1716	196	803025	1716	220	901676	1716	245	1004124	1716	269	1102895	1716	293	1201345	1716	318	1303475	1716	342	1401723	1716	366	1500701	1716	391	1603034	1716	415	1701475	1716	440	1803746	1716	463	1900415	1716	488	2003452	1716	500	2052507	1716	512	2101888	1716	537	2204215	1716	561	2303139	1716	585	2401446	1716	610	2503827	1716	
26	103921	1725	51	203850	1725	76	303782	1725	101	403757	1725	126	503518	1725	151	603720	1725	176	703935	1725	201	803854	1725	225	901846	1725	250	1002517	1725	275	1102916	1725	300	1202537	1725	325	1302953	1725	350	1403187	1725	375	1502991	1725	400	1602962	1725	425	1703457	1725	450	1804183	1725	474	1900290	1725	499	2000416	1725	500	2004788	1725	524	2101382	1725	549	2201904	1725	574	2301811	1725	599	2401353	1725	624	2502447	1725	
26	103316	1715	51	202588	1715	76	302729	1715	101	401888	1715	126	501258	1715	151	600587	1715	177	704175	1715	202	803327	1715	227	903078	1715	252	1002500	1715	277	1101878	1715	302	1201790	1715	327	1301280	1715	352	1400974	1715	377	1500579	1715	403	1604148	1715	428	1704009	1715	453	1803241	1715	478	1903023	1715	500	1990420	1715	503	2002568	1715	528	2102246	1715	553	2201476	1715	578	2301007	1715	604	2404345	1715	629	2504153	1715	
294	100113	501	500	171591	501	582	200066	501	869	300139	501	1000	345777	501	1157	400178	501	1445	500186	501	1500	519318	501	1733	600144	501	2000	693465	501	2019	700099	501	2307	800076	501	2500	866817	501	2596	900239	501	2883	1000328	501	3000	1040821	501	3172	1100332	501	3460	1200030	501	3500	1213965	501	3748	1300028	501	4000	1387353	501	4037	1400159	501	4325	1500203	501	4500	1561420	501	4611	1600341	501	4898	1700233	501	5000	1735714	501	5185	1800040	501	5468	1900420	501	5500	1911641	501	5755	2000295	501	6000	2085147	501	6043	2100081	501	6328	2200021	501	6500	2259757	501	6617	2300296	501	6904	2400020	501	7000	2433388	501	7192	2500145	501	
303	100252	263	500	166533	263	599	200165	263	896	300132	263	1000	335169	263	1193	400036	263	1491	500141	263	1500	503188	263	1788	600217	263	2000	671547	263	2085	700183	263	2382	800225	263	2500	839938	263	2679	900169	263	2975	1000272	263	3000	1008686	263	3265	1100126	263	3500	1179286	263	3562	1200216	263	3859	1300029	263	4000	1347431	263	4157	1400131	263	4455	1500151	263	4500	1515266	263	4752	1600060	263	5000	1683761	263	5049	1700196	263	5346	1800310	263	5500	1852022	263	5644	1900323	263	5941	2000047	263	6000	2019869	263	6240	2100283	263	6500	2187463	263	6538	2200246	263	6835	2300234	263	7000	2355630	263	7133	2400326	263	7431	2500248	263	
294	100125	352	500	171636	352	583	200332	352	864	300258	352	1000	347384	352	1153	400314	352	1441	500218	352	1500	520866	352	1728	600055	352	2000	694600	352	2016	700211	352	2304	800097	352	2500	868075	352	2592	900050	352	2880	1000021	352	3000	1041637	352	3169	1100175	352	3457	1200139	352	3500	1215011	352	3745	1300187	352	4000	1388709	352	4033	1400154	352	4321	1500159	352	4500	1562099	352	4609	1600066	352	4898	1700346	352	5000	1735788	352	5185	1800026	352	5473	1900332	352	5500	1909719	352	5760	2000316	352	6000	2083662	352	6048	2100356	352	6335	2200243	352	6500	2257357	352	6624	2300326	352	6913	2400187	352	7000	2430270	352	7201	2500107	352	
299	100290	480	500	168584	480	593	200303	480	886	300269	480	1000	339032	480	1180	400050	480	1475	500277	480	1500	508844	480	1769	600160	480	2000	678793	480	2062	700043	480	2356	800311	480	2500	849338	480	2650	900294	480	2943	1000030	480	3000	1019491	480	3237	1100247	480	3500	1189635	480	3531	1200116	480	3825	1300043	480	4000	1359877	480	4118	1400023	480	4412	1500179	480	4500	1530099	480	4706	1600078	480	5000	1699914	480	5001	1700274	480	5295	1800159	480	5500	1870032	480	5588	1900168	480	5882	2000336	480	6000	2040510	480	6175	2100039	480	6466	2200038	480	6500	2211708	480	6760	2300307	480	7000	2382220	480	7053	2400320	480	7342	2500350	480	
296	100038	381	500	170501	381	586	200164	381	876	300131	381	1000	342876	381	1167	400191	381	1457	500260	381	1500	515016	381	1747	600164	381	2000	687442	381	2037	700144	381	2325	800187	381	2500	860947	381	2613	900256	381	2901	1000140	381	3000	1034547	381	3188	1100017	381	3476	1200249	381	3500	1208464	381	3767	1300259	381	4000	1380183	381	4058	1400168	381	4349	1500022	381	4500	1552207	381	4640	1600210	381	4907	1700103	381	5000	1732076	381	5198	1800073	381	5489	1900301	381	5500	1904121	381	5779	2000015	381	6000	2076010	381	6069	2100048	381	6358	2200146	381	6500	2249044	381	6648	2300020	381	6939	2400280	381	7000	2421308	381	7229	2500096	381	
291	100277	413	500	173469	413	576	200167	413	862	300293	413	1000	348919	413	1146	400094	413	1432	500163	413	1500	523997	413	1718	600265	413	2000	699123	413	2003	700204	413	2287	800149	413	2500	877309	413	2565	900106	413	2850	1000299	413	3000	1052724	413	3135	1100088	413	3421	1200340	413	3500	1228061	413	3706	1300366	413	3991	1400343	413	4000	1403513	413	4276	1500139	413	4500	1578666	413	4561	1600040	413	4846	1700176	413	5000	1754171	413	5131	1800116	413	5418	1900354	413	5500	1929047	413	5704	2000235	413	5990	2100293	413	6000	2103790	413	6275	2200079	413	6500	2278763	413	6561	2300165	413	6846	2400043	413	7000	2453937	413	7133	2500249	413	
283	100313	419	500	177875	419	562	200131	419	838	300034	419	1000	357788	419	1119	400244	419	1399	500248	419	1500	536416	419	1679	600167	419	1958	700114	419	2000	715149	419	2238	800367	419	2500	893823	419	2518	900275	419	2798	1000299	419	3000	1072331	419	3078	1100305	419	3357	1200086	419	3500	1251188	419	3638	1300311	419	3917	1400205	419	4000	1429898	419	4194	1500500	419	4462	1600154	419	4500	1613689	419	4741	1700037	419	5000	1792783	419	5021	1800297	419	5301	1900299	419	5500	1971183	419	5581	2000269	419	5860	2100136	419	6000	2150187	419	6140	2200291	419	6420	2300109	419	6500	2328661	419	6701	2400280	419	6980	2500166	419	
287	100049	470	500	175806	470	569	200233	470	850	300219	470	1000	353472	470	1131	400019	470	1410	500250	470	1500	532307	470	1691	600040	470	1973	700252	470	2000	709861	470	2255	800244	470	2500	887420	470	2536	900194	470	2817	1000207	470	3000	1065444	470	3098	1100365	470	3378	1200124	470	3500	1243505	470	3660	1300300	470	3941	1400200	470	4000	1421171	470	4223	1500355	470	4500	1598957	470	4503	1600046	470	4784	1700135	470	5000	1776985	470	5065	1800144	470	5347	1900127	470	5500	1954500	470	5628	2000019	470	5910	2100119	470	6000	2132079	470	6186	2200043	470	6464	2300033	470	6500	2312769	470	6746	2400193	470	7000	2490546	470	7027	2500104	470	
299	100269	499	500	168384	499	594	200254	499	889	300132	499	1000	337706	499	1185	400319	499	1478	500108	499	1500	507536	499	1774	600320	499	2000	676993	499	2068	700025	499	2363	800138	499	2500	846563	499	2658	900156	499	2951	1000281	499	3000	1017040	499	3244	1100180	499	3500	1187435	499	3538	1200311	499	3834	1300243	499	4000	1356826	499	4122	1400019	499	4415	1500066	499	4500	1528857	499	4711	1600213	499	5000	1697984	499	5006	1700034	499	5302	1800302	499	5500	1867252	499	5597	1900232	499	5892	2000283	499	6000	2037100	499	6187	2100267	499	6481	2200065	499	6500	2206459	499	6777	2300021	499	7000	2375726	499	7072	2400090	499	7366	2500297	499	
289	100144	636	500	174670	636	572	200075	636	855	300108	636	1000	351318	636	1139	400170	636	1424	500355	636	1500	527156	636	1699	600077	636	1978	700077	636	2000	707811	636	2262	800090	636	2500	883991	636	2546	900188	636	2831	1000355	636	3000	1060121	636	3114	1100359	636	3398	1200319	636	3500	1236058	636	3683	1300262	636	3968	1400147	636	4000	1411463	636	4250	1500131	636	4500	1588318	636	4534	1600298	636	4816	1700192	636	5000	1764979	636	5100	1800247	636	5382	1900249	636	5500	1941824	636	5666	2000278	636	5950	2100030	636	6000	2117699	636	6235	2200255	636	6500	2293617	636	6519	2300272	636	6804	2400134	636	7000	2469146	636	7088	2500116	636	
97	100302	2109	189	201158	2109	280	300637	2109	372	400915	2109	463	500309	2109	500	540820	2109	555	601092	2109	646	700553	2109	738	801080	2109	829	900771	2109	921	1000990	2109	1000	1087118	2109	1012	1100329	2109	1104	1200898	2109	1195	1300136	2109	1287	1400919	2109	1378	1500884	2109	1469	1600346	2109	1500	1634138	2109	1561	1700788	2109	1652	1800079	2109	1743	1900111	2109	1835	2000557	2109	1926	2100177	2109	2000	2180834	2109	2018	2200715	2109	2109	2300714	2109	2200	2400126	2109	2291	2500097	2109	
97	100160	3232	189	200607	3232	280	300086	3232	372	400804	3232	463	500163	3232	500	540698	3232	554	600321	3232	645	700103	3232	737	801035	3232	828	900183	3232	920	1001112	3232	1000	1088673	3232	1011	1100846	3232	1102	1200600	3232	1193	1300724	3232	1284	1400217	3232	1376	1500621	3232	1468	1601091	3232	1500	1636102	3232	1559	1700663	3232	1650	1800143	3232	1736	1900915	3232	1827	2001110	3232	1918	2100529	3232	2000	2190260	3232	2009	2200150	3232	2101	2300903	3232	2192	2400454	3232	2284	2500844	3232	
99	100097	2161	193	201113	2161	285	300177	2161	378	400494	2161	471	500468	2161	500	531726	2161	564	600383	2161	657	700220	2161	751	800857	2161	844	900560	2161	936	1000267	2161	1000	1070181	2161	1028	1100480	2161	1122	1200969	2161	1215	1300429	2161	1309	1400838	2161	1402	1500845	2161	1495	1600407	2161	1500	1605815	2161	1588	1700618	2161	1681	1800652	2161	1773	1900267	2161	1867	2000937	2161	1960	2100429	2161	2000	2143426	2161	2053	2200344	2161	2147	2301071	2161	2239	2400491	2161	2333	2501128	2161	
98	101095	2289	187	200370	2289	278	300151	2289	370	400800	2289	461	500589	2289	500	543309	2289	552	600364	2289	644	700869	2289	734	800109	2289	826	900356	2289	918	1000765	2289	1000	1090158	2289	1010	1101054	2289	1101	1200772	2289	1192	1300611	2289	1284	1400994	2289	1375	1500714	2289	1467	1601053	2289	1500	1637092	2289	1558	1700535	2289	1650	1801022	2289	1741	1900534	2289	1833	2000900	2289	1924	2100188	2289	2000	2182844	2289	2016	2200448	2289	2107	2300493	2289	2198	2400111	2289	2290	2500384	2289	
98	100662	1775	189	200917	1775	280	301040	1775	371	401089	1775	462	500986	1775	500	542814	1775	553	600830	1775	644	700681	1775	735	800728	1775	826	900507	1775	917	1000479	1775	1000	1091519	1775	1008	1100298	1775	1099	1200302	1775	1190	1300363	1775	1281	1400449	1775	1372	1500887	1775	1462	1600330	1775	1500	1642334	1775	1553	1701089	1775	1643	1800523	1775	1734	1900681	1775	1825	2000343	1775	1916	2100486	1775	2000	2193389	1775	2007	2201144	1775	2096	2300888	1775	2186	2400230	1775	2277	2500189	1775	
97	100396	2633	189	200591	2633	281	300343	2633	373	400474	2633	465	501136	2633	500	539307	2633	556	600213	2633	648	700661	2633	740	800918	2633	832	900981	2633	924	1000902	2633	1000	1083520	2633	1016	1100870	2633	1108	1200893	2633	1200	1300870	2633	1292	1400948	2633	1382	1500915	2633	1474	1600780	2633	1500	1629062	2633	1566	1700705	2633	1658	1800458	2633	1750	1900072	2633	1842	2000349	2633	1934	2100440	2633	2000	2172139	2633	2026	2200511	2633	2118	2301022	2633	2210	2400943	2633	2301	2500080	2633	
97	100175	3196	190	200556	3196	283	300382	3196	376	400764	3196	469	500678	3196	500	534058	3196	560	600465	3196	653	700541	3196	746	800785	3196	839	900701	3196	932	1000807	3196	1000	1074187	3196	1024	1100099	3196	1118	1201032	3196	1211	1301139	3196	1303	1400091	3196	1396	1500092	3196	1489	1600532	3196	1500	1612564	3196	1582	1700821	3196	1675	1800482	3196	1768	1900884	3196	1861	2000949	3196	1954	2101065	3196	2000	2150480	3196	2047	2200871	3196	2140	2300976	3196	2233	2400682	3196	2326	2500604	3196	
99	101084	2430	192	200862	2430	285	300877	2430	378	401051	2430	471	500759	2430	500	531859	2430	564	600364	2430	657	700403	2430	751	800932	2430	844	900794	2430	937	1000776	2430	1000	1068798	2430	1030	1101043	2430	1123	1201072	2430	1216	1300663	2430	1310	1401140	2430	1403	1500617	2430	1496	1600705	2430	1500	1605054	2430	1589	1700755	2430	1682	1800593	2430	1775	1900226	2430	1869	2001135	2430	1962	2101052	2430	2000	2141811	2430	2055	2201006	2430	2148	2300975	2430	2241	2400930	2430	2334	2500513	2430	
98	100168	1773	191	200684	1773	283	300367	1773	375	400737	1773	467	500589	1773	500	536387	1773	559	600369	1773	652	700797	1773	744	800555	1773	836	900241	1773	924	1000282	1773	1000	1082581	1773	1017	1101136	1773	1109	1200710	1773	1201	1300259	1773	1293	1400193	1773	1386	1501064	1773	1478	1600893	1773	1500	1624797	1773	1570	1700836	1773	1662	1800439	1773	1752	1900373	1773	1844	2000852	1773	1936	2100434	1773	2000	2169779	1773	2028	2200143	1773	2121	2301090	1773	2213	2401111	1773	2305	2500659	1773	
100	100536	1256	194	200756	1256	287	300319	1256	381	400743	1256	474	500082	1256	500	527815	1256	568	600699	1256	661	700978	1256	754	800992	1256	847	900569	1256	940	1000186	1256	1000	1066752	1256	1032	1101059	1256	1125	1200343	1256	1219	1300666	1256	1313	1400930	1256	1406	1500482	1256	1500	1601021	1256	1500	1601088	1256	1593	1700617	1256	1687	1800950	1256	1780	1900516	1256	1874	2000903	1256	1967	2100383	1256	2000	2135732	1256	2061	2200825	1256	2154	2300544	1256	2248	2400956	1256	2342	2501123	1256	
21	101901	45143	42	203369	39329	63	305119	35390	83	402568	31504	104	502674	23702	125	605312	17886	144	700395	15972	164	802045	15972	184	903266	15972	204	1004468	15972	223	1100946	15972	243	1202299	15972	263	1303651	15972	283	1405113	15972	302	1501524	15972	322	1602866	15972	342	1704033	15972	361	1800812	15972	381	1902042	15972	401	2003729	15972	421	2104806	15972	440	2201587	15972	460	2303012	15972	480	2404307	15972	499	2500749	15972	
21	102857	44791	42	204253	38959	63	304125	31780	84	404205	25916	105	504421	16902	125	602404	13796	145	703746	13796	165	805255	13796	184	901753	13796	204	1003407	13796	224	1104925	13796	243	1201553	13796	263	1302993	13796	283	1404726	13796	302	1501268	13796	322	1602431	13796	342	1704083	13796	362	1805218	13796	381	1901812	13796	401	2003088	13796	420	2101092	13796	440	2203472	13796	460	2304664	13796	479	2401045	13796	499	2502854	13796	
21	101843	46166	42	204611	42295	62	300424	36522	84	404594	30677	104	500801	26165	125	603119	23547	145	702927	23547	165	802961	23547	185	903003	23547	205	1003211	23547	224	1100970	23547	244	1200990	23547	264	1301513	23547	284	1401670	23547	304	1501605	23547	324	1602633	23547	344	1703191	23547	364	1803079	23547	384	1903252	23547	404	2003591	23547	424	2103849	23547	444	2203785	23547	464	2303498	23547	484	2403645	23547	500	2483909	23547	504	2504158	23547	
21	102965	44438	41	200740	41174	62	303695	36663	83	404433	29517	103	500481	23700	124	601227	16699	145	702656	12293	165	802872	12293	185	902785	12293	205	1002935	12293	225	1102796	12293	245	1202903	12293	265	1302793	12293	285	1402861	12293	305	1503093	12293	325	1603570	12293	345	1703802	12293	365	1803695	12293	385	1903909	12293	405	2004217	12293	425	2104402	12293	445	2204720	12293	465	2305283	12293	484	2400529	12293	500	2480790	12293	504	2501081	12293	
21	102939	45035	42	203061	38559	63	305007	33335	83	404072	31412	103	501958	26924	123	600933	25606	144	704892	23674	164	802635	20474	184	901135	15988	204	1000896	14728	224	1101704	13457	244	1202566	13457	264	1303667	13457	284	1405021	13457	303	1500724	13457	323	1601587	13457	343	1702438	13457	363	1803055	13457	382	1900527	13457	402	2001841	13457	422	2102752	13457	442	2203600	13457	462	2304450	13457	482	2405260	13457	500	2496341	13457	501	2501725	13457	
21	101478	43684	41	200419	39156	62	301237	32002	83	400799	24913	104	501669	19068	125	604512	15231	144	700363	15231	164	801104	15231	184	904159	15231	204	1005069	15231	223	1100587	15231	243	1201285	15231	263	1302268	15231	283	1403000	15231	303	1503899	15231	323	1604442	15231	343	1705339	15231	362	1800834	15231	382	1901479	15231	402	2002273	15231	422	2102796	15231	442	2203604	15231	462	2304376	15231	481	2400456	15231	500	2496371	15231	501	2501714	15231	
21	103434	48453	41	202486	47151	61	302637	46519	81	401209	43957	102	503566	41345	123	604936	35543	143	704043	34237	163	803726	32931	183	902590	30327	203	1001098	27069	224	1102760	21902	244	1201826	19955	265	1304201	16134	285	1403129	14858	305	1502623	14858	325	1602171	14858	345	1701619	14858	365	1801355	14858	385	1901635	14858	405	2001056	14858	425	2100722	14858	445	2200397	14858	466	2305047	14858	486	2404708	14858	500	2474598	14858	506	2504844	14858	
21	103857	46424	41	202622	41925	61	301785	40003	82	404831	35493	102	502162	31635	122	600973	28367	143	703492	23789	164	803745	15419	184	902341	11696	204	1004937	11696	223	1102408	11696	243	1204969	11696	262	1301756	11696	282	1404009	11696	301	1500877	11696	321	1602897	11696	341	1705020	11696	360	1804843	11696	379	1902244	11696	399	2004737	11696	418	2102072	11696	438	2204404	11696	457	2301434	11696	477	2403851	11696	496	2501110	11696	
21	104157	45007	41	200528	39837	62	303489	33943	82	400916	30033	103	504675	28731	123	604282	24848	143	701596	19019	164	801774	13896	184	902180	13896	204	1002943	13896	224	1104130	13896	244	1204834	13896	264	1305258	13271	283	1401134	13271	303	1501886	13271	323	1602308	13271	343	1702914	13271	363	1803368	13271	383	1903768	13271	403	2004082	13271	423	2104616	13271	443	2204949	13271	463	2305016	13271	483	2405351	13271	500	2490516	13271	502	2500858	13271	
21	100463	43857	43	204786	35469	64	303865	29713	85	402751	22550	106	501484	14173	127	604837	13534	147	704221	13534	167	803866	13534	187	903589	13534	207	1003118	13534	227	1102819	13534	247	1202524	13534	267	1302210	13534	287	1402082	13534	307	1501731	13534	327	1601862	13534	347	1701577	13534	367	1801320	13534	387	1901248	13534	407	2000556	13534	428	2105165	13534	448	2204484	13534	468	2304123	13534	488	2403828	13534	500	2464474	13534	508	2504629	13534	
