versja nr 2;wspolczynnik mutacji 1.500000;wielkosc populacji 60
226	100244	106	442	200066	83	500	226562	77	663	300103	75	886	400315	75	1000	451409	72	1109	500329	72	1332	600394	72	1500	675574	72	1555	700273	72	1777	800257	72	2000	899930	67	2001	900397	67	2224	1000444	62	2447	1100360	62	2500	1124153	62	2669	1200284	61	2892	1300187	61	3000	1348738	61	3115	1400291	59	3338	1500266	59	3500	1573050	59	3560	1600065	59	3781	1700382	59	4000	1798693	59	4003	1800063	59	4226	1900226	59	4447	2000197	57	4500	2024197	57	4668	2100052	53	4892	2200372	53	5000	2248757	53	5115	2300401	53	5337	2400093	53	5500	2473304	53	5560	2500238	53	
226	100096	219	449	200176	219	500	222980	215	672	300186	186	895	400226	150	1000	447356	146	1118	500285	144	1341	600224	131	1500	671507	126	1564	700287	126	1786	800169	126	2000	896503	126	2008	900113	126	2231	1000268	126	2453	1100303	124	2500	1121539	119	2675	1200354	119	2897	1300172	116	3000	1346033	116	3121	1400025	116	3345	1500367	116	3500	1569546	111	3568	1600082	109	3791	1700354	104	4000	1794309	104	4013	1800153	104	4236	1900255	99	4459	2000424	96	4500	2018975	96	4681	2100221	96	4904	2200271	96	5000	2244718	96	5120	2300216	96	5342	2400203	91	5500	2471072	91	5565	2500308	91	
227	100232	129	450	200402	129	500	222864	129	672	300146	122	895	400267	109	1000	447379	109	1118	500191	109	1341	600148	109	1500	671591	107	1563	700024	104	1786	800060	104	2000	895659	104	2010	900176	104	2233	1000235	100	2456	1100229	100	2500	1119913	100	2679	1200091	100	2902	1300122	100	3000	1344241	100	3119	1400270	100	3341	1500296	100	3500	1571581	100	3564	1600374	100	3786	1700288	100	4000	1796130	100	4009	1800185	100	4232	1900281	97	4455	2000306	97	4500	2020456	97	4677	2100124	97	4900	2200281	97	5000	2245300	97	5123	2300428	97	5345	2400290	97	5500	2469950	97	5567	2500134	97	
230	100118	170	456	200183	153	500	219727	153	682	300248	153	907	400234	107	1000	441448	107	1128	500204	107	1353	600162	103	1500	665407	103	1579	700368	103	1805	800128	102	2000	886197	102	2032	900368	102	2258	1000334	102	2484	1100221	102	2500	1107304	102	2710	1200222	95	2936	1300415	95	3000	1328675	95	3161	1400057	95	3387	1500025	95	3500	1550347	95	3612	1600127	95	3838	1700463	95	4000	1772027	95	4064	1800269	95	4290	1900262	95	4500	1993419	95	4515	2000151	95	4740	2100138	95	4966	2200208	92	5000	2215432	92	5190	2300225	92	5415	2400089	92	5500	2437730	92	5640	2500041	92	
228	100230	122	451	200456	93	500	222799	93	671	300420	93	892	400129	93	1000	448513	93	1116	500448	93	1339	600292	87	1500	672400	87	1562	700193	87	1786	800353	87	2000	896413	87	2009	900441	87	2232	1000332	87	2455	1100222	87	2500	1120305	87	2678	1200049	87	2902	1300422	87	3000	1344191	87	3125	1400435	87	3347	1500188	87	3500	1568556	87	3570	1600293	87	3792	1700351	87	4000	1794127	87	4013	1800042	87	4236	1900185	87	4460	2000277	87	4500	2018166	87	4683	2100459	87	4906	2200467	87	5000	2242684	87	5128	2300047	87	5352	2400360	87	5500	2466723	87	5575	2500192	87	
226	100273	200	448	200155	141	500	223695	122	669	300024	107	891	400418	107	1000	449441	107	1113	500124	107	1337	600187	97	1500	673133	97	1561	700401	97	1785	800282	97	2000	896257	91	2009	900282	91	2234	1000175	88	2459	1100389	88	2500	1118549	88	2683	1200131	88	2907	1300423	88	3000	1341722	88	3132	1400444	88	3356	1500173	88	3500	1564111	88	3581	1600391	88	3801	1700141	88	4000	1789675	88	4024	1800389	88	4248	1900021	88	4473	2000049	83	4500	2012047	83	4698	2100186	83	4921	2200417	83	5000	2235548	83	5146	2300406	83	5370	2400234	83	5500	2458218	83	5594	2500321	83	
228	100249	181	451	200373	154	500	222386	154	674	300317	154	897	400171	150	1000	446283	150	1120	500082	140	1342	600046	140	1500	670744	125	1565	700145	125	1784	800310	125	2000	899237	125	2002	900137	125	2226	1000164	125	2449	1100070	125	2500	1123007	125	2673	1200455	125	2896	1300394	125	3000	1346932	125	3119	1400258	125	3342	1500107	125	3500	1571158	125	3565	1600438	125	3788	1700375	125	4000	1795348	125	4011	1800317	125	4233	1900056	125	4455	2000192	125	4500	2020397	125	4678	2100299	125	4901	2200105	125	5000	2244802	125	5123	2300415	125	5345	2400345	119	5500	2470332	118	5567	2500406	118	
225	100379	107	447	200386	103	500	224081	103	669	300067	91	891	400416	76	1000	449806	76	1112	500312	75	1335	600429	75	1500	674419	70	1557	700071	70	1781	800459	70	2000	898536	70	2004	900370	70	2226	1000118	70	2449	1100276	66	2500	1123091	66	2671	1200109	66	2894	1300212	66	3000	1347940	66	3116	1400202	66	3338	1500159	66	3500	1573033	66	3560	1600148	66	3782	1700212	64	4000	1798333	59	4004	1800147	59	4227	1900376	59	4448	2000045	59	4500	2023489	59	4671	2100465	59	4893	2200404	59	5000	2248448	59	5115	2300282	58	5337	2400228	58	5500	2473687	58	5559	2500401	58	
236	100147	221	468	200258	168	500	214245	153	699	300256	123	928	400059	123	1000	431531	123	1157	500383	120	1387	600093	120	1500	649070	120	1618	700174	120	1848	800242	114	2000	865956	112	2079	900209	103	2311	1000256	103	2500	1082060	103	2542	1100376	103	2774	1200441	103	3000	1297944	103	3005	1300124	103	3237	1400417	100	3468	1500235	100	3500	1514178	100	3699	1600272	100	3930	1700194	100	4000	1730390	100	4161	1800032	100	4393	1900455	89	4500	1946694	89	4624	2000254	89	4848	2100355	89	5000	2166237	89	5078	2200148	89	5308	2300034	89	5500	2383038	89	5540	2400381	89	5769	2500033	89	
227	100451	177	450	200117	150	500	222454	149	675	300421	148	899	400072	148	1000	445089	142	1123	500154	142	1347	600217	142	1500	668508	142	1571	700352	142	1795	800418	131	2000	892483	127	2017	900118	127	2241	1000332	127	2464	1100170	127	2500	1116480	127	2683	1200379	127	2906	1300303	127	3000	1342580	127	3129	1400403	127	3353	1500473	127	3500	1566852	124	3575	1600420	124	3797	1700184	121	4000	1791730	121	4019	1800243	121	4242	1900289	121	4465	2000183	121	4500	2015864	121	4689	2100357	120	4913	2200340	120	5000	2239190	120	5137	2300228	116	5360	2400058	116	5500	2462661	116	5584	2500335	116	
238	100102	74	471	200309	67	500	212765	67	697	300444	67	928	400105	67	1000	431123	67	1160	500401	67	1391	600108	67	1500	647377	67	1622	700127	67	1854	800060	67	2000	863079	67	2086	900222	67	2318	1000321	63	2500	1078671	63	2550	1100262	63	2782	1200152	63	3000	1293910	63	3015	1300383	63	3247	1400164	63	3479	1500272	63	3500	1509327	63	3711	1600438	63	3943	1700098	63	4000	1724667	63	4175	1800034	63	4407	1900156	63	4500	1940150	63	4640	2000196	63	4873	2100341	63	5000	2154900	63	5105	2200089	63	5338	2300325	63	5500	2370148	63	5570	2400258	63	5802	2500419	63	
227	100173	95	450	200193	83	500	222708	83	673	300342	83	896	400325	83	1000	446924	83	1118	500036	83	1341	600277	83	1500	671684	80	1564	700448	80	1786	800109	80	2000	896558	80	2008	900158	80	2231	1000464	80	2453	1100443	80	2500	1121586	80	2675	1200192	80	2897	1300127	80	3000	1346366	80	3119	1400323	80	3341	1500299	78	3500	1571844	78	3563	1600040	78	3786	1700319	70	4000	1796515	70	4008	1800139	70	4231	1900292	70	4453	2000105	70	4500	2021164	70	4676	2100233	70	4899	2200236	70	5000	2245522	70	5122	2300332	70	5339	2400123	70	5500	2472529	70	5561	2500056	70	
226	100094	87	448	200025	79	500	223377	79	671	300192	79	893	400175	75	1000	448345	75	1114	500448	75	1335	600412	75	1500	675024	75	1556	700317	75	1778	800444	75	1999	900345	75	2000	900811	75	2220	1000167	75	2441	1100106	75	2500	1126670	75	2663	1200312	75	2885	1300358	75	3000	1352172	75	3107	1400340	75	3322	1500026	75	3500	1580459	72	3544	1600356	72	3765	1700248	72	3987	1800454	72	4000	1806407	72	4208	1900397	72	4430	2000296	72	4500	2031847	72	4651	2100041	72	4873	2200108	72	5000	2257332	72	5095	2300050	72	5317	2400231	72	5500	2482594	72	5539	2500239	72	
234	100104	114	464	200254	84	500	215965	84	693	300075	83	923	400169	76	1000	433913	76	1152	500309	76	1376	600141	76	1500	655098	76	1603	700143	76	1832	800214	71	2000	873518	71	2061	900241	71	2290	1000121	71	2500	1092230	71	2518	1100086	71	2748	1200347	71	2977	1300224	71	3000	1310237	71	3205	1400342	71	3434	1500251	71	3500	1529122	71	3662	1600095	71	3892	1700409	71	4000	1747580	71	4120	1800048	71	4349	1900089	71	4500	1965984	71	4578	2000119	71	4807	2100224	71	5000	2184573	71	5036	2200288	71	5265	2300435	71	5494	2400300	71	5500	2402967	71	5723	2500340	71	
229	100337	113	453	200308	89	500	221348	89	676	300025	89	900	400332	89	1000	445263	89	1123	500190	89	1347	600238	89	1500	668658	89	1571	700458	89	1794	800160	89	2000	892226	89	2018	900279	89	2242	1000287	89	2465	1100189	89	2500	1115764	89	2689	1200402	89	2913	1300445	89	3000	1339339	89	3136	1400335	89	3359	1500142	89	3500	1563360	89	3582	1600083	89	3806	1700262	89	4000	1786918	89	4030	1800389	89	4253	1900088	89	4478	2000337	89	4500	2010185	89	4702	2100441	89	4925	2200139	87	5000	2233648	87	5149	2300241	87	5373	2400174	87	5500	2456985	87	5597	2500345	87	
235	100450	82	464	200125	75	500	215869	75	694	300337	75	922	400098	70	1000	434126	70	1152	500400	70	1381	600045	69	1500	651490	69	1612	700117	69	1843	800178	69	2000	868179	69	2074	900249	69	2305	1000372	66	2500	1084960	66	2535	1100135	66	2766	1200397	66	2995	1300138	64	3000	1302318	64	3225	1400373	64	3454	1500096	59	3500	1520417	59	3683	1600079	59	3913	1700075	59	4000	1737939	59	4139	1800213	59	4367	1900145	59	4500	1958095	59	4597	2000426	59	4826	2100199	59	5000	2176012	59	5056	2200401	59	5285	2300332	59	5500	2393815	59	5515	2400351	59	5745	2500227	59	
234	100313	86	463	200257	68	500	216419	68	692	300346	68	921	400400	68	1000	435001	68	1149	500104	68	1378	600083	68	1500	653264	68	1607	700286	68	1835	800056	68	2000	872217	68	2061	900530	68	2287	1000111	68	2500	1093146	68	2516	1100172	68	2745	1200098	68	2974	1300023	68	3000	1311374	68	3204	1400384	68	3433	1500439	68	3500	1529729	68	3662	1600354	68	3891	1700247	68	4000	1747780	68	4120	1800127	68	4349	1900105	68	4500	1965948	68	4579	2000375	68	4807	2100027	68	5000	2184194	68	5037	2200278	68	5266	2300081	68	5496	2400277	68	5500	2402043	68	5725	2500407	68	
223	100184	114	444	200071	105	500	225242	105	667	300269	105	890	400273	101	1000	449874	101	1111	500028	101	1334	600353	96	1500	674999	96	1556	700318	96	1777	800123	96	1999	900197	96	2000	900666	96	2221	1000075	96	2443	1100087	96	2500	1125743	96	2666	1200330	96	2887	1300151	96	3000	1350953	96	3109	1400033	96	3331	1500348	96	3500	1576739	96	3552	1600079	96	3776	1700425	95	3999	1800433	95	4000	1800898	95	4221	1900092	95	4444	2000167	95	4500	2025460	95	4667	2100437	95	4889	2200122	95	5000	2249920	95	5112	2300224	95	5335	2400456	95	5500	2474601	95	5557	2500201	95	
233	100238	71	461	200157	64	500	217318	64	689	300131	63	917	400028	63	1000	436720	63	1145	500260	63	1373	600036	62	1500	655695	62	1601	700208	62	1829	800162	62	2000	875133	62	2057	900474	62	2285	1000377	62	2500	1094966	59	2512	1100245	59	2741	1200381	59	2969	1300139	59	3000	1313699	59	3198	1400417	59	3425	1500101	59	3500	1533043	59	3653	1600098	59	3882	1700283	59	4000	1751957	59	4110	1800088	59	4339	1900418	59	4500	1970796	59	4567	2000112	56	4795	2100289	56	5000	2193512	56	5015	2200139	56	5243	2300427	56	5470	2400154	56	5500	2413351	56	5697	2500205	56	
224	100059	93	445	200181	74	500	225005	73	667	300376	68	888	400132	65	1000	450872	57	1109	500203	57	1331	600407	57	1500	676710	57	1552	700268	57	1773	800120	57	1994	900023	57	2000	902757	57	2215	1000085	57	2437	1100372	57	2500	1128764	57	2658	1200109	57	2873	1300402	57	3000	1357977	57	3094	1400441	57	3314	1500445	57	3500	1584544	57	3535	1600325	57	3756	1700169	57	3978	1800393	57	4000	1810336	57	4199	1900284	57	4421	2000420	57	4500	2036157	57	4641	2100187	57	4862	2200063	57	5000	2262423	57	5084	2300446	57	5305	2400296	57	5500	2488451	57	5526	2500234	57	
76	101304	2892	148	200392	2355	220	300764	2071	290	400869	2043	361	500239	2012	433	600800	2012	500	694309	2012	505	701403	2012	576	800716	2012	648	901493	2012	719	1001056	2012	790	1101183	1918	861	1200458	1845	933	1301289	1845	1000	1395157	1845	1004	1400893	1845	1075	1500775	1783	1146	1600329	1754	1218	1700673	1754	1290	1800780	1747	1362	1900851	1747	1434	2000966	1747	1500	2092587	1747	1506	2101077	1747	1578	2201417	1747	1650	2301254	1699	1721	2400314	1699	1793	2500548	1670	
76	100212	2476	149	201034	2040	221	301435	1975	292	400195	1975	365	501365	1889	436	600309	1864	500	689924	1806	508	701130	1806	580	801277	1806	651	900469	1711	723	1000531	1678	795	1100205	1678	867	1200841	1678	939	1301026	1678	1000	1385659	1678	1011	1401097	1678	1082	1500252	1678	1154	1600458	1612	1226	1701236	1560	1297	1800088	1560	1369	1900340	1547	1441	2000810	1547	1500	2083173	1547	1513	2101326	1547	1584	2200233	1547	1656	2300381	1547	1728	2400527	1547	1798	2501066	1547	
76	100273	2381	148	200642	2018	219	300139	1982	291	400637	1939	363	501292	1915	434	601078	1915	500	693912	1915	505	700986	1915	576	800584	1915	647	900176	1861	719	1000907	1812	791	1101367	1770	862	1200296	1726	934	1301296	1703	1000	1393503	1703	1005	1400578	1703	1076	1500136	1679	1146	1600744	1645	1217	1700580	1645	1288	1800407	1645	1359	1900274	1645	1431	2001085	1645	1500	2097951	1645	1502	2100840	1645	1573	2200595	1645	1644	2300349	1645	1715	2400137	1645	1787	2501300	1645	
77	101060	2528	149	201339	2236	220	300097	2236	292	400450	2205	364	500481	2167	436	600726	2167	500	692834	2167	506	701308	2167	577	800294	2167	649	900297	2072	721	1000239	1937	794	1101422	1937	865	1200742	1937	937	1300676	1822	1000	1388718	1763	1009	1401248	1763	1080	1500236	1763	1152	1600107	1763	1225	1701150	1763	1297	1800818	1763	1369	1900550	1763	1441	2000212	1763	1500	2081815	1763	1514	2101205	1763	1586	2200838	1763	1658	2300383	1763	1731	2401011	1702	1803	2500821	1702	
75	100335	2765	147	201231	2447	218	300996	2216	288	400683	2216	359	501305	2216	430	601395	2152	500	700568	2115	500	700663	2115	571	800549	2073	642	900495	2073	714	1001466	2073	785	1101472	2052	855	1200665	2001	926	1300920	2001	997	1401431	2001	1000	1405784	2001	1067	1501214	2001	1137	1600115	2001	1208	1700181	2001	1279	1800703	2001	1350	1901111	1987	1420	2000325	1987	1491	2100391	1966	1500	2113086	1966	1562	2201225	1881	1632	2300417	1864	1703	2401190	1864	1773	2500212	1856	
76	100306	2334	147	200582	2179	218	300827	2179	289	401279	2127	360	500746	1966	431	600223	1966	500	696934	1966	503	701178	1966	574	800392	1966	646	901106	1881	717	1000530	1807	789	1101384	1807	860	1200361	1740	932	1301085	1719	1000	1395867	1609	1003	1400168	1609	1075	1500944	1573	1146	1600827	1573	1218	1701460	1558	1289	1800323	1526	1360	1900983	1526	1432	2001255	1526	1500	2095886	1526	1503	2100192	1526	1575	2200109	1526	1647	2300553	1526	1719	2400747	1526	1791	2500689	1526	
75	101370	3070	146	201031	2889	217	300847	2811	288	400966	2811	359	500363	2430	431	601299	2218	500	699072	2218	501	700563	2218	572	800284	2218	643	900387	2218	709	1000841	2218	780	1100588	2218	851	1200803	2218	922	1300509	2218	993	1400359	2218	1000	1410253	2218	1064	1500113	2151	1135	1600280	2112	1206	1700188	2026	1278	1800804	2020	1350	1901202	1978	1421	2000915	1978	1492	2101328	1978	1500	2112741	1978	1562	2200279	1978	1634	2300817	1937	1706	2401235	1879	1777	2500768	1879	
74	101097	2405	146	200116	2004	219	301327	1923	291	401322	1895	362	500213	1812	434	600640	1812	500	693286	1785	505	700334	1785	576	800109	1785	648	901257	1785	719	1000128	1785	791	1101238	1785	862	1200803	1785	934	1301505	1785	1000	1394705	1785	1004	1400366	1785	1076	1500970	1785	1148	1601314	1785	1219	1701105	1785	1290	1800588	1785	1362	1901448	1785	1433	2000795	1785	1500	2094176	1785	1505	2101265	1785	1576	2200261	1785	1648	2300941	1779	1719	2400137	1505	1791	2500277	1429	
78	100782	1816	150	200390	1466	222	300832	1435	294	401034	1360	365	500408	1360	437	601402	1312	500	689335	1271	508	700624	1271	580	800816	1217	651	900791	1217	722	1000118	1217	794	1100473	1180	866	1200950	1180	937	1300579	1180	1000	1388982	1180	1008	1400245	1134	1080	1500629	1134	1152	1601452	1134	1223	1700908	1134	1294	1800845	1134	1365	1900181	1134	1437	2001321	1134	1500	2089693	1134	1507	2100185	1134	1577	2200958	1134	1648	2300511	1134	1720	2401378	1134	1791	2501247	1134	
75	100527	2787	146	200618	2514	217	300430	2341	288	400388	2308	359	500210	2284	430	600433	2206	500	700182	2150	500	700276	2150	570	800414	2092	640	900372	2092	710	1001149	2064	780	1101323	2064	849	1201048	1963	919	1301434	1963	989	1400748	1963	1000	1416438	1963	1059	1500221	1963	1130	1600734	1963	1200	1700385	1963	1271	1800961	1963	1341	1901013	1938	1411	2000938	1938	1482	2101415	1938	1500	2126955	1938	1552	2200630	1925	1622	2300143	1903	1693	2400370	1868	1764	2501140	1867	
74	100726	3117	149	201109	1411	219	300735	1396	290	400653	1322	362	500806	1322	434	600986	1265	500	693370	1236	505	700389	1236	577	800972	1192	649	901294	1192	721	1001379	1172	793	1101412	1131	864	1200267	1094	936	1301244	1094	1000	1390941	1094	1007	1400822	1094	1078	1500363	1094	1149	1600280	1094	1221	1701472	1094	1292	1800632	1054	1364	1900997	1054	1435	2000292	1054	1500	2090653	1054	1507	2100448	1054	1579	2200964	1054	1651	2301361	1054	1723	2401199	1054	1794	2500152	1054	
78	101171	2256	152	201152	1445	225	300787	1159	298	400937	1097	370	500234	1097	443	600146	1045	500	678384	1045	516	700346	1045	589	800853	1045	662	901344	1045	734	1000412	1045	807	1100854	1045	880	1201256	1045	952	1300551	1045	1000	1366614	1045	1025	1401219	1045	1097	1500158	1045	1170	1600584	1045	1243	1700933	1045	1316	1801020	1045	1389	1901159	1045	1462	2001368	1045	1500	2053730	1045	1534	2100477	1045	1607	2201087	1045	1680	2301323	1045	1751	2400908	1023	1823	2500655	1023	
72	100217	4893	144	200145	4674	219	300461	2540	292	401018	1787	364	500432	1383	436	600168	1368	500	689101	1368	508	700327	1368	580	800893	1333	652	901085	1219	724	1001218	1204	796	1101355	1180	868	1201466	1151	939	1300383	1151	1000	1385347	1151	1011	1400800	1151	1081	1500412	1151	1153	1601469	1151	1224	1700405	1151	1296	1800792	1151	1368	1901006	1151	1439	2000512	1151	1500	2085561	1151	1511	2101250	1151	1582	2200194	1151	1654	2300293	1151	1726	2400325	1151	1798	2500640	1151	
74	100944	4923	149	201055	3453	225	301387	1803	297	400141	1636	370	500558	1537	441	600178	1442	500	680902	1442	514	700118	1442	587	800123	1411	661	901289	1369	734	1001396	1369	807	1101453	1369	879	1200276	1336	952	1300813	1336	1000	1366666	1336	1025	1401428	1336	1097	1500762	1308	1170	1601095	1275	1243	1701155	1275	1315	1800164	1275	1388	1900344	1275	1461	2000632	1275	1500	2054263	1275	1534	2100959	1275	1607	2201399	1275	1680	2301337	1275	1753	2401285	1275	1825	2500111	1275	
80	101040	2001	155	200368	1353	230	301108	1310	304	400216	1288	379	500398	1288	453	600385	1245	500	663936	1245	527	700372	1245	601	800319	1245	675	900402	1182	750	1000828	1053	824	1100402	1034	898	1200157	1034	973	1301084	1034	1000	1337540	1034	1047	1400625	1013	1121	1500209	1013	1196	1600872	1013	1271	1701342	1013	1345	1800651	1013	1419	1900237	1013	1494	2000894	1013	1500	2008988	1013	1568	2100344	1013	1642	2200118	1013	1717	2301196	1013	1791	2400362	1013	1866	2501258	1013	
74	100521	3396	149	200354	1447	221	300275	1237	293	400708	1106	365	501438	1106	436	601255	1106	500	690998	1106	507	700898	1106	578	800357	1106	649	900103	1078	721	1000647	1054	793	1101346	1054	864	1200816	1054	935	1300132	1036	1000	1390946	1036	1007	1400782	1036	1079	1501387	1011	1150	1600680	1011	1222	1701343	1011	1292	1800724	1011	1364	1901343	1011	1435	2000315	1011	1500	2090997	1011	1507	2100937	1011	1578	2200156	1011	1650	2300780	1011	1721	2400784	1011	1793	2501313	1011	
76	100220	4609	156	200739	2008	232	300819	1488	308	401177	1361	383	500771	1298	458	600458	1298	500	656374	1298	533	700296	1298	608	800230	1298	682	900549	1244	757	1000726	1241	832	1101049	1173	907	1201040	1164	982	1300852	1128	1000	1324957	1128	1057	1400619	1128	1132	1500501	1128	1207	1600264	1128	1283	1701119	1128	1358	1800973	1128	1433	1900799	1128	1500	1990277	1128	1508	2001035	1128	1583	2100691	1128	1658	2200841	1128	1733	2300583	1088	1808	2400334	1088	1883	2500831	1088	
72	100860	4636	146	200710	3044	219	300404	1767	291	400791	1496	363	501112	1496	435	601266	1496	500	691788	1477	506	700289	1477	578	800808	1477	649	900093	1430	721	1001044	1393	792	1100385	1367	864	1201263	1207	935	1300654	1207	1000	1391871	1173	1006	1400478	1173	1077	1500832	1173	1148	1601149	1173	1219	1700626	1173	1291	1801414	1173	1362	1900842	1173	1433	2000270	1150	1500	2094522	1150	1504	2100272	1150	1576	2201465	1150	1647	2301041	1099	1718	2400447	1099	1790	2501240	1099	
75	100822	2919	149	201166	1357	220	300648	1299	292	401271	1299	363	500222	1299	435	600859	1299	500	692345	1299	506	700839	1299	577	800492	1299	648	900328	1267	720	1000948	1267	791	1100218	1267	862	1200305	1267	934	1301210	1267	1000	1394189	1267	1005	1401332	1267	1076	1501070	1267	1147	1600558	1267	1218	1700288	1267	1290	1801183	1267	1361	1900791	1267	1432	2000236	1267	1500	2097584	1267	1502	2100571	1267	1573	2200148	1267	1645	2301074	1267	1716	2400978	1267	1787	2500378	1267	
77	101343	3674	154	201040	1583	229	301369	1471	303	400486	1471	378	500860	1444	452	600817	1401	500	665618	1374	526	700524	1374	601	800922	1347	675	900169	1347	750	1000772	1347	825	1101392	1275	894	1200850	1275	968	1301128	1275	1000	1344087	1275	1042	1400853	1275	1116	1500139	1275	1191	1600635	1275	1266	1701252	1275	1340	1800381	1275	1415	1901045	1275	1490	2001337	1275	1500	2014876	1275	1564	2100396	1275	1639	2201322	1188	1712	2300093	1155	1787	2400762	1155	1861	2500243	1155	
16	104424	25314	31	202450	25314	45	301727	25314	61	406811	25314	76	504915	25314	91	602830	25314	106	701020	25314	122	805705	25314	137	904039	25314	152	1001724	25314	168	1106214	25314	183	1204080	25314	198	1302654	25314	214	1406943	25314	229	1504767	25314	244	1602679	25314	259	1700984	25314	275	1805734	25314	290	1903725	25314	305	2001464	25314	321	2105827	25314	336	2203652	25314	351	2301613	25314	367	2406135	25314	382	2503997	25036	
16	105301	25248	30	201812	25248	45	306480	25248	59	404166	25248	73	502505	25248	88	606537	25059	102	706335	25059	116	805006	24841	130	902894	24841	145	1003123	24309	160	1102096	24309	175	1200635	24047	191	1306827	24047	206	1404995	24047	221	1505996	23551	236	1604127	23551	251	1702325	23551	267	1806989	23551	282	1904733	23551	297	2002448	23110	312	2106598	22896	326	2204445	22896	340	2304961	22896	354	2403669	22896	368	2502164	22896	
16	104323	24614	31	201957	24614	46	300593	24614	62	404230	24614	77	501988	24614	93	606245	24614	108	703806	24614	123	801877	24614	138	901105	24614	154	1005647	24614	169	1103460	24614	184	1201018	24614	199	1301473	24614	215	1405522	24614	230	1503355	24614	245	1601467	24614	261	1705468	24614	276	1803594	24614	291	1901524	24614	307	2005827	24614	322	2103729	24614	337	2201237	24614	353	2305582	24614	368	2403077	24614	383	2501219	24614	
16	103428	25212	32	206777	25212	47	305948	25212	62	402991	25212	78	506556	25212	93	603387	25212	109	706886	25212	124	804514	25212	139	901669	25212	155	1005435	25212	170	1102433	25212	186	1205862	25212	201	1302602	25212	217	1406537	25212	232	1503213	25212	248	1606524	25212	263	1703540	25212	279	1806894	25212	294	1904093	25212	309	2001360	25212	325	2104861	25212	340	2201701	25212	356	2305456	25212	371	2402500	25212	387	2506030	25212	
16	104425	25681	31	202671	25681	46	301101	25681	62	405699	25681	77	503794	25681	92	602006	25681	107	700567	25681	123	804699	25407	138	902225	25407	154	1006003	25137	169	1104125	25137	184	1201601	25137	200	1305586	25137	215	1403380	25137	230	1500864	25137	246	1605083	25137	261	1702841	25137	276	1800723	25137	292	1904918	25137	307	2002603	25137	323	2106924	24907	338	2204509	24907	353	2304419	24907	368	2403259	24907	383	2501003	24907	
16	104663	25250	31	202332	24985	47	306190	24985	62	403017	24786	78	506671	24786	93	605062	24589	108	702113	24077	124	805682	23407	139	903064	23407	155	1006013	23232	170	1102903	23232	186	1206028	23232	201	1304682	23232	216	1401928	23232	232	1505060	23232	247	1602105	23232	263	1705414	23232	278	1801994	23232	294	1904987	23232	309	2001997	23232	325	2105250	23232	340	2202320	23232	356	2305481	23232	371	2402274	23232	387	2505784	23232	
16	103603	25643	31	200819	25643	47	305873	25643	62	403910	25415	77	501563	25415	93	605157	25173	108	702319	25173	124	806203	25173	139	902998	25173	155	1006342	25173	170	1103557	25173	185	1200589	25173	201	1304355	25173	216	1401642	25173	232	1505107	25173	247	1602494	25173	263	1706161	25173	278	1803399	25173	294	1906463	25173	309	2003225	25173	324	2100499	25173	340	2204344	25173	355	2301330	25173	371	2405344	25173	386	2502612	25173	
16	103553	25425	32	206726	25425	47	303449	25425	63	406831	25425	78	503529	25425	94	606630	25425	109	703511	25425	125	806705	25425	140	903655	25425	155	1000779	25425	171	1104395	25425	186	1201090	25425	202	1304189	25425	217	1401005	25425	233	1504442	25425	248	1601071	25425	264	1704081	25425	279	1800893	25425	295	1904525	25425	310	2001243	25425	326	2104433	25425	341	2201165	25425	357	2304559	25425	372	2404267	25425	387	2501448	25425	
16	104737	25531	31	202627	25531	46	301739	25363	62	406115	25068	77	503992	25068	92	601849	25068	108	706543	25068	123	804828	24819	138	902415	24082	154	1007053	23582	169	1105781	23582	184	1204142	23368	199	1302998	23129	214	1403663	23129	229	1502333	22869	245	1607078	22869	260	1705841	22869	275	1804270	22869	290	1902545	22869	305	2001724	22869	321	2106769	22869	336	2205318	22869	351	2304163	22869	366	2402898	22869	381	2501512	22869	
16	104490	26332	31	202608	26332	46	301096	26332	61	400835	26332	77	506269	26332	92	604082	26332	107	701756	26332	123	806265	26332	138	903810	26332	153	1001528	26332	169	1105872	26332	184	1203617	26332	199	1301076	26332	215	1405362	26332	230	1503085	26332	245	1601079	26332	261	1705728	26332	276	1803529	26332	291	1901264	26332	307	2005553	26332	322	2103536	26332	337	2201361	26332	353	2305929	26332	368	2403850	26332	383	2501778	26332	
16	102647	25565	32	205619	25565	47	301987	25565	63	404545	25565	78	500684	25565	94	603385	25565	110	705899	25565	125	801928	25565	141	904487	25565	156	1000585	25565	172	1102998	25565	188	1205401	25565	203	1301163	25565	219	1403692	25565	235	1506086	25565	250	1602362	25565	266	1704818	25565	281	1801017	25565	297	1903358	25565	313	2005439	25565	328	2101941	25565	344	2204861	25565	359	2300650	25565	375	2402965	25565	390	2501375	25565	
16	100700	25100	32	200850	25100	48	300784	25100	64	400666	25100	80	500529	25100	96	600488	25100	112	700578	25100	128	801012	25100	144	901347	25100	160	1001185	25100	176	1101524	25100	192	1201880	25100	208	1301691	25100	224	1401683	25100	240	1503667	25100	256	1603746	25100	272	1704692	25100	288	1805083	25100	304	1905041	25100	320	2005680	25100	336	2106079	25100	352	2205755	25100	368	2305684	25100	384	2405666	25100	400	2505390	25100	
16	103304	25298	32	206231	25298	47	303058	25298	63	405653	25298	78	503131	25298	93	602178	25298	109	705575	25298	124	802164	25298	140	905112	25298	155	1001751	25298	171	1104865	25298	186	1201436	25298	202	1304376	25298	217	1400986	25298	233	1504377	25298	248	1600715	25298	264	1703899	25298	280	1806785	25298	295	1903754	25298	310	2001045	25298	326	2104202	25298	341	2200504	25298	357	2303451	25298	373	2406117	25298	388	2502617	25298	
16	102501	25129	32	204714	25129	48	306558	25129	63	402278	25129	79	504345	25129	95	606465	25129	110	702383	25129	126	804467	25129	142	906638	25129	157	1002097	25129	173	1104232	25129	189	1206049	25129	204	1301646	25129	220	1403362	25129	236	1505304	25129	251	1601162	25129	267	1703260	25129	283	1805806	25129	298	1901650	25129	314	2003820	25129	330	2105889	25129	345	2201588	25129	361	2303390	25129	377	2405253	25129	392	2500910	25129	
16	101643	25094	32	202935	25094	48	303807	25094	64	404612	25094	80	505909	25094	95	600770	25094	111	701791	25094	127	803575	25094	143	904617	25094	159	1005764	25094	174	1100768	25094	190	1201986	25094	206	1303113	25094	222	1404749	25094	237	1501377	25094	253	1604948	25094	268	1700474	25094	284	1801979	25094	300	1903650	25094	316	2004993	25094	332	2106088	25094	347	2200935	25094	363	2302075	25094	379	2403344	25094	395	2504414	25094	
16	101119	25616	32	202397	25616	48	303795	25616	64	404929	25616	80	505868	25616	95	602788	25616	111	705591	25616	126	800932	25616	142	901996	25616	158	1003641	25616	174	1105314	25616	190	1206763	25616	205	1301408	25616	221	1402654	25616	237	1503953	25616	253	1605661	25616	268	1700790	25616	284	1802691	25616	300	1903731	25616	316	2004913	25616	332	2106227	25616	347	2201141	25616	363	2302383	25616	379	2403803	25616	395	2505115	25616	
16	103107	25347	32	206148	25347	47	302868	25347	63	405665	25347	78	502062	25347	94	605134	25347	109	702173	25347	125	805015	25347	140	901442	25347	156	1004317	25347	171	1101123	25347	187	1203801	25347	202	1300757	25347	218	1404209	25347	233	1501007	25347	249	1604512	25347	264	1701452	25347	280	1804603	25347	295	1901194	25347	311	2003991	25347	326	2100935	25347	342	2204173	25347	357	2300719	25347	373	2403872	25347	389	2506616	25347	
16	102240	25118	32	204478	25118	48	306721	25118	63	402513	25118	79	504800	25118	94	600490	25118	110	702892	25118	126	804836	25118	141	900855	25118	157	1002834	25118	173	1104682	25118	188	1201515	25118	204	1303498	25118	220	1405516	25118	235	1501308	25118	251	1603785	25118	266	1701629	25118	282	1803838	25118	298	1905674	25118	313	2001464	25118	329	2103344	25118	345	2205186	25118	360	2300609	25118	376	2402883	25118	392	2504914	25118	
16	100855	25350	32	201618	25350	48	302421	25350	64	403090	25350	80	503790	25350	96	604247	25350	112	707016	25350	127	802777	25350	143	903740	25350	159	1004204	25350	175	1104780	25350	191	1205497	25350	207	1305604	25350	223	1406681	25350	238	1501217	25350	254	1601782	25350	270	1702378	25350	286	1803257	25350	302	1904024	25350	318	2004837	25350	334	2105840	25350	350	2206366	25350	365	2301200	25350	381	2402146	25350	397	2503127	25350	
16	101470	25265	32	202952	25265	48	304590	25265	64	406138	25265	79	501420	25265	95	602953	25265	111	704306	25265	127	805334	25265	143	906784	25265	158	1001491	25265	174	1103137	25265	190	1204239	25265	206	1306063	25265	221	1401574	25265	237	1503317	25265	253	1604611	25265	269	1706156	25265	284	1801229	25265	300	1902568	25265	316	2003756	25265	332	2105486	25265	348	2206751	25265	363	2301723	25265	379	2403288	25265	395	2504482	25265	
242	100328	78	483	200212	78	500	207323	78	725	300135	77	966	400100	77	1000	414072	77	1209	500028	77	1452	600146	77	1500	619999	77	1695	700095	77	1938	800272	69	2000	826005	69	2180	900205	69	2420	1000170	73	2500	1033288	73	2662	1100142	73	2904	1200253	66	3000	1240358	66	3145	1300432	66	3385	1400060	66	3500	1447602	66	3627	1500384	65	3868	1600146	65	4000	1655684	65	4106	1700259	65	4343	1800090	65	4500	1865546	65	4584	1900386	65	4825	2000208	65	5000	2072507	56	5067	2100211	56	5308	2200117	56	5500	2279487	56	5550	2300280	56	5792	2400311	56	6000	2486419	56	6033	2500175	56	
234	100044	72	468	200380	65	500	214032	65	703	300300	65	939	400247	65	1000	426092	65	1175	500232	63	1411	600306	63	1500	638005	63	1647	700179	63	1883	800122	63	2000	849798	63	2115	900482	63	2350	1000356	63	2500	1063803	63	2586	1100144	63	2822	1200297	63	3000	1275607	63	3058	1300111	63	3294	1400288	63	3500	1488076	63	3528	1500097	63	3765	1600334	63	4000	1699696	63	4001	1700137	63	4238	1800380	63	4474	1900354	63	4500	1911337	63	4710	2000343	63	4946	2100115	63	5000	2123020	63	5181	2200019	63	5418	2300116	63	5500	2334877	63	5654	2400122	63	5890	2500078	63	
239	100248	63	481	200030	63	500	207861	63	724	300031	63	965	400097	63	1000	414564	63	1207	500102	63	1451	600399	63	1500	620537	63	1692	700355	63	1934	800052	63	2000	827109	63	2178	900137	63	2421	1000070	59	2500	1032667	59	2664	1100312	59	2905	1200037	59	3000	1239074	59	3148	1300188	59	3389	1400409	52	3500	1446033	52	3631	1500025	52	3874	1600166	52	4000	1652053	52	4117	1700257	52	4360	1800088	52	4500	1857870	52	4603	1900401	52	4846	2000159	52	5000	2063453	52	5089	2100195	52	5331	2200173	52	5500	2270010	52	5573	2300091	52	5816	2400305	52	6000	2475812	52	6059	2500199	52	
245	100368	75	488	200121	67	500	205112	67	732	300372	67	975	400132	67	1000	410350	67	1219	500336	67	1463	600357	67	1500	615618	67	1706	700240	67	1950	800333	67	2000	820813	67	2193	900366	67	2435	1000192	67	2500	1026839	67	2679	1100109	67	2922	1200273	67	3000	1232228	67	3166	1300254	67	3410	1400287	67	3500	1437441	67	3653	1500170	67	3897	1600225	67	4000	1642543	67	4141	1700430	67	4383	1800093	67	4500	1848344	67	4626	1900173	67	4870	2000350	67	5000	2054173	67	5112	2100196	67	5350	2200115	67	5500	2261556	67	5593	2300170	67	5837	2400422	67	6000	2467169	67	6081	2500432	67	
230	100424	76	459	200445	66	500	218457	66	686	300140	66	915	400209	66	1000	437258	66	1143	500036	67	1371	600167	67	1500	656547	67	1599	700177	67	1827	800440	67	2000	876634	67	2054	900318	67	2282	1000398	67	2500	1095980	67	2510	1100377	67	2737	1200153	67	2959	1300264	67	3000	1318556	67	3186	1400126	67	3413	1500065	67	3500	1538044	67	3642	1600297	67	3869	1700029	67	4000	1757550	67	4097	1800143	67	4325	1900063	67	4500	1976811	67	4553	2000058	67	4781	2100152	67	5000	2196815	67	5008	2200324	67	5237	2300392	67	5465	2400198	67	5500	2415477	67	5693	2500319	67	
263	100397	88	500	191424	75	523	200295	75	782	300044	69	1000	386703	68	1035	400399	68	1294	500225	68	1500	579542	68	1554	600259	68	1814	700345	68	2000	772186	68	2073	800220	68	2333	900357	68	2500	964461	68	2593	1000289	68	2853	1100388	68	3000	1156998	68	3111	1200080	68	3370	1300085	65	3500	1350359	65	3630	1400363	65	3888	1500187	65	4000	1543437	65	4148	1600331	65	4407	1700231	65	4500	1735961	65	4666	1800141	65	4926	1900348	65	5000	1929063	65	5184	2000245	65	5443	2100284	65	5500	2122291	65	5702	2200103	65	5961	2300232	65	6000	2315301	65	6219	2400162	65	6478	2500075	65	
230	100376	67	458	200326	67	500	218719	67	685	300064	67	912	400180	67	1000	438884	67	1139	500195	67	1368	600443	67	1500	658289	67	1596	700313	67	1823	800059	67	2000	877757	63	2049	900130	63	2277	1000066	63	2500	1097876	63	2505	1100086	63	2732	1200105	63	2960	1300189	63	3000	1317716	63	3187	1400065	63	3415	1500252	60	3500	1537357	60	3644	1600330	60	3872	1700337	56	4000	1756368	56	4100	1800253	56	4328	1900104	56	4500	1975643	56	4554	2000043	56	4782	2100044	56	5000	2195500	56	5011	2200362	56	5239	2300108	56	5467	2400022	56	5500	2414592	56	5689	2500291	56	
249	100028	60	496	200054	60	500	201698	60	744	300276	60	992	400155	60	1000	403394	60	1240	500292	60	1487	600115	60	1500	605382	60	1735	700180	60	1984	800374	60	2000	806839	60	2232	900388	60	2479	1000276	60	2500	1008769	60	2727	1100305	60	2973	1200023	60	3000	1211057	60	3220	1300185	60	3469	1400345	57	3500	1412806	57	3716	1500222	57	3959	1600298	57	4000	1617068	57	4206	1700159	57	4453	1800129	57	4500	1818988	57	4702	1900173	57	4950	2000419	57	5000	2020722	57	5196	2100091	57	5444	2200211	57	5500	2222947	57	5692	2300392	57	5938	2400036	57	6000	2425136	57	6186	2500246	57	
236	100182	82	471	200159	73	500	212646	73	705	300189	73	939	400053	73	1000	426045	73	1174	500244	72	1410	600312	72	1500	639168	72	1639	700310	72	1873	800370	72	2000	854406	72	2108	900352	72	2342	1000047	69	2500	1067124	69	2577	1100141	69	2811	1200196	67	3000	1280796	67	3045	1300316	67	3280	1400236	67	3500	1493948	67	3515	1500395	67	3749	1600407	67	3983	1700212	67	4000	1707425	67	4217	1800097	67	4451	1900131	67	4500	1921008	67	4685	2000312	68	4920	2100411	68	5000	2134502	68	5154	2200055	68	5390	2300253	68	5500	2347213	68	5624	2400138	68	5860	2500392	68	
235	100146	59	471	200322	59	500	212631	59	706	300241	59	941	400070	59	1000	425062	59	1177	500155	56	1413	600060	56	1500	636849	56	1650	700352	56	1887	800440	56	2000	848311	56	2120	900327	56	2355	1000190	56	2500	1061621	56	2591	1100168	56	2826	1200176	56	3000	1273828	56	3062	1300355	56	3297	1400150	56	3500	1486094	56	3533	1500039	56	3770	1600150	52	4000	1697698	52	4006	1700264	52	4242	1800176	52	4478	1900343	52	4500	1909650	52	4714	2000051	52	4950	2100147	52	5000	2121402	52	5186	2200148	52	5422	2300281	52	5500	2333454	52	5657	2400298	52	5892	2500080	52	
281	100212	53	500	178163	50	561	200084	50	841	300047	50	1000	356528	50	1122	400082	50	1403	500210	50	1500	534729	50	1684	600105	50	1966	700298	50	2000	712535	50	2245	800105	50	2500	890985	50	2526	900264	50	2805	1000131	50	3000	1069627	50	3086	1100209	50	3366	1200321	50	3500	1247925	50	3646	1300088	50	3928	1400299	50	4000	1425989	50	4208	1500143	50	4487	1600091	50	4500	1605007	50	4764	1700015	50	5000	1784505	50	5044	1800197	50	5324	1900137	50	5500	1964822	50	5599	2000211	50	5879	2100078	50	6000	2143384	50	6159	2200097	50	6440	2300295	50	6500	2321679	50	6720	2400230	50	7000	2500144	50	7000	2500164	50	
252	100322	82	500	198951	60	503	200179	60	752	300160	59	1000	399809	59	1001	400237	59	1251	500202	59	1500	599762	59	1501	600177	59	1751	700018	59	2000	799810	59	2001	800233	59	2251	900268	59	2500	1000209	59	2500	1000231	59	2742	1100061	59	2990	1200307	59	3000	1204324	59	3238	1300185	59	3488	1400336	59	3500	1405136	59	3737	1500129	52	3987	1600118	52	4000	1605348	52	4237	1700190	52	4487	1800118	52	4500	1805367	52	4737	1900281	52	4987	2000367	52	5000	2005624	52	5236	2100067	52	5486	2200368	52	5500	2206008	52	5735	2300244	52	5984	2400034	52	6000	2406462	52	6234	2500321	52	
259	100179	60	500	196103	50	511	200403	50	770	300179	47	1000	388771	47	1030	400354	47	1289	500134	47	1500	581674	47	1548	600264	47	1806	700151	47	2000	775788	47	2064	800387	47	2320	900358	47	2500	970111	46	2578	1000180	46	2837	1100066	46	3000	1163306	46	3096	1200294	46	3354	1300118	46	3500	1356854	46	3611	1400051	46	3871	1500395	46	4000	1550214	46	4129	1600109	46	4389	1700044	44	4500	1742736	44	4649	1800045	44	4909	1900038	44	5000	1935079	44	5169	2000081	44	5429	2100341	44	5500	2127719	44	5688	2200291	44	5947	2300339	44	6000	2320910	44	6206	2400278	44	6465	2500400	44	
272	100284	58	500	184138	58	544	200344	58	815	300049	57	1000	368015	57	1087	400024	57	1360	500370	57	1500	551714	57	1632	600179	57	1904	700279	57	2000	735620	57	2176	800280	57	2448	900080	55	2500	919714	55	2718	1000207	55	2990	1100309	55	3000	1103990	55	3261	1200208	55	3500	1288510	55	3531	1300073	55	3803	1400361	55	4000	1473030	55	4074	1500300	55	4345	1600036	55	4500	1657042	55	4617	1700117	55	4889	1800185	55	5000	1841036	53	5160	1900023	53	5430	2000305	53	5500	2026168	53	5701	2100235	53	5971	2200021	53	6000	2210746	53	6237	2300081	53	6500	2397061	53	6508	2400018	53	6780	2500085	53	
245	100291	66	487	200337	66	500	205758	66	727	300275	66	968	400066	59	1000	413422	59	1210	500300	59	1450	600306	59	1500	621028	59	1691	700021	59	1934	800309	59	2000	827598	59	2174	900076	58	2413	1000315	58	2500	1036198	58	2655	1100088	58	2895	1200413	58	3000	1243834	58	3135	1300094	58	3371	1400059	58	3500	1453959	58	3611	1500173	58	3852	1600393	58	4000	1662061	58	4092	1700393	58	4331	1800264	58	4500	1870733	58	4571	1900446	58	4810	2000050	58	5000	2079135	58	5051	2100324	58	5289	2200059	58	5500	2287866	58	5530	2300395	58	5770	2400451	58	6000	2496139	56	6010	2500363	56	
270	100245	61	500	185514	61	540	200284	61	809	300077	56	1000	370827	56	1079	400034	56	1343	500165	56	1500	558332	56	1613	600164	56	1882	700194	53	2000	743984	53	2151	800149	53	2418	900313	51	2500	930697	51	2687	1000211	51	2957	1100270	51	3000	1116435	51	3226	1200232	51	3495	1300144	51	3500	1302002	51	3765	1400215	48	4000	1487230	48	4035	1500209	48	4305	1600072	48	4500	1672071	46	4576	1700291	46	4845	1800314	46	5000	1857746	46	5114	1900070	46	5383	2000061	46	5500	2043593	46	5653	2100317	46	5922	2200353	46	6000	2229335	46	6191	2300244	46	6461	2400160	46	6500	2414589	46	6731	2500180	46	
261	100136	57	500	191409	57	523	200201	57	783	300022	57	1000	383006	57	1045	400093	57	1307	500376	57	1500	574230	57	1567	600104	57	1828	700026	57	2000	765993	57	2089	800116	57	2350	900292	54	2500	957565	54	2612	1000216	54	2874	1100246	54	3000	1148746	54	3134	1200113	54	3395	1300169	54	3500	1340155	54	3657	1400033	54	3919	1500174	54	4000	1531221	54	4181	1600219	51	4444	1700308	51	4500	1721685	51	4705	1800083	51	4968	1900292	51	5000	1912459	51	5229	2000270	51	5490	2100162	51	5500	2104132	51	5752	2200134	51	6000	2294752	51	6014	2300079	51	6277	2400177	51	6500	2485327	51	6539	2500289	51	
247	100291	75	494	200083	65	500	202493	65	743	300177	61	992	400153	61	1000	403352	61	1241	500035	59	1491	600235	59	1500	603847	59	1740	700126	59	1990	800266	59	2000	804285	59	2239	900236	59	2489	1000374	59	2500	1004809	59	2738	1100256	59	2986	1200156	59	3000	1205797	59	3235	1300286	59	3484	1400034	59	3500	1406463	59	3734	1500410	59	3982	1600023	56	4000	1607227	56	4227	1700245	56	4474	1800402	56	4500	1810913	56	4722	1900367	56	4970	2000108	56	5000	2012123	56	5219	2100267	56	5467	2200025	56	5500	2213355	56	5716	2300291	56	5964	2400347	56	6000	2414811	56	6213	2500406	52	
270	100259	52	500	185855	52	539	200288	52	807	300073	50	1000	371660	49	1077	400207	49	1346	500306	49	1500	557328	49	1615	600138	49	1884	700079	49	2000	743393	49	2149	800360	49	2410	900197	49	2500	933862	49	2679	1000357	49	2946	1100364	49	3000	1120580	49	3214	1200166	49	3481	1300280	49	3500	1307327	49	3750	1400212	49	4000	1493587	49	4017	1500031	49	4287	1600185	49	4500	1679336	49	4556	1700161	49	4825	1800329	49	5000	1865319	49	5094	1900118	49	5363	2000025	49	5500	2051214	49	5631	2100066	49	5901	2200203	49	6000	2236955	49	6169	2300104	49	6438	2400102	49	6500	2423180	49	6706	2500085	49	
245	100220	87	489	200093	87	500	204633	87	731	300028	73	973	400132	72	1000	411294	72	1216	500425	72	1458	600240	72	1500	617721	72	1700	700392	71	1941	800025	71	2000	824384	71	2183	900301	66	2425	1000367	65	2500	1031356	65	2666	1100185	65	2908	1200370	65	3000	1238725	65	3149	1300211	65	3391	1400053	65	3500	1445104	65	3633	1500038	65	3875	1600401	62	4000	1652107	61	4116	1700159	61	4358	1800222	61	4500	1858825	61	4600	1900429	61	4841	2000105	61	5000	2065681	61	5083	2100168	61	5325	2200356	61	5500	2272873	61	5566	2300182	61	5808	2400344	61	6000	2479740	61	6049	2500049	61	
89	100265	337	178	200145	337	267	300254	337	356	400425	337	445	500438	337	500	562471	337	534	600943	337	623	700793	337	712	800794	337	801	900769	337	890	1000806	337	978	1100198	337	1000	1124930	337	1068	1201147	337	1156	1300486	337	1245	1400247	337	1334	1500215	337	1424	1601122	337	1500	1686395	337	1513	1700969	337	1602	1800777	337	1691	1901006	337	1779	2001190	337	1866	2100908	337	1955	2200960	337	2000	2251734	337	2043	2300221	337	2133	2401107	337	2222	2500773	337	
77	100272	351	155	201319	351	232	300867	351	309	400185	351	387	501151	351	464	601124	351	500	647768	351	541	701101	351	617	800391	351	694	900272	351	772	1000775	351	849	1101438	351	924	1200389	351	1000	1298880	351	1001	1300257	351	1079	1401337	351	1156	1500904	351	1233	1600500	351	1311	1701206	351	1388	1800956	351	1465	1901096	351	1500	1946628	351	1542	2001143	351	1619	2100825	351	1696	2200751	351	1773	2300467	351	1850	2400084	351	1928	2500855	351	
80	100814	339	159	200143	339	237	300287	339	317	400403	339	397	500807	339	477	600981	339	500	629946	339	556	700722	339	636	801005	339	716	901270	339	795	1000351	339	875	1101274	339	954	1200580	339	1000	1258364	339	1034	1301073	339	1113	1400546	339	1193	1500995	339	1272	1600270	339	1352	1700904	339	1431	1800311	339	1500	1887005	339	1511	1900871	339	1591	2001331	339	1670	2100719	339	1750	2201214	339	1829	2300481	339	1909	2400833	339	1988	2500625	339	
86	100167	325	172	200316	325	258	300569	325	344	400322	325	430	500246	325	500	581663	325	516	600302	325	602	700344	325	688	800288	325	774	900239	325	861	1001139	325	946	1100101	325	1000	1163191	325	1032	1201010	325	1118	1300785	325	1204	1400922	325	1290	1500647	325	1376	1600630	325	1462	1700982	325	1500	1745053	325	1548	1800674	325	1634	1900995	325	1720	2000823	325	1806	2100645	325	1892	2200816	325	1978	2300604	325	2000	2327875	325	2062	2400699	325	2148	2500334	325	
85	101124	355	169	201077	355	253	301200	355	337	400980	355	421	501250	355	500	595343	355	504	600186	355	589	701188	355	671	800154	355	756	901180	355	840	1001100	355	923	1100434	355	1000	1192288	355	1007	1200710	355	1091	1300937	355	1174	1400185	355	1257	1501253	355	1341	1600932	355	1425	1700597	355	1500	1789919	355	1509	1800682	355	1593	1900857	355	1677	2000735	355	1761	2100607	355	1845	2200719	355	1929	2300330	355	2000	2384665	355	2013	2400259	355	2098	2501196	355	
80	101065	339	159	201331	339	238	301249	339	316	400416	339	395	500687	339	473	601093	339	500	635427	339	552	701252	339	630	800209	339	709	900509	339	788	1001031	339	866	1100149	339	945	1200636	339	1000	1270171	339	1024	1300611	339	1103	1400946	339	1182	1500812	339	1261	1600895	339	1340	1701295	339	1418	1800987	339	1497	1900997	339	1500	1904856	339	1575	2000172	339	1654	2100255	339	1733	2200145	339	1812	2300401	339	1891	2400677	339	1970	2501135	339	
87	100897	385	173	200273	385	260	300617	385	347	400990	385	433	500308	385	500	577963	385	520	601171	385	606	700674	385	692	800095	385	779	900614	385	865	1000312	385	952	1100722	385	1000	1156426	385	1038	1200294	385	1125	1300557	385	1212	1401107	385	1298	1500751	385	1385	1601117	385	1471	1700618	385	1500	1734258	385	1557	1800104	385	1644	1900586	385	1731	2000940	385	1817	2101164	385	1903	2200903	385	1989	2300185	385	2000	2313066	385	2076	2401102	385	2162	2500369	385	
91	100913	345	181	200870	345	271	300305	345	362	400809	345	452	500369	345	500	553475	345	543	601111	345	632	700706	345	722	800787	345	812	900359	345	902	1000449	345	992	1100089	345	1000	1108975	345	1083	1200658	345	1173	1300411	345	1264	1400638	345	1354	1500292	345	1444	1600378	345	1500	1662390	345	1534	1700190	345	1623	1800491	345	1714	1900881	345	1804	2000529	345	1895	2100877	345	1985	2200365	345	2000	2217066	345	2075	2300510	345	2165	2400153	345	2256	2500414	345	
85	100810	369	169	200162	369	254	300949	369	338	400301	369	423	500851	369	500	591964	369	507	600310	369	592	700941	369	676	800168	369	759	900991	369	843	1000928	369	927	1100571	369	1000	1186878	369	1012	1201186	369	1096	1300576	369	1181	1401032	369	1265	1500325	369	1350	1600823	369	1434	1701028	369	1500	1779157	369	1518	1800632	369	1603	1901123	369	1687	2000315	369	1772	2100859	369	1856	2200489	369	1941	2301176	369	2000	2371228	369	2025	2401031	369	2108	2500090	369	
84	100692	358	167	200270	358	251	300564	358	334	400451	358	418	500756	358	500	599179	358	501	600458	358	584	700343	358	668	800556	358	752	901096	358	835	1001279	358	918	1101217	358	1000	1199376	358	1001	1200649	358	1085	1300906	358	1168	1400289	358	1252	1500927	358	1335	1600491	358	1418	1700263	358	1500	1798864	358	1501	1800117	358	1585	1900759	358	1668	2000359	358	1752	2101036	358	1835	2200597	358	1918	2300333	358	2000	2398558	358	2002	2401011	358	2085	2501100	358	
86	100283	376	172	200207	376	258	300869	376	344	400911	376	430	500953	376	500	582590	376	515	600240	376	600	700235	376	686	800236	376	772	900887	376	857	1000282	376	943	1100397	376	1000	1167104	376	1029	1200874	376	1115	1300706	376	1201	1400929	376	1287	1500851	376	1373	1600852	376	1459	1700827	376	1500	1749094	376	1544	1800756	376	1630	1900762	376	1716	2000808	376	1800	2100909	376	1886	2201089	376	1972	2301015	376	2000	2333616	376	2058	2400988	376	2144	2500978	376	
83	101261	333	164	200313	333	246	300085	333	329	400907	333	411	500633	333	493	600528	333	500	609239	333	575	700605	333	657	800665	333	739	900826	333	821	1001228	333	903	1101269	333	983	1201213	333	1000	1221904	333	1065	1301051	333	1147	1400938	333	1229	1500637	333	1311	1600576	333	1393	1700212	333	1475	1800167	333	1500	1830486	333	1557	1900108	333	1639	2000593	333	1721	2100408	333	1803	2200153	333	1885	2300310	333	1967	2400591	333	2000	2440776	333	2049	2500262	333	
86	100481	357	172	200797	357	251	300449	357	337	400681	357	423	500492	357	500	590137	357	509	600697	357	595	700923	357	680	800150	357	766	900610	357	852	1000534	357	938	1100539	357	1000	1172454	357	1024	1200205	357	1111	1301152	357	1197	1401005	357	1282	1500195	357	1368	1600431	357	1454	1700394	357	1500	1753715	357	1540	1800300	357	1626	1900733	357	1712	2000702	357	1797	2100149	357	1884	2201140	357	1969	2300101	357	2000	2336222	357	2055	2400331	357	2141	2501091	357	
88	100348	337	174	200207	337	262	301083	337	349	400542	337	437	500775	337	500	572961	337	524	600966	337	611	701200	337	698	801113	337	784	900302	337	872	1001153	337	959	1100361	337	1000	1147130	337	1047	1200975	337	1134	1300259	337	1222	1400981	337	1309	1500316	337	1397	1600909	337	1484	1700444	337	1500	1718783	337	1572	1800852	337	1659	1900345	337	1746	2000140	337	1834	2100976	337	1921	2200334	337	2000	2290730	337	2009	2301129	337	2094	2400658	337	2182	2501085	337	
90	101040	349	179	201068	349	268	301054	349	357	400942	349	446	500764	349	500	561600	349	535	600952	349	624	701079	349	712	800344	349	801	900704	349	890	1001020	349	979	1100958	349	1000	1124551	349	1068	1200659	349	1157	1300732	349	1246	1400746	349	1333	1500536	349	1422	1600495	349	1500	1688552	349	1511	1700971	349	1600	1800881	349	1689	1901100	349	1777	2000367	349	1866	2100799	349	1954	2200173	349	2000	2252126	349	2043	2300336	349	2132	2400770	349	2221	2500851	349	
83	101059	355	165	200295	355	248	301042	355	330	400291	355	413	501189	355	494	601223	355	500	608613	355	575	700923	355	657	801154	355	738	900338	355	820	1000711	355	902	1100390	355	985	1201061	355	1000	1219391	355	1067	1300701	355	1149	1400444	355	1232	1501188	355	1314	1600937	355	1396	1700570	355	1478	1800183	355	1500	1827056	355	1561	1901130	355	1643	2000893	355	1725	2100635	355	1807	2200565	355	1889	2300823	355	1971	2400421	355	2000	2435813	355	2053	2500152	355	
87	100364	349	174	200833	349	260	300285	349	347	401029	349	433	500369	349	500	578748	349	519	600663	349	605	700309	349	692	800811	349	778	900765	349	864	1000287	349	951	1100772	349	1000	1157809	349	1037	1200691	349	1124	1301119	349	1210	1400253	349	1297	1500619	349	1384	1601127	349	1470	1700472	349	1500	1735103	349	1557	1800660	349	1643	1900548	349	1730	2001201	349	1817	2101212	349	1903	2201102	349	1989	2300545	349	2000	2313305	349	2075	2400115	349	2162	2500570	349	
87	100127	375	174	200239	375	261	300210	375	349	400940	375	436	501066	375	500	574821	375	523	601219	375	609	700764	375	696	800825	375	782	900658	375	869	1001160	375	955	1100418	375	1000	1151986	375	1042	1200123	375	1129	1300279	375	1217	1400977	375	1304	1500924	375	1390	1600404	375	1477	1701013	375	1500	1729788	375	1561	1800416	375	1648	1900291	375	1735	2000459	375	1822	2100527	375	1909	2200371	375	1996	2301119	375	2000	2305859	375	2082	2400228	375	2170	2501187	375	
89	100603	332	178	201089	332	266	300682	332	354	400683	332	442	500333	332	500	565870	332	531	600984	332	619	700782	332	706	800247	332	793	900548	332	881	1000146	332	970	1101083	332	1000	1135245	332	1058	1200858	332	1146	1300355	332	1234	1400298	332	1322	1500429	332	1410	1600142	332	1498	1700174	332	1500	1702494	332	1587	1800973	332	1675	1900938	332	1763	2000952	332	1851	2101051	332	1939	2200718	332	2000	2269493	332	2027	2300099	332	2116	2400361	332	2205	2501065	332	
93	100506	340	186	200965	340	278	300569	340	370	400286	340	462	500982	340	500	542271	340	554	600760	340	646	700441	340	738	800315	340	831	901009	340	923	1000780	340	1000	1084039	340	1015	1100439	340	1107	1200436	340	1199	1300152	340	1292	1400978	340	1384	1500549	340	1477	1600867	340	1500	1625767	340	1569	1700289	340	1662	1800953	340	1754	1900758	340	1846	2000509	340	1939	2100799	340	2000	2166839	340	2031	2200256	340	2124	2300741	340	2217	2401085	340	2309	2500324	340	
18	100832	1669	36	201434	1669	54	301903	1669	72	402694	1669	90	503571	1669	108	604324	1669	126	705301	1669	143	800933	1669	161	902073	1669	179	1002762	1669	197	1103468	1669	215	1204561	1669	233	1305535	1669	250	1400845	1669	268	1501280	1669	286	1601990	1669	304	1702988	1669	322	1803813	1669	340	1904494	1669	357	2001888	1669	375	2103106	1669	393	2204514	1669	411	2305812	1669	428	2401112	1669	446	2501726	1669	
19	105062	1769	37	204290	1769	55	303770	1769	73	402876	1769	91	502373	1769	109	601569	1769	127	701391	1769	145	801979	1769	163	901522	1769	181	1002825	1769	199	1103867	1769	217	1202958	1769	235	1302798	1769	253	1402183	1769	271	1501666	1769	289	1601402	1769	307	1700839	1769	326	1805798	1769	344	1904824	1769	362	2004145	1769	380	2103532	1769	398	2202878	1769	416	2302333	1769	434	2401939	1769	452	2501650	1769	
18	100984	1800	37	204934	1800	55	304262	1800	73	402902	1800	91	501763	1800	109	600506	1800	128	704788	1800	146	803072	1800	164	901551	1800	183	1005421	1800	201	1103843	1800	219	1202394	1800	237	1301123	1800	256	1404908	1800	274	1503329	1800	292	1601745	1800	310	1700619	1800	329	1804470	1800	347	1903317	1800	365	2001539	1800	384	2105456	1800	402	2203851	1800	420	2302442	1800	438	2401087	1800	457	2505108	1800	
19	103898	1759	37	202440	1759	55	300733	1759	74	404372	1759	92	504059	1759	110	603202	1759	128	701864	1759	147	805649	1759	165	903957	1759	183	1002365	1759	201	1100846	1759	220	1204726	1759	238	1303128	1759	256	1401626	1759	275	1505543	1759	293	1604069	1759	311	1702712	1759	329	1801253	1759	348	1905067	1759	366	2003907	1759	384	2104849	1759	402	2203274	1759	420	2301632	1759	439	2405817	1759	457	2504708	1759	
18	100452	1726	37	205528	1726	55	304936	1726	73	405082	1726	91	504747	1726	109	604623	1726	127	704269	1726	145	804136	1726	163	903751	1726	181	1003513	1726	199	1104633	1726	217	1205681	1726	235	1305448	1726	253	1405073	1726	271	1504924	1726	289	1604800	1726	307	1704320	1726	325	1804345	1726	343	1903965	1726	361	2003962	1726	379	2103800	1726	397	2203617	1726	415	2303291	1726	433	2403168	1726	451	2503320	1726	
19	105288	1758	36	201210	1758	55	305580	1758	73	404901	1758	91	503654	1758	109	602353	1758	127	701040	1758	146	805013	1758	164	903667	1758	182	1002631	1758	200	1101100	1758	219	1204920	1758	237	1303522	1758	255	1402248	1758	273	1501054	1758	292	1604833	1758	310	1703114	1758	328	1801709	1758	347	1905695	1758	365	2004266	1758	383	2103238	1758	401	2201520	1758	420	2305469	1758	438	2404176	1758	456	2502950	1758	
19	104077	1712	37	202326	1712	55	301369	1712	74	405762	1712	92	504157	1712	110	602259	1712	128	700422	1712	147	804166	1712	165	903038	1712	183	1001486	1712	202	1105172	1712	220	1203485	1712	238	1301859	1712	257	1405610	1712	275	1503980	1712	293	1602293	1712	311	1700604	1712	330	1805035	1712	348	1903467	1712	366	2002125	1712	384	2100688	1712	402	2201088	1712	421	2305519	1712	439	2404399	1712	457	2503041	1712	
19	104491	1712	37	203403	1712	55	302583	1712	73	401163	1712	92	505221	1712	110	604001	1712	128	703015	1712	146	802107	1712	164	901079	1712	183	1005291	1712	201	1103969	1712	219	1204585	1712	237	1305039	1712	255	1404213	1712	273	1502804	1712	291	1601563	1712	310	1705832	1712	328	1804668	1712	346	1903425	1712	364	2002267	1712	382	2101084	1712	400	2201462	1712	419	2305763	1712	437	2404817	1712	455	2503452	1712	
18	100740	1743	36	201106	1743	54	304628	1743	72	404837	1743	90	505219	1743	108	605324	1743	126	705620	1743	144	805801	1743	161	900662	1743	179	1000803	1743	197	1101479	1743	215	1201550	1743	233	1301895	1743	251	1402031	1743	269	1502089	1743	287	1602459	1743	305	1702443	1743	323	1802693	1743	341	1902729	1743	359	2003073	1743	377	2103110	1743	395	2203401	1743	413	2303262	1743	431	2403324	1743	449	2503266	1743	
18	101025	1684	36	201835	1684	54	301975	1684	72	402411	1684	90	502580	1684	108	603076	1684	126	703507	1684	144	804323	1684	162	904863	1684	180	1005308	1684	198	1105542	1684	215	1200662	1684	233	1300804	1684	251	1401004	1684	269	1501936	1684	287	1602285	1684	305	1702757	1684	323	1803047	1684	341	1903453	1684	359	2003793	1684	377	2104216	1684	395	2204956	1684	412	2301730	1684	430	2403203	1684	448	2503648	1684	
19	103042	1705	38	205755	1705	56	302898	1705	75	405590	1705	93	502627	1705	112	604805	1705	130	701843	1705	149	804312	1705	167	901171	1705	186	1003836	1705	204	1100877	1705	223	1203460	1705	241	1300746	1705	259	1400581	1705	278	1503456	1705	296	1600979	1705	315	1703629	1705	333	1800657	1705	352	1903061	1705	371	2005614	1705	389	2102848	1705	408	2205244	1705	426	2302148	1705	445	2404752	1705	463	2502218	1705	
20	103511	1778	39	202095	1778	58	300455	1778	78	405558	1778	97	505334	1778	116	603727	1778	135	701850	1778	155	805484	1778	174	904117	1778	193	1002088	1778	212	1101360	1778	232	1204872	1778	251	1303181	1778	270	1401313	1778	290	1504990	1778	309	1603025	1778	328	1701362	1778	348	1804666	1778	367	1902868	1778	386	2001121	1778	406	2104716	1778	425	2203013	1778	444	2301833	1778	463	2400833	1778	483	2504656	1778	
19	104474	1776	37	203135	1776	55	301635	1776	74	405302	1776	92	504098	1776	110	602610	1776	128	701327	1776	147	805632	1776	165	903981	1776	183	1002658	1776	201	1100914	1776	220	1204863	1776	238	1303815	1776	256	1402142	1776	274	1500571	1776	293	1604449	1776	311	1702930	1776	329	1801491	1776	348	1905621	1776	366	2004225	1776	384	2102587	1776	402	2201297	1776	421	2305247	1776	439	2403633	1776	457	2504575	1776	
19	101797	1737	38	203936	1737	56	300934	1737	75	402702	1737	94	504524	1737	112	601303	1737	131	703152	1737	150	805286	1737	168	901634	1737	187	1003302	1737	206	1104980	1737	224	1201659	1737	243	1303484	1737	262	1405497	1737	280	1503751	1737	298	1600956	1737	317	1703016	1737	335	1800819	1737	354	1902661	1737	373	2004572	1737	391	2101358	1737	410	2203200	1737	429	2305010	1737	447	2401710	1737	466	2503145	1737	
20	105315	1742	39	205053	1742	58	305120	1742	77	405015	1742	96	504754	1742	114	601508	1742	133	701305	1742	152	801221	1742	171	900696	1742	190	1000692	1742	210	1105615	1742	229	1205331	1742	248	1305193	1742	267	1405250	1742	286	1505398	1742	305	1605227	1742	324	1705019	1742	343	1804694	1742	362	1904741	1742	381	2004461	1742	400	2104373	1742	419	2204083	1742	438	2304179	1742	457	2404117	1742	476	2504051	1742	
20	105011	1764	39	204694	1764	58	304115	1764	77	403803	1764	96	503189	1764	115	602627	1764	134	702075	1764	153	801858	1764	172	901065	1764	191	1000592	1764	210	1100448	1764	230	1205157	1764	249	1304686	1764	268	1404297	1764	287	1503685	1764	306	1603247	1764	325	1702987	1764	344	1802555	1764	363	1902103	1764	382	2001429	1764	401	2100907	1764	420	2200556	1764	440	2305375	1764	459	2404854	1764	478	2504445	1764	
20	102787	1725	39	200410	1725	59	303369	1725	78	401104	1725	98	503965	1725	117	601443	1725	137	704111	1725	156	801880	1725	176	904271	1725	195	1001786	1725	215	1104146	1725	234	1201453	1725	254	1303969	1725	273	1401213	1725	293	1503921	1725	312	1601604	1725	331	1701120	1725	351	1803804	1725	370	1901339	1725	390	2003870	1725	409	2101069	1725	429	2203796	1725	448	2301093	1725	468	2403689	1725	487	2501413	1725	
19	101046	1716	38	201315	1716	57	301952	1716	76	402788	1716	95	503616	1716	114	604616	1716	132	702636	1716	151	803431	1716	170	903868	1716	189	1004685	1716	208	1105037	1716	227	1205689	1716	245	1301074	1716	264	1401654	1716	283	1502254	1716	302	1602965	1716	321	1703687	1716	340	1804096	1716	359	1904835	1716	378	2005413	1716	396	2101060	1716	415	2201891	1716	434	2302572	1716	453	2403215	1716	472	2504084	1716	
20	103482	1725	39	201645	1725	59	304934	1725	78	403131	1725	97	500966	1725	117	604385	1725	136	702611	1725	155	800533	1725	175	904550	1725	194	1002889	1725	213	1100910	1725	233	1204383	1725	252	1302397	1725	271	1400648	1725	291	1504271	1725	310	1602381	1725	329	1700473	1725	349	1803867	1725	368	1902104	1725	387	2000395	1725	407	2103756	1725	426	2201837	1725	446	2305237	1725	465	2403183	1725	484	2501757	1725	
20	103126	1715	39	201079	1715	59	303974	1715	78	401683	1715	98	504735	1715	117	602378	1715	137	705137	1715	156	803150	1715	175	900869	1715	195	1003651	1715	214	1101539	1715	234	1204548	1715	253	1303378	1715	272	1401217	1715	292	1504475	1715	311	1602114	1715	331	1705361	1715	349	1801437	1715	369	1905270	1715	388	2003513	1715	407	2101417	1715	427	2204629	1715	446	2302431	1715	466	2405518	1715	485	2503292	1715	
234	100304	197	460	200158	138	500	217819	138	687	300100	123	914	400063	118	1000	437602	111	1143	500429	111	1369	600343	111	1500	657897	111	1596	700103	106	1821	800321	106	2000	880861	106	2044	900346	106	2271	1000171	106	2498	1100055	106	2500	1100947	106	2725	1200205	93	2952	1300101	93	3000	1321161	93	3180	1400108	93	3408	1500293	91	3500	1540959	91	3635	1600326	91	3862	1700095	91	4000	1761006	91	4089	1800242	91	4316	1900222	83	4500	1980998	83	4544	2000368	83	4771	2100338	79	4998	2200170	79	5000	2201062	79	5226	2300319	79	5453	2400166	77	5500	2420897	77	5680	2500368	77	
242	100316	149	476	200414	142	500	210682	142	710	300239	142	944	400127	142	1000	423925	142	1177	500181	142	1412	600185	134	1500	638166	126	1644	700280	126	1877	800107	126	2000	852954	127	2111	900374	127	2344	1000302	123	2500	1067146	125	2577	1100039	120	2812	1200186	112	3000	1280586	112	3046	1300247	112	3281	1400424	103	3500	1494454	95	3514	1500441	95	3748	1600147	87	3983	1700276	87	4000	1707550	87	4217	1800317	87	4451	1900305	67	4500	1921074	67	4686	2000229	67	4921	2100107	67	5000	2133642	67	5157	2200244	67	5393	2300330	67	5500	2345752	67	5628	2400059	67	5863	2500178	67	
234	100187	116	460	200325	101	500	218059	101	687	300408	90	912	400042	86	1000	438969	86	1139	500321	86	1365	600445	83	1500	659980	83	1591	700044	79	1817	800341	79	2000	881188	75	2043	900101	75	2268	1000046	75	2495	1100296	75	2500	1102509	75	2721	1200055	75	2948	1300130	75	3000	1323037	73	3175	1400129	73	3401	1500151	73	3500	1544149	73	3626	1600067	73	3853	1700258	70	4000	1765403	70	4078	1800056	70	4304	1900335	70	4500	1987538	70	4529	2000429	70	4748	2100303	70	4974	2200445	69	5000	2212003	64	5199	2300031	64	5426	2400260	64	5500	2432898	63	5652	2500199	63	
237	100243	114	466	200317	114	500	215124	114	695	300074	114	925	400176	96	1000	432647	96	1156	500434	96	1385	600114	96	1500	650081	96	1615	700100	96	1845	800161	96	2000	867875	95	2074	900167	90	2304	1000414	78	2500	1086411	78	2531	1100376	78	2753	1200181	78	2983	1300430	70	3000	1307854	70	3212	1400381	70	3441	1500360	70	3500	1526110	70	3670	1600113	70	3899	1700327	70	4000	1744444	70	4128	1800220	70	4356	1900044	70	4500	1963327	70	4584	2000124	70	4814	2100361	70	5000	2181521	70	5043	2200334	70	5272	2300237	70	5500	2399950	70	5501	2400420	70	5730	2500378	70	
235	100234	181	463	200412	140	500	216695	140	685	300326	102	914	400161	100	1000	437617	98	1144	500375	89	1372	600278	83	1500	656030	83	1599	700107	83	1828	800137	83	2000	875371	83	2056	900038	83	2284	1000321	83	2500	1095873	83	2510	1100288	83	2738	1200372	83	2966	1300387	83	3000	1315255	83	3194	1400086	69	3422	1500144	69	3500	1534279	69	3651	1600227	67	3880	1700194	67	4000	1752610	67	4109	1800421	65	4337	1900416	65	4500	1971964	65	4564	2000041	65	4793	2100331	65	5000	2190870	65	5021	2200060	65	5249	2300181	65	5478	2400221	65	5500	2409854	65	5706	2500122	65	
230	100273	116	452	200309	93	500	222226	93	672	300360	87	893	400378	87	1000	448420	87	1115	500376	87	1337	600465	82	1500	673838	71	1559	700450	71	1780	800137	71	2000	899129	71	2002	900044	71	2224	1000136	71	2445	1100099	71	2500	1124783	71	2664	1200401	70	2885	1300283	70	3000	1352039	70	3107	1400420	70	3328	1500185	70	3500	1577660	70	3550	1600261	70	3772	1700422	70	3993	1800264	70	4000	1803424	70	4214	1900354	70	4435	2000064	70	4500	2029542	70	4657	2100367	70	4878	2200389	70	5000	2255575	70	5099	2300310	70	5303	2400172	70	5500	2488878	70	5525	2500170	70	
231	100030	174	455	200344	151	500	220490	151	679	300342	141	904	400362	130	1000	443274	130	1128	500376	130	1352	600287	130	1500	666497	121	1575	700130	121	1798	800444	121	2000	891065	108	2020	900041	108	2244	1000317	108	2467	1100381	108	2500	1115150	105	2690	1200112	105	2914	1300115	105	3000	1338552	105	3137	1400265	101	3355	1500277	101	3500	1565614	101	3578	1600279	98	3802	1700287	94	4000	1789161	94	4025	1800402	94	4248	1900227	94	4472	2000194	94	4500	2012753	94	4696	2100203	94	4920	2200209	94	5000	2236067	94	5144	2300221	94	5368	2400157	94	5500	2458919	94	5592	2500229	94	
232	100416	117	454	200112	98	500	220647	95	678	300313	95	902	400390	89	1000	444153	89	1125	500068	89	1344	600229	89	1500	670789	89	1564	700164	89	1788	800467	89	2000	895313	89	2011	900236	89	2233	1000306	89	2455	1100278	89	2500	1120456	89	2678	1200257	89	2901	1300207	89	3000	1344464	89	3124	1400104	89	3348	1500222	89	3500	1568174	89	3572	1600461	89	3794	1700172	89	4000	1792611	89	4017	1800288	89	4240	1900414	89	4463	2000283	89	4500	2016863	89	4686	2100159	89	4910	2200437	89	5000	2240857	89	5133	2300228	89	5357	2400214	89	5500	2464421	89	5580	2500176	89	
236	100275	166	463	200147	128	500	216479	128	691	300388	110	918	400249	110	1000	436272	110	1146	500093	108	1375	600041	108	1500	654644	108	1604	700106	108	1833	800370	108	2000	873378	108	2061	900066	108	2290	1000285	108	2500	1092441	108	2518	1100301	108	2745	1200072	108	2973	1300167	108	3000	1311982	108	3202	1400160	108	3430	1500445	108	3500	1531099	108	3658	1600263	108	3887	1700173	108	4000	1749737	108	4115	1800167	108	4341	1900113	108	4500	1970818	108	4566	2000186	108	4794	2100106	98	5000	2190061	95	5023	2200084	95	5252	2300149	94	5480	2400035	94	5500	2408775	94	5709	2500099	94	
229	100215	178	452	200237	163	500	221821	155	675	300296	133	898	400343	127	1000	446221	127	1120	500065	115	1343	600255	113	1500	670546	112	1566	700062	99	1790	800453	99	2000	894830	99	2012	900190	99	2233	1000212	99	2454	1100127	99	2500	1120815	99	2677	1200445	99	2899	1300167	99	3000	1345382	99	3122	1400126	99	3345	1500327	99	3500	1570193	99	3567	1600294	99	3790	1700065	99	4000	1795205	99	4010	1800069	99	4231	1900285	99	4454	2000293	99	4500	2020946	99	4676	2100405	99	4898	2200118	99	5000	2245875	99	5121	2300164	99	5344	2400431	99	5500	2470103	99	5567	2500337	99	
74	100451	7849	150	200378	3795	224	300420	1830	296	401431	1624	366	500228	1606	437	600872	1606	500	690542	1606	507	700521	1606	578	800918	1558	648	900834	1558	718	1000936	1510	788	1100120	1510	859	1200774	1510	929	1300098	1510	1000	1400782	1510	1000	1400886	1510	1070	1500102	1510	1141	1600699	1510	1212	1701086	1510	1283	1801492	1510	1353	1900581	1510	1423	2000176	1510	1494	2100944	1510	1500	2109507	1510	1564	2200241	1510	1635	2300894	1510	1706	2401312	1496	1776	2500463	1496	
75	100254	7599	154	201167	3947	230	300785	1896	303	400991	1681	376	501361	1524	448	600257	1439	500	672121	1398	521	701091	1398	593	800891	1398	666	901434	1398	738	1000483	1398	811	1100417	1372	883	1200194	1372	956	1300448	1372	1000	1360827	1372	1029	1400437	1372	1102	1500247	1372	1176	1601333	1365	1249	1700789	1320	1322	1801189	1280	1394	1900302	1249	1467	2000719	1210	1500	2045792	1210	1540	2100439	1210	1614	2201394	1210	1687	2301384	1171	1760	2401153	1159	1833	2500954	1159	
78	100399	6332	157	200996	2457	231	300924	1506	303	400113	1398	376	501477	1387	448	601174	1387	500	673648	1387	520	701322	1387	592	800811	1387	664	900421	1387	737	1001002	1387	809	1100777	1387	881	1200186	1352	954	1301028	1331	1000	1364377	1331	1026	1400148	1331	1099	1500893	1331	1171	1600209	1308	1244	1701367	1308	1316	1800972	1308	1388	1900521	1308	1461	2001290	1308	1500	2055152	1308	1532	2101125	1308	1604	2201220	1308	1676	2301155	1308	1748	2400315	1308	1821	2500762	1308	
78	101056	5748	155	201182	2199	227	301207	1670	298	400327	1364	370	501354	1364	440	600410	1364	500	684549	1363	512	701376	1356	583	800815	1345	654	900701	1305	726	1001326	1086	797	1100799	1057	867	1200932	1057	938	1301097	1057	1000	1388097	1034	1009	1400740	1034	1080	1500467	1034	1152	1601473	1034	1223	1701351	1034	1294	1800655	1034	1365	1900437	1034	1436	2000133	1034	1500	2089846	1034	1508	2101184	1034	1579	2200906	1034	1650	2300495	1034	1722	2401141	1034	1793	2500391	1034	
76	100262	7114	154	201170	3070	226	300302	1819	298	401267	1547	369	500409	1455	440	600159	1401	500	684456	1307	512	701221	1307	583	800351	1243	655	901040	1215	726	1000455	1215	798	1100973	1189	869	1200103	1189	941	1300641	1189	1000	1383379	1189	1012	1400404	1189	1084	1501414	1189	1155	1600815	1189	1227	1701403	1189	1298	1800499	1151	1370	1901104	1151	1441	2000351	1151	1500	2082604	1151	1513	2100774	1151	1584	2200231	1151	1656	2300798	1151	1727	2400174	1151	1799	2501187	1151	
76	100707	6844	153	201201	2782	226	300479	1624	298	400596	1382	370	501116	1382	441	600465	1382	500	682954	1382	513	701186	1382	584	800725	1378	655	900490	1343	727	1001391	1329	798	1101393	1251	869	1201337	1251	940	1301107	1210	1000	1385450	1210	1011	1401047	1210	1082	1500918	1210	1153	1600809	1210	1224	1700932	1210	1295	1800732	1210	1366	1900429	1210	1437	2000154	1210	1500	2088691	1210	1508	2100191	1210	1580	2201247	1210	1651	2301440	1210	1720	2400415	1210	1790	2500711	1210	
77	100365	5966	154	200470	2313	227	300674	1520	298	400583	1479	369	500162	1357	440	600220	1357	500	684444	1357	512	701411	1357	583	801083	1357	654	900896	1355	725	1000244	1303	797	1101408	1303	868	1201107	1288	939	1300620	1255	1000	1386066	1255	1010	1400221	1255	1081	1501195	1227	1151	1600444	1202	1222	1700232	1183	1294	1801243	1131	1365	1900774	1105	1436	2000155	1105	1500	2089683	1105	1508	2101036	1105	1579	2200891	1105	1650	2300511	1099	1721	2400581	1099	1792	2500801	1073	
76	100699	7594	153	200434	3801	229	301025	1730	301	400360	1652	374	500998	1565	445	601260	1565	500	678867	1470	516	701067	1457	588	801015	1404	660	900827	1374	732	1000616	1374	803	1100268	1374	875	1200103	1374	948	1301020	1374	1000	1373144	1374	1020	1400949	1374	1092	1501130	1343	1164	1601091	1343	1236	1700893	1314	1308	1800337	1314	1380	1900142	1314	1453	2000908	1314	1500	2065887	1314	1525	2100364	1314	1598	2201185	1314	1670	2300836	1314	1742	2400669	1314	1814	2500660	1314	
76	100644	6993	154	201117	2760	228	300865	1548	299	400430	1388	370	500335	1308	442	600895	1308	500	681864	1308	513	700184	1308	585	800671	1286	657	901235	1286	728	1000928	1286	800	1101131	1286	871	1200114	1286	943	1300311	1286	1000	1379475	1286	1015	1400303	1286	1087	1500938	1286	1159	1601347	1286	1230	1700390	1286	1302	1800749	1286	1374	1901194	1286	1445	2001033	1281	1500	2078080	1281	1516	2100465	1281	1588	2200913	1281	1660	2301311	1281	1731	2400210	1281	1803	2501024	1281	
79	101243	5884	158	201294	2131	232	301131	1466	304	400799	1457	376	500153	1433	450	601468	1420	500	670402	1420	522	700539	1420	595	800823	1337	668	901342	1337	740	1000958	1337	812	1100361	1337	885	1201068	1316	957	1300085	1286	1000	1359031	1286	1030	1400282	1286	1103	1500790	1286	1176	1600795	1286	1249	1701227	1286	1317	1800415	1246	1389	1900169	1246	1463	2001416	1246	1500	2052278	1246	1535	2100483	1246	1608	2200905	1246	1680	2300428	1246	1753	2400967	1246	1826	2501064	1246	
16	103169	50387	32	206234	50387	47	303138	50387	63	406087	50387	78	502674	50387	94	605472	50387	109	702223	50387	125	805272	50387	139	902439	50387	155	1005777	50387	170	1102913	50387	186	1206069	50387	201	1302652	50387	217	1405873	50387	232	1502309	50387	248	1605384	50387	263	1701831	50387	279	1804858	50387	294	1901188	50387	310	2004247	50387	325	2100887	50387	341	2204070	50387	356	2300962	50387	372	2403909	50387	387	2500742	50387	
16	103273	49956	32	206806	49956	47	303306	49956	63	406748	49956	78	503382	49956	93	600737	49956	109	703773	49956	124	800632	49956	140	903929	49956	155	1000729	49956	171	1104106	49956	186	1201064	49956	202	1304091	49956	217	1401076	49956	233	1504138	49956	248	1600602	49956	264	1703651	49956	280	1806655	49956	295	1903471	49956	311	2006680	49956	326	2104246	49956	341	2201334	49956	357	2304313	49956	372	2401473	49956	388	2504891	49956	
16	102768	50094	32	205371	50094	47	302055	50094	63	404130	50094	79	506181	50094	94	602465	50094	110	704543	50094	125	801188	50094	141	903551	50094	157	1005917	50094	172	1102099	50094	188	1204473	50094	204	1306748	50094	219	1402759	50094	235	1505412	50094	250	1601182	50094	266	1703088	50094	282	1805266	50094	297	1902819	50094	313	2006603	50094	328	2102612	50094	344	2204886	50094	359	2300973	50094	375	2403403	50094	391	2505463	50094	
16	102948	50271	32	206153	50271	47	302775	50271	63	405639	50271	78	502092	50271	94	605143	50271	109	703124	50271	125	806079	50271	140	903375	50271	155	1002373	50271	171	1105901	50271	186	1202322	50271	202	1305485	50271	217	1402038	50271	233	1504841	50271	248	1601109	50271	264	1703937	50271	279	1800565	50271	295	1903497	50271	311	2006405	50271	326	2103925	50271	341	2200741	50271	357	2303359	50271	373	2406277	50271	388	2503089	50271	
16	103508	49591	32	206327	49591	47	302805	49591	63	405697	49591	78	501816	49591	94	604753	49591	109	701054	49591	125	803777	49591	141	906395	49591	156	1002618	49591	172	1105516	49591	187	1202051	49591	203	1304735	49591	218	1401382	49591	234	1503849	49591	250	1606613	49591	265	1702901	49591	281	1805222	49591	296	1901317	49591	312	2003730	49591	327	2100736	49591	343	2203514	49591	359	2306523	49591	374	2402808	49591	390	2505386	49591	
16	103615	50128	31	201322	50128	47	305299	50128	62	402504	50128	78	506006	50128	93	603288	50128	108	700687	50128	124	804068	50128	139	901242	50128	155	1005000	50128	170	1102011	50128	186	1205668	50128	201	1302851	50128	217	1406342	50128	232	1503468	50128	247	1600574	50128	263	1704043	50128	278	1801139	50128	294	1904583	50128	309	2003652	50128	324	2101632	50128	340	2205726	50128	355	2302754	50128	371	2406502	50128	386	2504602	50128	
16	102392	50437	32	205668	50437	47	302072	50437	63	404378	50437	78	500736	50437	94	603361	50437	110	705981	50437	125	802310	50437	141	905101	50437	156	1002965	50437	172	1106541	50437	187	1203031	50437	203	1306152	50437	218	1402697	50437	234	1505540	50437	249	1601855	50437	265	1704289	50437	280	1800617	50437	296	1903198	50437	312	2006009	50437	327	2102256	50437	343	2205306	50437	358	2301590	50437	374	2404776	50437	389	2501703	50437	
16	106195	50327	31	203559	50327	46	300818	50327	62	404237	50327	77	501211	50327	93	605152	50327	108	702150	50327	124	806097	50327	139	903470	50327	155	1006621	50327	170	1103591	50327	185	1200604	50327	201	1304054	50327	216	1401200	50327	232	1504897	50327	247	1601600	50327	263	1704904	50327	278	1801980	50327	294	1905038	50327	309	2002011	50327	325	2105323	50327	340	2202533	50327	356	2306610	50327	371	2403977	50327	386	2501222	50327	
16	103009	50194	32	206175	50194	47	302884	50194	63	405853	50194	78	502470	50194	94	605748	50194	109	702551	50194	125	805183	50194	140	902174	50194	156	1004972	50194	171	1101463	50194	187	1204675	50194	202	1301463	50194	218	1404531	50194	233	1501171	50194	249	1604445	50194	264	1701402	50194	280	1804598	50194	295	1900918	50194	311	2003810	50194	326	2103245	50194	341	2200967	50194	357	2303792	50194	372	2400894	50194	388	2503482	50194	
16	103236	50329	32	205709	50329	47	301837	50329	63	404259	50329	79	506623	50329	94	602702	50329	110	705388	50329	125	801530	50329	141	904075	50329	157	1006717	50329	172	1105493	50329	187	1201677	50329	203	1304217	50329	219	1406689	50329	234	1502749	50329	250	1604987	50329	265	1700838	50329	281	1803164	50329	297	1905209	50329	312	2001501	50329	328	2104498	50329	343	2200959	50329	359	2303716	50329	375	2406124	50329	390	2502518	50329	
