versja nr 3;wspolczynnik mutacji 0.600000;wielkosc populacji 90
136	100113	642	266	200500	642	399	300327	642	500	376086	642	532	400075	642	666	500500	642	799	600286	642	932	700576	642	1000	752262	642	1064	800615	642	1197	900169	642	1329	1000363	642	1462	1100073	642	1500	1128560	642	1596	1200761	642	1728	1300352	642	1861	1400472	642	1994	1500047	642	2000	1504779	642	2127	1600344	642	2260	1700074	642	2393	1800566	642	2500	1880758	642	2526	1900217	642	2660	2000564	642	2792	2100170	642	2926	2200443	642	3000	2256254	642	3058	2300096	642	3192	2400749	642	3325	2500193	642	
136	100646	690	269	200228	690	403	300344	690	500	372947	690	537	400724	690	671	500500	690	805	600614	690	939	700745	690	1000	746805	690	1072	800522	690	1205	900105	690	1339	1000154	690	1474	1100694	690	1500	1120157	690	1607	1200058	690	1741	1300448	690	1875	1400645	690	2000	1493955	690	2009	1500700	690	2142	1600036	690	2275	1700117	690	2409	1800492	690	2500	1868424	690	2543	1900632	690	2676	2000256	690	2810	2100621	690	2944	2200694	690	3000	2242674	690	3077	2300277	690	3208	2400600	690	3342	2500786	690	
138	100379	688	274	200535	688	409	300353	688	500	367451	688	545	400632	688	681	500706	688	816	600256	688	952	700249	688	1000	735581	688	1088	800229	688	1224	900553	688	1358	1000056	688	1494	1100061	688	1500	1104513	688	1630	1200535	688	1766	1300624	688	1901	1400212	688	2000	1473076	688	2037	1500731	688	2168	1600053	688	2305	1700647	688	2440	1800095	688	2500	1844267	688	2576	1900084	688	2712	2000231	688	2848	2100278	688	2984	2200145	688	3000	2211993	688	3120	2300301	688	3255	2400090	688	3390	2500547	688	
137	100044	815	271	200276	815	406	300546	815	500	370363	815	540	400135	815	675	500483	815	809	600610	815	942	700680	815	1000	745503	815	1074	800701	815	1208	900278	815	1343	1000503	815	1477	1100665	815	1500	1117907	815	1611	1200619	815	1745	1300328	815	1879	1400464	815	2000	1490163	815	2014	1500630	815	2148	1600349	815	2283	1700515	815	2417	1800438	815	2500	1862142	815	2551	1900253	815	2686	2000233	815	2820	2100121	815	2955	2200487	815	3000	2233867	815	3089	2300338	815	3224	2400510	815	3358	2500340	815	
138	100330	912	274	200279	912	410	300383	912	500	366402	912	546	400136	912	682	500374	912	818	600070	912	955	700474	912	1000	733423	912	1091	800715	912	1227	900341	912	1363	1000240	912	1500	1100636	912	1500	1100673	912	1636	1200766	912	1772	1300601	912	1908	1400659	912	2000	1468108	912	2044	1500310	912	2181	1600767	912	2316	1700459	912	2451	1800753	912	2500	1836984	912	2587	1900689	912	2723	2000339	912	2859	2100195	912	2995	2200283	912	3000	2203942	912	3130	2300095	912	3266	2400157	912	3402	2500191	912	
136	100268	816	270	200294	816	404	300086	816	500	371992	816	538	400307	816	673	500734	816	807	600582	816	941	700669	816	1000	744557	816	1075	800623	816	1209	900408	816	1343	1000305	816	1478	1100761	816	1500	1117206	816	1611	1200323	816	1745	1300297	816	1880	1400686	816	2000	1490132	816	2014	1500643	816	2148	1600281	816	2282	1700526	816	2415	1800054	816	2500	1863297	816	2550	1900415	816	2684	2000557	816	2808	2100776	816	2941	2200635	816	3000	2244793	816	3074	2300432	816	3208	2400218	816	3342	2500139	816	
139	100199	680	275	200064	680	413	300282	680	500	363485	680	551	400535	680	689	500718	680	827	600728	680	964	700149	680	1000	726349	680	1102	800671	680	1239	900128	680	1377	1000241	680	1500	1089665	680	1515	1100615	680	1652	1200249	680	1786	1300068	680	1923	1400522	680	2000	1456456	680	2060	1500192	680	2198	1600261	680	2336	1700245	680	2474	1800728	680	2500	1819587	680	2612	1900675	680	2749	2000454	680	2887	2100670	680	3000	2182778	680	3024	2200324	680	3162	2300618	680	3299	2400157	680	3437	2500193	680	
136	100122	505	270	200572	505	402	300062	505	500	373412	505	536	400362	505	666	500144	505	800	600412	505	934	700541	505	1000	749887	505	1067	800222	505	1201	900207	505	1335	1000606	505	1468	1100601	505	1500	1124802	505	1601	1200691	505	1734	1300568	505	1867	1400126	505	2000	1499612	505	2001	1500392	505	2135	1600278	505	2269	1700088	505	2402	1800534	505	2500	1874756	505	2534	1900249	505	2668	2000551	505	2802	2100730	505	2935	2200206	505	3000	2248805	505	3069	2300552	505	3203	2400684	505	3335	2500353	505	
141	100090	772	281	200070	772	421	300633	772	500	356985	772	561	400466	772	700	500607	772	840	600374	772	980	700313	772	1000	714510	772	1121	800535	772	1261	900106	772	1402	1000245	772	1500	1070092	772	1542	1100552	772	1681	1200320	772	1821	1300116	772	1961	1400230	772	2000	1428256	772	2101	1500237	772	2242	1600704	772	2382	1700593	772	2500	1784936	772	2522	1800588	772	2662	1900506	772	2802	2000717	772	2941	2100134	772	3000	2142305	772	3081	2200368	772	3221	2300380	772	3361	2400091	772	3500	2499061	772	3502	2500516	772	
135	100749	896	268	200724	896	400	300305	896	500	375543	896	533	400246	896	667	500251	896	801	600453	896	935	700789	896	1000	749267	896	1068	800182	896	1202	900763	896	1335	1000574	896	1469	1100681	896	1500	1123825	896	1602	1200271	896	1736	1300315	896	1869	1400609	896	2000	1498713	896	2002	1500247	896	2136	1600463	896	2270	1700759	896	2402	1800035	896	2500	1876232	896	2532	1900338	896	2666	2000526	896	2800	2100471	896	2933	2200037	896	3000	2250457	896	3066	2300466	896	3199	2400770	896	3333	2500777	896	
146	100072	190	290	200523	190	433	300108	190	500	346722	190	577	400587	190	720	500626	190	863	600211	190	1000	695704	190	1007	700640	190	1150	800150	190	1293	900040	190	1434	1000076	190	1500	1047294	190	1576	1100498	190	1719	1200114	190	1862	1300093	190	2000	1396069	190	2006	1400285	190	2150	1500337	190	2294	1600510	190	2438	1700586	190	2500	1743714	190	2581	1800136	190	2725	1900464	190	2868	2000130	190	3000	2092330	190	3012	2100705	190	3154	2200122	190	3298	2300693	190	3440	2400162	190	3500	2442110	190	3583	2500334	190	
138	100556	205	269	200321	205	402	300771	205	500	374118	205	535	400316	205	668	500033	205	801	600201	205	935	700441	205	1000	749162	205	1068	800251	205	1202	900343	205	1335	1000241	205	1468	1100045	205	1500	1123988	205	1602	1200694	205	1735	1300236	205	1869	1400747	205	2000	1498537	205	2002	1500057	205	2136	1600282	205	2270	1700731	205	2403	1800319	205	2500	1873171	205	2536	1900115	205	2670	2000446	205	2804	2100730	205	2937	2200437	205	3000	2247656	205	3070	2300058	205	3204	2400115	205	3338	2500630	205	
138	100175	171	273	200475	171	408	300398	171	500	368847	171	543	400682	171	677	500283	171	812	600165	171	948	700737	171	1000	739313	171	1083	800715	171	1217	900145	171	1352	1000215	171	1487	1100678	171	1500	1110331	171	1622	1200710	171	1757	1300455	171	1892	1400591	171	2000	1480763	171	2027	1500759	171	2162	1600747	171	2297	1700705	171	2432	1800531	171	2500	1850803	171	2567	1900325	171	2702	2000410	171	2837	2100816	171	2971	2200466	171	3000	2221912	171	3106	2300491	171	3237	2400110	171	3372	2500366	171	
145	100123	300	287	200072	300	430	300477	300	500	349483	300	572	400432	300	714	500269	300	856	600315	300	998	700468	300	1000	701874	300	1140	800372	300	1282	900541	300	1423	1000051	300	1500	1054185	300	1566	1100712	300	1708	1200718	300	1850	1300685	300	1992	1400476	300	2000	1406152	300	2134	1500711	300	2272	1600075	300	2415	1700713	300	2500	1760511	300	2557	1800487	300	2699	1900334	300	2842	2000608	300	2984	2100223	300	3000	2111481	300	3126	2200504	300	3268	2300302	300	3411	2400456	300	3500	2462814	300	3554	2500601	300	
140	100668	307	276	200706	307	412	300525	307	500	365625	307	547	400145	307	684	500461	307	821	600537	307	957	700312	307	1000	733257	307	1090	800127	307	1227	900598	307	1363	1000719	307	1499	1100345	307	1500	1101135	307	1635	1200466	307	1771	1300203	307	1908	1400576	307	2000	1468143	307	2044	1500714	307	2179	1600544	307	2315	1700742	307	2451	1800742	307	2500	1836838	307	2586	1900052	307	2722	2000357	307	2858	2100388	307	2994	2200109	307	3000	2204542	307	3131	2300344	307	3268	2400716	307	3404	2500703	307	
146	100542	374	289	200270	374	432	300287	374	500	347856	374	575	400176	374	719	500624	374	861	600126	374	1000	697480	374	1004	700307	374	1147	800602	374	1289	900126	374	1432	1000614	374	1500	1048076	374	1575	1100621	374	1717	1200178	374	1860	1300106	374	2000	1398033	374	2003	1400160	374	2146	1500187	374	2289	1600121	374	2432	1700294	374	2500	1747886	374	2575	1800368	374	2718	1900715	374	2860	2000267	374	3000	2098367	374	3003	2100474	374	3145	2200094	374	3288	2300401	374	3431	2400455	374	3500	2448694	374	3574	2500343	374	
142	100143	426	281	200038	426	420	300038	426	500	357637	426	559	400299	426	698	500048	426	838	600726	426	977	700508	426	1000	716978	426	1116	800292	426	1256	900699	426	1393	1000307	426	1500	1077420	426	1532	1100531	426	1671	1200304	426	1811	1300436	426	1950	1400141	426	2000	1436076	426	2090	1500690	426	2229	1600718	426	2367	1700059	426	2500	1795447	426	2507	1800483	426	2646	1900263	426	2785	2000499	426	2923	2100450	426	3000	2157845	426	3059	2200150	426	3198	2300090	426	3338	2400642	426	3477	2500624	426	
139	100455	250	274	200564	250	409	300554	250	500	368056	250	544	400748	250	679	500670	250	814	600536	250	949	700434	250	1000	738182	250	1084	800449	250	1219	900212	250	1354	1000338	250	1489	1100342	250	1500	1108506	250	1624	1200170	250	1758	1300598	250	1890	1400249	250	2000	1481546	250	2025	1500105	250	2160	1600147	250	2295	1700225	250	2429	1800193	250	2500	1853591	250	2563	1900293	250	2696	2000067	250	2830	2100033	250	2964	2200115	250	3000	2226816	250	3099	2300084	250	3235	2400525	250	3370	2500604	250	
143	100124	186	283	200506	186	422	300171	186	500	355827	186	562	400079	186	699	500120	186	837	600266	186	977	700575	186	1000	717068	186	1116	800269	186	1256	900617	186	1395	1000103	186	1500	1075354	186	1535	1100386	186	1673	1200087	186	1813	1300174	186	1952	1400053	186	2000	1434688	186	2092	1500351	186	2232	1600490	186	2372	1700537	186	2500	1791988	186	2512	1800603	186	2651	1900582	186	2789	2000033	186	2929	2100285	186	3000	2151279	186	3068	2200143	186	3208	2300506	186	3348	2400543	186	3487	2500034	186	
140	100399	331	277	200248	331	414	300100	331	500	362862	331	551	400573	331	688	500679	331	825	600657	331	961	700596	331	1000	728936	331	1098	800194	331	1235	900062	331	1372	1000105	331	1500	1093614	331	1509	1100262	331	1646	1200627	331	1783	1300702	331	1920	1400748	331	2000	1459000	331	2056	1500190	331	2193	1600258	331	2331	1700652	331	2468	1800423	331	2500	1823725	331	2604	1900378	331	2741	2000565	331	2878	2100100	331	3000	2189353	331	3015	2200412	331	3152	2300405	331	3289	2400484	331	3425	2500101	331	
45	100156	4571	90	201525	4571	134	300811	4571	179	402108	4571	223	501341	4571	267	600137	4571	312	701542	4571	356	801132	4571	400	900899	4571	445	1002312	4571	489	1101261	4571	500	1126014	4571	533	1200407	4571	578	1301658	4571	622	1400848	4571	666	1500152	4571	711	1601237	4571	755	1700620	4571	800	1801601	4571	844	1902369	4571	888	2001534	4571	933	2102270	4571	977	2201602	4571	1000	2253334	4571	1021	2300650	4571	1066	2401850	4571	1110	2501457	4571	
45	101293	4598	89	202072	4598	132	300918	4598	176	401780	4598	219	500534	4598	263	601234	4598	307	702074	4598	350	800609	4598	394	901624	4598	435	1001973	4598	478	1102295	4598	500	1152614	4598	521	1200865	4598	565	1301688	4598	608	1400411	4598	652	1501455	4598	696	1602088	4598	739	1700708	4598	783	1801857	4598	827	1902224	4598	870	2000622	4598	914	2101608	4598	957	2200807	4598	1000	2299663	4598	1001	2302096	4598	1044	2400637	4598	1088	2502236	4598	
45	102245	4831	87	200820	4831	131	300958	4831	175	400503	4831	220	502424	4831	263	600478	4831	308	702486	4831	352	802225	4831	396	901539	4831	440	1001324	4831	484	1100666	4831	500	1137179	4831	528	1200784	4831	572	1300853	4831	616	1400828	4831	661	1502319	4831	705	1601985	4831	749	1701729	4831	793	1801163	4831	837	1900689	4831	882	2002315	4831	926	2101334	4831	970	2200747	4831	1000	2268856	4831	1014	2300606	4831	1059	2402300	4831	1103	2501960	4831	
46	100763	3779	90	200277	3779	135	301858	3779	179	401219	3779	223	500635	3779	267	600983	3779	311	701887	3779	355	801701	3779	399	901572	3779	443	1001190	3779	487	1100674	3779	500	1130225	3779	531	1200258	3779	576	1302212	3779	620	1401946	3779	664	1501339	3779	708	1600529	3779	753	1702204	3779	797	1801446	3779	841	1900651	3779	885	2000354	3779	930	2102082	3779	974	2201739	3779	1000	2260688	3779	1017	2301179	3779	1061	2401698	3779	1105	2501358	3779	
45	101170	3969	88	200947	3969	131	300646	3969	175	402317	3969	218	501667	3969	261	601069	3969	304	701085	3969	347	801209	3969	390	900833	3969	433	1000179	3969	477	1102132	3969	500	1155348	3969	520	1201550	3969	563	1301070	3969	607	1402296	3969	649	1502099	3969	692	1601716	3969	735	1701560	3969	778	1801140	3969	821	1900632	3969	864	2000190	3969	908	2101508	3969	951	2200520	3969	994	2300573	3969	1000	2314405	3969	1037	2400237	3969	1081	2502224	3969	
44	101205	4698	87	200187	4698	131	301789	4698	174	400695	4698	218	502120	4698	260	601033	4698	303	700226	4698	347	802262	4698	390	901842	4698	433	1002256	4698	476	1101869	4698	500	1157279	4698	519	1201202	4698	563	1302390	4698	605	1400328	4698	648	1500503	4698	692	1601781	4698	735	1701077	4698	778	1800722	4698	822	1902159	4698	865	2001164	4698	908	2100857	4698	952	2202213	4698	995	2301618	4698	1000	2313068	4698	1038	2400521	4698	1082	2501835	4698	
45	100227	4038	89	201960	4038	132	300892	4038	176	401829	4038	219	500833	4038	263	602442	4038	306	701288	4038	349	800607	4038	393	901536	4038	436	1000638	4038	480	1102245	4038	500	1148254	4038	523	1201218	4038	566	1300604	4038	610	1401806	4038	653	1500685	4038	697	1602347	4038	740	1700987	4038	783	1800549	4038	827	1902144	4038	870	2001637	4038	913	2100704	4038	956	2200493	4038	1000	2301738	4038	1000	2301877	4038	1043	2401142	4038	1086	2500198	4038	
45	101032	4216	88	201284	4216	131	301792	4216	174	402149	4216	216	500472	4216	259	601184	4216	302	702139	4216	344	800485	4216	387	900655	4216	430	1001044	4216	473	1101380	4216	500	1164627	4216	516	1202053	4216	558	1300516	4216	601	1400646	4216	644	1500988	4216	687	1601125	4216	730	1701888	4216	772	1800336	4216	814	1900597	4216	857	2001290	4216	900	2101675	4216	943	2201770	4216	985	2300446	4216	1000	2335809	4216	1028	2401329	4216	1071	2501546	4216	
46	101786	4613	90	200970	4613	135	302122	4613	179	400749	4613	224	501912	4613	268	600613	4613	313	701517	4613	358	802117	4613	402	900233	4613	446	1000807	4613	490	1100400	4613	500	1122956	4613	535	1201476	4613	580	1302014	4613	624	1400537	4613	669	1501629	4613	713	1600644	4613	758	1701093	4613	803	1801570	4613	848	1902238	4613	892	2000971	4613	937	2102137	4613	981	2201146	4613	1000	2243921	4613	1026	2302234	4613	1070	2400471	4613	1115	2501090	4613	
45	100862	4391	87	200516	4391	131	301767	4391	174	400934	4391	218	502246	4391	261	600684	4391	305	701956	4391	348	800799	4391	392	902108	4391	435	1001881	4391	478	1101221	4391	500	1151763	4391	522	1202204	4391	565	1301508	4391	608	1400218	4391	652	1501690	4391	695	1600565	4391	739	1701836	4391	782	1800579	4391	826	1901767	4391	869	2000693	4391	913	2102183	4391	956	2201687	4391	999	2300339	4391	1000	2302754	4391	1043	2402107	4391	1086	2501339	4391	
48	100828	1776	93	202277	1776	137	302280	1776	181	401617	1776	225	501207	1776	269	600545	1776	314	702021	1776	358	800707	1776	403	902109	1776	447	1000945	1776	492	1101982	1776	500	1120094	1776	536	1201239	1776	580	1300833	1776	625	1402249	1776	669	1501322	1776	713	1600539	1776	758	1701981	1776	802	1801064	1776	847	1902248	1776	891	2002015	1776	935	2101356	1776	979	2201210	1776	1000	2248699	1776	1022	2300978	1776	1066	2400234	1776	1111	2501933	1776	
49	101100	1571	94	202066	1571	138	300537	1571	183	401574	1571	227	500242	1571	272	600931	1571	317	702112	1571	361	801172	1571	406	901880	1571	450	1000954	1571	495	1101906	1571	500	1113220	1571	539	1200584	1571	584	1301350	1571	628	1400149	1571	672	1501369	1571	716	1600403	1571	761	1701081	1571	806	1802026	1571	850	1901042	1571	895	2002062	1571	939	2100855	1571	984	2201812	1571	1000	2237974	1571	1028	2300985	1571	1073	2401878	1571	1117	2501017	1571	
47	101293	2071	88	200978	2071	131	300674	2071	174	400511	2071	218	502389	2071	260	602039	2071	303	702043	2071	346	801649	2071	389	901312	2071	432	1000971	2071	475	1100358	2071	500	1158280	2071	518	1200480	2071	561	1300157	2071	605	1402050	2071	648	1501626	2071	691	1600945	2071	734	1701096	2071	777	1800360	2071	820	1900207	2071	864	2002144	2071	907	2101903	2071	950	2201245	2071	993	2300953	2071	1000	2317233	2071	1036	2400741	2071	1079	2500396	2071	
49	101653	1644	93	200525	1644	137	301651	1644	181	400190	1644	226	500770	1644	271	601630	1644	316	702257	1644	360	800620	1644	405	901083	1644	450	1002045	1644	494	1100447	1644	500	1113974	1644	539	1201246	1644	584	1302194	1644	628	1400710	1644	673	1502308	1644	717	1601101	1644	762	1701908	1644	806	1800427	1644	851	1901399	1644	896	2002082	1644	940	2100629	1644	985	2201299	1644	1000	2234974	1644	1030	2302339	1644	1074	2400694	1644	1119	2501001	1644	
50	102156	1214	94	200817	1214	139	301495	1214	184	402228	1214	228	500573	1214	273	600400	1214	318	700993	1214	363	800992	1214	408	900994	1214	453	1001380	1214	498	1101465	1214	500	1106066	1214	543	1201939	1214	588	1302150	1214	632	1400162	1214	677	1500282	1214	722	1600961	1214	767	1701349	1214	812	1801558	1214	856	1902028	1214	901	2002110	1214	946	2102148	1214	990	2200439	1214	1000	2222861	1214	1035	2301285	1214	1080	2402122	1214	1124	2500254	1214	
48	101348	1233	91	202089	1233	133	300282	1233	176	400349	1233	219	500461	1233	262	600689	1233	305	701265	1233	348	801547	1233	391	901557	1233	434	1002316	1233	476	1102318	1233	500	1158401	1233	518	1200339	1233	561	1300975	1233	604	1401262	1233	647	1501815	1233	689	1600151	1233	732	1700467	1233	775	1800732	1233	818	1901283	1233	861	2001621	1233	904	2102006	1233	946	2200415	1233	989	2300904	1233	1000	2326678	1233	1032	2401144	1233	1075	2501479	1233	
51	102161	1244	95	200543	1244	141	301439	1244	187	401553	1244	233	501878	1244	279	602059	1244	324	700311	1244	370	801546	1244	416	902193	1244	461	1000495	1244	500	1085467	1244	507	1100925	1244	553	1201790	1244	599	1301961	1244	645	1402166	1244	690	1500457	1244	736	1600731	1244	782	1700852	1244	828	1800994	1244	874	1901330	1244	920	2001680	1244	966	2101546	1244	1000	2175679	1244	1012	2201889	1244	1057	2300456	1244	1103	2400492	1244	1149	2500981	1244	
48	101923	1601	91	201890	1601	134	301225	1601	177	400476	1601	221	501865	1601	264	601575	1601	307	700684	1601	351	801910	1601	394	901084	1601	438	1002402	1601	481	1101448	1601	500	1145162	1601	524	1200523	1601	568	1301499	1601	611	1400448	1601	655	1501992	1601	698	1601281	1601	741	1700410	1601	785	1801810	1601	828	1901280	1601	871	2000742	1601	914	2100258	1601	958	2202142	1601	1000	2299456	1601	1001	2302131	1601	1043	2400954	1601	1087	2502407	1601	
48	101981	1426	90	201239	1426	132	300629	1426	175	401959	1426	217	500915	1426	259	600243	1426	302	702173	1426	344	801091	1426	387	902417	1426	429	1001286	1426	471	1100690	1426	500	1169148	1426	513	1200131	1426	556	1301800	1426	598	1400853	1426	639	1500732	1426	681	1600303	1426	724	1701481	1426	767	1802436	1426	809	1901537	1426	851	2000525	1426	894	2102097	1426	936	2201417	1426	978	2300491	1426	1000	2352253	1426	1021	2401915	1426	1063	2501040	1426	
50	102103	1124	95	201089	1124	140	300564	1124	185	400208	1124	231	501674	1124	275	600288	1124	321	702116	1124	366	801448	1124	411	900645	1124	457	1002132	1124	500	1097054	1124	502	1101527	1124	547	1200929	1124	593	1302289	1124	638	1401564	1124	683	1500621	1124	729	1602102	1124	774	1700876	1124	819	1800562	1124	865	1901821	1124	910	2001411	1124	955	2100725	1124	1000	2200194	1124	1000	2200333	1124	1046	2301794	1124	1091	2401474	1124	1136	2501527	1124	
11	109087	23152	20	204196	23152	30	309793	23152	39	404689	23152	49	510100	23152	58	604980	23152	67	700882	23152	77	807257	23152	86	902865	23152	96	1008674	23152	105	1103991	23152	115	1209773	23152	124	1304741	23152	134	1410367	23152	143	1505500	23152	153	1611083	23152	162	1706172	23152	171	1801086	23152	181	1906622	23152	190	2001649	23152	200	2107150	23152	209	2202546	23152	219	2308119	23152	228	2403039	23152	238	2508511	23152	
10	105393	24692	19	203488	24692	28	301284	24692	38	410078	24692	47	508240	24692	56	605867	24692	65	703740	24692	74	801378	24692	84	910271	24692	93	1008250	24692	102	1105925	24692	111	1204211	24692	120	1302156	24692	130	1411403	24692	139	1509867	24692	147	1601269	24692	156	1702521	24692	166	1811212	24692	175	1909120	24692	184	2007086	24692	193	2104882	24692	202	2202849	24692	212	2311541	24692	221	2409491	24692	230	2507217	24692	
10	101706	22968	20	207963	22968	29	303366	22968	39	409030	22968	48	504334	22968	57	602738	22968	67	708446	22968	76	803890	22968	86	909687	22968	95	1004704	22968	105	1110535	22968	114	1206312	22968	123	1301642	22968	133	1407338	22968	142	1502502	22968	152	1608137	22968	161	1703141	22968	171	1809052	22968	180	1904498	22968	190	2010257	22968	199	2106364	22968	208	2201686	22968	218	2307818	22968	227	2403250	22968	237	2508892	22968	
10	102770	24111	20	210060	24111	29	306634	24111	38	403248	24111	48	510245	24111	57	606828	24111	66	703234	24111	76	810990	24111	85	907983	24111	94	1004681	24111	103	1101128	24111	113	1207887	24111	122	1304097	24111	132	1411089	24111	141	1507371	24111	150	1603504	24111	160	1710735	24111	169	1807474	24111	178	1903869	24111	187	2000858	24111	197	2107800	24111	206	2204376	24111	215	2300798	24111	225	2408049	24111	234	2506427	24111	
11	110254	23503	20	206476	23503	29	302947	23503	39	409611	23503	48	505654	23503	57	602069	23503	67	708793	23503	76	805096	23503	85	901453	23503	95	1008117	23503	104	1104195	23503	114	1210930	23503	123	1307347	23503	132	1406086	23503	141	1503757	23503	151	1610821	23503	160	1706949	23503	169	1803252	23503	179	1910244	23503	188	2006445	23503	197	2102661	23503	207	2209447	23503	216	2305770	23503	225	2401966	23503	235	2508652	23503	
10	101392	23622	20	207894	23622	29	304951	23622	38	403450	23622	48	510504	23622	57	606599	23622	66	702917	23622	76	809911	23622	85	906242	23622	94	1002292	23622	104	1108932	23622	113	1204967	23622	122	1301119	23622	132	1407952	23622	141	1503984	23622	151	1610385	23622	160	1706475	23622	169	1802538	23622	179	1908935	23622	188	2004897	23622	197	2100899	23622	207	2207865	23622	216	2304074	23622	226	2410771	23622	235	2506756	23622	
11	110711	23996	20	205864	23996	29	300907	23996	39	406561	23996	48	501815	23996	58	607494	23996	67	703059	23996	77	809573	23996	86	904801	23996	96	1010921	23996	105	1106113	23996	114	1202065	23996	124	1307727	23996	133	1402665	23996	143	1508434	23996	152	1603594	23996	162	1709575	23996	171	1804726	23996	181	1910527	23996	190	2005848	23996	199	2100914	23996	209	2207013	23996	218	2304332	23996	228	2409935	23996	237	2505293	23996	
10	104773	25425	20	209427	25425	29	303500	25425	39	407977	25425	48	501757	25425	58	606758	25425	67	700818	25425	77	805738	25425	87	910364	25425	96	1004511	25425	106	1108880	25425	115	1205208	25425	124	1300914	25425	134	1405379	25425	144	1509809	25425	153	1603932	25425	163	1708873	25425	172	1802944	25425	182	1908797	25425	191	2002877	25425	201	2107534	25425	210	2201666	25425	220	2305986	25425	230	2410321	25425	239	2504444	25425	
10	105098	24964	19	204434	24964	28	301988	24964	38	410130	24964	47	507530	24964	56	605022	24964	65	702184	24964	75	810329	24964	84	907676	24964	93	1004889	24964	102	1101849	24964	112	1209782	24964	121	1306791	24964	130	1403899	24964	139	1501848	24964	149	1609791	24964	158	1707038	24964	167	1804210	24964	176	1901522	24964	186	2009286	24964	195	2106598	24964	204	2204076	24964	213	2301198	24964	223	2409131	24964	232	2506790	24964	
10	103366	24682	19	202922	24682	28	301712	24682	38	410995	24682	47	509522	24682	56	607981	24682	65	706365	24682	74	804805	24682	83	903594	24682	92	1002666	24682	101	1101281	24682	111	1211083	24682	120	1310188	24682	129	1409420	24682	138	1507749	24682	147	1606223	24682	156	1704812	24682	165	1803865	24682	174	1902267	24682	183	2000892	24682	192	2101411	24682	202	2211068	24682	211	2310256	24682	220	2409388	24682	229	2507853	24682	
11	107420	19538	21	202221	14082	32	307161	9199	42	408914	9179	51	505472	9179	60	602059	9179	70	709656	9179	79	806333	9179	88	903474	9179	97	1002125	9179	107	1110166	9179	116	1206914	9179	125	1303380	9179	135	1410357	9179	144	1507066	9179	153	1603864	9179	162	1702281	9179	172	1809610	9179	181	1906275	9179	190	2002769	9179	200	2110363	9179	209	2207286	9179	218	2304072	9179	228	2411281	9179	237	2507735	9179	
11	106295	21280	22	209136	17428	32	302018	13085	43	403320	9811	53	504840	9811	63	607701	9811	73	710162	9811	82	802339	9811	92	904452	9811	102	1006347	9811	112	1108811	9811	121	1201033	9811	131	1303394	9811	141	1405542	9811	151	1507600	9811	161	1609831	9811	170	1701844	9811	180	1804482	9811	190	1906775	9811	200	2009184	9811	209	2101267	9811	219	2204232	9811	229	2306611	9811	239	2408949	9811	248	2500884	9811	
11	108993	20901	21	205593	17072	31	302338	13775	42	408658	10519	51	503974	10519	61	610791	10519	70	707130	10519	79	803494	10519	89	910847	10519	98	1007041	10519	107	1103171	10519	117	1210034	10519	126	1306394	10519	135	1402914	10519	145	1510250	10519	154	1606542	10519	163	1702519	10519	173	1809507	10519	182	1908808	10519	191	2005377	10519	200	2101736	10519	210	2209098	10519	219	2305398	10519	228	2402077	10519	238	2509359	10519	
11	110592	22350	21	207308	19086	31	304824	16365	41	400877	13086	52	507381	10923	61	601627	10923	71	706246	10923	80	802463	10923	90	907191	10923	99	1001348	10923	109	1106112	10923	119	1210696	10923	128	1304509	10923	138	1409085	10923	147	1503427	10923	157	1607838	10923	166	1701792	10923	176	1806202	10923	186	1910765	10923	195	2004940	10923	205	2109964	10923	214	2204951	10923	224	2309593	10923	233	2403653	10923	243	2508193	10923	
11	106450	20163	21	201068	16322	32	304886	11393	43	409696	8219	52	503937	8219	62	609238	8219	71	704050	8219	81	809319	8219	90	904370	8219	100	1009737	8219	109	1104700	8219	119	1209914	8219	128	1304972	8219	138	1410086	8219	147	1505089	8219	157	1610403	8219	166	1705047	8219	176	1810376	8219	185	1905130	8219	195	2010487	8219	204	2105327	8219	214	2210379	8219	223	2305530	8219	233	2410974	8219	242	2506241	8219	
11	107523	21769	21	201346	17398	32	304460	12434	43	408980	9767	52	502418	9767	62	606436	9767	72	710085	9767	81	803285	9767	91	906803	9767	101	1010536	9767	110	1103740	9767	120	1207430	9767	130	1310952	9767	139	1404409	9767	149	1508081	9767	158	1601924	9767	168	1708349	9767	177	1801574	9767	187	1905275	9767	197	2008867	9767	206	2102089	9767	216	2206120	9767	226	2309752	9767	235	2403002	9767	245	2506490	9767	
11	108290	20432	21	204296	16566	32	309922	12186	42	405240	8946	52	509169	8946	60	602339	8946	70	709939	8946	79	806375	8946	88	902366	8946	98	1009336	8946	107	1105549	8946	116	1202505	8946	126	1309162	8946	135	1405280	8946	144	1501309	8946	154	1607880	8946	163	1704070	8946	173	1810393	8946	182	1906397	8946	191	2003471	8946	201	2110187	8946	210	2206436	8946	219	2303235	8946	229	2409719	8946	238	2506254	8946	
11	106643	19628	21	201142	15263	32	304622	10325	43	409643	8204	52	502741	8204	62	606528	8204	72	710590	8204	81	804152	8204	91	907757	8204	100	1001641	8204	110	1106281	8204	120	1209999	8204	129	1303336	8204	139	1406857	8204	149	1510724	8204	158	1604326	8204	168	1708157	8204	177	1801770	8204	187	1905606	8204	197	2009131	8204	206	2102545	8204	216	2206356	8204	226	2310041	8204	235	2403308	8204	245	2509747	8204	
11	108065	21505	21	203863	18223	32	306744	12232	42	401564	9040	52	504359	9040	62	607720	9040	71	700944	9040	81	804353	9040	91	907958	9040	100	1000916	9040	110	1104650	9040	120	1208008	9040	129	1301186	9040	139	1406273	9040	148	1500978	9040	158	1604706	9040	168	1708602	9040	177	1801964	9040	187	1905721	9040	197	2009032	9040	206	2102008	9040	216	2205532	9040	226	2308851	9040	235	2402051	9040	245	2505382	9040	
11	106621	19786	21	201949	16468	32	305332	11596	42	405465	11021	52	510951	11021	61	605980	11021	71	710822	11021	80	805868	11021	90	911056	11021	99	1006271	11021	108	1101069	11021	118	1205852	11021	128	1310980	11021	137	1405910	11021	147	1511137	11021	156	1605917	11021	166	1711111	11021	175	1805438	11021	185	1910442	11021	194	2005075	11021	204	2110322	11021	213	2206092	11021	223	2311025	11021	232	2405679	11021	242	2511006	11021	
148	100599	78	296	200424	78	444	300209	78	500	338265	78	592	400442	78	739	500495	78	886	600569	78	1000	678109	78	1033	700336	78	1182	800310	78	1330	900174	78	1477	1000107	78	1500	1015757	78	1624	1100239	78	1771	1200205	78	1920	1300436	78	2000	1354291	78	2069	1400674	78	2217	1500246	78	2365	1600079	78	2500	1691045	78	2514	1700469	78	2663	1800553	78	2811	1900546	78	2959	2000095	78	3000	2027727	78	3108	2100325	78	3257	2200416	78	3405	2300391	78	3500	2366692	78	3549	2400060	78	3698	2500114	78	
145	100166	68	289	200369	68	433	300065	68	500	346491	68	578	400699	68	723	500504	68	868	600505	68	1000	691496	68	1013	700497	68	1157	800387	68	1300	900699	68	1444	1000460	68	1500	1039278	68	1588	1100230	68	1733	1200554	68	1877	1300388	68	2000	1385817	68	2021	1400340	68	2166	1500326	68	2307	1600138	68	2452	1700176	68	2500	1733418	68	2597	1800175	68	2742	1900402	68	2887	2000495	68	3000	2078308	68	3032	2100565	68	3177	2200492	68	3322	2300388	68	3467	2400550	68	3500	2423455	68	3611	2500391	68	
151	100683	86	301	200669	86	450	300330	86	500	333808	86	599	400033	86	749	500133	86	899	600173	86	1000	667278	86	1043	700331	86	1189	800435	86	1339	900554	86	1488	1000056	86	1500	1008092	86	1638	1100041	86	1788	1200572	86	1937	1300104	86	2000	1342263	86	2087	1400505	86	2237	1500345	86	2386	1600053	86	2500	1675966	86	2536	1700145	86	2686	1800577	86	2836	1900397	86	2986	2000536	86	3000	2009939	86	3135	2100546	86	3285	2200665	86	3434	2300608	86	3500	2344703	86	3583	2400337	86	3733	2500592	86	
150	100575	64	299	200532	64	447	300142	64	500	335768	64	595	400294	64	744	500271	64	893	600216	64	1000	671825	64	1042	700072	64	1192	800373	64	1341	900050	64	1490	1000099	64	1500	1006797	64	1639	1100074	64	1789	1200557	64	1938	1300503	64	2000	1341901	64	2087	1400656	64	2235	1500035	64	2384	1600063	64	2500	1677883	64	2534	1700606	64	2683	1800272	64	2833	1900664	64	2981	2000304	64	3000	2013088	64	3130	2100138	64	3279	2200193	64	3428	2300206	64	3500	2348453	64	3577	2400105	64	3727	2500552	64	
140	100617	87	279	200572	87	417	300381	87	500	360303	87	556	400551	87	695	500528	87	834	600157	87	974	700379	87	1000	719018	87	1113	800315	87	1252	900689	87	1390	1000334	87	1500	1079779	87	1529	1100600	87	1667	1200124	87	1806	1300215	87	1945	1400053	87	2000	1439747	87	2085	1500732	87	2223	1600113	87	2362	1700138	87	2500	1799120	87	2502	1800583	87	2641	1900532	87	2780	2000643	87	2916	2100489	87	3000	2161092	87	3055	2200708	87	3193	2300295	87	3332	2400295	87	3471	2500227	87	
161	100077	88	321	200390	88	481	300170	88	500	312020	88	642	400545	88	802	500109	88	964	600603	88	1000	622954	88	1124	700485	88	1284	800162	88	1445	900128	88	1500	934640	88	1605	1000196	88	1766	1100292	88	1927	1200380	88	2000	1245851	88	2084	1300594	88	2243	1400132	88	2403	1500120	88	2500	1560438	88	2564	1600224	88	2724	1700408	88	2885	1800312	88	3000	1871842	88	3046	1900382	88	3206	2000378	88	3366	2100251	88	3500	2183754	88	3527	2200566	88	3687	2300192	88	3848	2400058	88	4000	2494960	88	4009	2500566	88	
142	100538	86	283	200523	86	424	300373	86	500	354216	86	565	400165	86	703	500066	86	845	600490	86	986	700130	86	1000	710043	86	1127	800493	86	1266	900127	86	1408	1000576	86	1500	1065647	86	1549	1100557	86	1690	1200319	86	1831	1300288	86	1972	1400093	86	2000	1419993	86	2114	1500478	86	2255	1600332	86	2396	1700087	86	2500	1773934	86	2537	1800155	86	2679	1900574	86	2820	2000623	86	2961	2100696	86	3000	2128284	86	3102	2200362	86	3243	2300306	86	3384	2400575	86	3500	2483093	86	3524	2500085	86	
152	100670	64	302	200272	64	453	300599	64	500	331713	64	603	400191	64	755	500655	64	905	600367	64	1000	663334	64	1056	700406	64	1207	800520	64	1358	900554	64	1500	994764	64	1508	1000099	64	1658	1100630	64	1809	1200591	64	1959	1300142	64	2000	1327276	64	2110	1400044	64	2261	1500248	64	2413	1600567	64	2500	1658195	64	2564	1700561	64	2715	1800329	64	2866	1900470	64	3000	1989056	64	3017	2000310	64	3167	2100562	64	3318	2200649	64	3468	2300411	64	3500	2321561	64	3619	2400676	64	3769	2500411	64	
144	100605	88	287	200286	88	430	300051	88	500	348892	88	574	400446	88	717	500463	88	860	600084	88	1000	697379	88	1004	700213	88	1148	800574	88	1290	900539	88	1433	1000447	88	1500	1047193	88	1576	1100289	88	1719	1200633	88	1862	1300213	88	2000	1396633	88	2005	1400163	88	2148	1500173	88	2292	1600530	88	2435	1700203	88	2500	1745584	88	2579	1800435	88	2719	1900660	88	2862	2000520	88	3000	2096874	88	3005	2100382	88	3149	2200687	88	3290	2300534	88	3433	2400119	88	3500	2446844	88	3577	2500436	88	
145	100663	94	289	200413	94	433	300044	94	500	346389	94	577	400098	94	722	500098	94	868	600669	94	1000	692045	94	1012	700469	94	1156	800247	94	1300	900188	94	1445	1000405	94	1500	1040697	94	1585	1100544	94	1729	1200436	94	1866	1300377	94	2000	1393879	94	2009	1400111	94	2155	1500703	94	2299	1600339	94	2443	1700143	94	2500	1739548	94	2588	1800051	94	2734	1900599	94	2878	2000269	94	3000	2084507	94	3023	2100355	94	3168	2200215	94	3314	2300642	94	3458	2400390	94	3500	2429401	94	3603	2500446	94	
171	100200	84	341	200069	84	500	295766	84	508	300461	84	679	400367	84	850	500176	84	1000	587916	84	1021	600280	84	1191	700315	84	1361	800455	84	1500	881571	84	1532	900474	84	1703	1000461	84	1873	1100308	84	2000	1175143	84	2043	1200332	84	2214	1300440	84	2385	1400358	84	2500	1467500	84	2556	1500211	84	2726	1600099	84	2897	1700150	84	3000	1760529	84	3068	1800219	84	3239	1900150	84	3411	2000563	84	3500	2052659	84	3582	2100554	84	3752	2200086	84	3923	2300108	84	4000	2345419	84	4093	2400502	84	4263	2500469	84	
154	100287	82	308	200176	82	462	300041	82	500	324745	82	616	400337	82	770	500516	82	924	600611	82	1000	650040	82	1077	700112	82	1230	800093	82	1385	900515	82	1500	975299	82	1538	1000065	82	1692	1100234	82	1846	1200229	82	2000	1300334	82	2000	1300366	82	2154	1400382	82	2308	1500488	82	2462	1600324	82	2500	1624924	82	2616	1700325	82	2768	1800193	82	2922	1900473	82	3000	1951222	82	3075	2000183	82	3229	2100151	82	3383	2200629	82	3500	2276808	82	3536	2300170	82	3689	2400561	82	3841	2500484	82	
160	100407	60	319	200424	60	478	300331	60	500	314083	60	636	400327	60	794	500248	60	953	600261	60	1000	630055	60	1111	700025	60	1270	800168	60	1428	900151	60	1500	945596	60	1587	1000352	60	1746	1100602	60	1904	1200345	60	2000	1260752	60	2063	1300290	60	2222	1400282	60	2381	1500246	60	2500	1574920	60	2538	1600217	60	2696	1700214	60	2855	1800151	60	3000	1891225	60	3014	1900032	60	3174	2000630	60	3332	2100216	60	3491	2200272	60	3500	2205965	60	3650	2300400	60	3809	2400531	60	3968	2500516	60	
167	100062	63	335	200403	63	500	298958	63	502	300199	63	670	400249	63	838	500393	63	1000	596992	63	1006	600586	63	1173	700533	63	1337	800233	63	1500	898545	63	1503	900372	63	1670	1000127	63	1837	1100194	63	2000	1197399	63	2005	1200417	63	2173	1300386	63	2341	1400296	63	2500	1495004	63	2509	1500370	63	2677	1600422	63	2845	1700315	63	3000	1792625	63	3013	1800325	63	3181	1900531	63	3348	2000301	63	3500	2090967	63	3516	2100581	63	3683	2200024	63	3851	2300086	63	4000	2388764	63	4019	2400107	63	4187	2500184	63	
149	100285	54	296	200054	54	445	300354	54	500	337445	54	593	400306	54	741	500407	54	889	600406	54	1000	675232	54	1037	700276	54	1186	800528	54	1334	900250	54	1481	1000177	54	1500	1012952	54	1629	1100278	54	1778	1200693	54	1926	1300356	54	2000	1350234	54	2074	1400048	54	2223	1500364	54	2371	1600163	54	2500	1687062	54	2520	1700604	54	2668	1800362	54	2816	1900252	54	2964	2000049	54	3000	2024304	54	3112	2100061	54	3260	2200072	54	3408	2300077	54	3500	2361849	54	3557	2400213	54	3706	2500449	54	
168	100536	50	334	200569	50	499	300079	50	500	300698	50	668	400606	50	835	500257	50	1000	598560	50	1003	600349	50	1171	700307	50	1339	800324	50	1500	896235	50	1507	900473	50	1674	1000325	50	1842	1100397	50	2000	1194429	50	2010	1200448	50	2177	1300604	50	2345	1400599	50	2500	1492646	50	2513	1500424	50	2679	1600275	50	2846	1700400	50	3000	1792089	50	3014	1800392	50	3182	1900448	50	3349	2000189	50	3500	2090385	50	3517	2100566	50	3672	2200440	50	3840	2300332	50	4000	2396230	50	4007	2400444	50	4175	2500258	50	
162	100510	63	323	200455	63	484	300296	63	500	310173	63	646	400511	63	807	500475	63	968	600264	63	1000	620036	63	1130	700464	63	1291	800166	63	1453	900550	63	1500	929691	63	1614	1000529	63	1775	1100083	63	1937	1200335	63	2000	1239340	63	2098	1300453	63	2255	1400486	63	2416	1500449	63	2500	1552413	63	2577	1600133	63	2739	1700263	63	2901	1800552	63	3000	1861804	63	3062	1900454	63	3223	2000316	63	3384	2100380	63	3500	2172098	63	3546	2200500	63	3707	2300412	63	3868	2400369	63	4000	2482031	63	4030	2500589	63	
153	100421	66	305	200506	66	457	300295	66	500	328416	66	610	400308	66	763	500359	66	912	600381	66	1000	658114	66	1064	700059	66	1217	800174	66	1370	900309	66	1500	985956	66	1522	1000421	66	1675	1100474	66	1827	1200193	66	1980	1300546	66	2000	1313825	66	2130	1400215	66	2283	1500543	66	2435	1600114	66	2500	1642739	66	2588	1700548	66	2740	1800373	66	2892	1900045	66	3000	1970788	66	3045	2000356	66	3198	2100331	66	3351	2200147	66	3500	2297480	66	3504	2300110	66	3656	2400258	66	3809	2500403	66	
166	100148	61	333	200428	61	500	300450	61	500	300482	61	667	400618	61	833	500198	61	1000	600050	61	1000	600083	61	1167	700028	61	1334	800332	61	1499	900043	61	1500	900665	61	1666	1000322	61	1832	1100195	61	1999	1200341	61	2000	1200955	61	2166	1300594	61	2332	1400071	61	2499	1500280	61	2500	1500911	61	2666	1600355	61	2832	1700238	61	2999	1800148	61	3000	1800780	61	3166	1900320	61	3333	2000427	61	3499	2100119	61	3500	2100741	61	3666	2200312	61	3833	2300129	61	3999	2400230	61	4000	2400846	61	4166	2500280	61	
151	100250	87	302	200300	87	453	300513	87	500	332164	87	602	400660	87	752	500600	87	902	600254	87	1000	665383	87	1053	700375	87	1204	800272	87	1355	900106	87	1500	996332	87	1506	1000339	87	1657	1100597	87	1808	1200648	87	1958	1300664	87	2000	1328725	87	2108	1400355	87	2259	1500227	87	2410	1600237	87	2500	1660048	87	2561	1700601	87	2711	1800074	87	2860	1900633	87	3000	1994913	87	3008	2000249	87	3158	2100113	87	3309	2200579	87	3459	2300225	87	3500	2327460	87	3610	2400453	87	3761	2500557	87	
55	101753	337	109	201363	337	163	300895	337	217	400335	337	272	501553	337	326	600787	337	380	700190	337	435	801400	337	489	900742	337	500	920977	337	543	1000145	337	597	1101500	337	651	1201354	337	705	1300684	337	760	1401806	337	814	1501031	337	868	1600492	337	923	1701514	337	977	1800486	337	1000	1842827	337	1032	1901818	337	1086	2001354	337	1140	2100825	337	1194	2200239	337	1249	2301440	337	1303	2400618	337	1357	2500218	337	
48	100999	351	96	201990	351	142	301004	351	190	402072	351	237	500809	351	285	601954	351	332	700790	351	380	801947	351	427	900783	351	475	1001510	351	500	1053941	351	522	1100462	351	570	1201206	351	617	1300422	351	665	1401126	351	713	1502081	351	760	1600539	351	808	1701592	351	855	1801390	351	902	1901126	351	950	2001831	351	997	2100557	351	1000	2107022	351	1045	2201334	351	1092	2300223	351	1140	2401127	351	1188	2501740	351	
49	100119	339	98	200699	339	147	300803	339	196	401722	339	245	501691	339	294	602160	339	342	700229	339	391	800623	339	440	900872	339	489	1001007	339	500	1023646	339	538	1101455	339	587	1201835	339	635	1300119	339	684	1400411	339	732	1500177	339	781	1600180	339	830	1700558	339	879	1800587	339	928	1901444	339	977	2001755	339	1000	2048804	339	1026	2101934	339	1075	2202078	339	1124	2302069	339	1171	2400316	339	1220	2501225	339	
53	100396	325	106	200547	325	159	300303	325	212	400267	325	266	501927	325	319	601714	325	372	701825	325	424	800299	325	477	900819	325	500	944243	325	530	1000824	325	583	1101096	325	636	1201125	325	689	1300828	325	742	1400647	325	795	1501417	325	847	1601412	325	900	1701534	325	953	1801703	325	1000	1890629	325	1005	1900143	325	1059	2001941	325	1111	2100207	325	1165	2202008	325	1217	2300294	325	1270	2400434	325	1323	2500711	325	
52	100843	355	104	201479	355	156	302038	355	207	400914	355	259	501421	355	310	600274	355	361	700865	355	413	802030	355	460	901763	355	500	982531	355	509	1000162	355	561	1101207	355	613	1201921	355	664	1300407	355	716	1400846	355	768	1501073	355	820	1601641	355	871	1700655	355	923	1801474	355	974	1900194	355	1000	1950310	355	1026	2000640	355	1078	2101402	355	1129	2200111	355	1181	2301061	355	1233	2401418	355	1285	2501985	355	
48	100532	339	97	201364	339	145	300326	339	194	401239	339	243	502095	339	291	601672	339	339	700737	339	387	800157	339	436	901291	339	484	1001792	339	500	1034807	339	532	1101124	339	580	1200511	339	629	1301776	339	677	1401079	339	725	1500444	339	774	1601671	339	822	1700898	339	870	1800407	339	919	1901692	339	967	2000767	339	1000	2069259	339	1015	2100307	339	1064	2201405	339	1112	2300777	339	1161	2401749	339	1209	2501214	339	
53	101244	385	105	200631	385	157	300399	385	210	401433	385	262	500906	385	315	601889	385	367	701010	385	419	800463	385	472	901460	385	500	954968	385	524	1000938	385	577	1101870	385	629	1201056	385	681	1300401	385	734	1401406	385	786	1500947	385	838	1600174	385	891	1701652	385	943	1801448	385	995	1900508	385	1000	1910214	385	1046	2001022	385	1098	2100258	385	1151	2201625	385	1202	2301441	385	1254	2400698	385	1307	2502016	385	
56	100587	345	112	201109	345	167	300121	345	223	401315	345	279	501749	345	333	600120	345	389	700852	345	445	801529	345	500	900574	345	500	900683	345	556	1001762	345	611	1100464	345	667	1200879	345	723	1301533	345	777	1401089	345	832	1500404	345	888	1600969	345	943	1700217	345	999	1800992	345	1000	1802911	345	1054	1900909	345	1110	2001846	345	1165	2101184	345	1221	2201836	345	1276	2301023	345	1332	2401554	345	1387	2500943	345	
53	101738	369	105	201736	369	156	300240	369	208	400751	369	260	500407	369	311	600525	369	363	700417	369	415	800434	369	467	900326	369	500	964128	369	519	1000682	369	571	1101125	369	623	1200845	369	675	1300118	369	728	1401799	369	780	1501923	369	832	1602005	369	884	1701668	369	936	1801319	369	988	1901557	369	1000	1924654	369	1040	2001557	369	1091	2101019	369	1143	2200858	369	1195	2300840	369	1247	2400394	369	1300	2501792	369	
52	101434	358	103	200669	358	154	300529	358	206	401904	358	257	501555	358	308	600853	358	359	700799	358	410	800717	358	461	900504	358	500	976526	358	513	1001970	358	563	1101085	358	614	1201118	358	665	1301084	358	716	1401323	358	767	1501317	358	818	1601169	358	869	1700627	358	920	1800876	358	971	1900411	358	1000	1957205	358	1022	2000416	358	1074	2101938	358	1124	2200726	358	1175	2300692	358	1226	2400286	358	1277	2500483	358	
53	100332	376	106	200902	376	159	301316	376	212	401647	376	264	500627	376	317	601050	376	370	701497	376	422	800791	376	475	901423	376	500	948780	376	527	1000126	376	580	1100696	376	633	1200964	376	686	1301205	376	739	1401386	376	792	1501723	376	844	1601098	376	897	1701935	376	949	1800701	376	1000	1899670	376	1001	1901661	376	1053	2000476	376	1106	2101068	376	1158	2200643	376	1211	2301774	376	1263	2400235	376	1316	2501362	376	
51	101874	333	101	201645	333	151	301661	333	201	400685	333	252	501781	333	302	600992	333	352	700967	333	402	800655	333	452	900220	333	500	997645	333	502	1001847	333	551	1100216	333	602	1201743	333	652	1302039	333	702	1401425	333	752	1501019	333	802	1601461	333	852	1701773	333	902	1801458	333	952	1900691	333	1000	1996536	333	1002	2000654	333	1052	2100273	333	1103	2201703	333	1153	2301140	333	1203	2400315	333	1254	2501434	333	
53	100675	357	105	201055	357	158	301361	357	211	401653	357	263	500195	357	317	601912	357	369	700256	357	422	800246	357	475	900355	357	500	947591	357	528	1001012	357	581	1101022	357	634	1201109	357	687	1301204	357	740	1401526	357	793	1501405	357	846	1601503	357	899	1701871	357	951	1800363	357	1000	1892889	357	1004	1900552	357	1057	2000409	357	1110	2100558	357	1163	2200710	357	1216	2300715	357	1269	2400661	357	1322	2500769	357	
54	101267	337	107	200452	337	161	301183	337	215	401911	337	268	500792	337	322	601847	337	375	700903	337	429	801809	337	482	900605	337	500	934390	337	536	1001320	337	589	1100500	337	643	1201453	337	696	1300492	337	749	1400589	337	802	1500216	337	856	1601555	337	909	1700840	337	962	1800233	337	1000	1871162	337	1016	1901047	337	1069	2000400	337	1123	2101595	337	1176	2200487	337	1228	2300194	337	1282	2401594	337	1335	2500257	337	
55	100325	349	110	200512	349	165	300588	349	220	400984	349	275	501586	349	330	601763	349	384	700371	349	439	800899	349	494	901016	349	500	912024	349	549	1001366	349	604	1101582	349	658	1200652	349	713	1301093	349	768	1401421	349	818	1500482	349	873	1601506	349	928	1701785	349	982	1800397	349	1000	1833199	349	1037	1900496	349	1092	2000715	349	1147	2100862	349	1202	2201174	349	1257	2301280	349	1311	2400192	349	1366	2500585	349	
51	101596	355	101	201335	355	151	301323	355	201	400482	355	252	501525	355	301	600939	355	351	700568	355	402	802047	355	452	901108	355	500	996732	355	502	1000790	355	552	1100327	355	603	1201463	355	653	1300862	355	703	1400142	355	754	1501780	355	804	1600897	355	854	1700782	355	905	1802059	355	955	1901634	355	1000	1990638	355	1005	2000561	355	1056	2101808	355	1106	2201148	355	1156	2300609	355	1207	2401980	355	1257	2501446	355	
53	100965	349	106	201409	349	159	301789	349	211	400561	349	264	501137	349	317	601935	349	369	701285	349	422	801668	349	474	900110	349	500	949867	349	527	1001184	349	579	1100262	349	632	1200856	349	685	1301252	349	738	1401855	349	790	1500493	349	843	1600894	349	896	1701477	349	949	1801921	349	1000	1898313	349	1001	1900296	349	1054	2000405	349	1107	2100497	349	1160	2200728	349	1213	2301192	349	1265	2400106	349	1318	2500842	349	
54	101649	375	107	201557	375	159	300357	375	212	401479	375	265	500888	375	318	600311	375	372	701737	375	425	801700	375	478	901398	375	500	942736	375	531	1001193	375	584	1100251	375	637	1200605	375	691	1301932	375	744	1401643	375	797	1501526	375	850	1600989	375	903	1700335	375	957	1801762	375	1000	1882770	375	1009	1901241	375	1061	2000477	375	1114	2100213	375	1168	2201738	375	1221	2301297	375	1274	2400733	375	1327	2500260	375	
54	100302	332	109	201689	332	163	301104	332	217	401040	332	271	500775	332	324	600718	332	378	700463	332	432	800113	332	487	901595	332	500	925829	332	541	1001517	332	591	1100721	332	645	1200325	332	699	1300365	332	753	1400280	332	808	1501591	332	862	1601717	332	916	1701775	332	970	1801356	332	1000	1856588	332	1024	1900869	332	1078	2000655	332	1132	2100588	332	1186	2200161	332	1241	2301898	332	1295	2401609	332	1349	2501042	332	
57	100751	340	112	200622	340	166	300593	340	223	401187	340	279	500310	340	336	601366	340	393	701740	340	449	800786	340	500	891247	340	505	900130	340	562	1000516	340	619	1100980	340	675	1200727	340	731	1300704	340	788	1401336	340	844	1500919	340	901	1601831	340	957	1701300	340	1000	1777120	340	1014	1801835	340	1070	1900522	340	1127	2000891	340	1184	2101669	340	1240	2200206	340	1297	2301350	340	1353	2400474	340	1409	2500207	340	
12	109356	1669	23	209494	1669	34	309713	1669	44	400670	1669	55	500966	1669	66	601128	1669	77	701308	1669	88	801806	1669	99	901727	1669	110	1001950	1669	121	1101796	1669	132	1201960	1669	143	1301782	1669	154	1402075	1669	165	1501850	1669	176	1601675	1669	187	1701668	1669	198	1801633	1669	209	1901689	1669	220	2001951	1669	231	2101844	1669	242	2202261	1669	253	2302314	1669	264	2405133	1669	275	2505479	1669	
12	108034	1769	23	206856	1769	34	305571	1769	45	404472	1769	56	502891	1769	67	602156	1769	78	701007	1769	90	808700	1769	101	907394	1769	112	1006160	1769	123	1104718	1769	134	1203373	1769	145	1302035	1769	156	1404547	1769	167	1503738	1769	178	1602955	1769	189	1701465	1769	201	1808950	1769	212	1907390	1769	223	2005991	1769	234	2104500	1769	245	2202953	1769	256	2301640	1769	268	2409264	1769	279	2508230	1769	
12	106543	1800	23	204038	1800	34	303469	1800	45	401830	1800	57	508225	1800	68	605909	1800	79	703694	1800	90	801702	1800	102	908266	1800	113	1005833	1800	124	1103433	1800	135	1201179	1800	147	1307392	1800	158	1405121	1800	169	1502585	1800	181	1608902	1800	192	1706395	1800	203	1804318	1800	214	1901871	1800	226	2008338	1800	237	2106185	1800	248	2203876	1800	259	2301863	1800	271	2408501	1800	282	2506141	1800	
12	106565	1759	23	204420	1759	34	301949	1759	46	409082	1759	57	507211	1759	68	604552	1759	79	702239	1759	91	808598	1759	102	906627	1759	113	1003757	1759	124	1101876	1759	136	1208220	1759	147	1305822	1759	158	1403084	1759	169	1501588	1759	181	1608604	1759	192	1706313	1759	203	1803819	1759	214	1901149	1759	226	2007827	1759	237	2105027	1759	248	2202340	1759	259	2303061	1759	270	2400852	1759	282	2507403	1759	
12	108180	1726	23	207345	1726	34	306192	1726	45	405006	1726	56	504096	1726	67	602830	1726	78	702004	1726	89	800711	1726	101	908548	1726	112	1007054	1726	123	1105588	1726	134	1204301	1726	145	1305810	1726	156	1404649	1726	167	1504153	1726	178	1602967	1726	189	1701812	1726	201	1809445	1726	212	1908270	1726	223	2007171	1726	234	2106187	1726	245	2204788	1726	256	2304384	1726	267	2403223	1726	278	2501754	1726	
12	106941	1758	23	207556	1758	34	306063	1758	45	404145	1758	56	502237	1758	67	601164	1758	79	708552	1758	90	806756	1758	101	904798	1758	112	1002766	1758	123	1100795	1758	135	1207567	1758	146	1305722	1758	157	1405203	1758	168	1503570	1758	179	1601592	1758	191	1708697	1758	202	1806738	1758	213	1905064	1758	224	2003243	1758	235	2100970	1758	247	2208485	1758	258	2306664	1758	269	2404882	1758	280	2502914	1758	
12	106727	1712	23	204592	1712	34	302207	1712	46	408695	1712	57	506757	1712	68	604482	1712	79	702207	1712	91	808807	1712	102	906741	1712	113	1003988	1712	124	1101642	1712	136	1208133	1712	147	1305800	1712	158	1403620	1712	169	1501340	1712	181	1608107	1712	192	1705852	1712	203	1803591	1712	214	1901399	1712	226	2007957	1712	237	2105356	1712	248	2206263	1712	259	2304340	1712	270	2402218	1712	282	2508926	1712	
12	106935	1712	23	204762	1712	34	302494	1712	46	409082	1712	57	507347	1712	68	605868	1712	79	704039	1712	90	802062	1712	102	908824	1712	113	1006694	1712	124	1106024	1712	135	1205436	1712	146	1303150	1712	157	1401169	1712	169	1507782	1712	180	1605548	1712	191	1703480	1712	202	1801971	1712	214	1908438	1712	225	2006719	1712	236	2105499	1712	247	2203325	1712	258	2301502	1712	270	2407775	1712	281	2505585	1712	
11	101289	1743	22	200639	1743	34	309260	1743	45	408302	1743	56	507602	1743	67	606751	1743	78	705871	1743	89	804984	1743	100	904332	1743	111	1003810	1743	122	1102788	1743	133	1201882	1743	144	1301497	1743	156	1409430	1743	167	1508575	1743	178	1607968	1743	189	1706907	1743	200	1806109	1743	211	1905363	1743	222	2004566	1743	233	2103632	1743	244	2203050	1743	255	2302419	1743	266	2401567	1743	277	2500758	1743	
12	108486	1684	23	207734	1684	34	307385	1684	45	406457	1684	56	505502	1684	67	604784	1684	78	704345	1684	89	803767	1684	100	903124	1684	111	1002008	1684	122	1101140	1684	133	1201094	1684	145	1309221	1684	156	1408387	1684	167	1507632	1684	178	1606760	1684	189	1706483	1684	200	1805583	1684	211	1904935	1684	222	2004429	1684	233	2106401	1684	244	2207500	1684	255	2306935	1684	266	2406563	1684	277	2505686	1684	
12	104974	1705	23	201277	1705	35	306444	1705	46	402472	1705	58	507317	1705	69	603288	1705	81	707799	1705	92	803830	1705	104	908798	1705	115	1005497	1705	126	1104145	1705	137	1200658	1705	149	1305523	1705	160	1401397	1705	172	1506496	1705	183	1602706	1705	195	1707613	1705	206	1804083	1705	218	1908809	1705	229	2005298	1705	240	2101334	1705	252	2206769	1705	263	2302745	1705	275	2407510	1705	286	2504031	1705	
12	103251	1778	24	203822	1778	36	304386	1778	48	404831	1778	60	505248	1778	72	605759	1778	84	706706	1778	96	807123	1778	108	907718	1778	120	1008140	1778	132	1109368	1778	143	1201888	1778	155	1302312	1778	167	1402397	1778	179	1502707	1778	191	1602924	1778	203	1703660	1778	215	1804249	1778	227	1904838	1778	239	2005516	1778	251	2106009	1778	263	2206261	1778	275	2306617	1778	287	2406822	1778	299	2507249	1778	
12	106384	1776	23	203789	1776	34	301475	1776	46	408122	1776	57	505598	1776	68	603175	1776	79	700603	1776	91	806835	1776	102	904243	1776	113	1001825	1776	125	1108513	1776	136	1206273	1776	147	1303379	1776	159	1409307	1776	170	1507038	1776	181	1604401	1776	192	1701650	1776	204	1808173	1776	215	1905385	1776	226	2003165	1776	237	2103133	1776	248	2201836	1776	260	2308055	1776	271	2405189	1776	282	2502829	1776	
12	104602	1737	23	201162	1737	35	305317	1737	46	400990	1737	58	505101	1737	70	608799	1737	81	704816	1737	93	808860	1737	104	904482	1737	115	1001642	1737	127	1106386	1737	138	1202360	1737	150	1306726	1737	161	1402520	1737	173	1506765	1737	184	1602453	1737	196	1706268	1737	207	1801607	1737	219	1905508	1737	230	2001132	1737	242	2105431	1737	253	2200920	1737	265	2305222	1737	277	2409062	1737	288	2504593	1737	
12	102271	1742	24	204285	1742	36	306454	1742	48	407856	1742	59	501320	1742	71	603380	1742	83	705229	1742	95	806807	1742	106	900641	1742	118	1002507	1742	130	1104586	1742	142	1206423	1742	154	1308400	1742	165	1401797	1742	177	1503581	1742	189	1605444	1742	201	1707411	1742	212	1800580	1742	224	1903145	1742	236	2005383	1742	248	2107268	1742	259	2200864	1742	271	2302686	1742	283	2404637	1742	295	2506437	1742	
12	101878	1764	24	203798	1764	36	306026	1764	48	407617	1764	59	501202	1764	71	602999	1764	83	705138	1764	95	807234	1764	106	901013	1764	118	1002871	1764	130	1104845	1764	142	1206736	1764	154	1308474	1764	165	1402065	1764	177	1504045	1764	189	1605978	1764	201	1707617	1764	212	1801019	1764	224	1905396	1764	236	2007583	1764	247	2101206	1764	259	2203070	1764	271	2305047	1764	283	2406877	1764	295	2508986	1764	
13	107872	1725	25	207352	1725	37	307048	1725	49	406394	1725	61	505818	1725	73	604942	1725	85	704231	1725	97	803336	1725	109	904505	1725	121	1004803	1725	133	1104450	1725	145	1203509	1725	157	1303206	1725	169	1402315	1725	181	1501574	1725	193	1601064	1725	206	1708471	1725	218	1807982	1725	230	1907461	1725	242	2006817	1725	254	2106135	1725	266	2205395	1725	278	2304799	1725	290	2404155	1725	302	2503817	1725	
12	102952	1716	24	205632	1716	35	300780	1716	47	403668	1716	59	506563	1716	70	600885	1716	82	703644	1716	94	806708	1716	105	901386	1716	117	1004116	1716	129	1107443	1716	140	1201526	1716	152	1304416	1716	164	1407350	1716	175	1501598	1716	187	1604096	1716	199	1706769	1716	210	1802343	1716	222	1905367	1716	234	2008503	1716	245	2103145	1716	257	2205819	1716	268	2300623	1716	280	2403505	1716	292	2506173	1716	
13	108756	1725	24	200858	1725	36	301245	1725	48	401623	1725	60	501709	1725	72	601912	1725	84	702732	1725	96	803086	1725	108	903787	1725	120	1003961	1725	132	1105448	1725	144	1205647	1725	156	1305548	1725	168	1405591	1725	180	1505611	1725	192	1606093	1725	204	1706384	1725	216	1806818	1725	227	1901186	1725	239	2001672	1725	251	2101891	1725	263	2202370	1725	275	2302633	1725	287	2403304	1725	299	2503852	1725	
13	108301	1715	25	208242	1715	37	307829	1715	49	407367	1715	61	507488	1715	73	606927	1715	85	706944	1715	97	807421	1715	108	901185	1715	120	1001120	1715	132	1100906	1715	144	1200598	1715	157	1308519	1715	169	1407989	1715	181	1507776	1715	193	1607237	1715	205	1706783	1715	217	1806205	1715	229	1906083	1715	241	2005873	1715	253	2105477	1715	265	2204913	1715	277	2304418	1715	289	2404366	1715	301	2504000	1715	
143	100257	617	279	200075	617	415	300097	617	500	362403	617	552	400462	617	687	500111	617	824	600300	617	960	700334	617	1000	729566	617	1096	800132	617	1233	900580	617	1369	1000366	617	1500	1096128	617	1506	1100551	617	1642	1200217	617	1778	1300445	617	1914	1400059	617	2000	1463253	617	2050	1500254	617	2186	1600402	617	2322	1700247	617	2458	1800394	617	2500	1831267	617	2594	1900035	617	2730	2000129	617	2867	2100526	617	3000	2198246	617	3003	2200484	617	3139	2300228	617	3275	2400050	617	3412	2500525	617	
150	100663	329	291	200448	329	433	300206	329	500	347184	329	575	400198	329	717	500249	329	860	600636	329	1000	699063	329	1002	700511	329	1144	800410	329	1286	900254	329	1429	1000732	329	1500	1050569	329	1571	1100597	329	1713	1200536	329	1855	1300311	329	1997	1400223	329	2000	1402369	329	2137	1500276	329	2280	1600687	329	2422	1700428	329	2500	1755354	329	2564	1800313	329	2706	1900342	329	2848	2000409	329	2986	2100090	329	3000	2110139	329	3129	2200726	329	3271	2300610	329	3413	2400403	329	3500	2462253	329	3554	2500548	329	
144	100177	450	281	200502	450	418	300587	450	500	360321	450	555	400366	450	692	500421	450	829	600722	450	966	700528	450	1000	725325	450	1102	800322	450	1239	900336	450	1376	1000385	450	1500	1091058	450	1513	1100559	450	1650	1200453	450	1783	1300524	450	1919	1400243	450	2000	1459541	450	2056	1500409	450	2192	1600224	450	2329	1700714	450	2466	1800758	450	2500	1825628	450	2602	1900374	450	2739	2000440	450	2876	2100248	450	3000	2191450	450	3012	2200478	450	3148	2300275	450	3285	2400708	450	3422	2500492	450	
146	100502	345	284	200270	345	423	300616	345	500	356064	345	562	400741	345	698	500709	345	836	600252	345	975	700617	345	1000	718729	345	1114	800702	345	1251	900137	345	1390	1000517	345	1500	1079830	345	1528	1100052	345	1667	1200222	345	1806	1300642	345	1944	1400092	345	2000	1440363	345	2083	1500115	345	2222	1600584	345	2361	1700740	345	2499	1800607	345	2500	1801341	345	2638	1900553	345	2777	2000422	345	2916	2100446	345	3000	2161003	345	3055	2200672	345	3193	2300189	345	3331	2400230	345	3470	2500438	345	
145	100680	598	282	200155	598	420	300557	598	500	358232	598	558	400032	598	698	500734	598	836	600292	598	975	700198	598	1000	718267	598	1114	800588	598	1252	900073	598	1392	1000688	598	1500	1078557	598	1530	1100149	598	1669	1200496	598	1807	1300074	598	1946	1400154	598	2000	1439198	598	2085	1500572	598	2221	1600765	598	2359	1700477	598	2498	1800641	598	2500	1802115	598	2637	1900562	598	2776	2000670	598	2915	2100703	598	3000	2161835	598	3053	2200082	598	3192	2300364	598	3331	2400419	598	3469	2500163	598	
142	100052	429	278	200232	429	415	300692	429	500	363326	429	550	400069	429	686	500191	429	823	600678	429	959	700455	429	1000	730420	429	1096	800676	429	1231	900126	429	1367	1000075	429	1500	1097792	429	1503	1100071	429	1640	1200682	429	1776	1300364	429	1912	1400430	429	2000	1464682	429	2049	1500565	429	2185	1600225	429	2322	1700766	429	2456	1800260	429	2500	1833260	429	2590	1900500	429	2726	2000170	429	2863	2100636	429	2999	2200600	429	3000	2201353	429	3135	2300497	429	3271	2400258	429	3408	2500605	429	
144	100524	416	281	200258	416	419	300631	416	500	359352	416	556	400083	416	695	500682	416	832	600455	416	969	700123	416	1000	722535	416	1107	800375	416	1245	900254	416	1381	1000579	416	1500	1087284	416	1518	1100327	416	1656	1200404	416	1794	1300425	416	1932	1400558	416	2000	1449689	416	2070	1500677	416	2208	1600457	416	2345	1700297	416	2483	1800353	416	2500	1812734	416	2621	1900304	416	2758	2000153	416	2896	2100612	416	3000	2176049	416	3033	2200038	416	3172	2300642	416	3310	2400719	416	3448	2500685	416	
141	100404	553	271	200140	553	405	300384	553	500	370955	553	540	400664	553	674	500244	553	809	600522	553	939	700698	553	1000	745993	553	1073	800157	553	1208	900625	553	1342	1000229	553	1477	1100300	553	1500	1117417	553	1612	1200697	553	1747	1300761	553	1880	1400283	553	2000	1489493	553	2015	1500735	553	2149	1600732	553	2283	1700159	553	2418	1800310	553	2500	1861142	553	2553	1900416	553	2687	2000574	553	2821	2100254	553	2956	2200732	553	3000	2233477	553	3090	2300394	553	3225	2400538	553	3359	2500110	553	
146	100516	543	286	200691	543	425	300059	543	500	353894	543	564	400123	543	702	500428	543	841	600641	543	980	700086	543	1000	714424	543	1120	800326	543	1260	900434	543	1400	1000529	543	1500	1071703	543	1540	1100295	543	1680	1200640	543	1819	1300200	543	1959	1400485	543	2000	1429920	543	2098	1500207	543	2238	1600210	543	2378	1700405	543	2500	1787583	543	2518	1800437	543	2658	1900323	543	2798	2000223	543	2938	2100183	543	3000	2144526	543	3078	2200385	543	3217	2300134	543	3352	2400093	543	3491	2500177	543	
141	100370	611	276	200157	611	411	300162	611	500	366452	611	546	400588	611	681	500542	611	816	600727	611	950	700058	611	1000	736970	611	1086	800734	611	1221	900745	611	1355	1000178	611	1490	1100429	611	1500	1107833	611	1625	1200244	611	1760	1300349	611	1895	1400678	611	2000	1478068	611	2030	1500215	611	2162	1600253	611	2298	1700793	611	2433	1800606	611	2500	1850065	611	2568	1900390	611	2703	2000510	611	2838	2100434	611	2972	2200119	611	3000	2220880	611	3107	2300429	611	3242	2400518	611	3377	2500649	611	
49	101047	4397	94	200195	2313	137	301227	2313	180	401833	2313	222	500648	2313	265	601606	2313	307	700552	2313	347	801872	2313	389	900329	2313	432	1001267	2313	475	1102146	2313	500	1160974	2313	517	1201138	2313	560	1301816	2313	602	1400372	2313	645	1501489	2313	687	1600591	2313	730	1701226	2313	773	1801775	2313	815	1900168	2313	858	2001305	2313	901	2102007	2313	943	2200472	2313	986	2300737	2313	1000	2333646	2313	1029	2401761	2313	1071	2500344	2313	
51	101757	3982	96	200341	2871	140	300669	2871	184	401311	2871	228	501256	2871	272	601573	2871	316	702033	2871	360	802095	2871	404	901990	2871	448	1001999	2871	492	1102052	2871	500	1120311	2871	535	1200418	2871	579	1300563	2871	623	1401220	2871	667	1501309	2871	711	1601890	2871	754	1700446	2871	798	1801109	2871	842	1901542	2871	886	2001749	2871	930	2101898	2871	974	2202124	2871	1000	2261241	2871	1017	2300631	2871	1061	2400843	2871	1105	2501351	2871	
51	102020	4245	97	200653	2349	142	302141	2349	186	400909	2349	231	502287	2349	275	600842	2349	320	701910	2349	364	800426	2349	409	901639	2349	453	1000328	2349	498	1101442	2349	500	1106055	2349	542	1200686	2349	587	1302112	2349	631	1401324	2349	675	1500204	2349	720	1601025	2349	765	1702110	2349	809	1800764	2349	854	1901446	2349	898	2001651	2349	942	2101064	2349	987	2201760	2349	1000	2231001	2349	1031	2300218	2349	1076	2401212	2349	1121	2501977	2349	
49	100606	4560	95	200977	2457	139	302265	2457	182	401104	2457	226	501976	2457	269	601053	2457	313	702115	2457	356	800777	2457	399	900673	2457	443	1002381	2457	486	1101808	2457	500	1135379	2457	528	1200572	2457	572	1301938	2457	615	1400421	2457	659	1501667	2457	702	1601026	2457	746	1702204	2457	789	1800876	2457	833	1902149	2457	876	2001937	2457	919	2100682	2457	963	2202209	2457	1000	2287796	2457	1006	2301687	2457	1049	2400417	2457	1093	2501485	2457	
49	100136	4712	96	201908	1635	137	300466	1635	180	401914	1635	222	500988	1635	265	602149	1635	307	700729	1635	350	801771	1635	392	900429	1635	435	1001390	1635	478	1102010	1635	500	1153690	1635	520	1201083	1635	563	1302305	1635	605	1400997	1635	648	1502146	1635	690	1600765	1635	733	1701697	1635	775	1800285	1635	818	1900850	1635	861	2001791	1635	903	2100739	1635	946	2201710	1635	988	2300229	1635	1000	2328553	1635	1031	2401173	1635	1074	2502130	1635	
50	102153	4322	96	202308	2547	139	300547	2547	183	400762	2547	227	500911	2547	271	602125	2547	315	702287	2547	358	800254	2547	402	900807	2547	446	1001550	2547	490	1101971	2547	500	1125205	2547	533	1200598	2547	577	1300919	2547	621	1401284	2547	664	1500197	2547	708	1600987	2547	752	1701981	2547	795	1800306	2547	839	1900404	2547	883	2001545	2547	927	2101772	2547	971	2202360	2547	1000	2268358	2547	1015	2302392	2547	1058	2401266	2547	1101	2501251	2547	
50	102084	4454	96	202175	3013	140	301675	3013	184	400885	3013	228	500172	3013	273	601933	3013	317	701388	3013	361	801068	3013	405	901078	3013	449	1001306	3013	493	1101691	3013	500	1118187	3013	536	1201087	3013	580	1300717	3013	625	1402128	3013	669	1501476	3013	712	1600809	3013	756	1700463	3013	800	1800227	3013	845	1901381	3013	889	2001196	3013	933	2101136	3013	977	2200999	3013	1000	2253020	3013	1021	2300779	3013	1065	2400307	3013	1110	2501734	3013	
50	101107	4289	97	200428	1413	141	300514	1413	185	400539	1413	230	502004	1413	274	601594	1413	318	701567	1413	361	800874	1413	405	900195	1413	450	1001948	1413	494	1101438	1413	500	1114986	1413	538	1200719	1413	583	1302327	1413	627	1401662	1413	671	1502039	1413	715	1601855	1413	759	1701131	1413	803	1800822	1413	847	1900262	1413	892	2001965	1413	936	2101496	1413	980	2201289	1413	1000	2246609	1413	1024	2300956	1413	1068	2400774	1413	1112	2500447	1413	
50	101705	4587	97	200745	1426	141	302086	1426	184	400144	1426	228	500625	1426	272	601676	1426	315	700716	1426	359	801074	1426	403	901734	1426	446	1000620	1426	490	1101366	1426	500	1124476	1426	533	1200150	1426	577	1300940	1426	621	1401181	1426	665	1501928	1426	708	1600438	1426	752	1701357	1426	795	1800563	1426	839	1902277	1426	882	2000652	1426	926	2101329	1426	970	2201716	1426	1000	2270579	1426	1013	2300274	1426	1057	2401151	1426	1101	2501922	1426	
50	100180	4188	97	200531	1790	141	301012	1790	185	401900	1790	228	500511	1790	272	601538	1790	315	700582	1790	359	801948	1790	402	900646	1790	446	1001595	1790	490	1102239	1790	500	1125084	1790	533	1201326	1790	577	1302398	1790	620	1400968	1790	664	1501393	1790	708	1602043	1790	751	1700766	1790	795	1801345	1790	839	1901618	1790	882	2000689	1790	925	2101536	1790	968	2200152	1790	1000	2273360	1790	1012	2301056	1790	1056	2401905	1790	1099	2500611	1790	
11	107010	44331	21	201401	38868	32	305831	32828	42	400741	27327	53	504781	21276	64	609258	15281	73	701832	15269	83	809713	15269	92	906818	15269	101	1003668	15269	111	1111123	15269	120	1210367	15269	129	1307458	15269	138	1404249	15269	147	1500966	15269	157	1608688	15269	166	1705449	15269	175	1802257	15269	185	1910188	15269	194	2007127	15269	203	2103820	15269	213	2211214	15269	222	2308026	15269	231	2404686	15269	240	2501491	15269	
11	109529	43930	21	205606	38380	32	309668	32374	42	404573	26900	53	509105	20862	63	604460	15427	73	704977	14353	82	802763	14353	92	911010	14353	101	1008175	14353	110	1105731	14353	119	1203567	14353	128	1301033	14353	138	1409599	14353	147	1506811	14353	156	1604128	14353	165	1701709	14353	175	1809958	14353	184	1907686	14353	193	2005140	14353	202	2102446	14353	212	2211164	14353	221	2308298	14353	230	2405759	14353	239	2503560	14353	
11	106220	44064	21	200979	39096	32	305392	34141	43	408651	28187	53	502892	22726	63	602197	21615	73	708839	21615	82	805097	21615	91	901331	21615	101	1008039	21615	110	1104381	21615	120	1211308	21615	129	1307336	21615	138	1403795	21615	148	1510854	21615	157	1607480	21615	166	1703950	21615	176	1810509	21615	185	1906295	21615	194	2002709	21615	203	2101750	21615	213	2209016	21615	222	2305188	21615	231	2401259	21615	241	2507839	21615	
11	107772	44243	21	202379	38751	32	305512	32654	43	409323	26585	53	503964	21082	64	608418	15091	74	705122	11975	83	801891	11975	93	909706	11975	102	1009066	11975	111	1106403	11975	120	1203358	11975	130	1311059	11975	139	1408053	11975	148	1504986	11975	157	1602113	11975	167	1709880	11975	176	1806502	11975	185	1903808	11975	194	2000829	11975	204	2108703	11975	213	2206177	11975	222	2303534	11975	231	2400714	11975	241	2508205	11975	
11	107713	44109	21	202291	39172	32	305849	33115	43	409405	27054	53	503758	21538	64	607944	15534	74	706556	13912	83	803820	13912	93	911215	13912	102	1007950	13912	111	1104565	13912	120	1201222	13912	130	1308684	13912	139	1405672	13912	148	1502429	13912	158	1609953	13912	167	1706468	13912	176	1802858	13912	186	1910046	13912	195	2006820	13912	204	2103612	13912	214	2211188	13912	223	2308049	13912	232	2405217	13912	241	2502328	13912	
11	107851	44021	21	202616	38516	32	306988	32470	42	401848	26943	53	506744	20906	63	602745	15516	73	702202	13902	83	809377	13902	92	905532	13902	101	1001729	13902	111	1109394	13902	120	1205454	13902	129	1301438	13902	139	1408981	13902	148	1505458	13902	157	1602905	13902	167	1709661	13902	176	1805780	13902	185	1904456	13902	195	2011140	13902	204	2107231	13902	213	2203876	13902	223	2310923	13902	232	2406955	13902	241	2503176	13902	
11	107846	45493	21	202625	41120	32	306622	35626	42	400878	30105	53	504483	24213	64	607630	18175	74	701222	14389	84	807083	14389	93	902606	14389	103	1007526	14389	112	1102057	14389	122	1206899	14389	131	1301212	14389	141	1405967	14389	151	1510591	14389	160	1605120	14389	170	1709774	14389	179	1804903	14389	189	1909660	14389	198	2004136	14389	208	2109025	14389	217	2203835	14389	227	2309490	14389	236	2404777	14389	246	2509692	14389	
11	107566	44281	21	202201	38771	32	306732	32707	42	401709	27195	53	506634	21123	63	602002	15674	74	706927	10934	83	801395	10934	93	908847	10934	102	1005337	10934	111	1101839	10934	121	1209095	10934	130	1305444	10934	139	1401817	10934	149	1508860	10934	158	1606054	10934	167	1702492	10934	177	1809957	10934	186	1906602	10934	195	2003001	10934	205	2110430	10934	214	2207258	10934	223	2303889	10934	233	2411015	10934	242	2507317	10934	
11	107629	44152	21	203146	38649	32	307822	33157	42	402778	27674	53	506872	22128	63	601578	16736	74	707848	13073	84	810807	13073	93	906859	13073	102	1002900	13073	112	1109576	13073	121	1205504	13073	130	1302255	13073	140	1408907	13073	149	1505209	13073	158	1601240	13073	168	1710354	13073	177	1807606	13073	186	1903823	13073	196	2010529	13073	205	2106627	13073	214	2202809	13073	224	2309580	13073	233	2405662	13073	242	2502082	13073	
11	106036	44278	22	209475	38290	32	303489	32799	43	406577	26759	53	501542	21274	64	606144	15732	74	702460	12029	84	807552	12029	93	902841	12029	103	1008453	12029	112	1104183	12029	122	1209744	12029	131	1305321	12029	140	1400994	12029	150	1507077	12029	159	1602865	12029	169	1708646	12029	178	1804137	12029	188	1910530	12029	197	2006068	12029	206	2102154	12029	216	2209518	12029	225	2305085	12029	235	2410859	12029	244	2506426	12029	
