wersja nr 3;wspolczynnik mutacji 3.200000;wielkosc populacji 30
455	100038	262	908	200039	240	1361	300152	240	1814	400172	240	2265	500067	240	2718	600186	209	3168	700157	209	3623	800187	209	4077	900058	209	4531	1000077	209	4984	1100048	209	5437	1200177	209	5891	1300166	209	6344	1400047	209	6797	1500112	209	7248	1600045	209	7699	1700033	209	8149	1800024	189	8598	1900213	189	9051	2000184	189	9504	2100055	189	9957	2200127	189	10408	2300110	189	10853	2400055	189	11305	2500069	189	11760	2600205	189	12213	2700042	189	12667	2800171	189	13120	2900150	189	13574	3000016	189	14027	3100069	189	14481	3200224	167	14931	3300141	167	15386	3400065	167	15841	3500171	167	
455	100142	182	912	200133	182	1367	300142	182	1822	400099	158	2275	500064	158	2731	600055	158	3185	700143	158	3639	800147	158	4094	900056	158	4549	1000050	158	5005	1100203	158	5460	1200097	158	5914	1300088	158	6370	1400192	158	6824	1500091	158	7277	1600036	158	7732	1700167	158	8186	1800040	158	8639	1900215	158	9093	2000112	158	9550	2100187	158	10000	2200106	158	10454	2300223	158	10907	2400115	158	11360	2500082	158	11813	2600041	158	12268	2700176	158	12723	2800204	158	13180	2900227	135	13635	3000073	135	14094	3100201	135	14551	3200209	135	15008	3300207	135	15464	3400096	135	15919	3500099	135	
456	100042	230	912	200194	206	1366	300109	206	1819	400093	206	2273	500071	175	2728	600115	175	3184	700103	175	3639	800099	175	4095	900108	175	4551	1000116	175	5004	1100193	175	5458	1200050	175	5912	1300228	175	6364	1400064	143	6816	1500050	143	7273	1600225	143	7725	1700157	143	8176	1800109	143	8631	1900172	143	9085	2000214	143	9539	2100207	143	9992	2200028	143	10448	2300169	143	10904	2400055	143	11359	2500027	143	11814	2600213	143	12266	2700239	143	12720	2800114	143	13171	2900139	143	13625	3000199	143	14078	3100083	143	14528	3200027	143	14981	3300188	143	15434	3400078	143	15888	3500158	143	
455	100016	232	910	200140	232	1363	300148	232	1814	400136	204	2265	500154	204	2717	600053	204	3168	700087	204	3621	800187	204	4074	900077	204	4528	1000107	204	4983	1100048	204	5437	1200097	204	5893	1300194	204	6347	1400212	204	6800	1500232	204	7250	1600222	174	7700	1700029	174	8153	1800077	174	8605	1900097	174	9055	2000022	174	9508	2100126	174	9962	2200065	174	10415	2300013	174	10868	2400224	174	11319	2500012	174	11772	2600139	174	12222	2700153	174	12673	2800114	174	13124	2900145	174	13575	3000051	174	14027	3100215	174	14477	3200090	174	14930	3300216	174	15379	3400188	174	15831	3500123	174	
454	100029	304	907	200045	261	1360	300084	261	1814	400069	261	2270	500187	261	2725	600076	261	3180	700213	261	3634	800180	261	4091	900198	261	4546	1000136	261	5000	1100225	228	5453	1200219	228	5902	1300056	228	6356	1400065	228	6807	1500019	228	7259	1600054	228	7710	1700202	228	8162	1800167	228	8612	1900020	212	9063	2000070	212	9516	2100183	212	9967	2200207	212	10420	2300151	212	10872	2400140	212	11320	2500121	212	11773	2600203	212	12226	2700095	212	12678	2800126	212	13127	2900082	212	13578	3000200	212	14029	3100072	212	14483	3200214	212	14930	3300165	212	15384	3400217	212	15836	3500219	212	
484	100209	188	966	200075	188	1449	300013	163	1931	400038	163	2414	500062	163	2896	600087	142	3374	700122	142	3853	800079	142	4334	900099	142	4815	1000088	142	5294	1100112	142	5776	1200194	142	6258	1300137	142	6741	1400094	142	7219	1500117	142	7699	1600162	142	8176	1700099	142	8658	1800161	142	9136	1900123	142	9617	2000149	142	10101	2100193	142	10582	2200134	142	11063	2300124	142	11545	2400132	142	12026	2500054	142	12509	2600140	142	12989	2700080	142	13470	2800177	142	13954	2900171	142	14435	3000200	142	14917	3100128	142	15396	3200149	142	15877	3300048	142	16360	3400159	142	16841	3500113	142	
479	100110	111	958	200052	94	1438	300070	76	1917	400015	76	2397	500072	76	2878	600057	76	3358	700071	76	3839	800188	76	4320	900161	76	4802	1000196	76	5281	1100073	76	5761	1200037	76	6242	1300102	76	6723	1400166	76	7201	1500067	76	7680	1600112	76	8159	1700059	76	8638	1800056	76	9117	1900180	76	9596	2000056	76	10078	2100098	76	10559	2200170	76	11035	2300102	76	11512	2400053	76	11993	2500195	76	12472	2600012	76	12952	2700101	76	13432	2800156	76	13910	2900142	76	14387	3000159	76	14868	3100170	76	15348	3200054	76	15829	3300211	76	16307	3400191	76	16785	3500168	76	
482	100011	130	964	200140	101	1444	300083	101	1926	400066	101	2407	500202	101	2888	600093	101	3370	700162	76	3850	800053	76	4333	900212	76	4813	1000024	76	5297	1100126	76	5778	1200179	76	6257	1300063	76	6733	1400084	76	7214	1500101	76	7694	1600029	76	8174	1700046	76	8657	1800023	76	9134	1900039	76	9615	2000012	76	10095	2100094	76	10572	2200129	76	11048	2300126	76	11529	2400030	76	12011	2500167	76	12493	2600060	76	12973	2700085	76	13453	2800039	76	13929	2900034	76	14410	3000027	76	14891	3100139	76	15373	3200200	76	15852	3300060	76	16335	3400130	76	16818	3500165	76	
484	100066	142	966	200212	142	1447	300115	142	1927	400204	142	2407	500177	142	2887	600066	142	3367	700127	142	3849	800079	142	4328	900170	142	4808	1000041	123	5286	1100078	123	5768	1200139	123	6248	1300167	123	6728	1400047	123	7204	1500160	123	7684	1600066	123	8165	1700201	123	8643	1800102	123	9116	1900148	123	9597	2000087	123	10078	2100189	123	10561	2200038	123	11043	2300104	123	11521	2400161	123	11999	2500201	123	12480	2600149	123	12956	2700088	123	13432	2800140	123	13911	2900169	123	14391	3000052	123	14873	3100212	123	15354	3200027	123	15838	3300153	123	16317	3400209	123	16797	3500143	123	
486	100199	182	967	200117	125	1449	300022	125	1934	400086	125	2416	500124	125	2897	600205	125	3377	700209	125	3860	800031	125	4342	900199	125	4823	1000128	125	5303	1100040	109	5783	1200100	109	6263	1300061	109	6743	1400163	109	7224	1500207	109	7706	1600170	109	8186	1700170	109	8667	1800019	109	9149	1900079	109	9631	2000050	109	10112	2100028	109	10589	2200016	109	11069	2300100	109	11551	2400169	109	12033	2500078	109	12514	2600083	109	12993	2700020	109	13474	2800013	109	13954	2900219	109	14434	3000109	109	14916	3100191	109	15394	3200011	109	15876	3300185	109	16355	3400078	109	16834	3500098	109	
145	100066	2911	291	200578	2911	435	300128	2911	580	400347	2911	725	500323	2911	871	600572	2911	1016	700095	2911	1162	800649	2911	1306	900589	2911	1450	1000256	2911	1596	1100305	2911	1741	1200377	2911	1886	1300051	2911	2031	1400166	2911	2177	1500596	2911	2322	1600520	2911	2467	1700440	2911	2612	1800647	2911	2757	1900465	2911	2901	2000155	2911	3046	2100140	2911	3192	2200379	2911	3336	2300185	2911	3481	2400331	2911	3626	2500219	2911	3771	2600171	2911	3917	2700649	2911	4062	2800103	2911	4207	2900629	2911	4351	3000082	2911	4496	3100489	2911	4641	3200076	2911	4787	3300699	2911	4931	3400395	2911	5075	3500053	2911	
146	100215	3307	289	200195	3307	434	300509	3307	578	400388	3307	723	500052	3307	869	600224	3307	1014	700478	3307	1158	800537	3132	1303	900673	3132	1447	1000112	3132	1592	1100524	3132	1736	1200336	3132	1881	1300272	3132	2026	1400224	3132	2172	1500396	3132	2317	1600112	3132	2463	1700385	3132	2609	1800648	3132	2753	1900048	3132	2899	2000717	3132	3043	2100131	3132	3188	2200462	3132	3333	2300583	3132	3477	2400126	3132	3623	2500715	3132	3767	2600253	3132	3912	2700208	3132	4058	2800424	3132	4203	2900544	3132	4348	3000630	3132	4492	3100734	3132	4637	3200458	3132	4781	3300426	3132	4926	3400692	3132	5070	3500278	3132	
146	100131	3081	290	200135	3081	435	300602	2908	579	400502	2908	724	500400	2707	868	600066	2707	1013	700460	2707	1158	800598	2541	1302	900671	2541	1445	1000483	2541	1590	1100632	2541	1733	1200257	2541	1878	1300460	2541	2022	1400075	2541	2167	1500547	2541	2311	1600306	2541	2455	1700086	2541	2600	1800736	2541	2744	1900244	2541	2889	2000405	2541	3034	2100595	2541	3179	2200296	2541	3324	2300182	2541	3469	2400742	2541	3613	2500378	2541	3758	2600484	2541	3901	2700101	2541	4045	2800614	2541	4189	2900564	2541	4333	3000250	2541	4478	3100460	2541	4623	3200607	2541	4768	3300551	2541	4912	3400103	2541	5056	3500546	2541	
146	100356	3029	292	200685	3029	437	300273	3029	582	400362	3029	728	500473	3029	873	600143	3029	1018	700544	2832	1163	800640	2832	1307	900046	2832	1452	1000376	2832	1598	1100405	2832	1743	1200281	2832	1888	1300069	2832	2033	1400228	2832	2178	1500232	2832	2324	1600678	2832	2469	1700515	2832	2614	1800254	2832	2759	1900220	2832	2905	2000668	2832	3049	2100055	2653	3195	2200508	2653	3339	2300308	2653	3483	2400209	2653	3626	2500088	2653	3770	2600484	2653	3914	2700195	2653	4059	2800464	2653	4203	2900688	2653	4346	3000220	2653	4490	3100555	2653	4634	3200171	2653	4778	3300201	2653	4923	3400647	2653	5066	3500138	2653	
146	100232	2957	290	200091	2957	436	300688	2957	581	400498	2957	726	500508	2957	871	600222	2796	1016	700315	2796	1160	800310	2796	1305	900455	2796	1450	1000427	2796	1595	1100390	2796	1739	1200080	2796	1884	1300462	2796	2029	1400361	2796	2174	1500226	2796	2319	1600304	2796	2464	1700200	2796	2609	1800291	2796	2754	1900453	2796	2898	2000316	2796	3043	2100445	2796	3187	2200408	2796	3332	2300365	2796	3477	2400283	2796	3622	2500272	2796	3767	2600169	2796	3913	2700544	2796	4057	2800382	2796	4202	2900382	2796	4347	3000231	2796	4491	3100193	2796	4635	3200243	2796	4780	3300631	2796	4924	3400163	2796	5069	3500287	2796	
150	100291	4534	299	200641	1747	446	300205	1747	593	400394	1747	742	500643	1747	889	600420	1747	1036	700110	1747	1184	800328	1747	1331	900447	1747	1476	1000586	1747	1623	1100678	1747	1770	1200304	1747	1918	1300633	1747	2066	1400201	1747	2214	1500427	1537	2362	1600299	1537	2509	1700376	1537	2657	1800238	1537	2805	1900205	1537	2954	2000491	1537	3102	2100692	1537	3250	2200392	1537	3398	2300444	1537	3545	2400061	1537	3693	2500451	1537	3842	2600688	1537	3989	2700133	1537	4137	2800424	1537	4285	2900482	1537	4431	3000046	1537	4579	3100681	1537	4726	3200146	1537	4873	3300705	1537	5020	3400167	1537	5168	3500511	1537	
150	100324	1439	297	200167	1246	445	300495	1246	592	400299	1246	738	500299	1246	885	600167	1246	1032	700364	1246	1180	800596	1246	1327	900478	1246	1474	1000392	1246	1622	1100557	1246	1770	1200406	1246	1918	1300332	1246	2064	1400329	1246	2211	1500670	1246	2359	1600593	1246	2507	1700493	1246	2655	1800597	1246	2803	1900279	1246	2950	2000060	1246	3097	2100271	1246	3244	2200672	1246	3391	2300266	1246	3538	2400644	1246	3686	2500698	1246	3833	2600680	1246	3981	2700473	1246	4129	2800306	1246	4277	2900518	1246	4424	3000182	1246	4572	3100069	1246	4720	3200064	1246	4868	3300632	1246	5015	3400350	1246	5163	3500536	1246	
151	100307	3692	300	200254	1482	447	300212	1482	596	400660	1482	744	500582	1482	891	600303	1261	1039	700485	1261	1187	800463	1261	1334	900344	1261	1482	1000370	1261	1629	1100277	1261	1777	1200101	1261	1925	1300475	1261	2073	1400404	1261	2221	1500572	1261	2369	1600639	1261	2517	1700434	1261	2664	1800182	1261	2811	1900256	1261	2958	2000056	1261	3106	2100490	1261	3254	2200451	1261	3401	2300144	1261	3548	2400243	1261	3696	2500385	1261	3843	2600101	1261	3991	2700345	1261	4139	2800709	1261	4287	2900682	1261	4435	3000405	1261	4582	3100195	1261	4728	3200211	1261	4876	3300694	1261	5024	3400472	1261	5171	3500275	1261	
151	100283	1392	299	200477	1392	446	300167	1392	594	400421	1205	741	500553	1205	888	600286	1205	1035	700080	1205	1183	800339	1205	1329	900487	1205	1476	1000079	1205	1624	1100325	1205	1771	1200494	1205	1918	1300509	1205	2065	1400714	1205	2212	1500668	1205	2358	1600055	1205	2506	1700386	1205	2653	1800462	1205	2799	1900077	1205	2946	2000387	1205	3093	2100266	1205	3241	2200556	1205	3388	2300106	1205	3536	2400453	1205	3684	2500552	1205	3832	2600702	1205	3979	2700529	1205	4127	2800680	1205	4275	2900555	1205	4422	3000434	1205	4570	3100551	1205	4716	3200330	1205	4864	3300696	1205	5011	3400498	1205	5158	3500238	1205	
151	100442	3803	300	200247	1424	449	300713	1424	597	400254	1424	744	500141	1260	892	600321	1260	1040	700597	1260	1187	800502	1260	1334	900203	1260	1482	1000079	1260	1629	1100371	1260	1776	1200443	1260	1923	1300398	1260	2067	1400510	1260	2214	1500404	1260	2361	1600195	1260	2508	1700197	1260	2655	1800306	1260	2803	1900198	1260	2951	2000394	1260	3098	2100215	1260	3246	2200254	1260	3392	2300086	1260	3538	2400459	1260	3685	2500172	1260	3833	2600618	1260	3980	2700315	1260	4127	2800205	1089	4275	2900371	1089	4422	3000448	1089	4569	3100365	1089	4716	3200531	1089	4862	3300542	1089	5007	3400303	1089	5152	3500076	1089	
32	102260	25272	63	200762	25272	95	301446	25272	127	402332	25272	159	503366	25272	190	601129	25272	222	702353	25272	253	801331	25272	285	903075	25272	316	1001576	25272	348	1103236	25272	379	1201896	25272	410	1300809	25272	442	1402068	25272	474	1502906	25272	505	1601368	25272	536	1700263	25272	568	1802135	25272	599	1900275	25272	631	2001678	25272	662	2100673	25272	694	2202020	25272	726	2303051	25272	757	2401008	25272	789	2502129	25272	820	2600865	25272	852	2702542	25272	883	2800345	25272	915	2901751	25272	947	3002809	25272	978	3100984	25272	1010	3201793	25272	1041	3300772	25272	1073	3402782	25272	1104	3501424	25272	
32	101248	25272	64	202962	25272	95	301574	25272	127	402729	25272	158	501213	25272	190	602143	25272	222	703071	25272	253	801365	25272	285	902727	25272	316	1000770	25272	348	1101847	25272	380	1203170	25272	411	1301066	25272	443	1402202	25272	475	1503373	25272	506	1601412	25272	538	1702780	25272	569	1801141	25272	601	1902729	25272	632	2001021	25272	664	2102903	25272	695	2200528	25272	727	2301888	25272	759	2403089	25272	790	2500930	25272	822	2601774	25272	854	2702865	25272	885	2801601	25272	917	2902653	25272	948	3000768	25272	980	3101991	25272	1012	3203338	25272	1043	3303373	25272	1074	3401207	25272	1106	3502864	25272	
32	100982	25272	64	203063	25272	95	301078	25272	127	402419	25272	158	501137	25272	190	601985	25272	221	700903	25272	253	802058	25272	285	903050	25272	316	1001285	25272	348	1102928	25272	379	1201419	25272	410	1301642	25272	441	1400529	25272	473	1502395	25272	504	1600858	25272	535	1700262	25272	567	1801953	25272	599	1903275	25272	630	2001953	25272	661	2101264	25272	693	2202679	25272	724	2301160	25272	756	2402416	25272	787	2500330	25272	819	2601396	25272	851	2702970	25272	882	2801832	25272	914	2903140	25272	945	3001271	25272	977	3102608	25272	1008	3200480	25272	1040	3301048	25272	1072	3402306	25272	1103	3501901	25272	
32	101557	25272	64	202708	25272	95	301588	25272	126	400696	25272	158	501751	25272	190	602758	25272	221	701054	25272	253	802676	25272	284	900573	25272	316	1001882	25272	347	1100931	25272	379	1203016	25272	410	1301639	25272	441	1400541	25272	473	1502004	25272	504	1600423	25272	536	1702373	25272	567	1800544	25272	599	1902467	25272	630	2000664	25272	662	2101937	25272	694	2202694	25272	725	2300599	25272	757	2402293	25272	789	2503285	25272	820	2601588	25272	851	2700977	25272	883	2801838	25272	915	2902979	25272	946	3001285	25272	978	3102656	25272	1009	3200542	25272	1041	3301966	25272	1072	3400334	25272	1104	3502030	25272	
32	101107	25272	64	202851	25272	95	301358	25272	127	402975	25272	158	500819	25272	190	602155	25272	221	700679	25272	252	800405	25272	284	901774	25272	316	1003081	25272	347	1101597	25272	379	1202617	25272	410	1300710	25272	442	1402208	25272	473	1500786	25272	505	1602383	25272	537	1703105	25272	568	1802298	25272	599	1900415	25272	631	2001283	25272	663	2102151	25272	694	2200684	25272	726	2301766	25272	758	2402762	25272	789	2501643	25272	821	2602926	25272	852	2701409	25272	884	2803247	25272	915	2901115	25272	947	3002065	25272	979	3102775	25272	1010	3202061	25272	1042	3303416	25272	1073	3401922	25272	1104	3500641	25272	
33	103174	25176	65	203004	25176	97	302185	25176	129	401015	25176	161	500462	25176	193	600378	25176	225	700470	25176	257	800237	25176	290	903122	25176	322	1002945	25176	354	1102269	25176	386	1201434	25176	418	1300926	25176	450	1400346	25176	483	1502831	25176	515	1602398	25176	547	1702068	25176	579	1801365	25176	611	1900465	25176	644	2002567	25176	676	2103013	25176	708	2202069	25176	740	2301471	25176	772	2401535	25176	804	2501071	25176	836	2601045	25176	868	2700331	25176	900	2801218	25176	933	2903333	25176	965	3002718	25176	997	3102531	25176	1029	3201717	25176	1061	3301668	25176	1093	3401465	25176	1124	3501182	25176	
32	100233	25176	65	202425	25176	97	301373	25176	129	400568	25176	162	502932	25176	194	602398	25176	226	701614	25176	258	803220	25176	289	901060	25176	322	1003228	25176	354	1102864	25176	386	1202780	25176	418	1302542	25176	450	1402659	25176	482	1501688	25176	514	1601146	25176	546	1700997	25176	579	1802830	25176	611	1901842	25176	643	2001312	25176	675	2100899	25176	707	2201207	25176	740	2303242	25176	772	2402497	25176	804	2501716	25176	836	2600633	25176	869	2703374	25176	900	2800304	25176	933	2902654	25176	965	3003374	25176	997	3102847	25176	1029	3202174	25176	1061	3302180	25176	1093	3401571	25176	1125	3500760	25176	
33	102501	25176	65	203173	25176	96	300429	25176	128	400796	25176	160	501058	25176	192	600465	25176	225	703114	25176	257	802703	25176	289	901513	25176	322	1003210	25176	354	1102770	25176	386	1202209	25176	418	1301205	25176	450	1400450	25176	483	1503228	25176	515	1602888	25176	547	1702980	25176	579	1802507	25176	611	1901790	25176	643	2001571	25176	675	2100876	25176	707	2200528	25176	740	2302857	25176	772	2402769	25176	804	2502500	25176	836	2601858	25176	868	2701464	25176	900	2801540	25176	932	2900509	25176	965	3002610	25176	997	3102004	25176	1029	3201113	25176	1061	3300311	25176	1094	3402255	25176	1126	3501733	25176	
32	100605	25176	64	200660	25176	96	301137	25176	128	400957	25176	160	500594	25176	192	601577	25176	224	700943	25176	256	800454	25176	289	903089	25176	321	1001939	25176	353	1101284	25176	385	1200456	25176	418	1303063	25176	450	1402049	25176	482	1501284	25176	515	1603286	25176	547	1702182	25176	579	1801249	25176	611	1900500	25176	644	2003059	25176	676	2103006	25176	708	2202623	25176	740	2302802	25176	772	2402635	25176	804	2502546	25176	836	2602433	25176	868	2702603	25176	900	2802385	25176	932	2902011	25176	964	3001153	25176	996	3100448	25176	1029	3203218	25176	1060	3300514	25176	1092	3400402	25176	1124	3500843	25176	
32	100581	25176	64	200555	25176	96	300508	25176	128	400283	25176	161	502776	25176	193	602908	25176	225	702773	25176	257	801742	25176	289	901434	25176	322	1003180	25176	354	1102982	25176	386	1202735	25176	418	1302087	25176	450	1400894	25176	483	1503065	25176	515	1601919	25176	547	1701955	25176	579	1800617	25176	611	1900297	25176	643	2000751	25176	676	2103221	25176	708	2202582	25176	740	2302102	25176	772	2401097	25176	805	2503242	25176	837	2602384	25176	869	2702668	25176	901	2802235	25176	933	2903060	25176	965	3002780	25176	997	3102003	25176	1029	3201410	25176	1061	3302050	25176	1093	3402482	25176	1125	3502764	25176	
552	100071	67	1106	200079	67	1662	300023	67	2218	400137	67	2776	500063	67	3326	600129	67	3881	700030	67	4437	800034	67	4994	900055	67	5552	1000074	67	6109	1100042	67	6668	1200147	67	7225	1300089	67	7780	1400181	67	8336	1500059	67	8894	1600173	67	9451	1700077	67	10008	1800070	67	10559	1900118	67	11115	2000105	67	11672	2100181	67	12230	2200145	67	12786	2300034	67	13344	2400091	67	13896	2500030	67	14455	2600164	67	15009	2700069	67	15566	2800141	67	16122	2900175	67	16676	3000020	67	17228	3100109	67	17783	3200184	67	18338	3300069	67	18896	3400157	67	19453	3500153	67	
555	100184	63	1109	200014	63	1664	300052	63	2218	400117	63	2777	500099	63	3332	600061	63	3885	700111	63	4440	800089	55	4993	900146	55	5547	1000027	55	6103	1100066	55	6658	1200066	55	7212	1300069	55	7769	1400161	55	8325	1500038	55	8876	1600060	55	9431	1700055	55	9988	1800019	55	10547	1900181	55	11107	2000115	55	11663	2100097	55	12220	2200084	55	12779	2300124	55	13337	2400163	55	13892	2500121	55	14447	2600024	55	15004	2700084	55	15560	2800043	55	16118	2900063	55	16678	3000101	55	17237	3100141	55	17795	3200019	55	18353	3300107	55	18908	3400051	55	19464	3500054	55	
556	100157	64	1108	200045	64	1665	300130	53	2221	400144	53	2778	500047	53	3334	600125	53	3893	700183	53	4448	800122	53	5005	900124	53	5561	1000148	53	6116	1100123	53	6672	1200062	53	7229	1300062	53	7787	1400144	53	8341	1500011	53	8893	1600097	53	9446	1700024	53	10002	1800011	53	10559	1900100	53	11116	2000057	53	11672	2100018	53	12229	2200129	53	12787	2300064	53	13339	2400035	53	13895	2500128	53	14453	2600079	53	15005	2700018	53	15561	2800098	53	16120	2900183	53	16676	3000017	53	17235	3100069	53	17792	3200113	53	18351	3300175	53	18910	3400104	53	19465	3500089	53	
553	100022	66	1111	200118	66	1670	300182	66	2227	400069	66	2784	500035	66	3339	600133	66	3897	700103	66	4451	800079	66	5009	900042	66	5567	1000186	66	6122	1100133	66	6677	1200010	66	7235	1300140	66	7793	1400045	66	8350	1500165	66	8906	1600162	66	9459	1700035	66	10014	1800040	66	10573	1900129	66	11131	2000009	66	11685	2100067	66	12239	2200038	66	12796	2300017	66	13351	2400147	66	13906	2500174	66	14458	2600055	66	15012	2700026	66	15564	2800119	66	16120	2900037	66	16679	3000153	66	17233	3100097	66	17789	3200083	66	18343	3300040	66	18899	3400172	66	19455	3500045	66	
553	100138	67	1110	200011	56	1667	300133	56	2223	400119	56	2782	500018	56	3338	600140	56	3893	700043	56	4449	800046	56	5006	900048	56	5562	1000084	56	6117	1100084	56	6677	1200046	56	7236	1300134	56	7792	1400124	56	8342	1500133	56	8896	1600109	56	9450	1700012	56	10010	1800152	56	10568	1900015	56	11125	2000097	56	11684	2100083	56	12240	2200185	56	12795	2300053	56	13356	2400109	56	13913	2500183	56	14467	2600085	56	15025	2700031	56	15586	2800085	56	16146	2900152	56	16705	3000190	56	17261	3100042	56	17814	3200038	56	18369	3300021	56	18923	3400137	56	19481	3500026	56	
619	100106	69	1243	200085	69	1869	300136	69	2489	400061	61	3112	500016	61	3734	600165	61	4360	700111	61	4982	800137	61	5605	900127	61	6228	1000077	61	6849	1100161	61	7472	1200109	61	8095	1300107	61	8720	1400072	61	9345	1500100	61	9972	1600066	61	10598	1700021	61	11227	1800108	61	11850	1900088	61	12474	2000113	61	13099	2100130	61	13725	2200063	61	14350	2300064	61	14978	2400033	61	15605	2500038	61	16233	2600070	61	16860	2700140	61	17491	2800142	61	18118	2900102	61	18741	3000073	61	19362	3100036	61	19986	3200133	61	20608	3300078	61	21233	3400034	61	21861	3500153	61	
613	100148	71	1235	200079	71	1858	300032	71	2483	400057	71	3106	500067	71	3730	600017	71	4355	700058	71	4981	800132	71	5601	900040	71	6227	1000382	71	6838	1100114	71	7464	1200081	71	8083	1300045	71	8706	1400063	71	9328	1500008	71	9951	1600165	71	10571	1700082	71	11193	1800027	71	11817	1900138	71	12441	2000164	71	13065	2100155	71	13689	2200029	71	14314	2300138	71	14935	2400161	71	15557	2500026	71	16180	2600157	71	16801	2700032	71	17420	2800113	71	18046	2900042	71	18671	3000061	71	19295	3100106	71	19919	3200117	71	20543	3300103	71	21161	3400109	71	21782	3500112	62	
620	100157	64	1240	200007	64	1859	300032	64	2479	400104	64	3100	500039	64	3725	600110	64	4349	700180	64	4970	800144	64	5593	900092	64	6215	1000122	64	6836	1100094	64	7459	1200028	64	8082	1300163	64	8704	1400033	64	9323	1500080	64	9945	1600042	64	10568	1700051	64	11190	1800011	64	11805	1900123	64	12424	2000102	64	13045	2100116	64	13667	2200008	64	14288	2300172	64	14911	2400048	64	15534	2500081	64	16159	2600093	64	16785	2700020	64	17410	2800014	64	18037	2900071	64	18664	3000040	64	19290	3100101	64	19914	3200080	64	20539	3300028	64	21166	3400132	64	21789	3500130	64	
626	100156	62	1253	200078	62	1877	300021	62	2499	400016	62	3119	500161	62	3741	600130	62	4366	700075	62	4990	800009	62	5615	900079	62	6243	1000145	62	6868	1100134	62	7493	1200117	62	8116	1300024	62	8744	1400120	62	9370	1500018	62	9997	1600017	62	10619	1700019	62	11246	1800137	62	11872	1900129	62	12494	2000127	62	13117	2100084	62	13744	2200106	62	14362	2300022	62	14982	2400153	62	15605	2500060	62	16231	2600148	62	16857	2700030	62	17482	2800057	62	18106	2900151	62	18731	3000141	62	19352	3100065	62	19975	3200010	62	20600	3300155	62	21225	3400026	62	21853	3500162	62	
627	100043	67	1253	200093	67	1881	300099	67	2506	400083	67	3133	500063	67	3758	600103	67	4383	700095	67	5007	800021	67	5628	900033	67	6251	1000146	67	6873	1100100	67	7501	1200104	67	8129	1300112	67	8757	1400009	67	9378	1500118	67	10001	1600136	67	10629	1700064	67	11252	1800036	67	11876	1900156	67	12504	2000097	67	13129	2100022	67	13752	2200027	67	14376	2300009	67	15005	2400118	67	15631	2500159	67	16254	2600132	67	16882	2700075	67	17509	2800023	67	18135	2900138	67	18763	3000153	67	19385	3100127	67	20010	3200127	67	20635	3300117	67	21256	3400094	67	21881	3500040	67	
156	100322	355	312	200053	355	469	300621	355	625	400242	355	780	500201	355	937	600329	355	1093	700108	355	1249	800673	355	1403	900431	355	1558	1000189	355	1714	1100231	355	1870	1200174	355	2026	1300414	355	2183	1400481	355	2339	1500574	355	2494	1600194	355	2651	1700456	355	2806	1800141	355	2963	1900443	355	3120	2000507	355	3276	2100395	355	3432	2200352	355	3589	2300513	355	3745	2400355	355	3901	2500286	355	4057	2600541	355	4212	2700253	355	4368	2800156	355	4525	2900358	355	4681	3000199	355	4838	3100643	355	4993	3200276	355	5149	3300650	355	5304	3400474	355	5460	3500521	355	
157	100323	355	313	200143	355	470	300077	355	627	400140	355	784	500279	355	939	600209	355	1096	700231	355	1253	800398	355	1409	900045	355	1566	1000583	355	1722	1100262	355	1878	1200691	355	2034	1300334	355	2191	1400222	355	2348	1500514	355	2504	1600657	355	2659	1700566	355	2814	1800642	355	2970	1900365	355	3126	2000504	355	3281	2100501	355	3437	2200233	355	3594	2300664	355	3749	2400300	355	3905	2500369	355	4060	2600393	355	4216	2700253	355	4372	2800542	355	4529	2900327	355	4686	3000663	355	4842	3100121	355	4999	3200047	355	5155	3300596	355	5311	3400446	355	5468	3500347	355	
157	100598	355	313	200287	355	470	300666	355	626	400662	355	782	500580	355	938	600459	355	1094	700061	355	1251	800268	355	1407	900534	355	1563	1000220	355	1719	1100087	355	1875	1200177	355	2032	1300106	355	2188	1400682	355	2344	1500408	355	2500	1600079	355	2656	1700283	355	2811	1800044	355	2967	1900370	355	3124	2000428	355	3280	2100269	355	3436	2200277	355	3592	2300447	355	3748	2400155	355	3903	2500216	355	4058	2600460	355	4213	2700386	355	4370	2800635	355	4526	2900318	355	4683	3000483	355	4839	3100260	355	4996	3200270	355	5152	3300532	355	5308	3400203	355	5464	3500309	355	
157	100573	355	314	200501	355	470	300152	355	627	400535	355	783	500485	355	939	600256	355	1096	700610	355	1251	800255	355	1407	900113	355	1564	1000648	355	1720	1100265	355	1877	1200240	355	2033	1300577	355	2187	1400458	355	2341	1500443	355	2496	1600290	355	2653	1700516	355	2809	1800626	355	2965	1900460	355	3120	2000093	355	3276	2100176	355	3433	2200428	355	3589	2300507	355	3745	2400461	355	3901	2500418	355	4057	2600234	355	4213	2700299	355	4370	2800463	355	4526	2900188	355	4683	3000430	355	4838	3100168	355	4995	3200391	355	5150	3300460	355	5306	3400048	355	5462	3500207	355	
156	100465	355	312	200074	355	469	300403	355	626	400517	355	783	500597	355	939	600144	355	1096	700574	355	1252	800316	355	1405	900085	355	1562	1000515	355	1717	1100337	355	1874	1200300	355	2031	1300493	355	2187	1400199	355	2342	1500056	355	2499	1600487	355	2654	1700412	355	2808	1800348	355	2964	1900689	355	3119	2000501	355	3276	2100563	355	3432	2200108	355	3589	2300505	355	3745	2400378	355	3901	2500198	355	4058	2600662	355	4215	2700527	355	4372	2800601	355	4529	2900494	355	4685	3000583	355	4841	3100510	355	4997	3200069	355	5154	3300351	355	5311	3400639	355	5467	3500402	355	
171	100597	365	341	200598	365	511	300574	365	680	400333	365	850	500574	365	1020	600359	365	1187	700169	365	1356	800599	365	1526	900512	365	1695	1000590	365	1865	1100464	365	2033	1200137	365	2204	1300374	365	2374	1400078	365	2543	1500582	365	2712	1600227	365	2881	1700644	365	3050	1800254	365	3220	1900259	365	3390	2000423	365	3559	2100063	365	3728	2200041	365	3897	2300087	365	4066	2400176	365	4236	2500400	365	4405	2600378	365	4575	2700340	365	4744	2800110	365	4913	2900266	365	5083	3000581	365	5252	3100248	365	5421	3200318	365	5592	3300592	365	5761	3400088	365	5931	3500444	365	
171	100456	365	340	200073	365	511	300426	365	681	400437	365	851	500337	365	1021	600243	365	1191	700297	365	1361	800343	365	1529	900068	365	1698	1000080	365	1868	1100482	365	2037	1200466	365	2207	1300353	365	2377	1400449	365	2547	1500307	365	2716	1600426	365	2886	1700499	365	3056	1800504	365	3225	1900469	365	3394	2000459	365	3563	2100151	365	3732	2200513	365	3901	2300266	365	4071	2400377	365	4241	2500384	365	4411	2600590	365	4580	2700541	365	4748	2800520	365	4917	2900470	365	5086	3000112	365	5257	3100619	365	5426	3200340	365	5596	3300501	365	5765	3400250	365	5935	3500279	365	
170	100177	365	340	200205	365	508	300302	365	676	400268	365	847	500554	365	1017	600233	365	1187	700419	365	1356	800213	365	1526	900179	365	1696	1000289	365	1864	1100225	365	2033	1200176	365	2203	1300061	365	2372	1400556	365	2542	1500582	365	2711	1600105	365	2881	1700127	365	3051	1800340	365	3220	1900268	365	3390	2000127	365	3559	2100185	365	3727	2200068	365	3897	2300253	365	4066	2400166	365	4235	2500439	365	4405	2600259	365	4576	2700562	365	4746	2800271	365	4915	2900294	365	5085	3000533	365	5255	3100558	365	5425	3200473	365	5595	3300539	365	5764	3400308	365	5934	3500345	365	
170	100618	365	339	200460	365	509	300258	365	679	400548	365	848	500169	365	1018	600139	365	1188	700546	365	1357	800310	365	1526	900306	365	1696	1000119	365	1866	1100226	365	2036	1200185	365	2205	1300551	365	2375	1400502	365	2544	1500099	365	2715	1600341	365	2884	1700077	365	3054	1800218	365	3224	1900349	365	3394	2000330	365	3563	2100266	365	3732	2200130	365	3901	2300139	365	4071	2400612	365	4240	2500605	365	4409	2600077	365	4579	2700338	365	4749	2800458	365	4919	2900185	365	5089	3000334	365	5257	3100347	365	5426	3200201	365	5596	3300623	365	5765	3400355	365	5934	3500283	365	
170	100147	365	340	200398	365	509	300591	365	677	400110	365	847	500136	365	1018	600622	365	1187	700084	365	1357	800244	365	1526	900407	365	1696	1000261	365	1866	1100581	365	2035	1200480	365	2205	1300213	365	2375	1400264	365	2545	1500588	365	2714	1600563	365	2883	1700580	365	3052	1800349	365	3221	1900084	365	3390	2000423	365	3559	2100522	365	3728	2200180	365	3895	2300276	365	4064	2400114	365	4234	2500216	365	4403	2600147	365	4574	2700440	365	4744	2800427	365	4913	2900344	365	5082	3000318	365	5252	3100606	365	5421	3200383	365	5591	3300338	365	5761	3400576	365	5930	3500234	365	
37	102467	1803	73	202285	1803	109	301861	1803	145	401206	1803	181	501741	1803	217	601765	1803	253	700564	1803	290	802803	1803	326	902382	1803	362	1001835	1803	398	1101376	1803	434	1200220	1803	471	1301933	1803	507	1401845	1803	543	1501341	1803	579	1600835	1803	616	1702753	1803	652	1801848	1803	688	1901108	1803	724	2000544	1803	761	2102213	1803	797	2201920	1803	833	2301695	1803	869	2401195	1803	905	2500771	1803	942	2602659	1803	978	2702116	1803	1014	2801134	1803	1051	2902564	1803	1087	3001323	1803	1123	3101537	1803	1159	3201239	1803	1195	3300235	1803	1232	3402438	1803	1268	3501901	1803	
36	100572	1803	73	202496	1803	109	301224	1803	146	402923	1803	182	502947	1803	218	602842	1803	254	702714	1803	290	802035	1803	326	901202	1803	362	1001147	1803	398	1100310	1803	435	1202695	1803	471	1302128	1803	507	1401488	1803	543	1501283	1803	579	1600650	1803	615	1700408	1803	652	1802850	1803	687	1900951	1803	723	2001159	1803	759	2100722	1803	795	2200315	1803	832	2302739	1803	868	2402272	1803	904	2501461	1803	940	2600783	1803	977	2702549	1803	1013	2801908	1803	1049	2900878	1803	1085	3000410	1803	1122	3102587	1803	1158	3201697	1803	1194	3301578	1803	1230	3400754	1803	1267	3502284	1803	
37	102006	1803	73	201213	1803	110	302741	1803	146	401548	1803	182	501053	1803	218	600771	1803	254	700958	1803	291	802643	1803	327	901274	1803	363	1000525	1803	400	1102724	1803	436	1202658	1803	472	1302843	1803	508	1402432	1803	544	1502192	1803	580	1601439	1803	616	1700486	1803	652	1800818	1803	689	1902436	1803	725	2001416	1803	761	2101151	1803	797	2200260	1803	834	2302918	1803	870	2401865	1803	906	2501347	1803	942	2601148	1803	978	2702088	1803	1014	2801619	1803	1050	2900524	1803	1086	3000850	1803	1122	3100238	1803	1159	3202238	1803	1195	3301215	1803	1231	3400242	1803	1268	3502315	1803	
37	101908	1803	73	201905	1803	109	300843	1803	146	402577	1803	182	501684	1803	218	600686	1803	254	700304	1803	291	802792	1803	327	902094	1803	363	1001509	1803	399	1101179	1803	436	1202892	1803	472	1302367	1803	508	1401176	1803	544	1501224	1803	580	1600633	1803	617	1702774	1803	653	1801727	1803	689	1901280	1803	725	2001565	1803	761	2100951	1803	797	2200604	1803	834	2302645	1803	870	2401641	1803	906	2500588	1803	943	2602149	1803	979	2700946	1803	1016	2802707	1803	1052	2901788	1803	1088	3000789	1803	1125	3102500	1803	1161	3201828	1803	1197	3301813	1803	1233	3400931	1803	1269	3500471	1803	
36	100518	1803	73	202342	1803	109	300756	1803	146	402325	1803	182	501373	1803	218	601108	1803	254	700229	1803	291	802813	1803	327	902449	1803	363	1002808	1803	399	1101853	1803	435	1200931	1803	472	1302400	1803	507	1400240	1803	544	1502048	1803	580	1601240	1803	617	1702791	1803	653	1802424	1803	689	1901422	1803	725	2001079	1803	761	2100905	1803	797	2200791	1803	834	2302949	1803	870	2402346	1803	906	2501753	1803	942	2601997	1803	978	2700804	1803	1015	2802688	1803	1051	2901890	1803	1087	3001384	1803	1123	3101529	1803	1159	3201175	1803	1195	3301325	1803	1230	3401200	1803	1266	3502540	1803	
40	101905	1754	79	200875	1754	118	300533	1754	157	400610	1754	197	502463	1754	236	601621	1754	275	700660	1754	314	800271	1754	354	902688	1754	393	1002075	1754	432	1101029	1754	471	1200640	1754	511	1302451	1754	550	1401988	1754	589	1500927	1754	628	1600309	1754	668	1702546	1754	707	1801970	1754	746	1901095	1754	785	2000880	1754	825	2102538	1754	864	2201800	1754	903	2300731	1754	943	2402541	1754	982	2501632	1754	1021	2601347	1754	1060	2700582	1754	1099	2800184	1754	1139	2902539	1754	1177	3000803	1754	1216	3101259	1754	1255	3200779	1754	1294	3300356	1754	1334	3402084	1754	1373	3502560	1754	
40	102328	1754	79	201760	1754	118	301869	1754	157	401370	1754	196	500977	1754	235	600871	1754	274	700664	1754	313	800546	1754	352	900470	1754	392	1002484	1754	431	1102107	1754	470	1200801	1754	509	1300831	1754	548	1401570	1754	587	1502444	1754	625	1600237	1754	665	1701931	1754	704	1802193	1754	743	1901511	1754	782	2001010	1754	821	2100427	1754	861	2202475	1754	900	2301666	1754	939	2400623	1754	979	2502671	1754	1018	2602099	1754	1057	2701700	1754	1096	2800888	1754	1135	2900223	1754	1175	3002232	1754	1213	3100516	1754	1253	3202161	1754	1292	3300916	1754	1331	3401172	1754	1370	3500804	1754	
40	101718	1754	79	200745	1754	118	300208	1754	157	400620	1754	196	500693	1754	235	600465	1754	275	702460	1754	314	802066	1754	353	901148	1754	392	1001134	1754	431	1100901	1754	470	1200414	1754	509	1300676	1754	548	1400731	1754	588	1502485	1754	627	1602148	1754	666	1701369	1754	705	1801369	1754	744	1901272	1754	783	2001021	1754	822	2100451	1754	862	2201914	1754	901	2301249	1754	940	2400543	1754	979	2501182	1754	1019	2602745	1754	1058	2702332	1754	1097	2801657	1754	1136	2901005	1754	1176	3002608	1754	1215	3101131	1754	1254	3200534	1754	1294	3302388	1754	1333	3402516	1754	1372	3501807	1754	
40	102098	1754	79	201348	1754	118	301660	1754	157	400893	1754	196	500689	1754	236	602552	1754	275	701904	1754	314	802528	1754	353	901686	1754	392	1001133	1754	431	1101197	1754	470	1200985	1754	509	1300945	1754	549	1402618	1754	588	1501612	1754	627	1601452	1754	666	1700419	1754	706	1802141	1754	745	1901718	1754	784	2001474	1754	823	2101111	1754	862	2200891	1754	901	2301010	1754	940	2400341	1754	980	2501797	1754	1019	2601254	1754	1058	2702061	1754	1097	2801339	1754	1135	2900946	1754	1174	3001019	1754	1213	3100338	1754	1253	3202419	1754	1292	3301333	1754	1331	3401242	1754	1370	3500381	1754	
39	100572	1754	79	202177	1754	118	302442	1754	157	402233	1754	196	501765	1754	235	602104	1754	274	701449	1754	313	800621	1754	352	900893	1754	391	1001013	1754	430	1101368	1754	469	1200802	1754	509	1302553	1754	548	1401468	1754	587	1501302	1754	626	1600985	1754	665	1700748	1754	705	1802625	1754	744	1901672	1754	783	2000967	1754	822	2100237	1754	862	2201893	1754	901	2301771	1754	940	2401747	1754	979	2502195	1754	1018	2601928	1754	1057	2701043	1754	1097	2802626	1754	1135	2900238	1754	1174	3000487	1754	1214	3102256	1754	1253	3201229	1754	1292	3300587	1754	1331	3400295	1754	1371	3502144	1754	
489	100192	200	973	200099	200	1459	300078	200	1945	400151	170	2430	500168	170	2915	600224	170	3401	700199	170	3866	800185	170	4335	900165	170	4815	1000026	170	5300	1100190	170	5784	1200033	170	6270	1300054	170	6756	1400027	151	7243	1500199	151	7727	1600037	151	8214	1700176	136	8698	1800114	136	9181	1900117	136	9666	2000143	136	10152	2100161	136	10636	2200016	136	11119	2300120	136	11602	2400099	136	12086	2500033	136	12571	2600025	136	13058	2700074	136	13544	2800125	136	14029	2900191	136	14515	3000098	136	15003	3100111	136	15487	3200171	136	15972	3300107	136	16459	3400202	136	16943	3500184	136	
487	100152	259	972	200138	259	1458	300118	259	1942	400183	259	2428	500185	259	2914	600186	259	3399	700076	259	3882	800069	259	4366	900168	259	4850	1000149	259	5335	1100080	259	5819	1200160	259	6292	1300100	259	6770	1400182	231	7256	1500110	231	7741	1600099	217	8225	1700083	217	8712	1800121	217	9195	1900205	217	9681	2000124	217	10166	2100189	217	10651	2200155	217	11136	2300061	217	11621	2400161	217	12109	2500092	217	12595	2600062	217	13081	2700069	217	13564	2800072	217	14047	2900126	217	14529	3000036	217	15013	3100011	217	15499	3200173	217	15983	3300115	217	16470	3400191	217	16957	3500104	217	
486	100133	174	971	200207	174	1455	300064	174	1939	400141	174	2421	500033	174	2905	600126	174	3391	700177	174	3875	800144	174	4358	900064	174	4840	1000139	174	5324	1100143	174	5811	1200176	174	6295	1300105	174	6779	1400204	174	7262	1500158	174	7746	1600062	174	8230	1700084	174	8713	1800105	174	9194	1900037	174	9679	2000183	174	10164	2100108	174	10648	2200064	174	11132	2300047	174	11617	2400107	174	12099	2500082	174	12584	2600181	174	13068	2700107	174	13551	2800166	174	14035	2900205	174	14520	3000133	174	15005	3100037	174	15490	3200111	174	15976	3300178	174	16463	3400189	174	16948	3500124	174	
492	100101	159	979	200160	159	1469	300087	159	1958	400165	159	2445	500143	159	2933	600109	159	3424	700212	159	3912	800025	159	4401	900191	159	4886	1000186	159	5372	1100102	159	5864	1200142	159	6353	1300143	159	6842	1400010	159	7329	1500091	159	7819	1600051	159	8311	1700185	159	8801	1800122	159	9292	1900119	159	9782	2000106	159	10271	2100146	159	10759	2200146	159	11241	2300061	159	11729	2400080	159	12217	2500032	159	12707	2600162	159	13192	2700047	159	13682	2800125	159	14172	2900112	159	14658	3000067	159	15147	3100103	159	15637	3200083	159	16126	3300168	138	16615	3400131	138	17106	3500070	138	
488	100097	205	972	200158	205	1458	300035	205	1945	400196	205	2428	500052	205	2913	600033	174	3403	700210	151	3890	800078	151	4376	900174	151	4861	1000157	151	5346	1100089	151	5833	1200144	151	6319	1300069	151	6805	1400167	151	7289	1500013	151	7776	1600193	151	8263	1700165	151	8746	1800054	151	9231	1900120	151	9712	2000100	151	10197	2100168	151	10682	2200086	151	11168	2300159	151	11652	2400207	151	12138	2500042	151	12625	2600135	151	13109	2700186	151	13593	2800136	151	14079	2900179	151	14566	3000204	151	15051	3100015	151	15536	3200220	151	16021	3300125	151	16507	3400042	151	16994	3500053	151	
149	100406	2340	294	200324	2157	440	300577	2157	585	400581	1941	730	500365	1941	876	600557	1768	1020	700369	1768	1165	800597	1768	1309	900134	1768	1454	1000209	1768	1600	1100476	1768	1745	1200372	1768	1889	1300129	1768	2034	1400263	1768	2178	1500195	1768	2323	1600211	1768	2468	1700532	1768	2613	1800720	1768	2757	1900299	1768	2901	2000074	1768	3047	2100508	1768	3192	2200546	1768	3336	2300145	1768	3481	2400159	1768	3627	2500641	1768	3772	2600622	1768	3917	2700365	1768	4062	2800456	1768	4206	2900310	1768	4350	3000061	1768	4495	3100192	1768	4639	3200574	1768	4783	3300672	1768	4927	3400369	1768	5072	3500621	1768	
147	100055	2235	292	200362	2235	437	300378	2021	582	400070	2021	727	500186	2021	871	600307	2021	1016	700482	2021	1161	800489	2021	1306	900207	2021	1452	1000532	2021	1597	1100187	2021	1742	1200197	2021	1888	1300721	2021	2033	1400215	2021	2179	1500264	2021	2324	1600160	2021	2469	1700126	2021	2615	1800539	2021	2760	1900261	2021	2905	2000428	2021	3051	2100409	2021	3196	2200458	2021	3341	2300136	2021	3486	2400259	2021	3632	2500361	2021	3778	2600597	2021	3923	2700389	2021	4068	2800339	2021	4214	2900320	2021	4359	3000476	2021	4504	3100407	2021	4650	3200646	2021	4795	3300237	1845	4940	3400422	1845	5084	3500171	1845	
148	100077	2255	293	200566	2063	437	300388	2063	581	400430	2063	725	500110	2063	870	600499	2063	1015	700629	2063	1159	800269	2063	1302	900123	2063	1447	1000573	2063	1591	1100308	2063	1735	1200336	2063	1879	1300126	2063	2024	1400616	2063	2168	1500596	2063	2312	1600236	2063	2456	1700194	2063	2600	1800102	2063	2745	1900507	2063	2889	2000060	2063	3033	2100607	2063	3176	2200243	2063	3320	2300356	2063	3464	2400607	2063	3608	2500394	2063	3751	2600220	2063	3895	2700439	2063	4038	2800234	2063	4181	2900599	2063	4325	3000387	2063	4470	3100224	2063	4615	3200615	2063	4758	3300059	2063	4903	3400123	2063	5048	3500275	2063	
147	100046	1820	293	200562	1820	438	300438	1820	583	400192	1820	728	500389	1820	873	600087	1820	1019	700397	1820	1163	800091	1820	1308	900543	1820	1452	1000071	1820	1599	1100699	1820	1742	1200332	1820	1887	1300191	1820	2031	1400383	1660	2175	1500288	1660	2321	1600699	1660	2465	1700689	1660	2609	1800203	1660	2754	1900728	1660	2898	2000161	1660	3044	2100561	1660	3189	2200699	1660	3333	2300057	1660	3478	2400404	1660	3623	2500522	1660	3768	2600535	1660	3912	2700350	1660	4056	2800421	1660	4200	2900675	1660	4344	3000192	1660	4488	3100284	1660	4632	3200261	1660	4776	3300104	1660	4921	3400641	1660	5065	3500615	1660	
149	100505	2148	295	200707	2148	440	300494	2148	585	400244	2148	732	500725	2148	877	600151	2148	1024	700620	2148	1169	800216	2148	1315	900312	2148	1461	1000727	2148	1606	1100469	2148	1752	1200474	2148	1896	1300178	2148	2041	1400308	2148	2186	1500173	2148	2332	1600511	2148	2478	1700458	2148	2623	1800302	2148	2768	1900179	2148	2914	2000263	2148	3060	2100655	2148	3205	2200449	2148	3351	2300692	2148	3496	2400579	2148	3640	2500382	2148	3786	2600170	2148	3932	2700231	2148	4078	2800538	2148	4223	2900344	2148	4367	3000052	2148	4513	3100640	2148	4658	3200305	2148	4803	3300176	2148	4949	3400556	2148	5094	3500172	2148	
33	102020	50414	65	200961	50414	97	300512	50414	130	402953	50414	162	502258	50414	194	601442	50414	226	700822	50414	259	802668	50414	291	901525	50414	323	1000375	50414	356	1102591	50414	388	1201667	50414	420	1301021	50414	453	1402630	50414	485	1502173	50414	517	1601351	50414	550	1702985	50414	582	1802148	50414	614	1900975	50414	647	2002994	50414	679	2102282	50414	711	2201632	50414	743	2300446	50414	776	2402275	50414	808	2501333	50414	841	2603167	50414	873	2701946	50414	905	2801266	50414	937	2900692	50414	970	3003108	50414	1002	3102322	50414	1034	3201170	50414	1066	3300369	50414	1098	3400598	50414	1131	3502840	50414	
33	102421	50414	65	201622	50414	97	301091	50414	130	403346	50414	162	502352	50414	194	601352	50414	226	700832	50414	259	802844	50414	291	902310	50414	323	1000990	50414	355	1100483	50414	388	1202083	50414	420	1301359	50414	452	1400651	50414	485	1502752	50414	517	1601847	50414	549	1700706	50414	582	1802915	50414	614	1902019	50414	646	2000894	50414	679	2102348	50414	711	2202026	50414	743	2301719	50414	775	2400544	50414	808	2502410	50414	840	2601523	50414	872	2700512	50414	905	2802595	50414	937	2901631	50414	969	3000616	50414	1002	3102747	50414	1034	3201809	50414	1066	3300771	50414	1099	3403068	50414	1131	3502326	50414	
33	102618	50414	65	201954	50414	97	301319	50414	129	401095	50414	162	503200	50414	194	602345	50414	226	700686	50414	259	802618	50414	291	901678	50414	323	1000378	50414	356	1102430	50414	388	1201150	50414	421	1302707	50414	453	1402505	50414	485	1502009	50414	517	1600987	50414	550	1702822	50414	582	1801422	50414	614	1900348	50414	647	2002462	50414	679	2101624	50414	711	2201360	50414	744	2303142	50414	776	2402345	50414	808	2501208	50414	840	2600640	50414	873	2703181	50414	904	2800478	50414	937	2902315	50414	969	3001153	50414	1001	3100246	50414	1034	3202445	50414	1066	3301635	50414	1098	3400316	50414	1131	3502804	50414	
33	102076	50414	65	201127	50414	97	300870	50414	130	402960	50414	162	502196	50414	194	600972	50414	226	700501	50414	258	800281	50414	291	902679	50414	323	1001460	50414	355	1100394	50414	388	1202393	50414	420	1301043	50414	453	1402899	50414	484	1500686	50414	516	1601326	50414	549	1703164	50414	581	1803029	50414	612	1900886	50414	645	2003239	50414	677	2102607	50414	709	2202253	50414	741	2300927	50414	774	2403031	50414	806	2503125	50414	838	2602577	50414	870	2702691	50414	902	2801986	50414	934	2903242	50414	966	3002623	50414	998	3101391	50414	1030	3200334	50414	1063	3302286	50414	1095	3400830	50414	1128	3503281	50414	
33	102523	50414	65	201533	50414	97	301308	50414	129	400593	50414	162	502461	50414	194	601930	50414	226	702746	50414	258	801821	50414	290	901611	50414	322	1000703	50414	355	1102707	50414	387	1201888	50414	419	1301022	50414	451	1400542	50414	484	1503134	50414	516	1602179	50414	548	1701486	50414	580	1801065	50414	612	1900449	50414	645	2002162	50414	677	2100557	50414	710	2202686	50414	742	2302217	50414	774	2401014	50414	807	2502623	50414	839	2601600	50414	871	2701036	50414	904	2803035	50414	936	2902319	50414	968	3001117	50414	1001	3102794	50414	1033	3201666	50414	1065	3301042	50414	1097	3400254	50414	1130	3502301	50414	
