wersja nr 1;wspolczynnik mutacji 6.400000;wielkosc populacji 10
2255	100009	44	4495	200006	44	6734	300007	44	8971	400029	44	11215	500039	44	13456	600028	44	15691	700006	44	17937	800026	44	20179	900018	44	22423	1000008	44	24666	1100049	44	26909	1200032	44	29153	1300026	44	31394	1400011	44	33647	1500025	44	35895	1600044	44	38139	1700054	44	40379	1800014	44	42621	1900025	44	44861	2000014	44	47102	2100034	44	49351	2200039	44	51572	2300039	44	53811	2400021	44	56055	2500022	44	58293	2600032	44	60541	2700039	44	62791	2800033	44	65033	2900013	44	67282	3000047	44	69526	3100020	44	71772	3200017	44	74005	3300011	44	76246	3400023	44	78490	3500018	44	
2252	100020	44	4497	200013	44	6738	300023	44	8977	400016	44	11215	500046	44	13461	600031	44	15703	700030	44	17927	800027	44	20169	900023	44	22413	1000024	44	24657	1100013	44	26903	1200014	44	29148	1300045	44	31384	1400010	44	33633	1500022	44	35861	1600035	44	38096	1700026	44	40339	1800031	44	42503	1900015	44	44736	2000015	44	46973	2100043	44	49223	2200016	44	51469	2300028	44	53715	2400013	44	55951	2500047	44	58186	2600021	44	60428	2700009	44	62655	2800039	44	64889	2900021	44	67124	3000044	44	69372	3100044	44	71610	3200008	44	73857	3300026	44	76101	3400026	44	78346	3500042	44	
2243	100016	44	4473	200023	44	6704	300042	44	8941	400005	44	11177	500026	44	13412	600048	44	15650	700027	44	17884	800036	44	20119	900023	44	22336	1000036	44	24571	1100051	44	26801	1200023	44	29027	1300041	44	31260	1400029	44	33489	1500027	44	35719	1600009	44	37959	1700013	44	40200	1800009	44	42435	1900004	44	44674	2000045	44	46913	2100013	44	49136	2200010	44	51367	2300047	44	53590	2400012	44	55829	2500006	44	58064	2600008	44	60294	2700008	44	62533	2800004	44	64761	2900013	44	67000	3000026	44	69237	3100010	44	71474	3200013	44	73702	3300030	44	75940	3400026	44	78171	3500044	44	
2241	100041	44	4479	200038	44	6718	300040	44	8959	400013	44	11200	500035	44	13444	600029	44	15682	700007	44	17910	800015	44	20145	900005	44	22377	1000041	44	24619	1100014	44	26864	1200025	44	29103	1300006	44	31348	1400033	44	33590	1500028	44	35835	1600038	44	38072	1700024	44	40295	1800035	44	42539	1900012	44	44785	2000020	44	47032	2100033	44	49280	2200029	44	51528	2300042	44	53766	2400044	44	56002	2500007	44	58245	2600026	44	60480	2700004	44	62683	2800007	44	64918	2900030	44	67161	3000018	44	69399	3100036	44	71638	3200006	44	73878	3300025	44	76117	3400032	44	78355	3500026	44	
2250	100019	44	4498	200018	44	6733	300038	44	8963	400034	44	11200	500043	44	13438	600018	44	15683	700033	44	17925	800026	44	20166	900044	44	22413	1000046	44	24658	1100008	44	26901	1200033	44	29129	1300041	44	31366	1400015	44	33606	1500038	44	35848	1600042	44	38080	1700039	44	40321	1800038	44	42569	1900041	44	44808	2000047	44	47047	2100028	44	49286	2200016	44	51523	2300023	44	53752	2400006	44	55989	2500022	44	58230	2600042	44	60471	2700046	44	62716	2800033	44	64957	2900032	44	67195	3000017	44	69437	3100041	44	71674	3200008	44	73919	3300032	44	76155	3400005	44	78402	3500008	44	
2320	100007	46	4636	200019	46	6946	300005	46	9251	400042	46	11569	500027	46	13882	600029	46	16189	700004	46	18506	800035	46	20819	900004	46	23136	1000046	46	25445	1100039	46	27759	1200038	46	30076	1300024	46	32388	1400021	46	34702	1500022	46	37018	1600010	46	39317	1700037	46	41622	1800048	46	43906	1900045	46	46218	2000004	46	48533	2100041	46	50856	2200029	46	53174	2300029	46	55488	2400010	46	57810	2500024	46	60113	2600033	46	62406	2700034	46	64713	2800006	46	67014	2900020	46	69334	3000042	46	71654	3100046	46	73959	3200044	46	76260	3300025	46	78577	3400003	46	80892	3500007	46	
2324	100025	46	4643	200013	46	6961	300040	46	9283	400032	46	11598	500025	46	13909	600003	46	16222	700018	46	18524	800029	46	20836	900036	46	23156	1000035	46	25476	1100013	46	27790	1200009	46	30106	1300038	46	32412	1400036	46	34715	1500017	46	37027	1600031	46	39338	1700042	46	41650	1800035	46	43958	1900026	46	46265	2000020	46	48574	2100003	46	50893	2200014	46	53193	2300041	46	55507	2400015	46	57829	2500019	46	60150	2600021	46	62467	2700011	46	64784	2800040	46	67089	2900031	46	69403	3000030	46	71717	3100024	46	74034	3200027	46	76344	3300046	46	78662	3400030	46	80977	3500016	46	
2308	100016	46	4625	200018	46	6936	300014	46	9244	400043	46	11562	500032	46	13882	600030	46	16190	700014	46	18491	800032	46	20793	900042	46	23103	1000024	46	25413	1100029	46	27725	1200027	46	30029	1300032	46	32333	1400043	46	34646	1500017	46	36965	1600040	46	39283	1700022	46	41599	1800022	46	43899	1900025	46	46208	2000030	46	48510	2100024	46	50816	2200026	46	53119	2300040	46	55424	2400033	46	57735	2500011	46	60029	2600006	46	62352	2700044	46	64663	2800039	46	66986	2900020	46	69296	3000016	46	71609	3100012	46	73926	3200015	46	76220	3300007	46	78527	3400025	46	80849	3500011	46	
2295	100011	46	4597	200020	46	6899	300040	46	9201	400020	46	11500	500010	46	13806	600008	46	16104	700042	46	18400	800038	46	20704	900011	46	23004	1000015	46	25307	1100033	46	27604	1200046	46	29905	1300026	46	32205	1400022	46	34510	1500029	46	36811	1600035	46	39116	1700018	46	41411	1800023	46	43707	1900003	46	46009	2000038	46	48311	2100027	46	50614	2200021	46	52915	2300044	46	55207	2400020	46	57492	2500009	46	59784	2600023	46	62085	2700048	46	64373	2800019	46	66665	2900045	46	68964	3000019	46	71268	3100017	46	73569	3200007	46	75873	3300013	46	78170	3400035	46	80464	3500014	46	
2291	100007	46	4589	200037	46	6881	300047	46	9171	400050	46	11469	500036	46	13761	600017	46	16045	700042	46	18335	800015	46	20632	900044	46	22917	1000031	46	25206	1100018	46	27482	1200028	46	29766	1300017	46	32054	1400023	46	34345	1500029	46	36633	1600047	46	38929	1700016	46	41221	1800036	46	43511	1900031	46	45809	2000024	46	48115	2100047	46	50406	2200026	46	52692	2300005	46	54965	2400019	46	57254	2500020	46	59555	2600033	46	61855	2700025	46	64156	2800031	46	66436	2900025	46	68720	3000008	46	71011	3100018	46	73309	3200045	46	75608	3300020	46	77903	3400037	46	80199	3500026	46	
882	100108	1011	1769	200059	348	2643	300047	218	3513	400125	205	4380	500054	200	5244	600087	200	6109	700109	200	6974	800023	200	7837	900079	200	8703	1000058	200	9574	1100113	200	10431	1200133	200	11291	1300030	200	12157	1400072	200	13022	1500087	200	13888	1600130	200	14752	1700054	200	15616	1800051	200	16484	1900028	200	17323	2000029	200	18166	2100017	200	19031	2200096	200	19894	2300082	200	20759	2400121	200	21628	2500062	200	22497	2600124	200	23368	2700090	200	24229	2800098	200	25091	2900049	200	25962	3000111	200	26829	3100044	200	27696	3200075	200	28557	3300080	200	29426	3400052	200	30294	3500052	200	
902	100022	974	1773	200056	358	2644	300057	230	3513	400107	215	4382	500072	203	5251	600022	200	6119	700023	200	6986	800070	200	7843	900020	200	8697	1000063	200	9563	1100095	200	10431	1200037	200	11297	1300065	200	12168	1400118	200	13036	1500044	200	13899	1600071	200	14728	1700084	200	15580	1800024	200	16445	1900111	200	17311	2000079	200	18176	2100054	200	19035	2200018	200	19901	2300040	200	20769	2400054	200	21620	2500096	200	22479	2600127	200	23343	2700106	200	24206	2800044	200	25064	2900080	200	25929	3000044	200	26800	3100080	200	27669	3200090	200	28525	3300129	200	29392	3400057	200	30262	3500098	200	
904	100100	1077	1789	200127	419	2655	300040	278	3527	400082	221	4375	500127	207	5238	600097	203	6103	700017	200	6968	800051	200	7834	900059	200	8694	1000096	200	9551	1100108	200	10412	1200043	200	11276	1300039	200	12141	1400049	200	13010	1500075	200	13875	1600059	200	14744	1700091	200	15585	1800138	200	16450	1900025	200	17314	2000112	200	18183	2100046	200	19045	2200105	200	19908	2300121	200	20775	2400025	200	21639	2500100	200	22501	2600063	200	23365	2700108	200	24232	2800095	200	25098	2900060	200	25962	3000022	200	26822	3100022	200	27681	3200124	200	28546	3300061	200	29414	3400087	200	30279	3500096	200	
905	100120	991	1793	200119	344	2664	300067	234	3526	400058	201	4390	500040	200	5257	600017	200	6124	700020	200	6988	800109	200	7847	900062	200	8710	1000100	200	9574	1100062	200	10433	1200069	200	11289	1300116	200	12153	1400065	200	13005	1500040	200	13871	1600087	200	14736	1700113	200	15593	1800105	200	16460	1900056	200	17322	2000050	200	18186	2100115	200	19051	2200092	200	19916	2300050	200	20784	2400113	200	21653	2500104	200	22516	2600102	200	23381	2700054	200	24236	2800116	200	25101	2900133	200	25959	3000112	200	26824	3100094	200	27691	3200014	200	28553	3300026	200	29420	3400035	200	30278	3500107	200	
900	100062	1158	1787	200114	431	2658	300121	262	3524	400097	226	4363	500040	204	5222	600041	200	6075	700108	200	6942	800072	200	7807	900075	200	8671	1000050	200	9534	1100047	200	10403	1200042	200	11269	1300042	200	12127	1400116	200	12991	1500127	200	13835	1600044	200	14699	1700103	200	15563	1800071	200	16431	1900057	200	17299	2000071	200	18165	2100078	200	19022	2200025	200	19887	2300097	200	20756	2400089	200	21626	2500086	200	22496	2600130	200	23368	2700119	200	24234	2800050	200	25102	2900080	200	25970	3000041	200	26837	3100030	200	27702	3200030	200	28569	3300106	200	29435	3400072	200	30303	3500076	200	
917	100023	354	1808	200112	231	2694	300120	208	3575	400020	205	4450	500052	205	5330	600055	205	6215	700015	205	7103	800100	205	7992	900072	205	8880	1000098	205	9753	1100123	205	10635	1200113	205	11515	1300082	205	12393	1400064	205	13276	1500078	205	14161	1600100	205	15044	1700099	205	15926	1800102	205	16814	1900084	205	17695	2000025	205	18577	2100062	205	19442	2200125	205	20323	2300067	205	21200	2400119	205	22080	2500047	205	22952	2600022	205	23840	2700097	205	24724	2800112	205	25605	2900057	205	26480	3000126	205	27340	3100099	205	28212	3200121	205	29091	3300089	205	29977	3400119	205	30859	3500111	205	
903	100092	367	1790	200041	233	2662	300111	211	3545	400089	206	4433	500077	205	5301	600131	205	6167	700033	205	7051	800049	205	7932	900085	205	8814	1000063	205	9696	1100083	205	10573	1200064	205	11457	1300089	205	12326	1400036	205	13194	1500083	205	14068	1600020	205	14916	1700042	205	15794	1800114	205	16673	1900034	205	17553	2000047	205	18440	2100083	205	19321	2200100	205	20210	2300038	205	21094	2400093	205	21979	2500061	205	22867	2600104	205	23754	2700071	205	24621	2800082	205	25491	2900098	205	26376	3000081	205	27260	3100031	205	28144	3200090	205	29029	3300119	205	29912	3400026	205	30795	3500120	205	
916	100071	357	1800	200067	236	2679	300043	221	3567	400063	213	4451	500042	208	5327	600064	205	6198	700045	205	7081	800128	205	7967	900060	205	8851	1000051	205	9725	1100104	205	10607	1200057	205	11487	1300107	205	12371	1400123	205	13252	1500070	205	14134	1600096	205	15007	1700027	205	15888	1800120	205	16766	1900117	205	17637	2000042	205	18518	2100127	205	19385	2200113	205	20256	2300064	205	21139	2400102	205	22022	2500065	205	22905	2600110	205	23783	2700120	205	24672	2800107	205	25558	2900087	205	26444	3000104	205	27329	3100040	205	28205	3200060	205	29088	3300111	205	29972	3400062	205	30852	3500033	205	
916	100085	375	1801	200095	234	2675	300118	213	3558	400072	206	4439	500058	205	5301	600057	205	6172	700047	205	7060	800107	205	7949	900112	205	8830	1000110	205	9713	1100127	205	10594	1200115	205	11479	1300044	205	12367	1400087	205	13232	1500061	205	14117	1600053	205	14988	1700122	205	15864	1800074	205	16741	1900128	205	17600	2000107	205	18485	2100043	205	19370	2200038	205	20252	2300049	205	21133	2400071	205	22018	2500114	205	22893	2600015	205	23777	2700112	205	24656	2800092	205	25540	2900102	205	26411	3000042	205	27260	3100103	205	28139	3200070	205	29022	3300106	205	29894	3400113	205	30782	3500115	205	
913	100070	387	1791	200099	242	2668	300086	217	3552	400119	208	4439	500124	205	5312	600095	205	6197	700026	205	7077	800044	205	7957	900034	205	8843	1000082	205	9720	1100023	205	10600	1200033	205	11485	1300097	205	12370	1400128	205	13252	1500015	205	14137	1600106	205	15015	1700027	205	15898	1800073	205	16780	1900113	205	17666	2000045	205	18548	2100122	205	19432	2200108	205	20318	2300117	205	21203	2400026	205	22070	2500040	205	22961	2600047	205	23843	2700056	205	24729	2800060	205	25615	2900041	205	26502	3000047	205	27368	3100060	205	28244	3200071	205	29124	3300062	205	30007	3400076	205	30891	3500041	205	
209	100287	19678	417	200391	15781	619	300531	13915	823	400256	12682	1023	500384	12015	1222	600509	11456	1419	700392	10998	1617	800453	10726	1813	900531	10492	2007	1000391	10365	2206	1100395	10208	2403	1200468	10110	2598	1300281	9885	2796	1400523	9743	2992	1500106	9609	3188	1600465	9547	3382	1700236	9486	3580	1800275	9362	3778	1900337	9195	3975	2000205	9072	4173	2100363	9012	4370	2200168	8915	4565	2300112	8897	4762	2400392	8808	4958	2500321	8762	5156	2600257	8721	5354	2700367	8658	5551	2800469	8596	5748	2900115	8579	5945	3000472	8502	6140	3100221	8480	6338	3200271	8448	6536	3300424	8409	6733	3400277	8396	6930	3500186	8345	
209	100124	19423	417	200423	15661	618	300446	13974	817	400374	12891	1018	500190	12082	1217	600108	11571	1417	700346	11265	1617	800457	10858	1816	900469	10544	2014	1000165	10369	2210	1100323	10221	2408	1200348	9943	2605	1300251	9840	2803	1400283	9693	3002	1500588	9593	3200	1600122	9463	3399	1700328	9353	3596	1800124	9319	3792	1900472	9228	3991	2000414	9107	4188	2100246	9037	4386	2200383	8989	4583	2300367	8938	4783	2400535	8889	4980	2500440	8852	5176	2600098	8804	5373	2700122	8735	5573	2800400	8701	5771	2900455	8686	5968	3000119	8653	6166	3100096	8628	6363	3200415	8534	6559	3300244	8496	6759	3400492	8411	6956	3500358	8395	
208	100197	19653	415	200482	15737	618	300466	13898	818	400130	12854	1018	500602	12108	1214	600215	11767	1413	700306	11353	1611	800248	11153	1808	900364	10869	2007	1000558	10628	2204	1100492	10418	2400	1200196	10279	2599	1300367	10127	2795	1400099	10029	2993	1500478	9924	3189	1600238	9724	3384	1700160	9632	3581	1800144	9518	3778	1900443	9476	3977	2000147	9331	4174	2100088	9302	4372	2200156	9252	4569	2300304	9148	4765	2400167	9007	4964	2500203	8884	5161	2600471	8812	5358	2700526	8713	5555	2800471	8659	5752	2900324	8523	5949	3000311	8503	6146	3100195	8471	6345	3200391	8457	6543	3300365	8457	6741	3400332	8425	6937	3500247	8416	
209	100133	19590	416	200404	15934	620	300187	13652	820	400300	12359	1018	500151	11510	1218	600155	11039	1417	700110	10638	1614	800088	10286	1814	900145	10093	2012	1000217	9923	2209	1100234	9750	2407	1200289	9611	2606	1300329	9462	2803	1400549	9413	2999	1500513	9317	3195	1600081	9169	3394	1700494	9089	3592	1800097	9005	3790	1900282	8962	3989	2000582	8924	4187	2100419	8886	4386	2200195	8795	4583	2300535	8720	4780	2400183	8637	4978	2500527	8592	5173	2600513	8558	5371	2700178	8526	5569	2800197	8451	5764	2900450	8413	5962	3000475	8370	6159	3100487	8370	6353	3200139	8333	6552	3300579	8323	6749	3400538	8268	6947	3500351	8249	
208	100119	19711	418	200481	16070	622	300262	14222	824	400322	12983	1026	500151	11915	1227	600435	11287	1424	700476	10921	1623	800461	10643	1822	900239	10427	2018	1000190	10266	2216	1100568	10075	2415	1200559	9975	2614	1300441	9809	2810	1400374	9732	3007	1500219	9536	3205	1600287	9446	3402	1700597	9292	3600	1800350	9125	3798	1900407	9062	3995	2000388	8981	4193	2100101	8875	4390	2200254	8828	4589	2300225	8745	4786	2400313	8676	4984	2500344	8616	5182	2600511	8569	5381	2700590	8490	5577	2800142	8417	5776	2900471	8321	5973	3000197	8266	6170	3100366	8194	6368	3200094	8140	6567	3300083	8052	6763	3400504	8015	6961	3500111	7998	
207	100096	20347	414	200200	16215	621	300301	12020	826	400318	8566	1028	500412	6969	1227	600386	5656	1423	700551	5157	1618	800314	4892	1814	900203	4589	2011	1000416	4411	2207	1100226	4175	2403	1200343	4119	2600	1300469	3980	2796	1400428	3925	2992	1500395	3866	3188	1600216	3801	3385	1700381	3690	3581	1800317	3651	3777	1900457	3651	3973	2000181	3626	4170	2100303	3612	4367	2200408	3564	4563	2300311	3543	4760	2400499	3492	4956	2500312	3469	5153	2600398	3455	5349	2700176	3455	5546	2800220	3436	5743	2900134	3417	5940	3000328	3417	6137	3100242	3384	6332	3200292	3384	6526	3300180	3370	6716	3400483	3370	6912	3500390	3370	
208	100259	21019	415	200273	16266	620	300314	12192	827	400409	8336	1029	500464	6349	1229	600429	5024	1426	700289	4476	1622	800259	4232	1818	900402	4106	2014	1000186	3985	2211	1100498	3880	2407	1200485	3848	2603	1300540	3767	2798	1400078	3703	2995	1500321	3670	3191	1600218	3631	3387	1700177	3631	3583	1800194	3595	3779	1900188	3547	3975	2000268	3547	4172	2100433	3474	4369	2200391	3415	4566	2300495	3385	4762	2400345	3348	4958	2500204	3348	5152	2600104	3348	5349	2700193	3333	5546	2800312	3316	5743	2900450	3316	5940	3000586	3304	6136	3100390	3304	6333	3200582	3250	6529	3300164	3204	6726	3400270	3188	6924	3500598	3132	
206	100255	21380	409	200362	17429	613	300240	12812	818	400311	9127	1020	500219	6828	1220	600146	5559	1417	700233	5181	1614	800351	4946	1811	900381	4777	2007	1000096	4636	2204	1100332	4521	2399	1200100	4403	2595	1300162	4327	2791	1400469	4281	2987	1500389	4197	3183	1600417	4147	3379	1700307	4083	3575	1800267	4053	3771	1900435	4053	3966	2000144	4053	4162	2100140	3989	4358	2200361	3974	4554	2300299	3962	4750	2400488	3929	4944	2500206	3929	5140	2600275	3929	5335	2700077	3875	5531	2800418	3875	5727	2900493	3875	5923	3000423	3824	6118	3100163	3801	6314	3200261	3801	6510	3300496	3801	6705	3400445	3792	6901	3500387	3775	
207	100174	20065	414	200186	15065	622	300552	10588	826	400298	7820	1027	500127	6130	1224	600269	5518	1420	700580	5086	1605	800398	4688	1803	900094	4412	2001	1000615	4261	2194	1100182	4142	2389	1200190	3995	2589	1300450	3937	2787	1400362	3910	2985	1500249	3807	3186	1600338	3763	3385	1700448	3693	3585	1800516	3616	3783	1900240	3560	3983	2000322	3510	4181	2100261	3510	4381	2200439	3489	4582	2300316	3416	4781	2400497	3389	4979	2500238	3389	5180	2600345	3358	5378	2700154	3358	5576	2800476	3347	5775	2900420	3327	5974	3000177	3254	6176	3100477	3223	6377	3200174	3223	6579	3300392	3223	6778	3400131	3213	6980	3500359	3182	
211	100460	21502	420	200439	17766	631	300299	13759	840	400198	9795	1049	500309	6877	1251	600199	5286	1453	700094	4694	1651	800475	4535	1850	900243	4373	2050	1000254	4166	2250	1100445	4087	2446	1200409	3945	2642	1300120	3817	2842	1400393	3728	3041	1500546	3652	3240	1600295	3592	3439	1700201	3561	3637	1800137	3492	3837	1900120	3456	4037	2000272	3423	4237	2100191	3408	4434	2200485	3361	4633	2300417	3332	4833	2400562	3295	5033	2500535	3280	5232	2600378	3246	5432	2700398	3208	5632	2800464	3183	5833	2900250	3130	6031	3000167	3130	6228	3100476	3117	6426	3200520	3061	6626	3300166	3041	6825	3400091	3019	7025	3500105	3004	
2575	100030	47	5154	200022	47	7727	300020	47	10303	400011	47	12887	500030	47	15445	600031	47	18031	700010	47	20627	800005	47	23221	900017	47	25798	1000028	47	28379	1100036	47	30957	1200032	47	33530	1300011	47	36108	1400034	47	38698	1500013	47	41291	1600014	47	43855	1700017	47	46435	1800037	47	49016	1900010	47	51604	2000020	47	54184	2100039	47	56746	2200023	47	59330	2300012	47	61928	2400005	47	64519	2500021	47	67108	2600040	47	69704	2700007	47	72299	2800028	47	74894	2900004	47	77492	3000003	47	80086	3100026	47	82676	3200042	47	85252	3300043	47	87834	3400034	47	90434	3500010	47	
2593	100035	47	5180	200039	47	7774	300013	47	10354	400019	47	12936	500022	47	15523	600006	47	18096	700023	47	20682	800029	47	23254	900019	47	25824	1000025	47	28383	1100020	47	30976	1200023	47	33563	1300035	47	36147	1400017	47	38732	1500035	47	41321	1600030	47	43897	1700036	47	46486	1800002	47	48960	1900036	47	51528	2000022	47	54096	2100005	47	56662	2200019	47	59247	2300017	47	61827	2400033	47	64394	2500026	47	66956	2600027	47	69533	2700031	47	72118	2800019	47	74705	2900006	47	77290	3000043	47	79872	3100022	47	82446	3200016	47	84996	3300009	47	87548	3400012	47	90136	3500033	47	
2586	100030	47	5169	200016	47	7759	300038	47	10328	400024	47	12909	500028	47	15495	600006	47	18078	700042	47	20664	800016	47	23247	900022	47	25829	1000032	47	28406	1100035	47	30982	1200004	47	33569	1300017	47	36165	1400026	47	38750	1500013	47	41321	1600006	47	43909	1700037	47	46493	1800027	47	49080	1900009	47	51662	2000030	47	54250	2100025	47	56815	2200028	47	59382	2300032	47	61969	2400043	47	64562	2500015	47	67159	2600045	47	69728	2700024	47	72305	2800039	47	74894	2900028	47	77492	3000024	47	80082	3100043	47	82672	3200016	47	85262	3300017	47	87842	3400013	47	90433	3500012	47	
2573	100034	47	5154	200033	47	7740	300007	47	10327	400024	47	12903	500029	47	15489	600014	47	18053	700009	47	20630	800021	47	23221	900020	47	25790	1000008	47	28369	1100018	47	30954	1200043	47	33540	1300019	47	36129	1400020	47	38715	1500018	47	41310	1600038	47	43890	1700017	47	46461	1800018	47	49042	1900022	47	51632	2000024	47	54214	2100003	47	56797	2200020	47	59386	2300026	47	61972	2400026	47	64550	2500033	47	67121	2600028	47	69666	2700017	47	72253	2800047	47	74843	2900004	47	77438	3000005	47	80027	3100015	47	82618	3200028	47	85204	3300038	47	87797	3400024	47	90381	3500022	47	
2591	100037	47	5182	200024	47	7767	300016	47	10341	400032	47	12921	500018	47	15513	600014	47	18096	700021	47	20677	800025	47	23245	900019	47	25819	1000022	47	28387	1100030	47	30941	1200021	47	33530	1300031	47	36110	1400035	47	38690	1500014	47	41260	1600023	47	43834	1700024	47	46419	1800022	47	49009	1900025	47	51591	2000004	47	54169	2100014	47	56758	2200029	47	59338	2300017	47	61923	2400038	47	64513	2500005	47	67107	2600022	47	69693	2700023	47	72282	2800011	47	74865	2900020	47	77453	3000006	47	80041	3100039	47	82622	3200034	47	85197	3300003	47	87781	3400008	47	90372	3500015	47	
2762	100031	53	5515	200032	53	8267	300017	53	11030	400028	53	13787	500041	53	16544	600039	53	19266	700005	53	21987	800036	53	24740	900015	53	27492	1000023	53	30221	1100031	53	32977	1200012	53	35730	1300006	53	38475	1400032	53	41237	1500005	53	43993	1600015	53	46752	1700016	53	49498	1800006	53	52235	1900027	53	54988	2000012	53	57751	2100020	53	60506	2200003	53	63259	2300005	53	66027	2400024	53	68800	2500014	53	71544	2600015	53	74295	2700027	53	77046	2800013	53	79810	2900015	53	82584	3000031	53	85336	3100028	53	88066	3200016	53	90825	3300027	53	93591	3400009	53	96346	3500018	53	
2753	100020	53	5519	200014	53	8283	300003	53	11036	400019	53	13799	500003	53	16545	600029	53	19298	700009	53	22045	800027	53	24792	900016	53	27539	1000006	53	30308	1100027	53	33059	1200030	53	35819	1300032	53	38575	1400017	53	41342	1500005	53	44109	1600008	53	46849	1700021	53	49603	1800033	53	52358	1900018	53	55122	2000026	53	57885	2100005	53	60648	2200025	53	63385	2300022	53	66150	2400020	53	68917	2500019	53	71680	2600032	53	74438	2700013	53	77170	2800009	53	79927	2900007	53	82693	3000019	53	85442	3100036	53	88192	3200009	53	90941	3300016	53	93688	3400016	53	96448	3500030	53	
2752	100010	53	5517	200039	53	8282	300002	53	11050	400025	53	13820	500031	53	16566	600032	53	19335	700029	53	22105	800029	53	24863	900043	53	27622	1000037	53	30384	1100025	53	33124	1200038	53	35871	1300027	53	38634	1400015	53	41393	1500030	53	44161	1600037	53	46920	1700035	53	49657	1800020	53	52417	1900011	53	55176	2000018	53	57930	2100042	53	60686	2200006	53	63435	2300022	53	66193	2400035	53	68949	2500031	53	71693	2600015	53	74441	2700028	53	77196	2800009	53	79951	2900022	53	82700	3000028	53	85470	3100020	53	88221	3200036	53	90977	3300015	53	93743	3400019	53	96498	3500002	53	
2754	100012	53	5518	200033	53	8280	300032	53	11039	400007	53	13807	500019	53	16564	600022	53	19313	700011	53	22056	800016	53	24821	900027	53	27575	1000022	53	30329	1100002	53	33066	1200005	53	35808	1300020	53	38546	1400020	53	41272	1500014	53	44012	1600041	53	46763	1700012	53	49520	1800026	53	52280	1900020	53	55034	2000012	53	57776	2100010	53	60545	2200030	53	63319	2300015	53	66058	2400022	53	68815	2500009	53	71558	2600034	53	74284	2700032	53	77040	2800025	53	79794	2900005	53	82561	3000010	53	85324	3100014	53	88076	3200030	53	90842	3300034	53	93604	3400032	53	96369	3500002	53	
2744	100015	53	5457	200035	53	8184	300019	53	10943	400035	53	13712	500012	53	16448	600019	53	19220	700041	53	21979	800004	53	24720	900022	53	27473	1000011	53	30236	1100033	53	32989	1200008	53	35740	1300026	53	38495	1400025	53	41256	1500020	53	44009	1600004	53	46777	1700021	53	49550	1800015	53	52323	1900032	53	55093	2000033	53	57852	2100028	53	60608	2200031	53	63356	2300014	53	66112	2400025	53	68878	2500009	53	71630	2600019	53	74393	2700028	53	77132	2800017	53	79899	2900026	53	82674	3000022	53	85434	3100011	53	88189	3200036	53	90948	3300004	53	93699	3400003	53	96451	3500029	53	
941	100107	191	1879	200046	191	2814	300097	191	3736	400121	191	4678	500110	191	5610	600033	191	6543	700056	191	7479	800028	191	8410	900078	191	9349	1000081	191	10287	1100107	191	11217	1200029	191	12160	1300018	191	13095	1400110	191	14031	1500017	191	14968	1600026	191	15886	1700051	191	16822	1800053	191	17752	1900109	191	18685	2000044	191	19622	2100087	191	20558	2200030	191	21493	2300091	191	22420	2400088	191	23359	2500085	191	24292	2600012	191	25231	2700070	191	26167	2800040	191	27108	2900084	191	28044	3000062	191	28955	3100045	191	29874	3200076	191	30809	3300070	191	31748	3400059	191	32687	3500020	191	
936	100099	191	1865	200062	191	2803	300042	191	3722	400114	191	4660	500036	191	5599	600059	191	6532	700114	191	7467	800099	191	8389	900086	191	9309	1000089	191	10237	1100016	191	11174	1200048	191	12112	1300120	191	13038	1400027	191	13977	1500038	191	14907	1600109	191	15842	1700039	191	16775	1800063	191	17709	1900110	191	18645	2000076	191	19584	2100107	191	20512	2200018	191	21453	2300063	191	22394	2400047	191	23329	2500066	191	24257	2600115	191	25195	2700072	191	26133	2800090	191	27068	2900032	191	28011	3000059	191	28948	3100045	191	29888	3200038	191	30820	3300044	191	31758	3400074	191	32694	3500094	191	
943	100016	191	1882	200062	191	2818	300030	191	3755	400079	191	4684	500101	191	5629	600115	191	6569	700074	191	7496	800108	191	8425	900027	191	9359	1000033	191	10290	1100115	191	11224	1200056	191	12162	1300070	191	13096	1400116	191	14031	1500107	191	14968	1600038	191	15903	1700102	191	16835	1800035	191	17767	1900024	191	18697	2000058	191	19635	2100102	191	20571	2200088	191	21507	2300072	191	22443	2400053	191	23384	2500072	191	24319	2600080	191	25259	2700068	191	26191	2800084	191	27129	2900051	191	28061	3000081	191	28998	3100081	191	29933	3200103	191	30869	3300026	191	31809	3400034	191	32732	3500103	191	
941	100065	191	1882	200042	191	2818	300060	191	3756	400027	191	4693	500102	191	5629	600114	191	6556	700029	191	7495	800081	191	8430	900099	191	9353	1000053	191	10289	1100059	191	11233	1200086	191	12174	1300099	191	13111	1400064	191	14050	1500110	191	14981	1600067	191	15918	1700059	191	16857	1800098	191	17794	1900062	191	18722	2000104	191	19638	2100087	191	20579	2200108	191	21513	2300022	191	22445	2400076	191	23383	2500024	191	24319	2600018	191	25249	2700067	191	26188	2800082	191	27113	2900034	191	28049	3000096	191	28981	3100078	191	29910	3200097	191	30850	3300084	191	31787	3400084	191	32723	3500042	191	
945	100055	191	1886	200093	191	2815	300012	191	3753	400054	191	4690	500029	191	5626	600113	191	6554	700019	191	7494	800108	191	8428	900057	191	9361	1000017	191	10291	1100043	191	11217	1200021	191	12145	1300042	191	13072	1400029	191	14011	1500040	191	14946	1600024	191	15877	1700036	191	16817	1800034	191	17745	1900060	191	18669	2000038	191	19598	2100073	191	20533	2200022	191	21469	2300068	191	22400	2400085	191	23338	2500018	191	24273	2600098	191	25205	2700056	191	26141	2800080	191	27069	2900104	191	28009	3000099	191	28938	3100080	191	29870	3200057	191	30781	3300067	191	31715	3400030	191	32652	3500103	191	
1015	100040	194	2027	200036	194	3036	300081	194	4046	400014	194	5050	500047	194	6055	600077	194	7064	700037	194	8073	800074	194	9085	900096	194	10098	1000055	194	11108	1100061	194	12116	1200071	194	13132	1300092	194	14147	1400017	194	15163	1500047	194	16172	1600046	194	17188	1700048	194	18201	1800106	194	19203	1900042	194	20201	2000037	194	21207	2100038	194	22220	2200100	194	23235	2300102	194	24250	2400098	194	25265	2500063	194	26265	2600025	194	27275	2700104	194	28277	2800090	194	29279	2900035	194	30295	3000046	194	31301	3100108	194	32310	3200105	194	33323	3300112	194	34339	3400066	194	35356	3500063	194	
1015	100023	194	2029	200060	194	3030	300059	194	4033	400086	194	5043	500048	194	6059	600033	194	7071	700091	194	8080	800071	194	9088	900097	194	10100	1000029	194	11113	1100071	194	12102	1200033	194	13082	1300043	194	14091	1400048	194	15107	1500106	194	16125	1600093	194	17132	1700029	194	18147	1800037	194	19151	1900038	194	20163	2000032	194	21173	2100088	194	22187	2200024	194	23192	2300052	194	24190	2400019	194	25202	2500050	194	26211	2600012	194	27223	2700027	194	28208	2800043	194	29216	2900094	194	30226	3000071	194	31234	3100095	194	32236	3200070	194	33244	3300082	194	34252	3400051	194	35263	3500084	194	
1016	100021	194	2014	200027	194	3008	300021	194	4012	400070	194	5025	500066	194	6040	600108	194	7051	700047	194	8063	800040	194	9072	900093	194	10069	1000046	194	11077	1100055	194	12093	1200074	194	13104	1300012	194	14099	1400060	194	15104	1500045	194	16117	1600029	194	17109	1700102	194	18119	1800050	194	19134	1900113	194	20138	2000033	194	21139	2100046	194	22157	2200069	194	23172	2300020	194	24184	2400038	194	25199	2500070	194	26209	2600086	194	27216	2700026	194	28228	2800091	194	29239	2900096	194	30240	3000030	194	31253	3100100	194	32266	3200046	194	33270	3300069	194	34282	3400035	194	35294	3500069	194	
1018	100077	194	2030	200061	194	3038	300066	194	4050	400042	194	5062	500024	194	6071	600055	194	7081	700053	194	8093	800030	194	9101	900068	194	10110	1000102	194	11125	1100065	194	12135	1200093	194	13131	1300029	194	14142	1400041	194	15156	1500092	194	16158	1600043	194	17170	1700081	194	18181	1800046	194	19178	1900101	194	20181	2000019	194	21195	2100087	194	22210	2200016	194	23216	2300095	194	24229	2400068	194	25232	2500101	194	26241	2600044	194	27248	2700098	194	28254	2800034	194	29261	2900012	194	30276	3000064	194	31282	3100042	194	32287	3200048	194	33306	3300082	194	34323	3400063	194	35316	3500034	194	
998	100047	194	2013	200081	194	3025	300050	194	4034	400094	194	5035	500078	194	6038	600033	194	7052	700086	194	8068	800080	194	9080	900065	194	10094	1000109	194	11112	1100023	194	12129	1200037	194	13144	1300051	194	14161	1400030	194	15177	1500060	194	16190	1600105	194	17200	1700041	194	18216	1800038	194	19225	1900107	194	20232	2000070	194	21237	2100032	194	22251	2200087	194	23266	2300087	194	24265	2400063	194	25284	2500043	194	26302	2600085	194	27319	2700088	194	28332	2800041	194	29339	2900080	194	30349	3000065	194	31368	3100013	194	32388	3200054	194	33403	3300031	194	34416	3400022	194	35425	3500043	194	
237	100256	1803	472	200373	1774	709	300190	1753	947	400460	1753	1183	500130	1753	1421	600460	1753	1658	700175	1738	1893	800200	1706	2130	900441	1690	2366	1000432	1690	2600	1100442	1670	2835	1200447	1670	3071	1300363	1651	3306	1400256	1651	3543	1500485	1651	3778	1600192	1651	4013	1700299	1651	4250	1800413	1651	4484	1900390	1613	4719	2000126	1588	4954	2100232	1588	5189	2200152	1588	5424	2300395	1577	5659	2400143	1545	5894	2500178	1545	6132	2600442	1545	6370	2700104	1545	6607	2800123	1545	6844	2900426	1534	7077	3000273	1534	7313	3100254	1534	7549	3200100	1519	7783	3300173	1519	8019	3400324	1519	8255	3500312	1519	
236	100333	1803	471	200417	1803	708	300385	1788	942	400459	1776	1177	500165	1748	1415	600414	1748	1651	700402	1748	1886	800435	1729	2123	900202	1710	2358	1000419	1710	2586	1100206	1700	2820	1200390	1683	3053	1300231	1683	3288	1400424	1683	3525	1500342	1683	3760	1600192	1670	3997	1700279	1670	4231	1800247	1654	4466	1900179	1654	4699	2000458	1616	4935	2100382	1616	5169	2200345	1616	5405	2300177	1616	5640	2400157	1616	5877	2500255	1616	6115	2600365	1604	6349	2700331	1604	6584	2800190	1604	6820	2900460	1604	7057	3000463	1604	7292	3100072	1604	7529	3200456	1584	7763	3300149	1584	7999	3400135	1584	8235	3500425	1584	
236	100166	1779	473	200266	1779	707	300107	1759	944	400255	1759	1179	500074	1759	1415	600255	1759	1654	700422	1759	1888	800372	1759	2125	900486	1759	2358	1000477	1759	2596	1100192	1759	2830	1200116	1759	3068	1300161	1759	3303	1400222	1759	3540	1500343	1759	3775	1600226	1759	4009	1700114	1759	4247	1800263	1759	4482	1900339	1759	4716	2000096	1759	4954	2100134	1759	5188	2200533	1759	5423	2300333	1721	5660	2400428	1696	5896	2500434	1684	6130	2600113	1667	6367	2700336	1667	6604	2800300	1667	6837	2900401	1647	7074	3000241	1616	7310	3100326	1616	7548	3200093	1600	7784	3300223	1600	8020	3400139	1600	8257	3500457	1600	
235	100458	1767	471	200349	1767	707	300295	1750	941	400195	1750	1174	500242	1750	1410	600302	1750	1647	700432	1750	1880	800133	1721	2116	900184	1721	2349	1000231	1721	2581	1100118	1721	2815	1200194	1721	3052	1300140	1721	3289	1400334	1721	3526	1500402	1701	3762	1600477	1681	3999	1700479	1681	4233	1800251	1681	4470	1900156	1671	4705	2000104	1671	4943	2100354	1671	5178	2200262	1643	5412	2300236	1643	5650	2400439	1632	5885	2500107	1632	6119	2600438	1632	6356	2700071	1603	6590	2800449	1603	6827	2900246	1591	7061	3000181	1591	7298	3100347	1591	7532	3200290	1591	7768	3300326	1591	8004	3400107	1591	8239	3500181	1591	
237	100414	1803	472	200322	1803	707	300119	1803	941	400119	1803	1176	500251	1803	1411	600363	1779	1645	700404	1762	1882	800450	1762	2117	900099	1762	2352	1000143	1762	2587	1100360	1740	2822	1200113	1721	3059	1300287	1721	3296	1400213	1721	3531	1500382	1721	3766	1600124	1721	4002	1700383	1701	4234	1800071	1680	4470	1900294	1648	4704	2000361	1648	4937	2100242	1648	5173	2200491	1614	5407	2300089	1614	5646	2400292	1614	5882	2500347	1614	6115	2600201	1614	6350	2700284	1605	6585	2800254	1586	6820	2900404	1556	7056	3000394	1556	7289	3100137	1556	7524	3200355	1556	7760	3300263	1556	7997	3400093	1556	8232	3500296	1556	
256	100228	1754	513	200185	1746	772	300260	1746	1028	400269	1746	1286	500182	1746	1546	600103	1746	1803	700325	1746	2059	800083	1746	2317	900337	1746	2576	1000341	1746	2833	1100440	1746	3089	1200179	1746	3347	1300376	1746	3602	1400272	1746	3856	1500128	1746	4113	1600410	1746	4371	1700229	1746	4628	1800416	1746	4886	1900438	1746	5144	2000070	1746	5402	2100446	1746	5660	2200357	1746	5915	2300205	1746	6172	2400386	1746	6429	2500447	1746	6687	2600231	1746	6943	2700344	1746	7199	2800198	1746	7459	2900230	1746	7717	3000201	1746	7976	3100436	1746	8231	3200188	1746	8488	3300150	1702	8746	3400402	1702	8999	3500064	1702	
258	100236	1754	516	200236	1754	773	300313	1754	1027	400370	1739	1284	500332	1739	1544	600083	1739	1804	700401	1739	2063	800102	1739	2322	900159	1739	2580	1000172	1739	2838	1100232	1739	3094	1200321	1739	3352	1300417	1739	3611	1400133	1739	3868	1500297	1730	4128	1600378	1730	4384	1700157	1730	4641	1800240	1730	4899	1900106	1730	5155	2000137	1730	5415	2100226	1730	5672	2200135	1730	5928	2300187	1730	6183	2400168	1730	6440	2500224	1730	6697	2600196	1730	6957	2700311	1730	7215	2800226	1730	7473	2900211	1730	7730	3000152	1730	7987	3100372	1730	8245	3200353	1710	8501	3300277	1710	8758	3400295	1710	9015	3500073	1710	
257	100202	1754	517	200390	1754	774	300147	1754	1033	400354	1754	1291	500328	1754	1549	600337	1754	1808	700200	1754	2067	800388	1754	2324	900129	1754	2582	1000422	1754	2841	1100110	1754	3100	1200326	1754	3357	1300236	1754	3614	1400193	1754	3873	1500396	1754	4131	1600349	1754	4388	1700394	1754	4641	1800139	1741	4899	1900263	1741	5156	2000147	1741	5413	2100277	1741	5672	2200194	1741	5925	2300138	1741	6182	2400240	1741	6440	2500384	1741	6700	2600240	1725	6959	2700390	1725	7213	2800127	1725	7472	2900269	1725	7728	3000374	1725	7984	3100139	1725	8244	3200331	1725	8500	3300427	1725	8758	3400325	1725	9014	3500207	1725	
256	100133	1754	515	200210	1754	770	300354	1754	1026	400123	1754	1285	500262	1754	1540	600362	1754	1798	700381	1742	2054	800108	1742	2309	900080	1742	2566	1000250	1742	2821	1100107	1742	3080	1200284	1742	3337	1300144	1742	3594	1400201	1742	3852	1500291	1742	4109	1600133	1742	4369	1700417	1742	4628	1800409	1742	4886	1900223	1742	5144	2000178	1742	5402	2100246	1742	5660	2200248	1742	5920	2300424	1742	6177	2400392	1742	6436	2500453	1742	6692	2600320	1742	6947	2700429	1742	7205	2800327	1742	7464	2900341	1728	7718	3000162	1728	7973	3100403	1728	8230	3200196	1728	8489	3300417	1728	8746	3400170	1728	9004	3500185	1728	
259	100092	1754	517	200240	1754	773	300428	1754	1027	400080	1754	1283	500192	1754	1543	600255	1754	1803	700320	1754	2062	800321	1754	2319	900432	1754	2577	1000259	1754	2836	1100279	1754	3095	1200436	1733	3355	1300401	1733	3608	1400120	1733	3865	1500402	1733	4123	1600403	1733	4379	1700136	1733	4636	1800074	1733	4896	1900310	1726	5152	2000422	1726	5408	2100337	1726	5663	2200313	1726	5919	2300150	1726	6178	2400336	1726	6432	2500254	1726	6684	2600407	1726	6942	2700058	1726	7199	2800338	1711	7455	2900198	1711	7712	3000430	1711	7969	3100149	1711	8226	3200397	1711	8483	3300271	1711	8738	3400247	1711	8997	3500466	1711	
2337	100032	50	4687	200006	50	7053	300021	50	9415	400042	50	11774	500004	50	14116	600004	50	16465	700012	50	18805	800025	50	21170	900031	50	23527	1000030	50	25870	1100014	50	28209	1200013	50	30570	1300026	50	32929	1400017	50	35284	1500006	50	37645	1600041	50	40007	1700042	50	42358	1800031	50	44718	1900014	50	47075	2000019	50	49434	2100038	50	51775	2200039	50	54139	2300011	50	56499	2400010	50	58860	2500014	50	61214	2600018	50	63570	2700019	50	65929	2800010	50	68302	2900013	50	70667	3000042	50	73017	3100045	50	75359	3200046	50	77716	3300039	50	80075	3400023	50	82436	3500017	50	
2366	100029	50	4729	200035	50	7089	300010	50	9462	400030	50	11810	500021	50	14157	600003	50	16524	700027	50	18894	800013	50	21269	900027	50	23632	1000019	50	25995	1100036	50	28342	1200047	50	30685	1300017	50	33035	1400021	50	35393	1500020	50	37761	1600033	50	40115	1700019	50	42427	1800005	50	44785	1900040	50	47139	2000014	50	49489	2100004	50	51829	2200018	50	54189	2300011	50	56535	2400030	50	58890	2500037	50	61249	2600025	50	63609	2700035	50	65973	2800021	50	68336	2900033	50	70670	3000008	50	73023	3100009	50	75380	3200020	50	77746	3300041	50	80109	3400032	50	82456	3500038	50	
2373	100018	50	4732	200009	50	7097	300022	50	9468	400020	50	11818	500036	50	14176	600013	50	16523	700041	50	18888	800035	50	21250	900045	50	23611	1000023	50	25970	1100030	50	28331	1200013	50	30696	1300008	50	33053	1400036	50	35414	1500012	50	37779	1600008	50	40152	1700014	50	42516	1800026	50	44871	1900041	50	47235	2000008	50	49599	2100038	50	51958	2200034	50	54317	2300029	50	56673	2400041	50	59007	2500019	50	61348	2600048	50	63682	2700005	50	66022	2800004	50	68349	2900024	50	70667	3000032	50	73024	3100044	50	75384	3200038	50	77740	3300015	50	80107	3400043	50	82465	3500025	50	
2378	100018	50	4746	200041	50	7096	300025	50	9450	400015	50	11815	500040	50	14181	600016	50	16535	700035	50	18889	800041	50	21260	900037	50	23619	1000020	50	25979	1100036	50	28338	1200029	50	30697	1300040	50	33040	1400015	50	35383	1500009	50	37742	1600012	50	40104	1700004	50	42467	1800015	50	44836	1900036	50	47203	2000020	50	49563	2100033	50	51908	2200035	50	54248	2300039	50	56582	2400006	50	58937	2500041	50	61292	2600006	50	63617	2700033	50	65969	2800013	50	68322	2900005	50	70679	3000033	50	73015	3100039	50	75381	3200037	50	77733	3300042	50	80091	3400009	50	82445	3500033	50	
2363	100038	50	4703	200039	50	7065	300037	50	9421	400038	50	11773	500004	50	14135	600042	50	16504	700029	50	18863	800009	50	21223	900012	50	23574	1000021	50	25934	1100042	50	28286	1200035	50	30651	1300031	50	33004	1400006	50	35350	1500005	50	37700	1600029	50	40060	1700033	50	42422	1800041	50	44788	1900008	50	47148	2000010	50	49502	2100042	50	51849	2200032	50	54192	2300024	50	56548	2400015	50	58904	2500026	50	61265	2600034	50	63638	2700007	50	65999	2800039	50	68353	2900004	50	70713	3000017	50	73077	3100029	50	75435	3200045	50	77789	3300020	50	80139	3400044	50	82493	3500033	50	
907	100117	2717	1803	200023	418	2677	300117	283	3543	400035	234	4415	500095	205	5283	600111	204	6143	700054	204	6996	800079	204	7864	900062	204	8739	1000124	204	9598	1100131	204	10449	1200088	204	11316	1300080	204	12186	1400089	204	13045	1500084	204	13901	1600122	204	14768	1700062	204	15633	1800124	204	16503	1900048	204	17375	2000091	204	18250	2100052	204	19107	2200079	204	19963	2300024	204	20821	2400090	204	21688	2500123	204	22540	2600126	204	23396	2700047	204	24258	2800088	204	25122	2900100	204	25984	3000020	204	26855	3100085	204	27723	3200097	204	28591	3300027	204	29453	3400028	204	30322	3500098	204	
901	100091	2687	1800	200030	426	2673	300115	271	3545	400051	223	4412	500108	208	5283	600075	204	6147	700087	204	7002	800031	204	7868	900036	204	8734	1000075	204	9606	1100025	204	10482	1200030	204	11338	1300121	204	12208	1400116	204	13063	1500095	204	13906	1600020	204	14777	1700118	204	15648	1800055	204	16516	1900100	204	17378	2000036	204	18231	2100119	204	19083	2200105	204	19953	2300025	204	20803	2400136	204	21665	2500085	204	22532	2600131	204	23394	2700023	204	24257	2800070	204	25120	2900067	204	25985	3000050	204	26854	3100124	204	27720	3200066	204	28585	3300093	204	29456	3400086	204	30315	3500068	204	
889	100067	2863	1783	200052	426	2654	300119	289	3516	400047	231	4385	500057	212	5248	600119	204	6116	700128	204	6979	800097	204	7848	900111	204	8717	1000040	204	9586	1100040	204	10453	1200049	204	11320	1300054	204	12191	1400098	204	13055	1500086	204	13923	1600038	204	14790	1700066	204	15645	1800034	204	16514	1900043	204	17386	2000116	204	18247	2100042	204	19113	2200060	204	19974	2300019	204	20844	2400049	204	21715	2500100	204	22582	2600019	204	23447	2700090	204	24318	2800102	204	25179	2900015	204	26049	3000041	204	26916	3100070	204	27786	3200031	204	28649	3300087	204	29507	3400108	204	30364	3500044	204	
914	100036	2557	1794	200109	351	2654	300016	221	3522	400071	212	4379	500074	205	5223	600050	204	6087	700061	204	6953	800059	204	7818	900030	204	8682	1000131	204	9549	1100052	204	10416	1200081	204	11279	1300021	204	12141	1400096	204	13010	1500069	204	13870	1600117	204	14727	1700093	204	15581	1800016	204	16448	1900087	204	17314	2000023	204	18185	2100071	204	19052	2200025	204	19912	2300049	204	20782	2400115	204	21646	2500080	204	22507	2600027	204	23374	2700022	204	24239	2800107	204	25093	2900037	204	25956	3000087	204	26826	3100094	204	27693	3200096	204	28549	3300049	204	29416	3400042	204	30286	3500029	204	
914	100035	2803	1807	200111	385	2676	300120	239	3548	400123	209	4413	500105	204	5278	600052	204	6149	700055	204	7009	800056	204	7878	900060	204	8743	1000037	204	9610	1100042	204	10479	1200035	204	11335	1300033	204	12198	1400030	204	13067	1500080	204	13923	1600100	204	14780	1700019	204	15638	1800053	204	16505	1900081	204	17371	2000029	204	18229	2100051	204	19091	2200098	204	19944	2300059	204	20810	2400029	204	21671	2500022	204	22539	2600041	204	23405	2700114	204	24270	2800026	204	25131	2900128	204	25999	3000054	204	26870	3100073	204	27740	3200072	204	28606	3300031	204	29473	3400124	204	30343	3500132	204	
211	100121	44126	423	200380	38080	638	300451	32036	851	400359	26248	1064	500380	19738	1275	600185	13769	1485	700145	9515	1690	800340	7854	1891	900503	7272	2092	1000490	6940	2292	1100478	6626	2491	1200378	6419	2691	1300287	6120	2892	1400542	5898	3087	1500235	5783	3286	1600258	5656	3483	1700178	5461	3683	1800448	5412	3882	1900421	5359	4080	2000291	5290	4280	2100422	5169	4479	2200185	5141	4679	2300383	5041	4880	2400302	5005	5078	2500287	4928	5277	2600319	4861	5475	2700383	4809	5676	2800358	4781	5876	2900217	4751	6077	3000326	4699	6277	3100510	4656	6475	3200447	4636	6675	3300565	4636	6873	3400353	4636	7071	3500257	4636	
211	100184	44163	423	200278	38406	634	300083	32394	846	400384	26163	1056	500385	19723	1264	600120	13980	1473	700500	9945	1675	800406	8188	1879	900334	7302	2080	1000552	6646	2281	1100359	6305	2480	1200216	6103	2675	1300311	5965	2875	1400435	5854	3075	1500190	5820	3276	1600449	5715	3471	1700289	5653	3671	1800231	5569	3869	1900160	5555	4069	2000484	5502	4267	2100549	5453	4466	2200169	5378	4665	2300094	5340	4864	2400221	5305	5064	2500092	5265	5262	2600227	5265	5462	2700538	5219	5662	2800387	5198	5862	2900473	5180	6062	3000328	5180	6263	3100497	5128	6461	3200086	5058	6660	3300268	5045	6859	3400405	4970	7055	3500104	4945	
215	100427	44451	428	200353	39577	640	300200	33713	853	400194	27928	1065	500271	22406	1276	600410	16671	1485	700516	11997	1693	800264	8702	1897	900449	7253	2095	1000409	6645	2294	1100198	6350	2492	1200080	6141	2692	1300435	5784	2888	1400543	5650	3087	1500409	5587	3287	1600236	5469	3483	1700545	5370	3681	1800332	5291	3880	1900194	5211	4078	2000569	5144	4273	2100436	5066	4468	2200348	5040	4665	2300133	5025	4864	2400278	4987	5059	2500099	4971	5258	2600125	4939	5457	2700151	4905	5657	2800431	4862	5858	2900196	4818	6056	3000432	4791	6254	3100152	4777	6453	3200371	4732	6651	3300107	4695	6852	3400268	4679	7052	3500416	4661	
211	100537	44360	421	200268	38301	633	300512	32690	847	400548	26749	1060	500435	20428	1274	600193	14093	1484	700430	9799	1690	800522	7828	1891	900381	7112	2090	1000550	6754	2291	1100147	6428	2492	1200422	6208	2692	1300337	6005	2892	1400520	5889	3092	1500215	5716	3293	1600416	5622	3493	1700498	5478	3694	1800299	5360	3896	1900534	5247	4096	2000475	5227	4295	2100151	5156	4497	2200314	5104	4695	2300090	5028	4896	2400405	4994	5097	2500382	4994	5298	2600522	4979	5494	2700152	4979	5696	2800304	4889	5896	2900554	4889	6098	3000441	4889	6298	3100331	4860	6497	3200364	4834	6696	3300243	4797	6895	3400230	4783	7095	3500157	4764	
214	100503	44760	427	200103	38411	643	300539	31923	851	400493	26254	1061	500503	20315	1272	600206	15357	1483	700248	10776	1688	800428	8391	1889	900086	7202	2089	1000200	6520	2288	1100376	6037	2488	1200459	5590	2687	1300409	5278	2888	1400527	5206	3085	1500499	5128	3286	1600245	5016	3482	1700131	4954	3680	1800468	4901	3877	1900117	4901	4078	2000399	4864	4276	2100449	4846	4474	2200082	4826	4673	2300471	4761	4870	2400106	4734	5069	2500132	4715	5270	2600495	4699	5468	2700092	4686	5667	2800230	4667	5865	2900282	4636	6064	3000346	4611	6262	3100148	4591	6463	3200112	4579	6661	3300210	4557	6859	3400228	4542	7056	3500110	4542	
