versja nr 3;wspolczynnik mutacji 0.900000;wielkosc populacji 75
163	100384	570	318	200633	570	477	300656	570	500	315198	570	635	400386	570	793	500318	570	952	600359	570	1000	630554	570	1111	700213	570	1270	800028	570	1430	900446	570	1500	944540	570	1588	1000133	570	1746	1100225	570	1905	1200633	570	2000	1260430	570	2063	1300046	570	2222	1400319	570	2381	1500095	570	2500	1574904	570	2540	1600063	570	2699	1700216	570	2858	1800598	570	3000	1890059	570	3016	1900094	570	3175	2000425	570	3334	2100614	570	3492	2200570	570	3500	2205659	570	3650	2300284	570	3809	2400577	570	3968	2500475	570	
162	100046	667	322	200415	667	482	300190	667	500	311413	667	643	400434	667	804	500602	667	964	600254	667	1000	622634	667	1125	700294	667	1286	800558	667	1446	900100	667	1500	933639	667	1607	1000230	667	1767	1100144	667	1928	1200557	667	2000	1245357	667	2089	1300603	667	2249	1400140	667	2410	1500560	667	2500	1556583	667	2570	1600316	667	2731	1700566	667	2890	1800289	667	3000	1868835	667	3051	1900492	667	3212	2000444	667	3373	2100530	667	3500	2179540	667	3533	2200099	667	3694	2300635	667	3850	2400122	667	4000	2493515	667	4011	2500406	667	
167	100611	714	331	200405	714	495	300477	714	500	303546	714	659	400057	714	824	500046	714	989	600256	714	1000	606924	714	1153	700368	714	1318	800631	714	1483	900609	714	1500	910921	714	1647	1000063	714	1812	1100563	714	1976	1200619	714	2000	1215436	714	2140	1300569	714	2304	1400389	714	2468	1500484	714	2500	1520247	714	2627	1600133	714	2792	1700447	714	2956	1800154	714	3000	1826772	714	3121	1900347	714	3285	2000230	714	3450	2100613	714	3500	2131060	714	3614	2200446	714	3779	2300552	714	3944	2400547	714	4000	2434516	714	4109	2500517	714	
164	100606	741	323	200323	741	483	300081	741	500	310786	741	643	400432	741	803	500551	741	963	600491	741	1000	623908	741	1122	700172	741	1280	800626	741	1440	900247	741	1500	937702	741	1600	1000242	741	1760	1100501	741	1919	1200226	741	2000	1250864	741	2079	1300096	741	2240	1400592	741	2400	1500333	741	2500	1562848	741	2559	1600063	741	2718	1700391	741	2875	1800210	741	3000	1878471	741	3035	1900309	741	3195	2000210	741	3355	2100038	741	3500	2190703	741	3515	2200275	741	3674	2300120	741	3834	2400030	741	3995	2500372	741	
164	100046	864	327	200507	864	489	300244	864	500	307075	864	651	400233	864	813	500119	864	976	600347	864	1000	615257	864	1138	700247	864	1300	800263	864	1462	900418	864	1500	923867	864	1624	1000187	864	1787	1100612	864	1949	1200423	864	2000	1231937	864	2111	1300164	864	2274	1400622	864	2435	1500095	864	2500	1540341	864	2597	1600159	864	2759	1700128	864	2921	1800072	864	3000	1848903	864	3083	1900097	864	3245	2000089	864	3408	2100091	864	3500	2156570	864	3571	2200248	864	3734	2300380	864	3896	2400330	864	4000	2464356	864	4058	2500167	864	
161	100097	801	320	200311	801	479	300262	801	500	313404	801	639	400544	801	798	500435	801	955	600055	801	1000	628653	801	1113	700377	801	1270	800187	801	1430	900568	801	1500	944452	801	1589	1000394	801	1749	1100580	801	1907	1200078	801	2000	1258817	801	2066	1300289	801	2225	1400509	801	2383	1500180	801	2500	1574196	801	2542	1600602	801	2701	1700223	801	2860	1800283	801	3000	1888203	801	3019	1900075	801	3178	2000060	801	3326	2100256	801	3483	2200052	801	3500	2210820	801	3642	2300329	801	3801	2400278	801	3961	2500551	801	
166	100535	678	330	200370	678	494	300470	678	500	304224	678	658	400365	678	822	500065	678	987	600485	678	1000	608408	678	1151	700061	678	1315	800135	678	1480	900446	678	1500	912619	678	1643	1000026	678	1807	1100065	678	1971	1200519	678	2000	1218152	678	2130	1300178	678	2293	1400285	678	2457	1500185	678	2500	1526372	678	2622	1600547	678	2786	1700429	678	2950	1800539	678	3000	1830841	678	3114	1900373	678	3278	2000110	678	3443	2100196	678	3500	2134787	678	3607	2200195	678	3769	2300050	678	3934	2400544	678	4000	2440647	678	4098	2500295	678	
162	100284	503	321	200445	503	480	300352	503	500	313039	503	639	400600	503	794	500387	503	953	600315	503	1000	629867	503	1112	700355	503	1271	800272	503	1430	900107	503	1500	944108	503	1589	1000045	503	1748	1100145	503	1906	1200238	503	2000	1259573	503	2064	1300183	503	2223	1400380	503	2381	1500144	503	2500	1575328	503	2540	1600520	503	2699	1700624	503	2858	1800376	503	3000	1889972	503	3016	1900081	503	3175	2000112	503	3335	2100606	503	3493	2200400	503	3500	2204818	503	3651	2300038	503	3810	2400163	503	3969	2500226	503	
169	100143	742	337	200364	742	500	297903	742	504	300309	742	670	400068	742	839	500522	742	1000	596484	742	1006	600124	742	1173	700197	742	1340	800041	742	1500	895669	742	1508	900483	742	1675	1000488	742	1842	1100383	742	2000	1194571	742	2010	1200542	742	2177	1300147	742	2345	1400358	742	2500	1492863	742	2512	1500074	742	2680	1600517	742	2847	1700270	742	3000	1791942	742	3014	1800324	742	3182	1900507	742	3350	2000601	742	3500	2089902	742	3517	2100093	742	3685	2200315	742	3850	2300055	742	4000	2389592	742	4018	2400293	742	4185	2500309	742	
160	100418	872	319	200422	872	478	300555	872	500	314350	872	637	400541	872	796	500358	872	955	600479	872	1000	628744	872	1114	700487	872	1273	800566	872	1431	900215	872	1500	943582	872	1590	1000212	872	1749	1100481	872	1908	1200347	872	2000	1258335	872	2067	1300358	872	2226	1400373	872	2385	1500434	872	2500	1572746	872	2544	1600428	872	2703	1700593	872	2861	1800123	872	3000	1890297	872	3016	1900347	872	3175	2000124	872	3334	2100342	872	3493	2200573	872	3500	2205029	872	3652	2300625	872	3810	2400086	872	3969	2500229	872	
175	100251	194	346	200127	194	500	290098	194	517	300082	194	688	400163	194	859	500090	194	1000	583339	194	1029	600486	194	1198	700499	194	1369	800401	194	1500	876697	194	1541	900594	194	1711	1000036	194	1878	1100167	194	2000	1171747	194	2048	1200213	194	2219	1300030	194	2391	1400456	194	2500	1463956	194	2562	1500085	194	2734	1600537	194	2904	1700508	194	3000	1756424	194	3075	1800136	194	3247	1900345	194	3418	2000233	194	3500	2048598	194	3588	2100092	194	3760	2200139	194	3931	2300042	194	4000	2340150	194	4103	2400311	194	4274	2500251	194	
163	100168	281	321	200229	281	480	300508	281	500	313081	281	639	400135	281	799	500033	281	960	600597	281	1000	625530	281	1120	700560	281	1280	800245	281	1441	900621	281	1500	937463	281	1601	1000468	281	1759	1100550	281	1919	1200368	281	2000	1250851	281	2079	1300137	281	2239	1400056	281	2399	1500136	281	2500	1563497	281	2558	1600142	281	2717	1700204	281	2878	1800514	281	3000	1876439	281	3038	1900441	281	3198	2000394	281	3357	2100128	281	3500	2189697	281	3517	2200323	281	3678	2300637	281	3837	2400324	281	3997	2500111	281	
164	100031	154	324	200084	154	485	300119	154	500	309421	154	646	400259	154	807	500346	154	967	600117	154	1000	620687	154	1128	700438	154	1288	800323	154	1448	900085	154	1500	932454	154	1609	1000527	154	1768	1100557	154	1927	1200272	154	2000	1246317	154	2085	1300176	154	2246	1400631	154	2406	1500047	154	2500	1558468	154	2567	1600372	154	2726	1700147	154	2886	1800095	154	3000	1871148	154	3047	1900602	154	3207	2000471	154	3367	2100433	154	3500	2183304	154	3527	2200150	154	3687	2300279	154	3845	2400627	154	4000	2497242	154	4005	2500365	154	
173	100361	305	342	200256	305	500	293561	305	511	300096	305	680	400049	305	850	500562	305	1000	588837	305	1020	600583	305	1190	700547	305	1360	800349	305	1500	882492	305	1530	900196	305	1700	1000182	305	1870	1100487	305	2000	1176912	305	2040	1200492	305	2210	1300150	305	2380	1400430	305	2500	1471427	305	2549	1500273	305	2716	1600488	305	2885	1700401	305	3000	1768145	305	3055	1800455	305	3225	1900227	305	3395	2000579	305	3500	2062656	305	3564	2100603	305	3734	2200436	305	3905	2300627	305	4000	2356482	305	4075	2400592	305	4245	2500612	305	
165	100442	270	327	200556	270	489	300434	270	500	307224	270	650	400102	270	812	500436	270	974	600506	270	1000	616584	270	1136	700405	270	1294	800519	270	1455	900364	270	1500	928152	270	1617	1000449	270	1779	1100429	270	1940	1200402	270	2000	1237479	270	2102	1300221	270	2264	1400123	270	2426	1500543	270	2500	1546130	270	2588	1600382	270	2750	1700234	270	2912	1800122	270	3000	1854428	270	3074	1900059	270	3236	2000036	270	3399	2100379	270	3500	2162755	270	3561	2200434	270	3722	2300104	270	3885	2400577	270	4000	2471813	270	4046	2500230	270	
173	100386	232	342	200216	232	500	293497	232	511	300032	232	681	400032	232	851	500058	232	1000	587709	232	1021	600066	232	1191	700321	232	1360	800352	232	1500	883129	232	1529	900260	232	1698	1000211	232	1867	1100084	232	2000	1178825	232	2036	1200074	232	2206	1300444	232	2375	1400116	232	2500	1473913	232	2545	1500461	232	2714	1600060	232	2884	1700127	232	3000	1768265	232	3054	1800044	232	3224	1900037	232	3393	2000509	232	3500	2063981	232	3562	2100671	232	3731	2200497	232	3900	2300052	232	4000	2359054	232	4070	2400229	232	4239	2500161	232	
170	100523	422	336	200385	422	500	299383	422	501	300028	422	667	400449	422	832	500493	422	998	600187	422	1000	601410	422	1164	700513	422	1329	800113	422	1495	900240	422	1500	903330	422	1661	1000346	422	1827	1100226	422	1992	1200038	422	2000	1204855	422	2158	1300106	422	2325	1400479	422	2491	1500395	422	2500	1505826	422	2658	1600538	422	2824	1700243	422	2990	1800382	422	3000	1806469	422	3156	1900557	422	3321	2000347	422	3487	2100357	422	3500	2108205	422	3648	2200409	422	3813	2300210	422	3979	2400131	422	4000	2412836	422	4145	2500138	422	
165	100069	242	327	200429	242	488	300549	242	500	307973	242	649	400272	242	811	500281	242	972	600422	242	1000	617791	242	1134	700520	242	1296	800485	242	1457	900132	242	1500	926665	242	1619	1000467	242	1780	1100315	242	1942	1200368	242	2000	1236490	242	2103	1300140	242	2261	1400580	242	2422	1500180	242	2500	1548367	242	2584	1600360	242	2745	1700333	242	2907	1800245	242	3000	1857637	242	3069	1900180	242	3231	2000539	242	3391	2100129	242	3500	2168205	242	3551	2200072	242	3711	2300063	242	3871	2400460	242	4000	2480605	242	4032	2500390	242	
171	100401	213	337	200418	213	500	298296	213	503	300102	213	671	400585	213	837	500389	213	1000	600420	213	1000	600450	213	1167	700186	213	1335	800516	213	1500	899457	213	1501	900097	213	1668	1000364	213	1834	1100500	213	2000	1200031	213	2000	1200063	213	2167	1300292	213	2334	1400527	213	2500	1499523	213	2501	1500162	213	2668	1600057	213	2835	1700052	213	3000	1798828	213	3002	1800068	213	3170	1900506	213	3337	2000423	213	3500	2098025	213	3504	2100439	213	3671	2200317	213	3838	2300516	213	4000	2397310	213	4005	2400341	213	4172	2500344	213	
165	100463	284	327	200184	284	490	300124	284	500	306265	284	653	400046	284	816	500351	284	979	600164	284	1000	613049	284	1143	700561	284	1306	800560	284	1468	900180	284	1500	920012	284	1631	1000424	284	1794	1100553	284	1956	1200419	284	2000	1227419	284	2114	1300470	284	2274	1400299	284	2437	1500050	284	2500	1538783	284	2600	1600152	284	2763	1700468	284	2926	1800372	284	3000	1845746	284	3089	1900380	284	3251	2000497	284	3413	2100539	284	3500	2153840	284	3576	2200537	284	3739	2300469	284	3902	2400399	284	4000	2460435	284	4065	2500385	284	
55	101930	4487	108	201488	4487	161	301254	4487	214	401427	4487	267	501244	4487	320	600893	4487	373	700950	4487	426	800719	4487	479	900613	4487	500	940165	4487	532	1000393	4487	585	1100143	4487	639	1201591	4487	692	1301290	4487	745	1401076	4487	798	1500879	4487	851	1600894	4487	904	1700674	4487	957	1800630	4487	1000	1883602	4487	1009	1900907	4487	1062	2000864	4487	1115	2100545	4487	1169	2201618	4487	1222	2301097	4487	1275	2401051	4487	1328	2500797	4487	
54	101807	4513	106	201241	4513	158	300804	4513	210	400142	4513	263	501469	4513	315	601065	4513	367	700916	4513	419	800854	4513	471	900620	4513	500	956699	4513	522	1000384	4513	574	1101143	4513	626	1200741	4513	679	1301714	4513	731	1401162	4513	783	1500629	4513	835	1600394	4513	888	1701779	4513	940	1801131	4513	992	1901044	4513	1000	1916362	4513	1044	2000859	4513	1096	2101173	4513	1148	2200869	4513	1201	2301986	4513	1253	2401348	4513	1305	2500765	4513	
54	101338	4785	105	200836	4785	158	301617	4785	211	401542	4785	264	501752	4785	317	601905	4785	370	701770	4785	422	800765	4785	475	901600	4785	500	949145	4785	528	1001910	4785	581	1101871	4785	633	1200336	4785	686	1300868	4785	739	1400994	4785	791	1500114	4785	844	1600135	4785	897	1700311	4785	950	1800682	4785	1000	1895129	4785	1003	1901031	4785	1056	2001033	4785	1109	2101406	4785	1162	2201618	4785	1215	2301754	4785	1267	2400125	4785	1320	2500345	4785	
55	100772	3636	108	201171	3636	161	301368	3636	214	401547	3636	266	500189	3636	319	600167	3636	372	701323	3636	425	801244	3636	478	901416	3636	500	943010	3636	531	1001633	3636	584	1101364	3636	637	1201315	3636	690	1301263	3636	743	1401166	3636	796	1501166	3636	849	1601318	3636	902	1701667	3636	955	1801950	3636	1000	1886996	3636	1007	1900426	3636	1060	2000440	3636	1113	2100363	3636	1166	2200439	3636	1218	2300259	3636	1271	2401397	3636	1324	2501556	3636	
53	100453	3903	105	200687	3903	157	301221	3903	208	400193	3903	260	500609	3903	312	600779	3903	364	701115	3903	415	802071	3903	466	900408	3903	500	966321	3903	518	1001194	3903	569	1100200	3903	621	1200840	3903	673	1300815	3903	725	1400961	3903	776	1501603	3903	828	1602072	3903	879	1700497	3903	931	1800745	3903	983	1901082	3903	1000	1933937	3903	1035	2001415	3903	1087	2101839	3903	1138	2200615	3903	1190	2300727	3903	1242	2401097	3903	1294	2501936	3903	
53	101569	4657	105	201715	4657	157	301949	4657	209	401787	4657	261	501549	4657	311	600271	4657	363	701061	4657	415	801376	4657	467	901333	4657	500	964990	4657	519	1001698	4657	570	1101358	4657	622	1202052	4657	674	1302048	4657	725	1400413	4657	777	1500647	4657	829	1601950	4657	880	1700892	4657	932	1801470	4657	984	1901781	4657	1000	1932556	4657	1036	2002018	4657	1087	2100389	4657	1139	2200579	4657	1191	2300422	4657	1242	2400486	4657	1294	2500979	4657	
54	100595	3830	106	200723	3830	158	300525	3830	211	402016	3830	263	501589	3830	315	601669	3830	367	701571	3830	419	801300	3830	471	901016	3830	500	956912	3830	523	1001152	3830	575	1101055	3830	627	1201027	3830	679	1301000	3830	731	1401416	3830	783	1501876	3830	835	1601339	3830	887	1701194	3830	939	1800796	3830	991	1900166	3830	1000	1917557	3830	1044	2001715	3830	1096	2101569	3830	1147	2200130	3830	1200	2301605	3830	1252	2401158	3830	1304	2501136	3830	
54	101868	4071	105	201728	4071	156	301666	4071	207	401337	4071	258	501073	4071	309	600848	4071	360	700210	4071	412	801673	4071	463	900918	4071	500	973101	4071	514	1000513	4071	565	1100139	4071	617	1201456	4071	668	1301177	4071	719	1401134	4071	770	1500857	4071	821	1600629	4071	872	1701280	4071	923	1801739	4071	973	1901214	4071	1000	1953969	4071	1024	2000780	4071	1075	2100382	4071	1126	2201300	4071	1177	2301104	4071	1228	2401062	4071	1279	2500783	4071	
55	101605	4520	108	201101	4520	161	301350	4520	214	400396	4520	268	501819	4520	321	601216	4520	374	700584	4520	428	801960	4520	481	901117	4520	500	936752	4520	534	1000842	4520	586	1100619	4520	639	1200277	4520	693	1301356	4520	746	1400325	4520	800	1501778	4520	853	1601188	4520	906	1700507	4520	959	1800452	4520	1000	1878010	4520	1012	1900808	4520	1066	2001839	4520	1119	2101571	4520	1172	2200688	4520	1226	2301656	4520	1279	2401020	4520	1332	2500309	4520	
54	101222	4343	105	201428	4343	157	301605	4343	209	401635	4343	261	501343	4343	313	600845	4343	365	700796	4343	417	800394	4343	469	900493	4343	500	960435	4343	521	1000833	4343	573	1100475	4343	625	1200563	4343	677	1300367	4343	729	1400309	4343	781	1500567	4343	833	1600371	4343	885	1700196	4343	938	1801820	4343	990	1901637	4343	1000	1920850	4343	1042	2001449	4343	1094	2101280	4343	1146	2200820	4343	1198	2300874	4343	1250	2400913	4343	1302	2500980	4343	
57	101336	1793	110	201472	1793	163	301705	1793	216	401704	1793	269	501402	1793	322	600630	1793	376	701897	1793	429	801524	1793	482	900884	1793	500	934852	1793	535	1000836	1793	588	1100969	1793	642	1201798	1793	695	1301225	1793	748	1400808	1793	801	1500794	1793	854	1600421	1793	908	1701748	1793	961	1801051	1793	1000	1874123	1793	1014	1900772	1793	1067	2000204	1793	1121	2101730	1793	1174	2201346	1793	1226	2301868	1793	1279	2401948	1793	1332	2501562	1793	
57	100441	1390	110	200487	1390	163	300436	1390	216	400514	1390	269	500212	1390	322	600253	1390	375	700432	1390	428	801529	1390	481	901708	1390	500	937574	1390	534	1001860	1390	586	1100722	1390	639	1200707	1390	692	1301029	1390	745	1401381	1390	797	1501969	1390	849	1600132	1390	903	1701841	1390	956	1801658	1390	1000	1884559	1390	1009	1901707	1390	1062	2001261	1390	1115	2101106	1390	1168	2200744	1390	1221	2300752	1390	1274	2400972	1390	1327	2500825	1390	
56	101764	1874	107	200141	1874	159	300112	1874	211	400446	1874	263	500344	1874	314	600336	1874	366	701373	1874	418	801351	1874	470	901275	1874	500	959254	1874	522	1001758	1874	573	1100243	1874	625	1200463	1874	677	1300593	1874	729	1400888	1874	781	1500771	1874	833	1601083	1874	885	1701357	1874	937	1801495	1874	988	1900232	1874	1000	1923491	1874	1040	2000832	1874	1092	2101226	1874	1144	2201946	1874	1195	2300448	1874	1247	2400760	1874	1299	2500884	1874	
58	101027	1156	111	200686	1156	165	301319	1156	219	401945	1156	272	500501	1156	326	601094	1156	380	701511	1156	433	800668	1156	487	901478	1156	500	925922	1156	540	1000569	1156	594	1101268	1156	647	1200540	1156	701	1300966	1156	755	1401335	1156	809	1501942	1156	862	1601129	1156	916	1701429	1156	969	1800335	1156	1000	1858230	1156	1023	1901181	1156	1076	2000278	1156	1130	2100946	1156	1184	2201309	1156	1237	2300261	1156	1291	2400976	1156	1345	2501655	1156	
58	100208	1037	112	200797	1037	166	300629	1037	220	400680	1037	274	500776	1037	328	600685	1037	382	700820	1037	436	800672	1037	490	900908	1037	500	919483	1037	544	1000997	1037	598	1100861	1037	652	1200908	1037	706	1300688	1037	760	1400421	1037	815	1501875	1037	869	1601762	1037	923	1701596	1037	976	1800213	1037	1000	1844619	1037	1029	1900875	1037	1083	2001354	1037	1137	2101738	1037	1190	2200184	1037	1244	2300194	1037	1299	2401835	1037	1353	2501765	1037	
56	100821	1245	108	202037	1245	159	300675	1245	211	401703	1245	262	500441	1245	314	601520	1245	365	700115	1245	417	800743	1245	469	901331	1245	500	961361	1245	520	1000301	1245	571	1101675	1245	622	1200694	1245	674	1301443	1245	725	1400126	1245	777	1500849	1245	829	1601403	1245	880	1700431	1245	932	1801285	1245	984	1901539	1245	1000	1932459	1245	1035	2000607	1245	1087	2101264	1245	1138	2200259	1245	1190	2300909	1245	1242	2402019	1245	1293	2500459	1245	
60	101873	1180	113	200440	1180	168	301641	1180	223	401736	1180	277	500425	1180	332	600941	1180	387	701259	1180	441	800500	1180	496	901135	1180	500	908500	1180	551	1001909	1180	605	1100359	1180	660	1200313	1180	715	1300292	1180	770	1400611	1180	825	1500721	1180	880	1601244	1180	935	1701376	1180	990	1801581	1180	1000	1819872	1180	1045	1901878	1180	1099	2000570	1180	1154	2101050	1180	1209	2201391	1180	1264	2301768	1180	1318	2400118	1180	1373	2500730	1180	
56	101248	1388	108	201952	1388	159	301195	1388	211	401894	1388	262	501211	1388	314	601764	1388	365	700410	1388	417	801129	1388	469	902030	1388	500	962133	1388	520	1001187	1388	571	1100560	1388	623	1201921	1388	674	1300968	1388	726	1401323	1388	778	1501724	1388	829	1600420	1388	881	1701660	1388	932	1800635	1388	984	1901318	1388	1000	1932312	1388	1035	2000148	1388	1087	2101016	1388	1138	2200251	1388	1190	2300834	1388	1240	2400205	1388	1292	2501235	1388	
56	100443	1317	108	201978	1317	159	301469	1317	210	400410	1317	262	501477	1317	313	600342	1317	365	701344	1317	416	800816	1317	468	901831	1317	500	964318	1317	519	1001377	1317	570	1100883	1317	621	1200447	1317	673	1301914	1317	724	1401228	1317	774	1500248	1317	825	1600155	1317	877	1701483	1317	928	1801556	1317	979	1900826	1317	1000	1941720	1317	1031	2002005	1317	1082	2102055	1317	1133	2201230	1317	1184	2300713	1317	1236	2402005	1317	1287	2501501	1317	
58	101639	1598	111	200582	1598	165	301326	1598	218	400349	1598	272	501275	1598	325	601241	1598	378	701121	1598	431	800426	1598	485	901335	1598	500	929248	1598	539	1001655	1598	592	1100325	1598	646	1200742	1598	700	1301085	1598	754	1401836	1598	807	1500962	1598	861	1601937	1598	914	1700843	1598	968	1801294	1598	1000	1861018	1598	1021	1900225	1598	1075	2000913	1598	1129	2101669	1598	1182	2200536	1598	1236	2301138	1598	1290	2401776	1598	1343	2500662	1598	
13	108778	22767	24	205680	22767	35	302677	22767	47	407961	22767	58	504829	22767	69	601668	22767	81	707329	22767	92	804058	22767	103	900911	22767	115	1006356	22767	126	1103168	22767	138	1208655	22767	149	1305697	22767	160	1402400	22767	172	1508142	22767	183	1604888	22767	194	1701985	22767	206	1808034	22767	217	1905032	22767	228	2001860	22767	240	2107302	22767	251	2204306	22767	262	2301243	22767	274	2406521	22767	285	2503367	22767	
12	105396	24595	23	203759	24595	34	302129	24595	45	400618	24595	57	508025	24595	68	606546	24595	79	705072	24595	90	803342	24595	101	901461	24595	113	1008970	24595	124	1107182	24595	135	1205629	24595	146	1303893	24595	157	1402308	24595	169	1509261	24595	179	1605216	24595	190	1704839	24595	201	1804594	24595	212	1902913	24595	223	2001219	24595	235	2108436	24595	246	2207081	24595	257	2306309	24595	268	2405313	24595	279	2504573	24595	
12	101791	22721	24	207594	22721	35	304534	22721	46	401387	22721	58	506890	22721	69	606842	22721	80	703673	22721	91	800690	22721	103	906715	22721	114	1003791	22721	125	1101525	22721	137	1208526	22721	148	1305683	22721	159	1402503	22721	171	1508286	22721	182	1605310	22721	193	1702133	22721	205	1807763	22721	216	1904695	22721	227	2001491	22721	239	2107200	22721	250	2204321	22721	261	2301517	22721	273	2407154	22721	284	2504023	22721	
12	104350	23940	23	201637	23940	35	308108	23940	46	405255	23940	57	502533	23940	69	608642	23940	80	705879	23940	91	803173	23940	102	900599	23940	114	1006749	23940	125	1103921	23940	136	1201443	23940	148	1307118	23940	159	1404386	23940	170	1501410	23940	182	1607575	23940	193	1704580	23940	204	1802042	23940	216	1908965	23940	227	2006333	23940	238	2103569	23940	249	2200748	23940	261	2306951	23940	272	2404094	23940	283	2503807	23940	
12	100863	23094	24	207566	23094	35	305384	23094	46	403210	23094	57	501360	23094	69	608068	23094	80	706294	23094	91	803921	23094	102	901750	23094	114	1008624	23094	125	1106325	23094	136	1203716	23094	147	1301418	23094	158	1401850	23094	170	1508706	23094	181	1606222	23094	192	1704295	23094	203	1802062	23094	215	1908619	23094	226	2006216	23094	237	2103939	23094	248	2201746	23094	260	2307995	23094	271	2405515	23094	282	2503107	23094	
12	101708	23334	24	208469	23334	35	307594	23334	46	406147	23334	57	504371	23334	68	602749	23334	79	700703	23334	91	807713	23334	102	905725	23334	113	1003420	23334	124	1101390	23334	136	1209057	23334	147	1307240	23334	158	1405412	23334	169	1503336	23334	180	1601140	23334	192	1707955	23334	203	1805843	23334	214	1903740	23334	225	2001737	23334	237	2108630	23334	248	2207055	23334	259	2305086	23334	270	2403149	23334	281	2501188	23334	
12	101367	24355	24	206095	24355	35	302141	24355	47	407007	24355	58	502996	24355	70	607519	24355	81	704538	24355	92	800739	24355	104	906223	24355	115	1002579	24355	127	1107803	24355	138	1203965	24355	150	1308758	24355	161	1405101	24355	172	1501453	24355	184	1606529	24355	195	1703008	24355	207	1808186	24355	218	1904497	24355	229	2001146	24355	241	2106146	24355	252	2202312	24355	264	2308863	24355	275	2405325	24355	286	2501661	24355	
12	105138	25425	23	200910	25425	35	305659	25425	46	401243	25425	58	505485	25425	69	601050	25425	81	705405	25425	92	800989	25425	104	905370	25425	115	1000956	25425	127	1105347	25425	138	1203330	25425	150	1308776	25425	161	1404481	25425	173	1508757	25425	184	1605197	25425	195	1700783	25425	207	1805285	25425	218	1901208	25425	230	2005421	25425	241	2101036	25425	253	2205322	25425	264	2300917	25425	276	2405386	25425	287	2501049	25425	
12	105754	24873	23	207141	24873	34	306176	24873	45	404799	24873	56	503606	24873	67	602412	24873	78	701111	24873	90	808916	24873	101	907839	24873	112	1006585	24873	123	1105594	24873	134	1204493	24873	145	1303302	24873	156	1402306	24873	167	1501221	24873	179	1609299	24873	190	1707936	24873	201	1806490	24873	212	1905032	24873	223	2003686	24873	234	2102710	24873	245	2201538	24873	256	2300865	24873	268	2408427	24873	279	2509203	24873	
12	101258	24388	24	208287	24388	35	306467	24388	46	404033	24388	57	501705	24388	69	608177	24388	80	705856	24388	91	803439	24388	102	901180	24388	114	1007877	24388	125	1105795	24388	136	1203895	24388	147	1301636	24388	159	1408360	24388	170	1506146	24388	181	1603841	24388	192	1701810	24388	204	1808339	24388	215	1906201	24388	226	2004157	24388	237	2104021	24388	248	2202792	24388	260	2309560	24388	271	2406941	24388	282	2504786	24388	
12	101303	22967	25	208919	20389	36	302828	19099	48	406056	19099	60	506314	16513	72	607608	15199	84	707707	12636	96	806725	10666	108	908989	10041	119	1006960	10041	130	1103840	10041	142	1208812	10041	153	1305184	10041	164	1401483	10041	176	1506187	10041	187	1602068	10041	199	1706892	10041	210	1803220	10041	222	1908805	10041	233	2005008	10041	244	2101060	10041	256	2205997	10041	267	2302256	10041	279	2407142	10041	290	2503252	10041	
12	102055	25100	24	203571	25100	36	304926	25100	48	405883	24466	60	505823	23184	72	606790	23184	84	709048	23184	95	802483	23184	107	904507	23184	119	1004040	21255	131	1103600	19332	143	1204119	18035	155	1303938	17420	167	1404161	16777	179	1502225	14265	191	1600934	12969	204	1708396	11007	215	1800581	10386	227	1902690	10386	239	2004677	10386	251	2106410	10386	263	2208978	10386	274	2302905	10386	286	2404948	10386	298	2507161	10386	
12	105219	25298	23	201821	25298	35	306831	25298	46	403303	25298	58	508355	25298	69	604593	25298	80	700994	25298	92	805902	25298	103	902365	25298	115	1007451	25298	126	1103694	25298	138	1207527	24654	149	1303289	24654	161	1408293	24654	172	1504464	24654	184	1608798	24654	195	1704603	24654	207	1808542	24019	218	1907203	24019	229	2003629	24019	241	2108028	24019	252	2202116	22738	264	2306499	22738	275	2402377	22104	287	2505700	20194	
12	103908	25129	24	207866	25129	35	303122	25129	47	406782	25129	58	502076	25129	70	607234	25129	81	702817	25129	92	800611	25129	104	905283	25129	115	1000681	25129	127	1104788	25129	139	1208503	24475	150	1302842	23841	162	1406089	23841	173	1501219	23841	185	1604812	23841	197	1708568	23841	208	1803491	23841	220	1907240	23841	231	2002820	23841	243	2105945	23212	254	2201373	23212	266	2304936	23212	278	2407674	22560	289	2502600	22560	
12	102668	23170	24	202895	21887	36	306093	21887	48	408666	20576	59	501259	18631	71	602230	17973	83	703449	16038	95	801799	14080	107	902530	12154	119	1004805	10896	131	1104139	8983	143	1206509	8983	154	1301642	8983	166	1405347	8983	177	1500963	8983	189	1604801	8983	201	1708468	8983	212	1803590	8983	224	1907903	8983	235	2002937	8983	247	2106581	8983	258	2201682	8983	270	2305755	8983	281	2400970	8983	293	2504656	8983	
12	101746	24966	24	203670	23662	36	306302	23662	47	400793	23662	59	502256	21734	71	604285	21066	83	705622	19800	95	805990	17830	107	905515	15923	119	1007679	15265	130	1101238	15265	142	1203862	14617	154	1306925	14617	165	1401463	14617	177	1504510	14617	189	1606964	13950	200	1704550	13291	212	1806361	12647	223	1901878	11996	235	2005291	11996	247	2108731	11996	258	2201712	10730	270	2303910	10094	282	2405454	9476	294	2508512	8849	
12	103612	24078	24	207531	24078	35	302876	22808	47	406291	22170	58	501388	22170	70	606731	20867	81	702963	20225	93	806898	20225	104	903233	20225	116	1008028	19586	127	1103066	18947	139	1206015	17651	150	1302654	17004	162	1404849	15072	174	1506451	13817	186	1608903	13767	197	1703489	12497	209	1808483	12497	220	1904853	12497	232	2008754	11845	243	2104941	11845	254	2201364	11845	266	2306641	11845	277	2402803	11845	289	2507980	11845	
12	103773	23806	24	206303	23164	36	308084	21234	47	401391	19931	59	501652	17980	72	608008	14748	84	705892	12164	96	806623	10902	108	906842	8433	119	1002218	8433	131	1107059	8433	142	1202901	8433	154	1307472	8433	165	1403537	8433	177	1508207	8433	188	1604274	8433	200	1709143	8433	211	1805267	8433	222	1901346	8433	234	2006511	8433	245	2102654	8433	257	2207586	8433	268	2303434	8433	280	2408047	8433	291	2506811	8433	
12	102425	25350	24	203949	24714	36	306726	24084	48	407667	22790	60	507593	20822	71	601071	20196	83	703396	20196	95	805176	18901	107	908370	18901	118	1001826	18259	130	1104934	18259	142	1207629	18259	153	1302150	18259	165	1406553	18259	176	1502580	18259	188	1605254	18259	200	1709005	18259	211	1803476	18259	223	1906211	18259	235	2008287	16976	246	2101860	16976	258	2204662	16976	270	2307244	16976	281	2401465	16976	293	2504156	16976	
12	101784	23972	25	208598	22009	36	301071	20709	48	405140	18760	60	505527	17467	72	607751	16808	84	708126	14853	96	807591	12967	107	901932	12967	119	1005133	12298	131	1108028	11666	142	1202980	11666	154	1307376	11666	165	1402608	11666	177	1506508	11666	188	1601622	11666	200	1705300	11666	212	1808914	11666	223	1904171	11666	235	2007907	11666	246	2102994	11666	258	2206723	11666	269	2301908	11666	281	2405709	11666	292	2500910	11666	
175	100046	78	350	200200	78	500	285621	78	526	300342	78	702	400057	78	879	500157	78	1000	568475	78	1056	600069	78	1233	700172	78	1410	800269	78	1500	851034	78	1587	900165	78	1764	1000366	78	1941	1100245	78	2000	1133540	78	2118	1200166	78	2295	1300034	78	2465	1400057	78	2500	1419826	78	2643	1500351	78	2820	1600507	78	2997	1700293	78	3000	1702101	78	3174	1800143	78	3351	1900205	78	3500	1984960	78	3527	2000231	78	3705	2100479	78	3882	2200446	78	4000	2267586	78	4058	2300419	78	4231	2400522	78	4408	2500558	78	
172	100160	64	345	200344	64	500	290611	64	517	300539	64	689	400170	64	861	500175	64	1000	580679	64	1034	600385	64	1206	700256	64	1378	800584	64	1500	871290	64	1550	900217	64	1723	1000392	64	1895	1100167	64	2000	1161052	64	2067	1200354	64	2239	1300236	64	2411	1400176	64	2500	1451652	64	2584	1500399	64	2752	1600297	64	2925	1700470	64	3000	1743979	64	3097	1800143	64	3270	1900337	64	3443	2000298	64	3500	2033305	64	3615	2100063	64	3788	2200142	64	3961	2300481	64	4000	2323190	64	4133	2400370	64	4305	2500060	64	
179	100264	86	358	200296	86	500	279916	86	536	300099	86	714	400164	86	892	500306	86	1000	560890	86	1070	600116	86	1249	700371	86	1413	800486	86	1500	849543	86	1591	900464	86	1769	1000363	86	1948	1100548	86	2000	1129661	86	2126	1200420	86	2303	1300236	86	2482	1400453	86	2500	1410537	86	2661	1500488	86	2839	1600250	86	3000	1690443	86	3018	1700499	86	3196	1800427	86	3373	1900520	86	3500	1971825	86	3551	2000402	86	3730	2100506	86	3908	2200436	86	4000	2251843	86	4086	2300253	86	4265	2400466	86	4443	2500136	86	
178	100317	64	356	200437	64	500	281397	64	533	300047	64	711	400448	64	889	500521	64	1000	563018	64	1066	600199	64	1245	700481	64	1422	800264	64	1500	844200	64	1600	900398	64	1777	1000118	64	1955	1100065	64	2000	1125449	64	2133	1200504	64	2310	1300181	64	2488	1400244	64	2500	1407024	64	2666	1500239	64	2844	1600458	64	3000	1688204	64	3021	1700059	64	3199	1800252	64	3376	1900070	64	3500	1969687	64	3555	2000539	64	3732	2100092	64	3910	2200226	64	4000	2250819	64	4088	2300359	64	4265	2400081	64	4443	2500530	64	
167	100291	87	333	200360	87	499	300077	87	500	300689	87	666	400122	87	833	500309	87	999	600444	87	1000	601094	87	1165	700248	87	1332	800316	87	1498	900168	87	1500	901388	87	1664	1000074	87	1831	1100327	87	1997	1200281	87	2000	1202086	87	2164	1300466	87	2330	1400297	87	2497	1500366	87	2500	1502179	87	2663	1600192	87	2829	1700441	87	2995	1800379	87	3000	1803377	87	3162	1900598	87	3328	2000098	87	3492	2100216	87	3500	2105378	87	3657	2200073	87	3823	2300205	87	3990	2400334	87	4000	2406356	87	4156	2500375	87	
192	100352	88	383	200524	88	500	261554	88	574	300198	88	765	400322	88	956	500519	88	1000	523618	88	1145	600119	88	1337	700467	88	1500	786004	88	1527	800114	88	1719	900537	88	1910	1000359	88	2000	1047430	88	2101	1100427	88	2292	1200407	88	2479	1300510	88	2500	1311567	88	2670	1400444	88	2861	1500245	88	3000	1572870	88	3052	1600177	88	3243	1700042	88	3435	1800267	88	3500	1834209	88	3627	1900402	88	3819	2000543	88	4000	2095133	88	4010	2100416	88	4201	2200178	88	4393	2300530	88	4500	2356470	88	4584	2400514	88	4775	2500330	88	
169	100559	86	337	200219	86	500	297091	86	505	300082	86	674	400510	86	838	500261	86	1000	597480	86	1005	600463	86	1173	700367	86	1342	800578	86	1500	894936	86	1509	900502	86	1677	1000038	86	1846	1100296	86	2000	1191940	86	2014	1200273	86	2183	1300614	86	2350	1400045	86	2500	1489436	86	2518	1500210	86	2686	1600213	86	2853	1700469	86	3000	1788054	86	3021	1800617	86	3189	1900360	86	3357	2000212	86	3500	2084984	86	3525	2100107	86	3694	2200583	86	3862	2300487	86	4000	2382106	86	4031	2400479	86	4199	2500075	86	
183	100483	61	365	200448	61	500	274610	61	546	300201	61	728	400259	61	910	500116	61	1000	549551	61	1091	600217	61	1273	700266	61	1454	800521	61	1500	826355	61	1635	900506	61	1816	1000555	61	1998	1100388	61	2000	1101528	61	2180	1200370	61	2362	1300297	61	2500	1376058	61	2544	1400187	61	2726	1500167	61	2908	1600096	61	3000	1650481	61	3089	1700132	61	3272	1800488	61	3454	1900277	61	3500	1925640	61	3636	2000032	61	3819	2100304	61	4000	2200387	61	4000	2200415	61	4182	2300064	61	4364	2400134	61	4500	2474605	61	4547	2500456	61	
171	100432	88	341	200327	88	500	293629	88	511	300168	88	682	400025	88	854	500357	88	1000	585167	88	1026	600356	88	1197	700033	88	1369	800400	88	1500	876859	88	1540	900162	88	1711	1000275	88	1882	1100153	88	2000	1169705	88	2052	1200140	88	2223	1300030	88	2394	1400194	88	2500	1461959	88	2566	1500496	88	2737	1600437	88	2908	1700549	88	3000	1754983	88	3077	1800419	88	3244	1900526	88	3415	2000103	88	3500	2049796	88	3586	2100327	88	3757	2200133	88	3929	2300292	88	4000	2341659	88	4101	2400545	88	4272	2500216	88	
172	100414	94	345	200449	94	500	290267	94	517	300123	94	689	400112	94	862	500362	94	1000	580514	94	1034	600203	94	1206	700178	94	1379	800262	94	1500	870446	94	1551	900066	94	1724	1000071	94	1892	1100325	94	2000	1163207	94	2063	1200194	94	2234	1300146	94	2406	1400201	94	2500	1454930	94	2578	1500535	94	2750	1600132	94	2923	1700267	94	3000	1745053	94	3095	1800196	94	3268	1900423	94	3440	2000221	94	3500	2035067	94	3612	2100082	94	3784	2200070	94	3957	2300457	94	4000	2325305	94	4129	2400056	94	4302	2500168	94	
204	100132	84	404	200060	84	500	249590	84	602	300396	84	806	400151	84	1000	494983	84	1011	500368	84	1215	600312	84	1420	700485	84	1500	739595	84	1624	800182	84	1829	900349	84	2000	983922	84	2033	1000077	84	2237	1100091	84	2441	1200143	84	2500	1229006	84	2646	1300297	84	2850	1400150	84	3000	1473395	84	3055	1500256	84	3257	1600226	84	3461	1700279	84	3500	1719365	84	3666	1800450	84	3868	1900253	84	4000	1964940	84	4072	2000127	84	4276	2100292	84	4480	2200386	84	4500	2210136	84	4685	2300418	84	4888	2400350	84	5000	2455158	84	5091	2500223	84	
184	100260	82	367	200192	82	500	272800	82	551	300465	82	735	400410	82	918	500152	82	1000	544949	82	1102	600495	82	1286	700509	82	1470	800460	82	1500	816735	82	1653	900328	82	1835	1000203	82	2000	1090097	82	2019	1100510	82	2202	1200171	82	2386	1300147	82	2500	1362021	82	2570	1400056	82	2755	1500383	82	2939	1600503	82	3000	1633604	82	3123	1700285	82	3307	1800476	82	3490	1900117	82	3500	1905535	82	3674	2000480	82	3857	2100060	82	4000	2177876	82	4041	2200237	82	4225	2300327	82	4409	2400327	82	4500	2452149	82	4587	2500415	82	
190	100389	59	379	200422	59	500	264353	59	568	300455	59	756	400234	59	946	500099	59	1000	528821	59	1136	600336	59	1326	700207	59	1500	791734	59	1516	800150	59	1707	900535	59	1895	1000036	59	2000	1055327	59	2086	1100543	59	2275	1200393	59	2465	1300081	59	2500	1318400	59	2656	1400239	59	2845	1500293	59	3000	1581948	59	3035	1600539	59	3220	1700517	59	3410	1800536	59	3500	1847697	59	3600	1900249	59	3788	2000079	59	3979	2100442	59	4000	2111502	59	4169	2200428	59	4359	2300306	59	4500	2374423	59	4549	2400166	59	4739	2500301	59	
199	100045	60	398	200208	60	500	251481	60	597	300256	60	795	400086	60	994	500330	60	1000	503376	60	1192	600259	60	1391	700207	60	1500	755274	60	1588	800194	60	1781	900173	60	1979	1000250	60	2000	1010860	60	2177	1100039	60	2376	1200205	60	2500	1262480	60	2575	1300275	60	2774	1400376	60	2972	1500124	60	3000	1514294	60	3171	1600452	60	3370	1700444	60	3500	1765854	60	3569	1800499	60	3767	1900075	60	3966	2000326	60	4000	2017378	60	4164	2100126	60	4363	2200283	60	4500	2268956	60	4562	2300298	60	4760	2400490	60	4958	2500260	60	
175	100443	49	351	200106	49	500	284755	49	528	300580	49	704	400562	49	880	500400	49	1000	568735	49	1056	600376	49	1233	700250	49	1410	800281	49	1500	851270	49	1587	900451	49	1763	1000087	49	1940	1100187	49	2000	1134537	49	2115	1200181	49	2292	1300550	49	2467	1400046	49	2500	1418774	49	2644	1500299	49	2820	1600194	49	2995	1700429	49	3000	1703292	49	3171	1800247	49	3347	1900110	49	3500	1987010	49	3523	2000154	49	3699	2100357	49	3876	2200160	49	4000	2270212	49	4053	2300166	49	4230	2400332	49	4407	2500510	49	
200	100495	50	399	200360	50	500	251218	50	598	300215	50	797	400312	50	996	500353	50	1000	502377	50	1195	600083	50	1396	700483	50	1500	752396	50	1595	800114	50	1796	900501	50	1995	1000133	50	2000	1002639	50	2195	1100454	50	2394	1200426	50	2500	1253565	50	2594	1300440	50	2793	1400131	50	2993	1500304	50	3000	1503800	50	3193	1600300	50	3393	1700309	50	3500	1754510	50	3592	1800429	50	3792	1900154	50	3992	2000491	50	4000	2004514	50	4192	2100511	50	4375	2200261	50	4500	2263726	50	4573	2300210	50	4773	2400369	50	4973	2500444	50	
192	100244	59	383	200379	59	500	261194	59	575	300129	59	767	400076	59	959	500024	59	1000	521439	59	1151	600333	59	1343	700509	59	1500	782090	59	1535	800376	59	1727	900220	59	1919	1000049	59	2000	1042091	59	2112	1100403	59	2304	1200432	59	2496	1300316	59	2500	1302421	59	2683	1400139	59	2874	1500408	59	3000	1566258	59	3064	1600197	59	3256	1700087	59	3449	1800320	59	3500	1826799	59	3641	1900119	59	3833	2000091	59	4000	2087075	59	4025	2100133	59	4217	2200030	59	4410	2300265	59	4500	2347014	59	4603	2400542	59	4795	2500350	59	
183	100237	61	366	200507	61	500	273919	61	548	300267	61	731	400425	61	913	500527	61	1000	549663	61	1090	600122	61	1272	700090	61	1454	800123	61	1500	825391	61	1637	900506	61	1818	1000123	61	1999	1100467	61	2000	1101027	61	2181	1200044	61	2364	1300218	61	2500	1374515	61	2547	1400442	61	2729	1500219	61	2912	1600485	61	3000	1648694	61	3095	1700558	61	3277	1800155	61	3458	1900180	61	3500	1923329	61	3641	2000417	61	3823	2100217	61	4000	2196951	61	4006	2200255	61	4189	2300352	61	4371	2400246	61	4500	2470718	61	4554	2500406	61	
198	100193	53	396	200315	53	500	253120	53	593	300075	53	791	400123	53	989	500069	53	1000	505677	53	1187	600110	53	1386	700393	53	1500	757992	53	1583	800233	53	1780	900434	53	1977	1000334	53	2000	1011947	53	2175	1100235	53	2372	1200123	53	2500	1264588	53	2571	1300368	53	2770	1400489	53	2967	1500221	53	3000	1516926	53	3165	1600248	53	3362	1700145	53	3500	1769852	53	3560	1800228	53	3758	1900468	53	3954	2000060	53	4000	2023576	53	4151	2100283	53	4349	2200510	53	4500	2276738	53	4547	2300432	53	4745	2400381	53	4943	2500314	53	
180	100076	87	360	200397	87	500	277867	87	540	300142	87	720	400525	87	899	500193	87	1000	556580	87	1077	600063	87	1258	700516	87	1437	800386	87	1500	835270	87	1617	900331	87	1796	1000326	87	1975	1100237	87	2000	1114123	87	2155	1200320	87	2334	1300074	87	2500	1392766	87	2513	1400041	87	2693	1500230	87	2872	1600260	87	3000	1671856	87	3051	1700381	87	3230	1800190	87	3409	1900047	87	3500	1953240	87	3584	2000241	87	3763	2100055	87	3943	2200129	87	4000	2231713	87	4123	2300221	87	4303	2400290	87	4483	2500203	87	
66	101141	337	131	200955	337	196	300920	337	261	401135	337	326	500797	337	391	601534	337	456	701597	337	500	769187	337	521	801361	337	586	901239	337	651	1000755	337	716	1101693	337	780	1201540	337	845	1301300	337	910	1400795	337	975	1500467	337	1000	1538925	337	1040	1600426	337	1105	1701428	337	1170	1801409	337	1235	1901324	337	1300	2001131	337	1365	2100837	337	1430	2200547	337	1495	2300471	337	1500	2308282	337	1560	2400213	337	1626	2501352	337	
57	100153	351	114	200685	351	170	301317	351	227	401173	351	284	501274	351	341	601375	351	398	701630	351	454	800290	351	500	881584	351	511	901023	351	568	1001716	351	625	1101676	351	682	1201703	351	738	1300145	351	796	1401849	351	853	1501915	351	909	1600378	351	966	1700403	351	1000	1760345	351	1023	1800720	351	1080	1900908	351	1137	2001106	351	1194	2100999	351	1251	2201209	351	1308	2301403	351	1364	2400163	351	1421	2500213	351	
59	100992	339	117	200115	339	176	301353	339	234	400821	339	292	500330	339	350	600942	339	408	700542	339	467	801666	339	500	857957	339	525	900959	339	583	1000398	339	642	1101360	339	700	1200814	339	758	1300274	339	817	1401236	339	875	1500620	339	934	1601607	339	992	1700943	339	1000	1714812	339	1050	1800552	339	1109	1901651	339	1167	2000852	339	1225	2100151	339	1284	2201196	339	1342	2300403	339	1400	2400771	339	1458	2501583	339	
64	101412	325	127	200844	325	190	300519	325	253	400140	325	317	501651	325	380	601470	325	443	700965	325	500	791751	325	506	801347	325	569	901230	325	632	1001054	325	695	1100448	325	758	1200440	325	821	1300225	325	885	1401501	325	948	1501380	325	1000	1585832	325	1009	1600259	325	1073	1701614	325	1136	1801441	325	1199	1900781	325	1262	2000343	325	1325	2100137	325	1389	2201124	325	1452	2300480	325	1500	2376515	325	1515	2400314	325	1579	2501569	325	
62	100464	355	124	200746	355	186	301133	355	248	401463	355	309	500164	355	371	601116	355	432	700836	355	494	801708	355	500	811521	355	555	900236	355	617	1000594	355	679	1100834	355	741	1201013	355	803	1301361	355	865	1401367	355	927	1501215	355	988	1600158	355	1000	1619739	355	1050	1701479	355	1111	1800187	355	1173	1900577	355	1235	2000931	355	1296	2100596	355	1358	2200725	355	1420	2300617	355	1482	2401233	355	1500	2430547	355	1543	2500191	355	
57	100480	339	115	200329	339	173	300441	339	231	400392	339	289	500807	339	347	601037	339	405	701460	339	463	801625	339	500	865560	339	520	900184	339	578	1000364	339	636	1100508	339	694	1200505	339	752	1300609	339	810	1400717	339	868	1501253	339	926	1601620	339	983	1700221	339	1000	1729979	339	1041	1801203	339	1099	1901647	339	1156	2000249	339	1214	2100565	339	1272	2200193	339	1330	2300868	339	1388	2400885	339	1446	2500941	339	
64	101350	385	127	201399	385	190	301477	385	253	400877	385	316	501112	385	379	601038	385	442	700604	385	500	792695	385	505	800727	385	568	900218	385	631	1000182	385	695	1101506	385	758	1201297	385	821	1300807	385	884	1400179	385	948	1501318	385	1000	1583341	385	1011	1600930	385	1074	1700373	385	1137	1800286	385	1200	1900250	385	1264	2001335	385	1327	2100900	385	1390	2200519	385	1452	2301634	385	1500	2377540	385	1515	2401326	385	1578	2501139	385	
67	101224	345	133	201267	345	199	300502	345	265	400153	345	332	501241	345	398	600443	345	465	701646	345	500	754329	345	531	800896	345	597	900247	345	664	1001028	345	730	1100219	345	797	1201233	345	863	1300834	345	928	1400356	345	995	1501455	345	1000	1509014	345	1061	1601159	345	1127	1700792	345	1193	1800514	345	1259	1900164	345	1326	2001306	345	1392	2100899	345	1459	2201497	345	1500	2263150	345	1525	2300894	345	1591	2400824	345	1658	2501482	345	
63	101207	369	125	201036	369	187	301012	369	249	400322	369	312	501303	369	373	601688	369	435	700910	369	497	800863	369	500	805753	369	559	900477	369	621	1000348	369	684	1100938	369	746	1200188	369	809	1300833	369	872	1401598	369	934	1500866	369	996	1600277	369	1000	1606783	369	1058	1700408	369	1120	1800240	369	1183	1901476	369	1245	2001181	369	1307	2101172	369	1369	2200857	369	1431	2300700	369	1493	2400525	369	1500	2411857	369	1556	2501527	369	
62	101423	358	123	200869	358	184	300638	358	245	400318	358	307	501504	358	368	600992	358	429	700761	358	490	800639	358	500	816960	358	551	900166	358	612	1000173	358	674	1101127	358	735	1200678	358	796	1300101	358	858	1400908	358	919	1500121	358	981	1601151	358	1000	1632169	358	1042	1700952	358	1103	1800961	358	1164	1900737	358	1226	2001700	358	1287	2101151	358	1348	2200597	358	1409	2300487	358	1471	2401493	358	1500	2448682	358	1532	2501177	358	
64	101599	376	127	201370	376	190	301401	376	253	401667	376	315	500550	376	378	600475	376	441	700417	376	500	793857	376	504	800255	376	567	900781	376	630	1000539	376	693	1100380	376	756	1200383	376	819	1300658	376	882	1400385	376	946	1501267	376	1000	1586965	376	1009	1601343	376	1071	1700990	376	1134	1801227	376	1195	1900113	376	1258	2000198	376	1321	2100736	376	1384	2200886	376	1447	2300935	376	1500	2385027	376	1510	2401059	376	1573	2501447	376	
61	100982	333	121	200304	333	181	300114	333	242	401258	333	302	501415	333	362	601637	333	422	701232	333	482	801056	333	500	830919	333	542	900686	333	599	1001543	333	659	1101669	333	719	1201134	333	779	1300809	333	839	1400123	333	900	1501392	333	960	1601219	333	1000	1667397	333	1020	1700541	333	1080	1800382	333	1141	1901564	333	1201	2001301	333	1261	2101321	333	1321	2200889	333	1381	2300527	333	1442	2401511	333	1500	2497537	333	1502	2500930	333	
64	100993	357	126	201499	357	189	301493	357	252	401317	357	315	501016	357	378	600760	357	441	700356	357	500	793725	357	504	800162	357	568	901101	357	631	1001041	357	694	1100776	357	758	1201611	357	821	1300966	357	884	1400357	357	948	1501221	357	1000	1583403	357	1011	1600867	357	1074	1700333	357	1138	1801541	357	1201	1900826	357	1264	2000150	357	1327	2100186	357	1391	2201502	357	1454	2300881	357	1500	2373636	357	1517	2400629	357	1580	2500327	357	
65	101370	337	129	200945	337	193	301385	337	257	401327	337	321	500888	337	385	600722	337	449	700778	337	500	779857	337	513	800111	337	578	901386	337	642	1001377	337	706	1100998	337	770	1200480	337	835	1301637	337	899	1401247	337	963	1500872	337	1000	1558499	337	1027	1600653	337	1091	1700571	337	1155	1800438	337	1219	1900874	337	1283	2000776	337	1347	2100474	337	1411	2200104	337	1475	2300978	337	1500	2340430	337	1539	2401112	337	1603	2501543	337	
65	100420	349	131	201311	349	196	301142	349	261	400812	349	326	500365	349	392	601413	349	457	701031	349	500	766682	349	522	800439	349	587	900190	349	653	1000895	349	719	1101345	349	784	1200894	349	850	1301402	349	915	1400761	349	976	1501537	349	1000	1538231	349	1041	1600938	349	1106	1700308	349	1171	1800728	349	1237	1901608	349	1302	2000998	349	1367	2100121	349	1433	2200826	349	1499	2301621	349	1500	2303221	349	1564	2401315	349	1629	2501526	349	
60	100168	355	121	201288	355	181	300830	355	241	400301	355	302	501380	355	361	600469	355	421	701344	355	481	800804	355	500	832364	355	541	900493	355	601	1000439	355	662	1101540	355	721	1200115	355	782	1300974	355	842	1400265	355	903	1501225	355	963	1600447	355	1000	1661890	355	1024	1701588	355	1084	1800927	355	1144	1900304	355	1205	2001575	355	1265	2100487	355	1326	2201488	355	1386	2300732	355	1446	2400187	355	1500	2489781	355	1507	2501463	355	
64	101003	349	127	200299	349	191	300719	349	254	400290	349	318	501405	349	381	600677	349	445	701587	349	500	788189	349	508	800898	349	571	900107	349	635	1000952	349	698	1100177	349	762	1201452	349	825	1300859	349	888	1400674	349	951	1500479	349	1000	1578324	349	1014	1600472	349	1078	1701003	349	1141	1800337	349	1205	1901041	349	1268	2000982	349	1331	2100826	349	1395	2201633	349	1458	2301050	349	1500	2367616	349	1521	2401027	349	1584	2500908	349	
65	101526	375	128	200598	375	192	300677	375	256	400715	375	320	500875	375	384	601178	375	447	700308	375	500	783525	375	511	800979	375	575	901320	375	638	1000595	375	702	1101615	375	765	1200889	375	829	1301236	375	892	1400309	375	956	1500517	375	1000	1569589	375	1020	1601168	375	1084	1701325	375	1147	1800113	375	1211	1900542	375	1274	2001714	375	1337	2100108	375	1401	2200189	375	1465	2300342	375	1500	2355143	375	1529	2400624	375	1593	2500683	375	
66	101510	332	130	200138	332	195	300336	332	261	401396	332	326	501583	332	390	600489	332	455	700901	332	500	770222	332	520	800885	332	585	900729	332	650	1000926	332	711	1101431	332	775	1201075	332	839	1300258	332	904	1400552	332	969	1500775	332	1000	1548782	332	1034	1600990	332	1099	1700917	332	1164	1800928	332	1229	1901041	332	1294	2001155	332	1359	2101287	332	1424	2201384	332	1488	2300249	332	1500	2318774	332	1553	2400658	332	1618	2501270	332	
68	100471	340	136	200580	340	199	301277	340	266	400138	340	334	500789	340	402	601024	340	469	700383	340	500	746186	340	537	801072	340	604	900106	340	672	1000484	340	740	1100923	340	808	1201487	340	875	1301248	340	943	1401354	340	1000	1485464	340	1010	1500236	340	1078	1600666	340	1146	1700831	340	1214	1800946	340	1281	1900132	340	1349	2000622	340	1417	2100989	340	1485	2201538	340	1500	2223721	340	1552	2300428	340	1620	2400972	340	1688	2501344	340	
14	106590	1669	27	205720	1669	40	304887	1669	53	403792	1669	66	502364	1669	79	601379	1669	93	707941	1669	106	806735	1669	119	905418	1669	132	1004077	1669	145	1103235	1669	158	1202051	1669	171	1301205	1669	185	1407860	1669	198	1506573	1669	211	1605593	1669	224	1704345	1669	237	1802960	1669	250	1902214	1669	263	2000968	1669	277	2107268	1669	290	2206725	1669	303	2305608	1669	316	2407235	1669	329	2505990	1669	
14	105165	1769	27	202744	1769	41	308049	1769	54	405448	1769	67	503065	1769	80	600872	1769	94	706030	1769	107	803223	1769	120	900534	1769	134	1005899	1769	147	1103255	1769	160	1200532	1769	174	1306764	1769	187	1405467	1769	200	1502895	1769	214	1607936	1769	227	1705243	1769	240	1802770	1769	254	1907416	1769	267	2005312	1769	280	2102998	1769	293	2200617	1769	307	2305964	1769	320	2403349	1769	333	2501020	1769	
14	103862	1800	28	207618	1800	41	306115	1800	54	402957	1800	68	506537	1800	81	603319	1800	94	704088	1800	107	800903	1800	121	905307	1800	134	1001609	1800	148	1105457	1800	161	1201785	1800	175	1305533	1800	188	1401717	1800	202	1505838	1800	215	1602218	1800	229	1706447	1800	242	1802974	1800	256	1906562	1800	269	2003015	1800	283	2107077	1800	296	2203518	1800	310	2307386	1800	323	2403968	1800	337	2507850	1800	
14	103855	1759	28	207359	1759	41	303693	1759	55	407247	1759	68	503702	1759	82	607388	1759	95	703732	1759	109	807488	1759	122	903764	1759	136	1007296	1759	149	1103557	1759	163	1206796	1759	176	1302999	1759	190	1406302	1759	203	1502496	1759	217	1606059	1759	230	1702457	1759	244	1806103	1759	257	1902408	1759	271	2005861	1759	284	2101754	1759	298	2205677	1759	311	2304204	1759	324	2400696	1759	338	2505002	1759	
14	105169	1726	27	202668	1726	41	307895	1726	54	405409	1726	67	502866	1726	81	607963	1726	94	705712	1726	107	803539	1726	120	901215	1726	134	1006373	1726	147	1103795	1726	160	1201379	1726	173	1301465	1726	187	1406514	1726	200	1504166	1726	213	1601653	1726	227	1706699	1726	240	1804465	1726	253	1902039	1726	267	2006987	1726	280	2104572	1726	293	2202260	1726	307	2307167	1726	320	2404753	1726	333	2502840	1726	
14	104502	1758	27	203541	1758	40	301838	1758	54	405961	1758	67	502677	1758	81	606691	1758	94	703777	1758	107	800974	1758	121	905434	1758	134	1002298	1758	148	1106272	1758	161	1204101	1758	174	1300928	1758	188	1405129	1758	201	1502125	1758	215	1606624	1758	228	1703766	1758	241	1801010	1758	255	1905085	1758	268	2001736	1758	282	2106063	1758	295	2202734	1758	309	2307268	1758	322	2404308	1758	335	2501035	1758	
14	103925	1712	28	207689	1712	41	304178	1712	54	401175	1712	68	505019	1712	81	601435	1712	95	705120	1712	108	802070	1712	122	905840	1712	135	1002206	1712	149	1106169	1712	162	1203032	1712	176	1306979	1712	189	1404092	1712	202	1500571	1712	216	1604273	1712	230	1707819	1712	243	1804163	1712	256	1900697	1712	270	2004380	1712	283	2100861	1712	297	2207033	1712	310	2303628	1712	324	2407469	1712	337	2503944	1712	
14	104434	1712	27	201121	1712	41	305030	1712	54	401831	1712	68	505826	1712	81	602703	1712	95	707030	1712	108	803617	1712	122	907586	1712	135	1004723	1712	148	1102629	1712	162	1207532	1712	175	1304367	1712	188	1401639	1712	202	1506230	1712	215	1603194	1712	229	1707571	1712	242	1804176	1712	255	1900905	1712	269	2005194	1712	282	2101816	1712	296	2205906	1712	309	2302665	1712	323	2406673	1712	336	2503381	1712	
14	107543	1743	27	205876	1743	40	303942	1743	53	401931	1743	67	507293	1743	80	605689	1743	93	704065	1743	106	802023	1743	120	907977	1743	133	1006478	1743	146	1104329	1743	159	1202642	1743	172	1301022	1743	186	1406569	1743	199	1504918	1743	212	1602876	1743	225	1701251	1743	239	1807289	1743	252	1905613	1743	265	2004085	1743	278	2102205	1743	292	2207783	1743	305	2306513	1743	318	2405039	1743	331	2503344	1743	
14	106159	1684	27	204285	1684	40	302578	1684	53	400858	1684	67	506482	1684	80	604640	1684	93	703014	1684	106	801264	1684	120	906652	1684	133	1005179	1684	146	1103635	1684	159	1202130	1684	173	1307937	1684	186	1405949	1684	199	1504406	1684	212	1602851	1684	225	1701074	1684	239	1806766	1684	252	1904953	1684	265	2003862	1684	278	2103946	1684	291	2203353	1684	304	2301877	1684	318	2407192	1684	331	2505233	1684	
14	102382	1705	28	204764	1705	42	306816	1705	55	401618	1705	69	503765	1705	83	606196	1705	96	701121	1705	110	803316	1705	124	905603	1705	138	1007661	1705	151	1104709	1705	165	1206918	1705	178	1301859	1705	192	1404519	1705	206	1506953	1705	219	1601854	1705	233	1704067	1705	247	1806191	1705	260	1901531	1705	274	2003852	1705	288	2106015	1705	301	2201555	1705	315	2303684	1705	329	2405546	1705	343	2507645	1705	
14	100748	1778	29	205400	1778	43	303275	1778	57	400667	1778	72	505173	1778	86	603485	1778	100	701759	1778	115	806497	1778	129	904377	1778	143	1002325	1778	158	1106899	1778	172	1205156	1778	186	1304225	1778	200	1401932	1778	215	1506722	1778	229	1604550	1778	243	1702361	1778	257	1800523	1778	272	1905494	1778	286	2003553	1778	300	2101516	1778	315	2207130	1778	329	2304765	1778	343	2402387	1778	358	2507142	1778	
14	103682	1776	28	207096	1776	41	303577	1776	55	407330	1776	68	503366	1776	82	607243	1776	95	703202	1776	109	806856	1776	122	902893	1776	136	1006512	1776	149	1103184	1776	163	1206724	1776	176	1303072	1776	190	1406459	1776	203	1503093	1776	217	1606408	1776	230	1702243	1776	244	1805702	1776	257	1902216	1776	271	2007007	1776	284	2105624	1776	297	2201832	1776	311	2305283	1776	324	2400885	1776	338	2504002	1776	
14	102109	1737	28	203660	1737	42	304996	1737	56	406414	1737	69	500535	1737	83	601968	1737	97	703557	1737	111	805231	1737	125	906692	1737	138	1007730	1737	151	1102874	1737	165	1204298	1737	179	1305725	1737	193	1406970	1737	206	1501183	1737	220	1602498	1737	234	1703720	1737	248	1804897	1737	262	1907423	1737	275	2001676	1737	289	2103281	1737	303	2205161	1737	317	2306798	1737	330	2400920	1737	344	2501979	1737	
15	106887	1742	29	206442	1742	43	305783	1742	57	404603	1742	71	504088	1742	85	603581	1742	99	702923	1742	113	802262	1742	127	901670	1742	141	1001133	1742	156	1107389	1742	170	1206521	1742	184	1305783	1742	198	1404972	1742	212	1504097	1742	226	1603309	1742	240	1702557	1742	254	1801555	1742	268	1900896	1742	283	2007511	1742	297	2106770	1742	311	2206415	1742	325	2305701	1742	339	2404692	1742	353	2504088	1742	
15	106617	1764	29	205931	1764	43	304988	1764	57	404301	1764	71	503622	1764	85	603487	1764	99	702717	1764	113	802053	1764	127	901753	1764	141	1001301	1764	156	1107371	1764	170	1207028	1764	184	1306313	1764	198	1407217	1764	212	1506328	1764	226	1605510	1764	240	1704695	1764	254	1804148	1764	268	1905585	1764	282	2005321	1764	296	2104596	1764	310	2204044	1764	324	2303391	1764	338	2402457	1764	352	2501375	1764	
15	103921	1725	29	200856	1725	44	304814	1725	58	401530	1725	73	506397	1725	87	603292	1725	102	707179	1725	116	804037	1725	130	903244	1725	145	1006867	1725	159	1103671	1725	173	1200469	1725	188	1304189	1725	202	1400833	1725	216	1501974	1725	231	1605741	1725	245	1702842	1725	260	1806389	1725	274	1903385	1725	288	2000575	1725	303	2104539	1725	317	2201632	1725	332	2305650	1725	346	2402613	1725	361	2506474	1725	
15	107350	1716	29	207468	1716	42	301448	1716	56	401406	1716	70	501216	1716	84	601400	1716	98	701614	1716	112	802483	1716	126	902675	1716	140	1003290	1716	154	1104233	1716	168	1204664	1716	182	1305195	1716	196	1405438	1716	210	1505571	1716	224	1605452	1716	238	1705479	1716	252	1805467	1716	266	1906044	1716	280	2006271	1716	294	2106449	1716	308	2206458	1716	322	2306703	1716	336	2406698	1716	350	2506799	1716	
15	105247	1725	29	203078	1725	43	300754	1725	58	405025	1725	72	502906	1725	86	600652	1725	101	705478	1725	115	803439	1725	129	901591	1725	144	1006390	1725	158	1104120	1725	172	1204641	1725	186	1302427	1725	201	1406988	1725	215	1504686	1725	229	1602500	1725	244	1707102	1725	258	1804862	1725	272	1905106	1725	286	2003962	1725	300	2102370	1725	314	2200513	1725	329	2305407	1725	343	2403040	1725	357	2500508	1725	
15	103973	1715	29	201110	1715	44	305260	1715	58	402866	1715	73	507418	1715	87	604605	1715	101	701847	1715	116	806190	1715	130	905360	1715	144	1002754	1715	159	1107057	1715	173	1204348	1715	187	1301618	1715	202	1405588	1715	216	1502990	1715	231	1607003	1715	245	1704245	1715	259	1801966	1715	274	1906076	1715	288	2003446	1715	302	2100751	1715	317	2204680	1715	331	2301817	1715	346	2405834	1715	360	2502954	1715	
170	100485	668	333	200260	668	496	300441	668	500	302901	668	657	400305	668	818	500181	668	981	600520	668	1000	612202	668	1144	700598	668	1306	800182	668	1468	900523	668	1500	920265	668	1629	1000037	668	1792	1100455	668	1954	1200351	668	2000	1228539	668	2117	1300426	668	2278	1400362	668	2439	1500550	668	2500	1538539	668	2600	1600563	668	2762	1700258	668	2925	1800634	668	3000	1846605	668	3088	1900605	668	3250	2000361	668	3413	2100523	668	3500	2154017	668	3575	2200307	668	3738	2300599	668	3901	2400440	668	4000	2461015	668	4064	2500488	668	
178	100163	185	350	200455	185	500	287966	185	521	300277	185	692	400207	185	864	500600	185	1000	579902	185	1035	600413	185	1205	700105	185	1375	800047	185	1500	873331	185	1546	900288	185	1718	1000621	185	1889	1100501	185	2000	1165350	185	2060	1200396	185	2231	1300473	185	2402	1400443	185	2500	1457576	185	2573	1500185	185	2744	1600216	185	2916	1700529	185	3000	1749636	185	3087	1800540	185	3258	1900308	185	3429	2000380	185	3500	2041898	185	3596	2100623	185	3765	2200090	185	3937	2300510	185	4000	2337263	185	4108	2400336	185	4279	2500179	185	
171	100211	295	334	200356	295	497	300355	295	500	302225	295	660	400377	295	823	500524	295	986	600037	295	1000	608646	295	1150	700398	295	1313	800512	295	1476	900530	295	1500	915247	295	1639	1000463	295	1802	1100111	295	1965	1200260	295	2000	1221771	295	2124	1300144	295	2287	1400365	295	2450	1500066	295	2500	1530763	295	2613	1600589	295	2776	1700442	295	2939	1800280	295	3000	1837641	295	3102	1900164	295	3265	2000265	295	3428	2100100	295	3500	2144269	295	3592	2200483	295	3754	2300061	295	3918	2400349	295	4000	2450729	295	4081	2500422	295	
173	100406	361	339	200546	361	500	297419	361	505	300475	361	670	400207	361	833	500257	361	999	600282	361	1000	600905	361	1165	700277	361	1331	800159	361	1497	900043	361	1500	901870	361	1663	1000199	361	1829	1100285	361	1995	1200257	361	2000	1203385	361	2161	1300335	361	2327	1400492	361	2492	1500173	361	2500	1505031	361	2657	1600043	361	2823	1700504	361	2989	1800577	361	3000	1807207	361	3154	1900296	361	3320	2000373	361	3486	2100443	361	3500	2108938	361	3651	2200111	361	3816	2300189	361	3982	2400280	361	4000	2411163	361	4148	2500214	361	
172	100365	386	337	200095	386	500	299116	386	502	300343	386	667	400220	386	833	500588	386	997	600088	386	1000	601929	386	1163	700512	386	1328	800462	386	1493	900517	386	1500	904774	386	1658	1000577	386	1822	1100136	386	1987	1200207	386	2000	1208081	386	2152	1300093	386	2318	1400478	386	2483	1500429	386	2500	1510840	386	2646	1600220	386	2810	1700164	386	2976	1800609	386	3000	1815137	386	3141	1900484	386	3306	2000357	386	3471	2100258	386	3500	2117927	386	3636	2200502	386	3801	2300362	386	3966	2400467	386	4000	2421072	386	4131	2500409	386	
169	100488	370	331	200568	370	493	300344	370	500	304640	370	655	400443	370	817	500572	370	978	600273	370	1000	613868	370	1140	700192	370	1303	800503	370	1465	900250	370	1500	922001	370	1627	1000382	370	1789	1100215	370	1952	1200575	370	2000	1230080	370	2112	1300172	370	2273	1400635	370	2435	1500321	370	2500	1541290	370	2596	1600444	370	2758	1700343	370	2920	1800058	370	3000	1851532	370	3079	1900612	370	3240	2000037	370	3402	2100262	370	3500	2160514	370	3565	2200582	370	3727	2300293	370	3890	2400496	370	4000	2468084	370	4052	2500062	370	
170	100290	314	334	200337	314	498	300258	314	500	301491	314	662	400397	314	826	500266	314	989	600119	314	1000	606871	314	1153	700437	314	1317	800619	314	1481	900604	314	1500	912159	314	1643	1000420	314	1805	1100532	314	1968	1200124	314	2000	1219795	314	2132	1300248	314	2296	1400462	314	2460	1500202	314	2500	1524793	314	2624	1600324	314	2788	1700102	314	2952	1800377	314	3000	1829678	314	3116	1900581	314	3279	2000276	314	3443	2100097	314	3500	2134930	314	3606	2200512	314	3769	2300147	314	3933	2400381	314	4000	2441211	314	4097	2500475	314	
167	100052	397	325	200317	397	483	300317	397	500	310962	397	643	400395	397	803	500170	397	964	600559	397	1000	623044	397	1124	700601	397	1283	800144	397	1444	900615	397	1500	935644	397	1604	1000461	397	1763	1100097	397	1924	1200622	397	2000	1248033	397	2084	1300422	397	2243	1400176	397	2404	1500499	397	2500	1560606	397	2563	1600106	397	2724	1700622	397	2884	1800355	397	3000	1872817	397	3044	1900282	397	3204	2000083	397	3364	2100154	397	3500	2184983	397	3525	2200618	397	3684	2300374	397	3844	2400408	397	4000	2497914	397	4004	2500433	397	
173	100116	431	340	200389	431	500	296464	431	506	300076	431	673	400600	431	839	500445	431	1000	597407	431	1005	600537	431	1171	700321	431	1337	800107	431	1500	897827	431	1504	900281	431	1670	1000092	431	1837	1100053	431	2000	1197946	431	2004	1200380	431	2171	1300179	431	2338	1400234	431	2500	1497471	431	2505	1500491	431	2671	1600291	431	2838	1700370	431	3000	1797921	431	3004	1800357	431	3171	1900542	431	3338	2000615	431	3500	2097833	431	3504	2100260	431	3671	2200301	431	3838	2300567	431	4000	2400093	431	4000	2400123	431	4166	2500271	431	
168	100332	497	329	200180	497	490	300173	497	500	306396	497	651	400353	497	811	500392	497	972	600276	497	1000	617868	497	1133	700305	497	1294	800358	497	1455	900212	497	1500	928252	497	1616	1000260	497	1777	1100571	497	1938	1200572	497	2000	1239046	497	2098	1300319	497	2259	1400282	497	2420	1500134	497	2500	1551064	497	2578	1600160	497	2739	1700137	497	2901	1800565	497	3000	1862574	497	3061	1900533	497	3222	2000577	497	3381	2100133	497	3500	2174012	497	3542	2200197	497	3703	2300192	497	3864	2400308	497	4000	2484508	497	4026	2500638	497	
59	100640	2232	111	200814	2232	163	301577	2232	214	400662	2232	266	501820	2232	317	600655	2232	368	700127	2232	417	801823	2232	468	901089	2232	500	963409	2232	519	1000160	2232	571	1101026	2232	623	1202038	2232	674	1300868	2232	726	1401441	2232	777	1500767	2232	829	1601614	2232	880	1701152	2232	931	1800186	2232	983	1901120	2232	1000	1934039	2232	1035	2001970	2232	1086	2101384	2232	1138	2201852	2232	1189	2300492	2232	1241	2401430	2232	1292	2501036	2232	
61	101322	2507	114	201382	2507	167	300965	2507	220	400579	2507	273	500291	2507	326	600219	2507	380	701998	2507	432	800114	2507	486	901870	2507	500	928320	2507	539	1001775	2507	592	1101610	2507	645	1201255	2507	698	1301283	2507	751	1401114	2507	804	1501025	2507	857	1600828	2507	910	1700415	2507	963	1800752	2507	1000	1870167	2507	1016	1900392	2507	1069	2000192	2507	1122	2100289	2507	1175	2200301	2507	1229	2301899	2507	1281	2400320	2507	1334	2500354	2507	
61	101077	1900	115	201359	1803	168	300802	1803	222	401636	1803	275	500728	1803	329	601789	1803	382	701104	1803	435	800306	1803	489	901636	1803	500	922432	1803	542	1001024	1803	596	1101805	1803	649	1201303	1803	702	1300525	1803	756	1401873	1803	809	1501285	1803	862	1600786	1803	916	1701736	1803	969	1800969	1803	1000	1859013	1803	1022	1900211	1803	1076	2002219	1803	1128	2100638	1803	1182	2201537	1803	1235	2300581	1803	1288	2400185	1803	1342	2501502	1803	
59	100931	2956	111	201062	2956	163	301542	2956	215	401530	2956	267	501053	2956	319	600742	2956	371	700289	2956	424	801786	2956	476	901403	2956	500	947489	2956	528	1001516	2956	579	1100425	2956	630	1200490	2956	682	1300418	2956	734	1400412	2956	786	1500205	2956	839	1601475	2956	891	1701376	2956	943	1801568	2956	995	1901691	2956	1000	1911377	2956	1047	2001553	2956	1099	2101392	2956	1151	2200997	2956	1203	2300434	2956	1256	2401965	2956	1308	2501393	2956	
59	100153	2365	112	200484	1901	163	300716	1901	215	401498	1901	267	501600	1901	319	601739	1901	370	700280	1901	422	800170	1901	474	900722	1901	500	950621	1901	526	1000962	1901	578	1101372	1901	630	1201879	1901	682	1301875	1901	734	1401704	1901	786	1501674	1901	838	1601769	1901	890	1701920	1901	941	1800309	1901	993	1900585	1901	1000	1914101	1901	1045	2000503	1901	1097	2100541	1901	1149	2200514	1901	1201	2301004	1901	1253	2400987	1901	1305	2501981	1901	
60	101557	2774	112	200674	2774	165	301716	2774	217	400780	2774	270	501669	2774	322	600604	2774	375	701538	2774	427	800993	2774	480	901810	2774	500	939870	2774	532	1001338	2774	584	1100657	2774	636	1200402	2774	689	1301148	2774	741	1400194	2774	794	1501234	2774	846	1600429	2774	899	1701359	2774	951	1800752	2774	1000	1894194	2774	1004	1901899	2774	1056	2000973	2774	1108	2100162	2774	1161	2201452	2774	1213	2300641	2774	1266	2401202	2774	1317	2500437	2774	
60	101088	2402	113	201544	2402	166	301784	2402	218	400814	2402	271	501105	2402	323	600158	2402	376	700377	2402	429	800688	2402	482	901144	2402	500	935741	2402	534	1000153	2402	587	1100631	2402	640	1201051	2402	693	1301175	2402	746	1401274	2402	799	1501523	2402	850	1600594	2402	903	1701666	2402	956	1801669	2402	1000	1885218	2402	1008	1900470	2402	1061	2000964	2402	1114	2101638	2402	1166	2200264	2402	1219	2300848	2402	1272	2401740	2402	1324	2500414	2402	
60	101094	2033	114	201573	1708	167	301625	1708	220	401790	1708	272	500195	1708	325	600518	1708	378	700794	1708	430	801637	1708	483	901960	1708	500	934056	1708	535	1000246	1708	588	1100293	1708	641	1200877	1708	694	1301534	1708	747	1401631	1708	800	1501709	1708	852	1600372	1708	905	1700985	1708	958	1800706	1708	1000	1880036	1708	1011	1900903	1708	1064	2001008	1708	1117	2101254	1708	1170	2201449	1708	1223	2301129	1708	1276	2401327	1708	1329	2501697	1708	
60	101225	2197	112	200804	1533	163	300965	1533	214	401370	1533	265	501796	1533	315	600692	1533	366	701513	1533	416	800283	1533	467	901089	1533	500	966546	1533	517	1000122	1533	568	1100482	1533	619	1201204	1533	669	1300522	1533	720	1400807	1533	771	1501367	1533	822	1601917	1533	873	1701974	1533	923	1800477	1533	974	1901236	1533	1000	1952286	1533	1025	2001573	1533	1076	2101758	1533	1126	2200787	1533	1176	2300387	1533	1227	2401592	1533	1278	2502019	1533	
61	100838	1794	114	201234	1495	166	301249	1495	218	401104	1495	270	501385	1495	322	601036	1495	374	700890	1495	426	800580	1495	476	901444	1495	500	947667	1495	528	1001459	1495	579	1101720	1495	631	1201448	1495	683	1301241	1495	735	1401253	1495	787	1501426	1495	839	1601847	1495	891	1701667	1495	943	1801260	1495	995	1901521	1495	1000	1911184	1495	1047	2001596	1495	1097	2100409	1495	1149	2200424	1495	1202	2301962	1495	1254	2401980	1495	1306	2501818	1495	
13	107705	45830	25	205625	43214	37	305251	40589	49	403456	37319	61	501135	33430	74	606474	29504	86	706831	26916	98	805696	23712	110	902361	19178	123	1008664	17233	134	1103945	17233	145	1202125	17233	157	1306706	17233	168	1402482	17233	180	1507096	17233	191	1602971	17233	203	1707589	17233	214	1803415	17233	226	1908123	17233	237	2003960	17233	249	2108564	17233	260	2204801	17233	271	2300823	17233	283	2405525	17233	294	2501594	17233	
12	102528	46087	24	203482	42799	36	300740	38271	49	407462	34359	61	506010	31805	73	607856	29200	85	706257	25316	97	803653	21463	109	900792	16384	122	1008508	14507	133	1106168	14507	144	1203666	14507	155	1301371	14507	167	1407734	14507	178	1505284	14507	189	1602667	14507	201	1708978	14507	212	1806331	14507	223	1903771	14507	234	2001046	14507	246	2107486	14507	257	2205151	14507	268	2302678	14507	280	2408811	14507	291	2506318	14507	
13	108123	46193	25	205972	42986	37	304850	39088	49	401359	33956	62	504608	29429	74	601577	24900	87	704041	20335	99	807080	20326	110	904130	20326	121	1001467	20326	133	1107454	20326	144	1204267	20326	155	1301874	20326	167	1407798	20326	178	1504832	20326	189	1601812	20326	201	1707513	20326	212	1804718	20326	223	1902114	20326	235	2007888	20326	246	2107115	20326	257	2204598	20326	268	2301514	20326	280	2407222	20326	291	2504857	20326	
13	108526	46368	25	206718	43777	37	307168	42473	49	405744	39226	60	501163	37932	72	601792	35327	84	700914	31413	97	807235	27539	109	905861	23036	121	1007173	19148	133	1103527	14681	145	1202491	12818	157	1308233	12818	168	1405141	12818	179	1502156	12818	191	1607840	12818	202	1704930	12818	213	1801809	12818	225	1907620	12818	236	2004500	12818	247	2101356	12818	259	2207476	12818	270	2304625	12818	281	2401439	12818	293	2507276	12818	
12	101076	46991	25	208488	44375	37	305797	39244	49	403065	35253	62	508159	31336	74	605790	26772	86	702003	22853	99	806381	18291	111	903724	14460	123	1002690	12609	135	1107113	12609	146	1202815	12609	158	1307133	12609	169	1402803	12609	181	1507695	12609	192	1603296	12609	204	1707969	12609	215	1804203	12609	227	1908993	12609	238	2004799	12609	249	2100816	12609	261	2205222	12609	272	2301138	12609	284	2406017	12609	295	2502068	12609	
12	101064	46856	25	207968	41682	37	306050	37769	49	402277	33247	62	507693	29346	74	606055	24876	86	703706	21689	98	802485	17169	111	907742	13988	122	1005210	13988	133	1103961	13988	144	1202547	13988	155	1301034	13988	167	1408828	13988	178	1507449	13988	189	1606214	13988	200	1704757	13988	211	1803130	13988	222	1904540	13988	233	2003408	13988	244	2101879	13988	255	2200828	13988	267	2308108	13988	278	2406630	13988	289	2505980	13988	
12	102064	48509	24	201321	47161	36	302242	44591	48	401073	41984	61	507506	39410	73	605170	36133	85	703244	32896	97	805111	30263	109	906251	27681	121	1008622	27042	132	1103784	25774	144	1203355	23151	156	1302742	20578	168	1404365	18648	180	1504108	15443	192	1604115	13531	203	1700978	13531	215	1806704	13531	226	1903830	13531	237	2000740	13531	249	2106187	13531	260	2203248	13531	272	2309192	13531	283	2406348	13531	294	2503493	13531	
13	107653	46401	25	206113	42524	37	304704	38616	49	402602	35375	61	500870	30270	74	604796	24434	86	701513	19274	99	806705	14182	111	905766	11722	122	1003867	11722	133	1102495	11722	144	1200778	11722	156	1307860	11722	167	1406020	11722	178	1504299	11722	189	1602512	11722	200	1700705	11722	212	1807687	11722	223	1906167	11722	234	2004074	11722	245	2102656	11722	256	2200931	11722	268	2307647	11722	279	2405773	11722	290	2503836	11722	
12	103195	47604	24	201244	43109	37	307205	39833	49	406508	36595	61	504354	33308	73	604022	30070	85	704309	28164	97	805211	26221	109	905108	22959	121	1005334	20390	133	1103754	17139	145	1203008	14621	157	1309206	14621	168	1406701	14621	179	1504150	14621	190	1601627	14621	201	1701212	14621	213	1807868	14621	224	1905107	14621	235	2002292	14621	247	2108243	14621	258	2205407	14621	269	2302738	14621	281	2408585	14621	292	2506089	14621	
13	107569	47053	25	202243	41809	38	304828	35362	51	407117	29529	63	502061	23002	76	605049	17184	88	702878	12142	100	806326	12142	111	903669	12142	122	1000765	12142	134	1106992	12142	145	1204693	12142	156	1302208	12142	168	1408517	12142	179	1506562	12142	190	1603816	12142	201	1701250	12142	213	1807582	12142	224	1905289	12142	235	2002919	12142	247	2109012	12142	258	2206498	12142	269	2304121	12142	280	2401313	12142	292	2507630	12142	
