versja nr 2;wspolczynnik mutacji 1.500000;wielkosc populacji 45
300	100286	126	500	168492	126	593	200236	126	887	300099	99	1000	338536	99	1181	400162	99	1475	500099	99	1500	508680	99	1768	600074	93	2000	678812	93	2063	700325	93	2357	800130	93	2500	848972	93	2651	900336	93	2944	1000273	84	3000	1019400	84	3236	1100260	84	3500	1190539	84	3528	1200108	84	3821	1300347	84	4000	1361467	84	4113	1400176	84	4405	1500266	82	4500	1532886	82	4696	1600330	82	4988	1700353	82	5000	1704508	82	5280	1800327	82	5500	1875757	72	5571	1900043	72	5864	2000102	72	6000	2046770	72	6155	2100074	69	6446	2200136	69	6500	2218664	69	6738	2300046	65	7000	2389289	65	7032	2400176	65	7326	2500243	65	
297	100099	189	500	168944	143	592	200115	108	885	300107	97	1000	339078	96	1181	400293	92	1475	500321	82	1500	508868	82	1768	600036	82	2000	678888	82	2062	700141	82	2355	800052	82	2500	849698	82	2649	900311	79	2943	1000265	79	3000	1019547	79	3237	1100027	79	3500	1189627	79	3531	1200222	79	3825	1300206	79	4000	1359496	79	4119	1400085	79	4414	1500227	79	4500	1529284	79	4709	1600195	79	5000	1699643	79	5002	1700335	79	5290	1800223	79	5500	1871702	79	5584	1900193	79	5878	2000213	79	6000	2041815	79	6171	2100163	79	6466	2200163	79	6500	2211635	79	6762	2300167	79	7000	2380522	79	7058	2400193	79	7353	2500048	79	
302	100213	120	500	167374	96	597	200158	88	893	300284	82	1000	336321	82	1188	400066	82	1484	500119	82	1500	505545	82	1780	600023	82	2000	674485	82	2075	700126	82	2372	800268	82	2500	843723	78	2660	900142	74	2956	1000348	74	3000	1015247	74	3251	1100122	74	3500	1184360	74	3546	1200039	74	3843	1300305	74	4000	1353411	74	4138	1400103	74	4435	1500243	74	4500	1522135	74	4730	1600050	74	5000	1691873	74	5025	1700336	74	5322	1800091	74	5500	1860063	74	5619	1900345	74	5915	2000078	74	6000	2028990	74	6211	2100323	70	6500	2198505	70	6505	2200191	70	6801	2300171	66	7000	2367453	66	7097	2400290	66	7393	2500242	66	
303	100206	174	500	166529	154	600	200186	154	896	300341	146	1000	335272	146	1193	400178	146	1489	500033	146	1500	503730	146	1787	600263	146	2000	672135	146	2083	700138	146	2381	800328	134	2500	840390	123	2677	900028	123	2975	1000069	110	3000	1008547	110	3271	1100173	110	3500	1177273	110	3568	1200144	110	3865	1300272	104	4000	1345644	104	4161	1400301	104	4457	1500313	103	4500	1514847	103	4752	1600017	103	5000	1684117	103	5048	1700252	103	5345	1800156	103	5500	1852436	103	5641	1900256	103	5935	2000098	103	6000	2022049	103	6231	2100314	103	6500	2191068	103	6527	2200159	103	6824	2300242	103	7000	2359634	103	7119	2400122	103	7415	2500352	103	
302	100305	172	500	167210	162	598	200311	155	893	300058	155	1000	336245	155	1188	400148	155	1483	500129	155	1500	505913	155	1777	600271	155	2000	676683	155	2069	700111	155	2364	800162	155	2500	846397	155	2659	900322	155	2953	1000076	155	3000	1016215	155	3247	1100202	155	3500	1185826	155	3542	1200026	155	3838	1300212	154	4000	1355370	154	4132	1400248	146	4426	1500037	146	4500	1525173	146	4721	1600022	146	5000	1694524	146	5017	1700319	146	5312	1800232	146	5500	1864140	146	5607	1900242	146	5903	2000129	146	6000	2033123	146	6193	2100114	146	6486	2200274	143	6500	2205034	143	6781	2300147	139	7000	2374509	139	7076	2400273	139	7371	2500161	124	
300	100142	212	500	167987	209	595	200210	193	890	300309	184	1000	337378	164	1186	400285	144	1481	500234	124	1500	506671	122	1776	600188	115	2000	676523	113	2070	700262	109	2365	800041	109	2500	846084	109	2659	900288	109	2953	1000305	109	3000	1016166	109	3247	1100164	109	3500	1188317	109	3534	1200244	109	3826	1300350	109	4000	1359295	109	4121	1400288	109	4415	1500321	109	4500	1529086	109	4711	1600326	109	5000	1698379	108	5005	1700096	108	5300	1800139	108	5500	1867981	108	5595	1900224	108	5888	2000075	108	6000	2038263	108	6182	2100021	108	6477	2200037	103	6500	2207856	103	6774	2300300	103	7000	2376714	99	7069	2400106	94	7365	2500176	94	
301	100150	146	500	168000	129	594	200020	125	884	300326	116	1000	340625	116	1173	400192	116	1467	500209	116	1500	511452	116	1760	600028	116	2000	682008	116	2053	700105	116	2344	800088	114	2500	853281	111	2638	900324	111	2932	1000330	111	3000	1023486	111	3224	1100032	111	3500	1194117	107	3518	1200274	107	3811	1300086	101	4000	1364232	101	4106	1400276	101	4399	1500092	101	4500	1534416	101	4694	1600130	101	4989	1700285	101	5000	1704016	101	5284	1800335	101	5500	1874271	101	5576	1900150	101	5871	2000342	93	6000	2044623	93	6162	2100171	93	6454	2200128	93	6500	2215775	93	6747	2300019	93	7000	2386478	93	7040	2400141	93	7332	2500053	93	
300	100029	129	500	167665	97	596	200265	97	891	300320	90	1000	337323	90	1184	400231	90	1477	500195	83	1500	508011	83	1771	600156	83	2000	678182	83	2064	700065	83	2358	800065	83	2500	848683	83	2651	900048	83	2945	1000327	83	3000	1019092	83	3238	1100204	83	3500	1189169	83	3532	1200051	83	3827	1300332	83	4000	1359023	83	4121	1400139	83	4415	1500304	81	4500	1529097	81	4709	1600063	81	5000	1698894	79	5004	1700303	79	5298	1800106	79	5500	1868675	79	5592	1900062	79	5886	2000300	76	6000	2039306	76	6180	2100349	76	6474	2200313	76	6500	2209228	76	6768	2300078	76	7000	2378885	76	7062	2400261	76	7349	2500043	76	
311	100046	133	500	161809	116	618	200285	116	924	300251	116	1000	325190	116	1229	400144	116	1500	488568	116	1535	500038	116	1841	600309	114	2000	652279	106	2147	700212	106	2452	800055	106	2500	815815	106	2756	900204	101	3000	980080	101	3062	1000313	101	3368	1100113	101	3500	1143613	101	3673	1200058	101	3980	1300273	101	4000	1306789	101	4286	1400228	100	4500	1470658	100	4590	1500053	100	4888	1600125	100	5000	1636714	100	5194	1700206	100	5499	1800054	100	5500	1800398	100	5806	1900183	100	6000	1963391	100	6112	2000290	100	6418	2100215	100	6500	2127249	100	6723	2200309	100	7000	2290833	100	7029	2300298	100	7335	2400215	100	7500	2454125	100	7641	2500226	100	
299	100076	317	500	168326	313	594	200029	299	891	300168	233	1000	336988	213	1187	400046	204	1483	500172	189	1500	505990	189	1777	600070	174	2000	677963	174	2065	700184	170	2361	800122	149	2500	847109	148	2657	900181	143	2952	1000044	143	3000	1016390	143	3246	1100056	143	3500	1185868	143	3543	1200358	143	3838	1300024	143	4000	1354682	139	4134	1400045	137	4431	1500291	122	4500	1523541	122	4727	1600261	114	5000	1692878	112	5022	1700350	112	5317	1800206	110	5500	1862312	110	5612	1900195	110	5907	2000121	110	6000	2031511	110	6203	2100161	110	6498	2200320	110	6500	2201008	110	6794	2300301	110	7000	2370301	110	7089	2400319	110	7384	2500173	110	
315	100151	85	500	160187	80	624	200303	74	932	300218	72	1000	322401	72	1240	400113	72	1500	484688	70	1547	500020	70	1854	600130	68	2000	647969	67	2160	700104	67	2467	800027	67	2500	810706	67	2776	900190	67	3000	972940	62	3083	1000126	62	3391	1100246	62	3500	1135889	62	3698	1200281	62	4000	1298567	62	4005	1300205	62	4312	1400107	62	4500	1462068	62	4617	1500158	62	4925	1600185	62	5000	1624620	53	5233	1700152	53	5500	1787013	53	5540	1800077	53	5847	1900295	53	6000	1950157	53	6151	2000064	53	6458	2100299	53	6500	2114204	53	6763	2200016	53	7000	2277322	53	7070	2300185	53	7377	2400317	53	7500	2440338	53	7684	2500126	53	
300	100290	140	500	168591	140	593	200289	140	886	300156	133	1000	338945	133	1180	400047	133	1475	500104	133	1500	508642	133	1770	600171	132	2000	678183	101	2065	700293	101	2360	800255	93	2500	848129	85	2653	900026	81	2948	1000208	81	3000	1017904	81	3243	1100254	81	3500	1187515	74	3537	1200188	74	3830	1300047	74	4000	1357779	74	4125	1400326	71	4419	1500215	71	4500	1527783	71	4713	1600156	71	5000	1697691	71	5007	1700076	71	5302	1800230	71	5500	1869797	71	5588	1900325	71	5879	2000229	71	6000	2041199	71	6173	2100111	71	6467	2200186	71	6500	2211503	71	6761	2300243	71	7000	2381398	71	7055	2400047	71	7349	2500084	71	
301	100310	106	500	168118	96	595	200328	94	889	300242	91	1000	338032	91	1182	400111	91	1476	500022	90	1500	508201	90	1770	600112	87	2000	678577	87	2063	700041	87	2358	800226	87	2500	848519	87	2652	900043	83	2938	1000044	82	3000	1021503	82	3230	1100121	82	3500	1192096	80	3524	1200216	73	3818	1300114	66	4000	1361953	66	4112	1400078	66	4407	1500316	66	4500	1531964	65	4700	1600120	65	4994	1700183	65	5000	1702218	65	5288	1800195	65	5500	1872347	65	5582	1900331	65	5875	2000313	65	6000	2042923	65	6167	2100262	65	6461	2200291	65	6500	2213545	65	6754	2300061	57	7000	2383684	57	7049	2400274	57	7344	2500341	57	
301	100035	146	500	166005	146	604	200166	142	908	300298	107	1000	330648	101	1210	400087	101	1500	495542	90	1514	500144	90	1818	600197	90	2000	660215	88	2121	700186	88	2423	800251	84	2500	825755	84	2725	900146	84	3000	990814	84	3028	1000070	84	3330	1100042	84	3500	1156242	84	3633	1200160	84	3936	1300219	84	4000	1321299	84	4239	1400329	84	4500	1486658	84	4541	1500240	84	4843	1600022	84	5000	1651936	84	5146	1700205	84	5449	1800244	84	5500	1817067	84	5751	1900200	84	6000	1982832	84	6052	2000060	84	6355	2100235	82	6500	2148271	81	6657	2200220	81	6959	2300090	81	7000	2313668	81	7262	2400333	81	7500	2478823	81	7565	2500139	81	
302	100345	118	500	167150	113	597	200034	110	892	300052	85	1000	336661	84	1189	400283	84	1486	500135	84	1500	504853	84	1783	600187	84	2000	673270	84	2080	700197	84	2377	800182	84	2500	841571	84	2673	900033	84	2968	1000230	84	3000	1011046	84	3263	1100091	84	3500	1179814	84	3560	1200123	84	3855	1300035	84	4000	1349086	84	4152	1400300	84	4447	1500228	81	4500	1518111	81	4743	1600071	81	5000	1686957	81	5039	1700123	81	5335	1800190	81	5500	1855828	81	5631	1900128	81	5926	2000055	81	6000	2025096	81	6221	2100054	81	6500	2195996	81	6512	2200096	81	6807	2300292	81	7000	2365459	81	7103	2400175	81	7399	2500079	81	
311	100337	100	500	162570	83	615	200251	83	918	300140	77	1000	327160	77	1222	400071	76	1500	491191	76	1527	500034	76	1832	600065	76	2000	655127	74	2136	700058	74	2441	800211	71	2500	819707	71	2745	900205	71	3000	983956	71	3049	1000166	66	3352	1100288	66	3500	1149333	66	3654	1200161	66	3951	1300058	66	4000	1316597	66	4252	1400064	66	4500	1482010	66	4555	1500136	66	4857	1600167	66	5000	1647387	66	5160	1700187	66	5463	1800189	65	5500	1812410	65	5766	1900321	65	6000	1978080	65	6067	2000276	65	6369	2100194	65	6500	2143651	65	6671	2200057	65	6974	2300105	65	7000	2308674	65	7278	2400308	65	7500	2473557	65	7581	2500207	65	
309	100094	99	500	163534	81	611	200268	81	913	300234	74	1000	329188	74	1208	400066	74	1500	497458	74	1508	500113	74	1809	600200	74	2000	663573	74	2110	700046	74	2412	800301	74	2500	829557	74	2714	900326	74	3000	994714	74	3016	1000032	74	3319	1100141	74	3500	1159946	74	3622	1200132	74	3924	1300075	70	4000	1325307	70	4227	1400233	70	4500	1490418	70	4530	1500335	70	4832	1600136	70	5000	1655564	70	5135	1700321	70	5438	1800230	70	5500	1820714	70	5739	1900042	70	6000	1986771	70	6041	2000327	70	6342	2100106	70	6500	2152300	70	6645	2200165	70	6948	2300221	70	7000	2317455	70	7250	2400024	70	7500	2482643	70	7553	2500150	70	
298	100138	129	500	169499	121	589	200099	121	881	300039	118	1000	340645	118	1174	400170	115	1466	500351	115	1500	512036	115	1757	600141	115	2000	683184	115	2050	700346	111	2342	800098	111	2500	854153	106	2635	900253	106	2928	1000283	106	3000	1024828	106	3221	1100245	101	3500	1195220	101	3515	1200349	101	3808	1300066	96	4000	1365381	96	4102	1400080	96	4396	1500122	96	4500	1535518	96	4690	1600108	96	4984	1700220	96	5000	1705680	95	5277	1800123	90	5500	1876323	79	5570	1900298	79	5862	2000308	79	6000	2047483	79	6153	2100105	79	6446	2200340	79	6500	2218740	79	6738	2300076	79	7000	2389488	79	7031	2400096	79	7323	2500242	77	
310	100298	92	500	162982	69	612	200106	69	915	300250	69	1000	328321	69	1217	400123	66	1500	493732	66	1520	500329	66	1821	600184	66	2000	659609	66	2122	700080	66	2424	800245	66	2500	825488	66	2726	900347	66	3000	991316	65	3026	1000018	65	3328	1100119	65	3500	1157103	62	3630	1200201	62	3932	1300137	62	4000	1322650	62	4235	1400347	62	4500	1488114	62	4536	1500071	62	4838	1600270	62	5000	1656110	62	5133	1700233	62	5435	1800263	62	5500	1821763	62	5736	1900237	62	6000	1988601	62	6035	2000163	62	6336	2100259	62	6500	2155036	62	6636	2200126	62	6938	2300017	62	7000	2320492	62	7241	2400252	62	7500	2485969	59	7543	2500207	59	
299	100203	107	500	168656	76	592	200197	68	885	300337	68	1000	339656	68	1176	400022	68	1468	500161	68	1500	511221	68	1759	600151	65	2000	682991	62	2050	700146	62	2334	800212	62	2500	857395	62	2624	900082	62	2916	1000231	62	3000	1029043	62	3207	1100187	62	3499	1200130	62	3500	1200479	62	3791	1300228	62	4000	1371932	62	4083	1400333	62	4374	1500318	60	4500	1543448	60	4666	1600343	60	4957	1700259	60	5000	1715065	60	5248	1800283	60	5500	1887610	57	5536	1900079	57	5826	2000022	57	6000	2059871	57	6117	2100155	57	6409	2200345	57	6500	2231449	57	6700	2300098	57	6991	2400022	57	7000	2403112	57	7283	2500024	57	
100	100111	2794	197	200320	2198	292	300312	2198	388	400763	2024	483	500664	1992	500	518538	1974	578	600625	1963	673	700321	1810	769	800935	1753	864	900703	1688	959	1000617	1688	1000	1043606	1652	1054	1100249	1541	1150	1200867	1509	1245	1300465	1509	1341	1401099	1509	1436	1501083	1509	1500	1568170	1509	1531	1600780	1509	1626	1700427	1509	1721	1800140	1509	1817	1900823	1509	1912	2000752	1509	2000	2093164	1509	2007	2100599	1509	2102	2200245	1492	2198	2300754	1492	2294	2400966	1492	2389	2500322	1492	
101	100819	2671	197	200896	2584	292	300716	2456	388	401027	2456	483	500193	2456	500	518018	2456	579	600527	2357	676	701063	2010	772	800741	1996	868	900755	1996	964	1000813	1996	1000	1038398	1996	1060	1100648	1887	1156	1200564	1887	1252	1300503	1862	1348	1400357	1862	1444	1500190	1862	1500	1558421	1862	1541	1601069	1862	1637	1700859	1809	1733	1800491	1809	1829	1900779	1775	1923	2001082	1759	2000	2081267	1759	2019	2101098	1759	2115	2200723	1759	2211	2300595	1752	2307	2400725	1752	2403	2500564	1729	
102	100427	1967	198	200607	1786	293	300340	1729	389	401066	1684	483	500259	1684	500	518113	1684	578	600178	1684	674	701007	1684	769	800906	1684	864	900812	1684	959	1000798	1684	1000	1045686	1684	1051	1100301	1684	1146	1200699	1684	1241	1300634	1646	1336	1400357	1552	1431	1500923	1552	1500	1573336	1552	1526	1600747	1552	1621	1700332	1552	1716	1800878	1552	1811	1900785	1552	1906	2000461	1552	2000	2099430	1552	2001	2100547	1552	2096	2200278	1552	2192	2300778	1552	2287	2400440	1552	2382	2500073	1552	
101	100262	2463	194	200449	2316	290	300392	2195	386	400271	2195	482	500570	2152	500	519529	2152	578	600922	2131	673	700344	1965	769	800719	1891	864	900075	1798	960	1000590	1743	1000	1042364	1743	1056	1100953	1743	1151	1200135	1721	1248	1300942	1721	1344	1400373	1721	1441	1501070	1721	1500	1562280	1721	1537	1600810	1721	1633	1700877	1721	1729	1800664	1721	1825	1900663	1721	1921	2000921	1721	2000	2082931	1721	2017	2100651	1721	2113	2200445	1721	2209	2300292	1721	2306	2400703	1702	2402	2500534	1702	
100	100762	2515	195	200571	2057	290	300563	1809	385	401061	1784	478	500317	1784	500	523716	1784	572	600448	1666	666	701088	1666	759	800290	1642	853	900870	1594	946	1000133	1594	1000	1057898	1594	1040	1100946	1568	1133	1200393	1568	1227	1300825	1568	1320	1400259	1568	1414	1500672	1555	1500	1592169	1443	1508	1600746	1443	1601	1700470	1443	1695	1800499	1443	1789	1900749	1426	1882	2000254	1426	1976	2100244	1426	2000	2125918	1426	2070	2200538	1426	2161	2300820	1426	2255	2400993	1426	2349	2500819	1426	
101	100382	2204	197	200676	2104	292	300069	2064	389	401050	1911	485	500945	1723	500	516670	1723	580	600374	1723	675	700135	1723	771	801031	1723	866	900422	1692	962	1000530	1688	1000	1040011	1653	1058	1100942	1653	1153	1200744	1609	1249	1300988	1462	1342	1400171	1371	1438	1500712	1371	1500	1565517	1371	1533	1600087	1371	1629	1700790	1371	1724	1800139	1371	1820	1900860	1371	1915	2000718	1371	2000	2089524	1371	2011	2101098	1371	2106	2200327	1371	2202	2300962	1371	2297	2400086	1318	2393	2500712	1318	
101	101013	2618	196	200604	2580	291	300145	2523	387	400543	2468	480	500200	2411	500	521137	2411	576	600666	2359	671	700308	2341	767	801043	2341	862	900701	2341	957	1000415	2231	1000	1045539	2198	1052	1100119	2198	1147	1200260	2161	1243	1301037	2089	1337	1400166	2016	1432	1501001	1929	1500	1572822	1929	1526	1600304	1929	1621	1700200	1891	1716	1800473	1883	1811	1900427	1839	1906	2000782	1747	2000	2100099	1630	2000	2100175	1630	2095	2200340	1580	2190	2300607	1549	2285	2400417	1549	2380	2500687	1549	
102	100528	2406	197	200317	2345	293	300811	2306	389	400983	2176	485	501041	2167	500	516722	2167	581	600977	2073	676	700304	1969	771	800261	1923	866	900533	1923	962	1000896	1923	1000	1040633	1923	1057	1100283	1876	1153	1200861	1855	1249	1300677	1805	1345	1400722	1805	1441	1500930	1768	1500	1562691	1768	1536	1600512	1768	1632	1701100	1768	1727	1800666	1742	1822	1900148	1742	1918	2001061	1742	2000	2086688	1742	2013	2100406	1742	2108	2200432	1742	2204	2300681	1708	2299	2400459	1682	2393	2501523	1682	
102	101014	2236	197	200532	2176	293	300993	2109	388	400201	2060	484	500481	1970	500	517302	1970	580	600941	1919	675	700312	1919	771	800381	1817	867	900776	1762	963	1001009	1744	1000	1039734	1744	1058	1100116	1744	1155	1201016	1740	1251	1301016	1740	1347	1401080	1740	1442	1500110	1740	1500	1560711	1740	1537	1600487	1740	1631	1700717	1740	1726	1800508	1740	1822	1900817	1740	1917	2000350	1740	2000	2086888	1740	2013	2100498	1740	2109	2200609	1709	2205	2301082	1709	2300	2400605	1709	2396	2500649	1678	
101	100849	2527	196	200080	2112	291	300208	2029	386	401074	2029	481	501063	1917	500	521195	1917	575	600770	1917	668	700810	1917	761	800169	1917	856	900650	1917	950	1000122	1917	1000	1052883	1882	1045	1100637	1882	1139	1200268	1882	1233	1300151	1882	1328	1400780	1882	1422	1500092	1851	1500	1582482	1807	1517	1600423	1807	1611	1700079	1807	1706	1800694	1807	1800	1900484	1774	1895	2000965	1774	1989	2100380	1774	2000	2112019	1774	2084	2201019	1774	2178	2300676	1774	2272	2400153	1774	2367	2500674	1774	
98	100305	3697	198	200588	1693	294	300121	1391	390	400858	1373	484	500186	1373	500	516985	1373	580	600968	1373	675	700802	1373	770	800365	1373	865	900082	1373	960	1000522	1373	1000	1042795	1344	1055	1100670	1344	1151	1200849	1304	1246	1300078	1294	1342	1401014	1142	1437	1500860	1119	1500	1566989	1119	1532	1600771	1119	1627	1700269	1056	1723	1801098	1056	1818	1900634	986	1914	2000803	968	2000	2090603	968	2009	2100120	968	2105	2200958	968	2200	2301099	968	2295	2400269	953	2391	2501077	953	
103	100430	2552	204	201026	1394	301	300199	1302	399	400734	1236	496	500233	1236	500	504403	1236	593	600113	1211	691	700877	1179	788	800287	1116	886	900410	1105	984	1000418	1105	1000	1016711	1105	1082	1100558	1105	1179	1201099	1105	1276	1300727	1105	1373	1400090	1060	1471	1500998	1053	1500	1530694	1053	1568	1600760	1053	1665	1700561	1040	1762	1800375	1040	1858	1901005	1040	1954	2000161	1040	2000	2047345	1040	2052	2100974	1040	2149	2200767	1040	2246	2300166	1012	2344	2400080	1012	2443	2500634	1012	
97	101068	4893	193	200678	4603	292	300627	2800	390	400685	1535	486	500993	1428	500	515638	1428	581	600261	1325	677	700393	1176	773	800789	1123	868	900516	1123	962	1000810	1123	1000	1041102	1123	1057	1100439	1099	1153	1200830	1070	1249	1300932	1070	1344	1400176	1070	1440	1500315	1035	1500	1562995	1035	1536	1600566	1035	1631	1700088	1010	1727	1800444	990	1823	1900447	979	1919	2000441	979	2000	2085420	937	2014	2100125	937	2110	2200200	937	2206	2300076	937	2302	2400630	937	2398	2500683	937	
96	100334	4923	198	200452	1886	296	300654	1426	393	400505	1372	490	500336	1372	500	510741	1372	587	600397	1321	684	700590	1313	781	800182	1313	878	900266	1313	976	1000892	1313	1000	1025531	1313	1073	1100870	1313	1170	1200664	1313	1267	1300873	1313	1364	1400762	1313	1461	1500685	1313	1500	1540880	1313	1558	1600739	1313	1655	1700901	1313	1751	1800259	1313	1848	1900729	1313	1945	2000697	1288	2000	2057519	1288	2042	2100666	1288	2139	2200416	1288	2236	2300613	1288	2333	2400514	1288	2430	2500868	1288	
106	100156	1499	207	200714	1270	306	300500	1270	405	400529	1270	500	496273	1270	504	500393	1270	604	601048	1270	703	700750	1270	802	800751	1270	901	900468	1270	1000	1000300	1270	1000	1000369	1270	1099	1100240	1270	1198	1200325	1270	1298	1300823	1270	1397	1400343	1270	1497	1500977	1270	1500	1504048	1270	1596	1600745	1270	1695	1700678	1270	1794	1800375	1270	1894	1900868	1270	1993	2000279	1270	2000	2007352	1270	2093	2100947	1270	2190	2200724	1270	2288	2300193	1270	2388	2400567	1270	2488	2500980	1270	
102	100972	2025	199	200128	1302	296	300878	1262	392	400663	1262	488	500577	1262	500	513076	1262	584	600682	1215	679	700699	1215	774	800226	1114	870	900842	1094	965	1000111	1094	1000	1036693	1094	1061	1100427	1094	1157	1200637	1094	1251	1300764	1094	1347	1401063	1094	1442	1500500	1094	1500	1561170	1094	1537	1600293	1093	1632	1700305	1093	1727	1800491	1093	1822	1900559	1093	1917	2000440	1093	2000	2088119	1093	2012	2100774	1093	2107	2200247	1093	2203	2300797	1093	2298	2400612	1075	2393	2501019	1075	
102	100768	4626	204	200511	3756	309	300987	1707	408	400861	1216	500	492370	1133	508	500422	1133	608	600323	1133	709	700747	1133	809	800275	1133	909	900242	1133	1000	991196	1133	1009	1000248	1133	1110	1100799	1133	1210	1200250	1133	1310	1300083	1133	1411	1400631	1103	1500	1489134	1024	1511	1500095	1001	1611	1600189	987	1712	1700759	970	1812	1800621	917	1912	1900512	917	2000	1988619	917	2012	2000593	917	2112	2100926	880	2212	2200580	880	2312	2300521	880	2413	2401029	880	2500	2488060	852	2512	2500190	852	
96	100093	4610	196	200993	2770	293	300295	1438	388	400278	1438	484	500749	1330	500	517614	1330	579	600873	1302	674	701018	1302	768	800066	1302	864	900965	1256	958	1000217	1256	1000	1045553	1256	1052	1100415	1228	1147	1200280	1228	1243	1300979	1228	1338	1400799	1223	1433	1500487	1223	1500	1570982	1223	1528	1600627	1223	1623	1700438	1223	1718	1800650	1190	1813	1900323	1190	1908	2000142	1190	2000	2097120	1190	2003	2100401	1190	2098	2200302	1190	2193	2300491	1190	2288	2400305	1190	2381	2500118	1190	
100	100629	2538	198	200912	1212	293	300475	1020	388	400506	1020	483	500293	946	500	518396	946	578	600596	946	673	701090	946	767	800330	946	862	900470	946	957	1000315	946	1000	1045981	946	1052	1100860	946	1146	1200777	946	1240	1300155	946	1335	1400543	946	1430	1500981	946	1500	1576763	946	1522	1600463	946	1617	1701083	922	1711	1800183	922	1806	1900539	922	1901	2001111	922	1995	2100413	922	2000	2105704	922	2090	2201002	898	2184	2300569	898	2279	2401022	898	2373	2500777	898	
104	100181	2284	205	200389	1416	304	300146	1344	404	401061	1323	500	498226	1289	502	500332	1289	601	600426	1289	693	700334	1289	792	800505	1289	891	900474	1289	990	1000538	1289	1000	1010609	1289	1089	1100490	1289	1188	1200388	1289	1287	1300759	1289	1386	1401061	1289	1485	1501044	1289	1500	1516223	1289	1583	1600545	1289	1682	1700495	1289	1781	1800243	1289	1881	1900958	1289	1979	2000342	1267	2000	2021820	1267	2078	2100981	1252	2176	2200578	1252	2275	2300933	1252	2374	2401020	1252	2472	2500514	1252	
21	102422	25314	42	204891	25314	62	302501	25314	83	404856	25314	103	502456	25314	124	604884	25314	144	703195	25314	164	801250	25314	185	903828	25314	205	1001127	25314	226	1103612	25314	246	1201280	25314	267	1304342	25314	287	1402279	25314	307	1500481	25314	328	1603239	25314	348	1701184	25314	369	1804141	25314	389	1901766	25314	410	2003950	25314	430	2101564	25314	451	2204204	25314	471	2302072	25314	492	2404695	25314	500	2443889	25314	512	2502535	25314	
18	101473	25248	36	200815	25248	55	300812	25248	74	401994	25248	93	502950	25248	110	601204	25059	127	702575	25059	144	800869	25059	162	902554	24841	181	1004878	24561	200	1100488	24071	221	1203362	23583	241	1302188	23583	261	1402007	23583	281	1505529	23174	299	1600559	23174	318	1701258	23174	337	1805020	23174	355	1901127	23174	373	2000957	23174	392	2105764	23174	410	2201385	23174	429	2302226	23174	448	2401876	23174	469	2505177	23174	
21	102290	24614	42	204752	24614	62	302133	24614	83	404804	24614	103	502431	24614	124	605211	24614	144	702593	24614	164	802986	24614	184	901177	24614	205	1003448	24614	225	1101090	24614	246	1203427	24614	266	1301582	24614	287	1403799	24614	307	1502298	24614	328	1604602	24614	348	1702128	24614	369	1804596	24614	389	1902186	24614	410	2004617	24614	430	2102243	24614	451	2204899	24614	471	2302574	24614	491	2400692	24614	500	2444690	24614	512	2503398	24614	
21	101429	25212	42	202884	25212	63	305001	25212	83	401536	25212	104	503144	25212	125	604864	25212	145	701559	25212	166	803629	25212	186	900692	25212	207	1002384	25212	228	1103596	25212	248	1200719	25212	269	1302663	25212	290	1404632	25212	310	1501208	25212	331	1602485	25212	352	1704185	25212	372	1800838	25212	393	1902294	25212	414	2004127	25212	434	2101077	25212	455	2203015	25212	476	2304791	25212	496	2401641	25212	500	2421280	25212	517	2503694	25212	
21	103578	25681	41	201893	25681	62	304296	25681	82	402133	25681	103	504716	25681	123	602582	25681	143	700851	25681	164	802933	25407	184	900465	25407	205	1002902	25137	225	1101473	25137	246	1204042	25137	266	1302155	25137	287	1404541	25137	307	1501716	25137	328	1604128	25137	348	1701571	25137	368	1801278	25137	389	1903648	25137	409	2001309	25137	430	2103339	24907	450	2201004	24907	471	2303692	24907	491	2401140	24907	500	2445133	24907	512	2503723	24907	
21	103157	25250	41	200430	24985	62	302411	24985	83	404274	24786	103	501187	24786	124	602813	24589	145	704407	24077	165	803209	23673	185	900442	23407	206	1001697	23232	227	1103062	23232	248	1204862	23232	268	1301585	23232	289	1402840	23232	310	1503853	23232	330	1600365	23232	351	1701463	23232	372	1802729	23232	393	1903812	23232	413	2000466	23232	434	2101973	23232	455	2202947	23232	476	2304570	23232	496	2401176	23232	500	2420738	23232	517	2502986	23232	
21	102017	25643	42	204503	25643	62	301655	25643	83	403221	25643	104	504377	25415	124	600845	24949	145	703435	24949	165	800843	24949	186	903030	24383	207	1004563	24383	227	1101530	24081	248	1202985	24081	269	1304644	24081	289	1400910	23798	310	1502413	23798	331	1604160	23798	351	1700741	23798	372	1802154	23798	393	1903935	23798	413	2000767	23798	434	2102637	23798	455	2203000	23130	476	2304896	22899	496	2400516	22172	500	2420362	22172	517	2503376	22172	
21	101235	25425	42	203373	25425	63	304601	25425	83	400811	25425	104	502140	25425	125	603456	25425	146	704795	25425	166	801588	25425	187	903021	25425	208	1004523	25425	228	1100810	25425	249	1201854	25425	270	1303332	25425	291	1404802	25425	311	1501871	25425	332	1603183	25425	353	1704475	25425	373	1801344	25425	393	1900567	25425	414	2001859	25425	435	2102955	25425	456	2204879	25425	476	2301417	25425	497	2402656	25425	500	2417487	25425	518	2504651	25425	
21	102523	25531	42	205058	25531	62	302450	25363	83	404720	25068	103	502229	25068	124	604878	25068	144	702532	25068	164	800690	25068	185	904728	24327	205	1002887	23840	225	1101173	23840	246	1204151	23840	266	1302086	23840	286	1400474	23840	307	1502956	23840	327	1600509	23840	348	1703500	23840	368	1801669	23840	389	1904652	23840	409	2002593	23840	429	2100669	23840	450	2203831	23840	470	2302110	23605	491	2404784	23383	500	2448729	23383	511	2502538	23383	
21	102568	26332	41	200464	26332	62	303000	26332	83	405040	26332	103	502785	26332	124	604869	26332	144	702578	26332	165	805030	26332	185	902402	26332	206	1004545	26332	226	1102264	26332	247	1204408	26332	267	1301956	26332	288	1404635	26332	308	1502414	26332	329	1604281	26332	349	1701989	26332	370	1804183	26332	390	1901447	26332	411	2003882	26332	431	2101382	26332	452	2203658	26332	472	2301211	26332	493	2403547	26332	500	2437979	26332	513	2501661	26332	
21	100938	25565	42	201599	25565	63	302843	25565	84	403486	25565	105	503784	25565	126	604792	25565	146	701106	25565	167	801715	25565	188	902364	25565	209	1003088	25565	230	1103829	25565	251	1204394	25565	271	1300562	25565	292	1401302	25565	313	1502262	25565	334	1603032	25565	355	1703884	25565	376	1804458	25565	397	1905125	25565	417	2003815	25565	438	2104651	25565	458	2200764	25565	479	2301128	25565	500	2401609	25565	500	2401973	25565	521	2502616	25565	
22	103174	25100	43	201490	25100	65	304561	25100	86	403371	25100	107	502072	25100	128	600565	25100	150	703337	25100	171	801591	25100	193	904951	25100	213	1000865	25100	235	1104718	25100	256	1202653	25100	277	1300793	25100	299	1404290	25100	320	1502614	25100	341	1600680	25100	363	1703730	25100	384	1801918	25100	406	1904805	25100	427	2003075	25100	448	2101173	25100	470	2204179	25100	491	2302415	25100	500	2344860	25100	512	2401130	25100	534	2504617	25100	
21	103036	25298	42	204800	25298	62	301165	25298	83	402901	25298	104	504559	25298	124	600829	25298	145	701544	25298	166	803123	25298	187	904064	25298	208	1005027	25298	228	1101546	25298	249	1202768	25298	270	1304070	25298	290	1401090	25298	311	1502363	25298	332	1603412	25298	353	1704581	25298	373	1801042	25298	394	1902182	25298	415	2003870	25298	435	2100476	25298	456	2201653	25298	477	2302555	25298	498	2403994	25298	500	2413968	25298	518	2501151	25298	
22	104996	25129	42	200522	25129	63	301456	25129	84	401958	25129	105	502672	25129	126	602795	25129	147	703032	25129	168	803181	25129	189	903496	25129	210	1003646	25129	231	1103844	25129	252	1204719	25129	272	1300883	25129	293	1401352	25129	314	1501712	25129	335	1602195	25129	356	1702829	25129	377	1802926	25129	398	1903365	25129	419	2003747	25129	439	2102125	25129	460	2202402	25129	481	2302978	25129	500	2394186	25129	502	2404052	25129	523	2504378	25129	
22	104541	25094	43	204471	25094	64	304173	25094	85	404254	25094	106	504177	25094	127	603927	25094	148	703376	25094	169	802866	25094	190	902326	25094	211	1001574	25094	232	1103240	25094	253	1204074	25094	274	1303856	25094	295	1403338	25094	316	1503335	25094	337	1602954	25094	358	1702222	25094	379	1801688	25094	400	1901077	25094	422	2005036	25094	443	2104653	25094	464	2204141	25094	485	2303730	25094	500	2375448	25094	506	2404072	25094	527	2503641	25094	
21	100907	25616	42	201618	25616	63	301535	25616	84	401133	25616	105	500999	25616	126	600816	25616	147	700463	25616	168	800567	25616	190	904608	25616	211	1004116	25616	232	1103844	25616	253	1203217	25616	274	1302704	25616	295	1402193	25616	316	1501964	25616	337	1601393	25616	358	1701114	25616	379	1801147	25616	400	1900561	25616	422	2004609	25616	443	2104512	25616	464	2204541	25616	485	2304247	25616	500	2375381	25616	506	2403997	25616	527	2503660	25616	
21	101964	25347	42	204360	25347	62	300640	25347	83	401890	25347	104	503126	25347	125	604531	25347	145	700980	25347	166	802214	25347	187	903707	25347	207	1000762	25347	228	1102194	25347	249	1203310	25347	270	1304288	25347	290	1400689	25347	311	1502658	25347	332	1603753	25347	352	1700465	25347	373	1801632	25347	394	1902628	25347	415	2003683	25347	436	2105520	25347	456	2204238	25347	476	2300837	25347	497	2402211	25347	500	2416902	25347	518	2503986	25347	
21	100386	25118	42	201197	25118	63	301283	25118	84	401785	25118	105	501871	25118	126	602533	25118	147	702725	25118	168	802871	25118	189	903031	25118	210	1003234	25118	231	1103678	25118	251	1201440	25118	272	1301615	25118	293	1402007	25118	314	1502391	25118	335	1602569	25118	356	1702625	25118	377	1802737	25118	398	1902768	25118	419	2003320	25118	440	2104155	25118	461	2204210	25118	482	2304182	25118	500	2390860	25118	502	2400804	25118	523	2500904	25118	
22	104211	25350	43	205093	25350	64	304387	25350	85	403356	25350	106	502069	25350	127	601326	25350	148	700711	25350	170	804131	25350	191	903681	25350	212	1002441	25350	233	1101540	25350	254	1200444	25350	276	1304190	25350	297	1402990	25350	318	1502505	25350	339	1601423	25350	361	1704786	25350	382	1803460	25350	403	1902975	25350	424	2001723	25350	445	2101122	25350	467	2204157	25350	488	2302832	25350	500	2359467	25350	509	2402221	25350	530	2501081	25350	
22	104477	25265	43	204106	25265	64	303843	25265	85	403462	25265	106	503056	25265	127	603053	25265	148	702989	25265	169	802526	25265	190	902381	25265	211	1002396	25265	232	1102250	25265	253	1202139	25265	274	1301698	25265	295	1401689	25265	316	1501530	25265	337	1601143	25265	358	1700680	25265	379	1800504	25265	400	1900614	25265	422	2004917	25265	443	2104610	25265	464	2205396	25265	484	2302156	25265	500	2378503	25265	505	2402476	25265	526	2502066	25265	
319	100198	78	500	156626	78	639	200057	78	960	300169	77	1000	312688	77	1280	400321	77	1500	468962	77	1600	500148	77	1921	600177	77	2000	624822	77	2241	700176	77	2500	781058	69	2561	800104	69	2881	900126	69	3000	937210	69	3202	1000231	73	3500	1093976	73	3520	1100254	73	3840	1200153	70	4000	1250146	66	4154	1300181	66	4470	1400201	66	4500	1409579	66	4787	1500117	66	5000	1567111	65	5106	1600219	65	5425	1700286	65	5500	1723857	65	5743	1800027	65	6000	1880365	65	6063	1900052	65	6381	2000127	65	6500	2037342	65	6701	2100268	56	7000	2194097	56	7019	2200081	56	7339	2300095	56	7500	2350677	56	7658	2400250	56	7977	2500282	56	
312	100021	72	500	160750	65	623	200153	65	935	300020	65	1000	320895	65	1242	400071	65	1500	483938	65	1550	500055	63	1862	600048	63	2000	644254	63	2174	700111	63	2487	800154	63	2500	804328	63	2798	900032	63	3000	964639	63	3111	1000077	63	3423	1100276	63	3500	1125020	63	3735	1200287	63	4000	1285525	63	4046	1300313	63	4358	1400117	63	4500	1445573	63	4671	1500302	63	4983	1600086	63	5000	1605522	63	5295	1700274	63	5500	1766059	63	5606	1800306	63	5917	1900157	63	6000	1926678	63	6229	2000068	63	6500	2086926	63	6541	2100051	63	6854	2200337	63	7000	2247240	63	7165	2300064	63	7477	2400125	63	7500	2407459	63	7789	2500174	63	
322	100247	63	500	156546	63	639	200063	63	957	300150	63	1000	313582	63	1278	400110	63	1500	468816	63	1601	500163	63	1923	600281	63	2000	624184	63	2244	700168	63	2500	779663	63	2566	800287	63	2888	900237	63	3000	935183	62	3208	1000115	59	3500	1091284	59	3528	1100023	59	3849	1200028	59	4000	1247054	59	4170	1300029	59	4490	1400036	52	4500	1403169	52	4810	1500079	52	5000	1559431	52	5130	1600100	52	5450	1700229	52	5500	1715940	52	5769	1800152	52	6000	1872203	52	6089	1900151	52	6409	2000109	52	6500	2028454	52	6730	2100100	52	7000	2184290	52	7051	2200259	52	7371	2300180	52	7500	2340617	52	7691	2400220	52	8000	2497255	52	8008	2500235	52	
322	100181	75	500	155241	67	645	200184	67	967	300146	67	1000	310424	67	1288	400240	67	1500	465963	67	1611	500283	67	1934	600173	67	2000	620660	67	2256	700243	67	2500	776394	67	2576	800273	67	2897	900041	67	3000	932004	67	3220	1000235	67	3500	1087331	67	3541	1100059	67	3862	1200152	67	4000	1243210	67	4184	1300243	67	4500	1398364	67	4506	1400258	67	4827	1500261	67	5000	1554546	67	5145	1600127	67	5458	1700197	67	5500	1713247	67	5779	1800089	67	6000	1868926	67	6101	1900176	67	6423	2000118	67	6500	2023940	67	6746	2100107	67	7000	2179258	67	7067	2200148	67	7389	2300094	67	7500	2334485	67	7712	2400290	67	8000	2489762	67	8034	2500309	67	
303	100329	76	500	165669	66	605	200304	66	905	300106	66	1000	331526	66	1207	400227	66	1500	497810	67	1507	500171	67	1807	600339	67	2000	665272	67	2105	700200	67	2398	800090	67	2500	834202	67	2699	900302	67	2999	1000079	67	3000	1000419	67	3298	1100263	67	3500	1167501	67	3598	1200198	67	3898	1300176	67	4000	1334018	67	4199	1400200	67	4500	1500159	67	4500	1500178	67	4800	1600129	67	5000	1666397	67	5101	1700042	67	5402	1800272	67	5500	1832870	67	5702	1900021	67	6000	1999282	67	6003	2000287	67	6304	2100205	67	6500	2165611	67	6605	2200337	67	6905	2300249	67	7000	2331938	67	7205	2400299	67	7500	2498785	67	7504	2500136	67	
347	100156	88	500	144494	75	691	200121	75	1000	290759	71	1032	300071	69	1376	400148	68	1500	436401	68	1719	500167	68	2000	582077	68	2062	600094	68	2404	700073	68	2500	728145	68	2747	800194	68	3000	874105	68	3089	900148	68	3433	1000266	68	3500	1019911	68	3776	1100272	68	4000	1165897	68	4118	1200272	68	4461	1300300	65	4500	1311709	65	4802	1400153	65	5000	1458091	65	5144	1500281	65	5484	1600073	65	5500	1604781	65	5825	1700157	65	6000	1751501	65	6166	1800143	65	6500	1897817	65	6508	1900177	65	6849	2000067	65	7000	2044636	65	7190	2100161	65	7500	2190830	65	7532	2200263	65	7874	2300274	65	8000	2337219	65	8216	2400240	65	8500	2483368	65	8557	2500030	65	
302	100058	61	500	165698	61	605	200342	61	907	300287	61	1000	331091	61	1208	400066	61	1500	496447	61	1511	500078	61	1813	600312	61	2000	662275	61	2112	700069	61	2413	800102	60	2500	829084	60	2715	900338	60	3000	995010	60	3016	1000317	60	3316	1100022	60	3500	1161008	60	3618	1200170	60	3919	1300046	59	4000	1326787	59	4222	1400180	59	4500	1492222	59	4524	1500186	59	4825	1600265	59	5000	1658151	59	5127	1700303	59	5427	1800154	59	5500	1824295	59	5728	1900128	59	6000	1992400	59	6023	2000201	59	6324	2100328	59	6500	2158852	59	6624	2200117	59	6926	2300145	59	7000	2324588	59	7229	2400314	59	7500	2490288	59	7530	2500193	59	
331	100315	59	500	151645	56	660	200228	56	988	300144	56	1000	303816	56	1317	400200	56	1500	455690	56	1646	500212	56	1975	600083	56	2000	607685	56	2302	700130	56	2500	760213	56	2632	800289	56	2961	900153	56	3000	911990	56	3291	1000114	56	3500	1063898	56	3613	1100235	56	3940	1200251	56	4000	1218442	56	4269	1300146	56	4500	1370873	56	4597	1400294	56	4923	1500181	56	5000	1523834	56	5250	1600041	56	5500	1676093	56	5579	1700129	56	5907	1800170	56	6000	1828256	56	6237	1900070	56	6500	1980019	56	6566	2000112	56	6896	2100193	51	7000	2131686	51	7225	2200040	51	7500	2283897	51	7554	2300263	51	7883	2400080	51	8000	2435822	51	8212	2500101	51	
313	100198	72	500	160336	72	618	200316	71	927	300120	71	1000	323578	71	1239	400259	65	1500	484111	65	1550	500276	65	1862	600297	65	2000	644662	65	2170	700298	65	2481	800144	65	2500	806278	65	2791	900116	65	3000	967364	65	3102	1000143	65	3414	1100268	65	3500	1127944	65	3723	1200030	62	4000	1289908	62	4032	1300154	62	4342	1400079	62	4500	1450915	62	4653	1500226	62	4964	1600043	62	5000	1611623	62	5275	1700222	62	5500	1772759	62	5585	1800145	62	5894	1900053	62	6000	1934234	62	6205	2000113	62	6500	2094925	62	6516	2100046	62	6828	2200278	62	7000	2255961	62	7137	2300182	62	7447	2400077	62	7500	2417076	62	7757	2500024	62	
311	100065	59	500	161028	59	622	200269	59	933	300274	59	1000	321775	59	1244	400096	59	1500	482252	56	1556	500217	56	1868	600148	56	2000	642747	56	2178	700051	56	2491	800204	56	2500	803104	56	2802	900116	56	3000	963486	56	3115	1000284	56	3426	1100068	56	3500	1123827	56	3738	1200023	56	4000	1284171	56	4050	1300186	56	4362	1400301	56	4500	1444629	56	4673	1500329	56	4985	1600183	52	5000	1605003	52	5297	1700112	52	5500	1765360	52	5609	1800317	52	5920	1900173	52	6000	1926018	52	6231	2000038	52	6500	2086404	52	6543	2100191	52	6855	2200200	52	7000	2246825	52	7161	2300120	52	7469	2400333	52	7500	2410387	52	7779	2500069	52	
371	100144	53	500	135304	53	739	200156	50	1000	270633	50	1109	300065	50	1481	400208	50	1500	405322	50	1851	500193	50	2000	540479	50	2222	600208	50	2500	676185	50	2589	700117	50	2958	800066	50	3000	811393	50	3328	900026	50	3500	946687	50	3697	1000059	50	4000	1081872	50	4068	1100222	50	4437	1200218	50	4500	1217520	50	4806	1300236	50	5000	1352756	50	5174	1400236	50	5500	1490326	50	5536	1500073	50	5907	1600271	50	6000	1625325	50	6277	1700156	50	6500	1760394	50	6647	1800120	50	7000	1895821	50	7016	1900192	50	7384	2000192	50	7500	2031756	50	7753	2100152	50	8000	2166728	50	8124	2200126	50	8493	2300056	50	8500	2301951	50	8863	2400012	50	9000	2437049	50	9233	2500172	50	
334	100127	82	500	149772	82	668	200283	60	997	300272	59	1000	301185	59	1326	400134	59	1500	452963	59	1656	500281	59	1978	600071	59	2000	606680	59	2305	700088	59	2500	759083	59	2635	800033	59	2964	900034	59	3000	911019	59	3294	1000290	59	3500	1062703	59	3624	1100316	59	3953	1200039	59	4000	1214315	59	4284	1300246	59	4500	1365637	59	4614	1400060	59	4946	1500271	52	5000	1516664	52	5275	1600100	52	5500	1668585	52	5604	1700057	52	5933	1800057	52	6000	1820413	52	6262	1900074	52	6500	1972133	52	6592	2000166	52	6922	2100207	52	7000	2124058	52	7250	2200083	52	7500	2276143	52	7579	2300030	52	7909	2400150	52	8000	2427721	52	8239	2500300	52	
343	100257	51	500	146253	51	684	200075	51	1000	292395	51	1027	300268	51	1369	400187	51	1500	438352	51	1712	500141	51	2000	584164	51	2055	600187	51	2394	700189	51	2500	731169	51	2736	800097	51	3000	877289	51	3078	900023	49	3422	1000243	45	3500	1022974	45	3764	1100060	45	4000	1168770	45	4107	1200079	45	4450	1300162	45	4500	1314682	45	4793	1400159	45	5000	1460576	45	5135	1500175	45	5476	1600273	45	5500	1607316	45	5817	1700145	45	6000	1754196	45	6158	1800271	45	6500	1900160	45	6500	1900176	45	6842	2000019	45	7000	2045933	45	7186	2100142	45	7500	2191981	45	7528	2200211	45	7870	2300203	45	8000	2338126	45	8213	2400208	45	8500	2484210	45	8555	2500291	45	
360	100231	55	500	139345	55	717	200075	55	1000	279832	50	1073	300195	50	1428	400035	50	1500	420279	50	1785	500139	50	2000	560268	50	2142	600056	50	2499	700165	50	2500	700460	50	2856	800128	50	3000	840337	50	3215	900223	50	3500	979824	50	3573	1000260	50	3932	1100252	50	4000	1119120	50	4291	1200263	50	4500	1258449	50	4649	1300065	50	5000	1398008	50	5008	1400250	50	5366	1500214	50	5500	1537665	50	5724	1600053	50	6000	1677122	50	6082	1700121	50	6432	1800239	50	6500	1819424	50	6790	1900219	50	7000	1959115	50	7147	2000118	50	7500	2098790	50	7505	2100199	50	7864	2200259	50	8000	2238228	50	8221	2300216	50	8500	2378220	50	8578	2400080	50	8936	2500196	50	
321	100243	77	500	155839	71	642	200029	71	962	300139	60	1000	312019	60	1282	400205	60	1500	468307	60	1601	500043	60	1920	600122	60	2000	625841	60	2238	700122	60	2500	782115	60	2558	800268	60	2869	900200	60	3000	941068	60	3190	1000281	60	3500	1097476	60	3508	1100026	60	3828	1200214	60	4000	1253970	60	4148	1300058	60	4468	1400075	60	4500	1410059	60	4788	1500055	60	5000	1566543	60	5108	1600155	60	5427	1700105	60	5500	1723000	60	5747	1800258	60	6000	1879456	60	6066	1900080	60	6386	2000277	60	6500	2036003	60	6706	2100264	60	7000	2192159	60	7026	2200288	60	7346	2300160	60	7500	2348212	60	7666	2400089	60	7987	2500120	60	
355	100197	61	500	140874	61	710	200183	61	1000	281728	56	1066	300260	56	1421	400300	55	1500	422520	55	1776	500273	49	2000	563393	49	2131	600242	49	2487	700249	49	2500	703887	49	2844	800214	49	3000	844017	49	3199	900280	49	3500	984864	46	3555	1000297	46	3909	1100097	46	4000	1125741	46	4264	1200024	46	4500	1266714	46	4619	1300117	46	4973	1400027	46	5000	1407670	46	5328	1500213	46	5500	1548915	46	5682	1600271	46	6000	1689874	46	6036	1700071	46	6391	1800013	46	6500	1830623	46	6748	1900218	46	7000	1971122	46	7103	2000169	46	7458	2100111	46	7500	2111890	46	7814	2200117	46	8000	2252459	46	8169	2300087	46	8500	2393157	46	8525	2400190	46	8880	2500047	46	
345	100036	57	500	144904	57	690	200013	57	1000	290120	57	1035	300214	57	1382	400245	57	1500	434545	57	1726	500173	57	2000	579525	57	2071	600120	57	2416	700139	57	2500	724448	57	2759	800079	57	3000	870258	57	3103	900207	54	3448	1000205	54	3500	1015361	54	3792	1100014	54	4000	1160259	54	4138	1200259	54	4484	1300251	54	4500	1304899	54	4828	1400141	54	5000	1450163	54	5173	1500209	54	5500	1595005	51	5518	1600272	51	5862	1700017	51	6000	1739791	51	6208	1800216	51	6500	1885026	51	6552	1900082	51	6898	2000084	51	7000	2029537	51	7238	2100143	51	7500	2176582	51	7581	2200046	51	7927	2300304	51	8000	2321308	51	8273	2400228	51	8500	2465950	51	8617	2500040	51	
331	100318	75	500	151805	65	659	200231	65	987	300113	64	1000	304076	64	1316	400074	61	1500	455939	61	1646	500268	59	1972	600201	59	2000	608680	59	2300	700135	59	2500	760888	59	2630	800263	59	2958	900184	59	3000	912951	59	3287	1000225	59	3500	1064838	59	3617	1100253	59	3940	1200120	59	4000	1218851	59	4266	1300298	59	4500	1371284	59	4595	1400128	59	4925	1500014	59	5000	1522829	59	5254	1600220	56	5500	1675480	56	5581	1700162	56	5909	1800037	56	6000	1827692	56	6239	1900290	56	6500	1979780	56	6567	2000122	56	6896	2100233	56	7000	2131726	56	7225	2200261	56	7500	2284184	56	7553	2300284	56	7882	2400231	56	8000	2436322	56	8208	2500013	56	
355	100158	49	500	141081	49	709	200079	49	1000	282089	49	1060	300093	49	1409	400112	49	1500	425942	49	1763	500055	49	2000	567127	49	2115	600019	49	2470	700264	49	2500	708737	49	2822	800243	49	3000	850593	49	3175	900131	49	3500	991585	49	3530	1000012	49	3885	1100209	49	4000	1132636	45	4239	1200123	45	4500	1273616	45	4594	1300081	45	4949	1400168	45	5000	1414534	45	5304	1500207	45	5500	1555556	45	5658	1600086	45	6000	1696637	45	6013	1700263	45	6367	1800218	45	6500	1837615	45	6722	1900107	45	7000	1978804	45	7075	2000151	45	7430	2100280	45	7500	2120027	45	7783	2200015	45	8000	2261359	45	8137	2300058	45	8492	2400220	45	8500	2402484	45	8846	2500133	45	
323	100028	87	500	154773	87	646	200062	87	967	300117	73	1000	310493	73	1287	400271	72	1500	466666	72	1607	500050	72	1928	600176	72	2000	622723	72	2248	700237	71	2500	779336	71	2567	800286	71	2886	900088	71	3000	935805	66	3206	1000124	65	3500	1091843	65	3527	1100283	65	3847	1200313	65	4000	1248344	65	4166	1300246	65	4485	1400138	65	4500	1404849	65	4805	1500253	65	5000	1561339	62	5124	1600142	62	5442	1700204	61	5500	1718452	61	5761	1800305	61	6000	1875214	61	6079	1900049	61	6399	2000308	61	6500	2031928	61	6718	2100126	61	7000	2188533	61	7037	2200103	61	7357	2300269	61	7500	2344936	61	7674	2400116	61	7985	2500137	61	
119	100378	337	237	200121	337	356	300774	337	474	400489	337	500	422446	337	592	500467	337	710	600789	337	828	700478	337	946	800468	337	1000	846041	337	1064	900451	337	1183	1000626	337	1301	1100095	337	1420	1200870	337	1500	1268385	337	1538	1300540	337	1657	1400618	337	1775	1500798	337	1891	1600264	337	2000	1692661	337	2009	1700312	337	2128	1800498	337	2247	1900532	337	2365	2000385	337	2484	2100733	337	2500	2114279	337	2602	2200478	337	2721	2300771	337	2839	2400834	337	2956	2500087	337	
103	100135	351	206	200274	351	309	300458	351	412	400332	351	500	485755	351	515	500389	351	617	601032	351	717	700696	351	820	800892	351	923	901034	351	1000	975888	351	1025	1000231	351	1129	1100852	351	1232	1200971	351	1335	1300804	351	1438	1400612	351	1500	1460806	351	1541	1500580	351	1644	1600673	351	1746	1700068	351	1850	1800749	351	1953	1900844	351	2000	1947291	351	2054	2000189	351	2157	2100533	351	2260	2200863	351	2362	2300381	351	2466	2401009	351	2500	2433921	351	2568	2500652	351	
107	100700	339	213	200575	339	319	300752	339	425	400933	339	500	471666	339	531	500868	339	637	600939	339	743	700883	339	849	800655	339	955	900393	339	1000	942840	339	1061	1000504	339	1167	1100619	339	1273	1200947	339	1379	1300857	339	1485	1400650	339	1500	1414820	339	1590	1500137	339	1697	1600997	339	1802	1700476	339	1908	1800547	339	2000	1887046	339	2014	1900238	339	2120	2000222	339	2226	2100272	339	2332	2200585	339	2438	2300476	339	2500	2358857	339	2544	2400399	339	2650	2500283	339	
115	100749	325	229	200643	325	343	300415	325	458	400872	325	500	437699	325	572	500523	325	686	600419	325	800	700128	325	915	800424	325	1000	874541	325	1030	900739	325	1144	1000371	325	1259	1100630	325	1373	1200373	325	1488	1300559	325	1500	1311096	325	1602	1400181	325	1717	1500732	325	1831	1600437	325	1945	1700111	325	2000	1748158	325	2060	1800706	325	2172	1900857	325	2286	2000419	325	2400	2100104	325	2500	2187334	325	2515	2200424	325	2629	2300762	325	2743	2400664	325	2857	2500568	325	
111	100313	355	223	200727	355	335	300752	355	446	400263	355	500	448727	355	557	500147	355	669	600843	355	780	700120	355	892	800518	355	1000	897632	355	1003	900466	355	1112	1000780	355	1224	1100889	355	1335	1200115	355	1447	1300481	355	1500	1348059	355	1558	1400570	355	1669	1500093	355	1781	1600704	355	1893	1700875	355	2000	1796741	355	2004	1800368	355	2116	1900424	355	2228	2000752	355	2339	2100105	355	2451	2200372	355	2500	2244432	355	2563	2300878	355	2673	2400124	355	2785	2500415	355	
103	100514	339	208	200907	339	312	300101	339	417	400357	339	500	479544	339	522	500880	339	626	600119	339	731	700238	339	836	800418	339	941	900478	339	1000	956928	339	1046	1000964	339	1151	1100952	339	1256	1200936	339	1360	1300149	339	1466	1400957	339	1500	1433286	339	1571	1500881	339	1676	1600973	339	1781	1700942	339	1886	1800530	339	1991	1900319	339	2000	1908923	339	2096	2000270	339	2201	2100096	339	2307	2200777	339	2412	2300953	339	2500	2385063	339	2516	2400506	339	2621	2500785	339	
115	100090	385	230	200178	385	345	300107	385	461	400874	385	500	434921	385	575	500843	385	690	600692	385	804	700179	385	919	800315	385	1000	870795	385	1034	900517	385	1149	1000269	385	1264	1100329	385	1379	1200540	385	1494	1300631	385	1500	1305929	385	1608	1400219	385	1723	1500353	385	1838	1600583	385	1952	1700075	385	2000	1741746	385	2068	1800687	385	2183	1900646	385	2298	2000466	385	2413	2100836	385	2500	2178921	385	2525	2200717	385	2640	2300772	385	2755	2400584	385	2869	2500057	385	
120	100878	345	240	200503	345	360	300390	345	481	400802	345	500	416636	345	601	500654	345	721	600366	345	841	700120	345	961	800173	345	1000	832680	345	1081	900098	345	1202	1000698	345	1322	1100839	345	1441	1200216	345	1500	1251336	345	1559	1300445	345	1679	1400196	345	1799	1500309	345	1919	1600439	345	2000	1667949	345	2039	1700490	345	2159	1800746	345	2278	1900222	345	2398	2000175	345	2500	2085175	345	2518	2100329	345	2638	2200247	345	2758	2300362	345	2878	2400303	345	2998	2500306	345	
113	100131	369	225	200306	369	338	300879	369	448	400461	369	500	446664	369	560	500176	369	673	600392	369	786	700593	369	899	800863	369	1000	890399	369	1011	900218	369	1124	1000645	369	1237	1100667	369	1350	1200704	369	1463	1300925	369	1500	1334077	369	1575	1400543	369	1688	1500511	369	1801	1600870	369	1913	1700110	369	2000	1777274	369	2026	1800319	369	2139	1900615	369	2252	2000790	369	2365	2100975	369	2478	2200878	369	2500	2220475	369	2590	2300437	369	2703	2400208	369	2816	2500391	369	
111	100310	358	222	200340	358	333	300717	358	444	400948	358	500	452344	358	553	500066	358	664	600170	358	775	700738	358	886	800490	358	997	900372	358	1000	903150	358	1108	1000444	358	1219	1100165	358	1330	1200243	358	1441	1300360	358	1500	1353542	358	1552	1400815	358	1663	1500929	358	1773	1600219	358	1885	1700889	358	1995	1800216	358	2000	1804770	358	2106	1900531	358	2217	2000554	358	2327	2100135	358	2438	2200114	358	2500	2256094	358	2549	2300135	358	2661	2400748	358	2769	2500157	358	
115	100788	376	229	200779	376	343	300249	376	457	400232	376	500	438288	376	571	500676	376	685	600517	376	799	700223	376	913	800083	376	1000	876248	376	1028	900914	376	1141	1000143	376	1256	1100876	376	1370	1200206	376	1485	1300792	376	1500	1314018	376	1599	1400459	376	1713	1500471	376	1825	1600507	376	1939	1700237	376	2000	1753553	376	2054	1800915	376	2167	1900601	376	2281	2000205	376	2396	2100919	376	2500	2192430	376	2509	2200410	376	2623	2300354	376	2738	2400676	376	2852	2500162	376	
109	100144	333	219	200957	333	327	300323	333	436	400641	333	500	460051	333	544	500366	333	654	600946	333	760	700343	333	869	800283	333	978	900395	333	1000	920684	333	1087	1000339	333	1196	1100144	333	1305	1200086	333	1415	1300420	333	1500	1378632	333	1524	1400744	333	1632	1500618	333	1741	1600859	333	1850	1700692	333	1959	1800300	333	2000	1837889	333	2068	1900293	333	2178	2000842	333	2287	2100702	333	2396	2200679	333	2500	2296223	333	2505	2300858	333	2614	2400621	333	2723	2500369	333	
114	100220	357	228	200239	357	343	300691	357	456	400239	357	500	438971	357	570	500468	357	684	600609	357	798	700628	357	912	800489	357	1000	877578	357	1026	900374	357	1140	1000109	357	1255	1100761	357	1369	1200428	357	1484	1300494	357	1500	1314491	357	1598	1400235	357	1712	1500294	357	1827	1600823	357	1941	1700386	357	2000	1751938	357	2056	1800710	357	2170	1900401	357	2284	2000096	357	2399	2100623	357	2500	2189086	357	2513	2200561	357	2627	2300405	357	2742	2400555	357	2857	2500777	357	
116	100123	337	233	200600	337	349	300852	337	464	400142	337	500	431001	337	581	500647	337	697	600696	337	813	700486	337	929	800331	337	1000	861519	337	1045	900463	337	1161	1000686	337	1277	1100311	337	1393	1200112	337	1500	1292395	337	1509	1300201	337	1626	1400715	337	1742	1500884	337	1858	1600796	337	1974	1700762	337	2000	1723106	337	2090	1800330	337	2203	1900608	337	2319	2000309	337	2435	2100114	337	2500	2155879	337	2552	2200655	337	2667	2300068	337	2783	2400344	337	2899	2500381	337	
119	100650	349	237	200154	349	355	300275	349	473	400735	349	500	423664	349	591	500405	349	709	600476	349	827	700738	349	945	800494	349	1000	846960	349	1063	900320	349	1178	1000084	349	1297	1100589	349	1415	1200893	349	1500	1272548	349	1533	1300393	349	1652	1400775	349	1770	1500627	349	1888	1600365	349	2000	1694954	349	2006	1700061	349	2124	1800283	349	2242	1900370	349	2360	2000654	349	2478	2100321	349	2500	2119015	349	2596	2200140	349	2714	2300223	349	2832	2400410	349	2950	2500375	349	
104	100889	355	213	200703	355	322	300311	355	431	400136	355	500	463079	355	540	500267	355	649	600333	355	758	700271	355	867	800729	355	976	900699	355	1000	922636	355	1085	1000496	355	1194	1100861	355	1303	1200380	355	1413	1300781	355	1500	1380590	355	1522	1400862	355	1631	1500635	355	1740	1600368	355	1849	1700179	355	1959	1800849	355	2000	1838352	355	2068	1900956	355	2177	2000700	355	2286	2100329	355	2395	2200134	355	2500	2296231	355	2505	2300861	355	2614	2400811	355	2723	2500575	355	
115	100352	349	230	200821	349	345	300678	349	459	400256	349	500	435835	349	574	500192	349	689	600529	349	804	700671	349	919	800503	349	1000	870796	349	1034	900362	349	1149	1000199	349	1264	1100437	349	1379	1200649	349	1494	1300870	349	1500	1306153	349	1609	1400769	349	1724	1500502	349	1839	1600150	349	1954	1700203	349	2000	1740282	349	2069	1800123	349	2185	1900748	349	2300	2000668	349	2414	2100061	349	2500	2176342	349	2528	2200674	349	2642	2300100	349	2757	2400069	349	2873	2500846	349	
115	100360	375	231	200902	375	346	300811	375	461	400075	375	500	433969	375	577	500572	375	692	600295	375	808	700595	375	924	800803	375	1000	866908	375	1039	900515	375	1154	1000095	375	1270	1100549	375	1385	1200915	375	1492	1300351	375	1500	1307940	375	1607	1400676	375	1722	1500251	375	1838	1600634	375	1953	1700308	375	2000	1741409	375	2068	1800266	375	2184	1900498	375	2300	2000753	375	2416	2100883	375	2500	2173529	375	2531	2200598	375	2646	2300151	375	2762	2400295	375	2877	2500080	375	
117	100083	332	235	200670	332	349	300347	332	466	400706	332	500	429809	332	583	500636	332	700	600165	332	817	700216	332	934	800060	332	1000	856379	332	1051	900231	332	1168	1000081	332	1286	1100399	332	1403	1200064	332	1500	1282838	332	1521	1300809	332	1638	1400474	332	1754	1500142	332	1872	1600805	332	1989	1700603	332	2000	1710060	332	2106	1800505	332	2223	1900157	332	2340	2000486	332	2457	2100226	332	2500	2136857	332	2574	2200380	332	2692	2300775	332	2809	2400856	332	2926	2500492	332	
123	100577	340	244	200126	340	366	300324	340	489	400455	340	500	409406	340	612	500619	340	734	600165	340	857	700580	340	980	800836	340	1000	817104	340	1102	900246	340	1225	1000224	340	1348	1100497	340	1471	1200686	340	1500	1224372	340	1594	1300758	340	1716	1400392	340	1839	1500522	340	1962	1600699	340	2000	1631567	340	2085	1700658	340	2208	1800535	340	2330	1900137	340	2453	2000230	340	2500	2038588	340	2576	2100458	340	2699	2200739	340	2821	2300139	340	2942	2400331	340	3000	2448605	340	3063	2500213	340	
24	100890	1669	48	201698	1669	72	303243	1669	96	403625	1669	119	501024	1669	143	601784	1669	167	702681	1669	191	803376	1669	215	904468	1669	238	1001109	1669	262	1102010	1669	286	1203132	1669	310	1304187	1669	333	1400892	1669	357	1503832	1669	380	1600646	1669	404	1701305	1669	428	1802461	1669	452	1903460	1669	476	2004289	1669	499	2100933	1669	500	2105453	1669	523	2202081	1669	547	2302824	1669	571	2404106	1669	594	2500638	1669	
25	103919	1769	49	204051	1769	73	303463	1769	97	403099	1769	120	500934	1769	144	601190	1769	168	701131	1769	192	801017	1769	216	900415	1769	240	1000308	1769	265	1104089	1769	289	1204343	1769	313	1303897	1769	337	1403914	1769	361	1503067	1769	385	1602644	1769	409	1702179	1769	433	1801375	1769	457	1900856	1769	482	2004049	1769	500	2079826	1769	505	2100833	1769	529	2200328	1769	554	2304116	1769	578	2404120	1769	602	2503575	1769	
25	102884	1800	49	201325	1800	74	303940	1800	98	402205	1800	122	501261	1800	147	604008	1800	171	702564	1800	195	801275	1800	220	904022	1800	244	1002642	1800	268	1101396	1800	293	1203831	1800	317	1302614	1800	341	1401034	1800	366	1504017	1800	390	1602809	1800	414	1701525	1800	439	1804276	1800	463	1902442	1800	487	2001281	1800	500	2054872	1800	511	2100596	1800	536	2203534	1800	560	2302091	1800	584	2401664	1800	608	2500821	1800	
25	102868	1759	49	201240	1759	74	303799	1759	98	402178	1759	122	500391	1759	147	603299	1759	171	701551	1759	196	803973	1759	220	902788	1759	244	1001226	1759	269	1104202	1759	293	1202400	1759	317	1301198	1759	342	1403820	1759	366	1502199	1759	390	1603349	1759	414	1702871	1759	438	1801946	1759	462	1900483	1759	487	2003360	1759	500	2057118	1759	511	2102248	1759	535	2200945	1759	560	2302970	1759	584	2402520	1759	608	2500718	1759	
25	104198	1726	49	204386	1726	72	300485	1726	97	404215	1726	121	503790	1726	144	600910	1726	168	702032	1726	192	802073	1726	216	901997	1726	240	1002738	1726	264	1102420	1726	288	1202282	1726	312	1302165	1726	336	1402177	1726	360	1501996	1726	384	1601795	1726	408	1701881	1726	432	1802032	1726	456	1902060	1726	480	2001919	1726	500	2085096	1726	504	2102078	1726	528	2202283	1726	552	2302194	1726	576	2402291	1726	600	2501720	1726	
25	103175	1758	49	202077	1758	73	301016	1758	98	404452	1758	122	503157	1758	146	601748	1758	170	700867	1758	195	804311	1758	219	904088	1758	243	1002854	1758	267	1101823	1758	291	1201306	1758	316	1304253	1758	340	1403642	1758	364	1502605	1758	388	1601068	1758	413	1704270	1758	437	1803042	1758	461	1901931	1758	485	2000584	1758	500	2062370	1758	510	2103566	1758	534	2202729	1758	558	2301681	1758	582	2400409	1758	607	2503677	1758	
25	102944	1712	49	201063	1712	74	303590	1712	98	402519	1712	122	501198	1712	147	604157	1712	171	702699	1712	195	801617	1712	219	900362	1712	244	1003125	1712	268	1101360	1712	293	1204238	1712	317	1303102	1712	341	1401861	1712	365	1500452	1712	390	1603791	1712	413	1700551	1712	438	1803544	1712	462	1902087	1712	486	2000876	1712	500	2058447	1712	511	2103648	1712	535	2202318	1712	559	2301031	1712	584	2404331	1712	608	2503088	1712	
25	103355	1712	49	202720	1712	73	301354	1712	98	404271	1712	122	503102	1712	146	602379	1712	170	703664	1712	194	804067	1712	218	903022	1712	242	1001851	1712	266	1101546	1712	290	1200515	1712	314	1300459	1712	339	1403494	1712	363	1502872	1712	387	1602045	1712	411	1701051	1712	436	1803944	1712	460	1902975	1712	484	2002184	1712	500	2068334	1712	508	2101533	1712	532	2200564	1712	557	2303468	1712	581	2402427	1712	605	2501653	1712	
24	100396	1743	48	200562	1743	72	300827	1743	96	401314	1743	120	501731	1743	144	602100	1743	168	702867	1743	192	802742	1743	216	902670	1743	240	1003218	1743	264	1103482	1743	288	1204195	1743	311	1300427	1743	335	1400619	1743	359	1500477	1743	383	1600735	1743	407	1701254	1743	431	1801698	1743	455	1901872	1743	479	2001871	1743	500	2089283	1743	503	2102247	1743	527	2202503	1743	551	2303741	1743	575	2404016	1743	599	2504386	1743	
24	100808	1684	48	202049	1684	72	302940	1684	96	403626	1684	120	504345	1684	143	600797	1684	167	701133	1684	191	801776	1684	215	902072	1684	239	1002467	1684	263	1103008	1684	287	1203105	1684	311	1303677	1684	335	1404544	1684	358	1500703	1684	382	1601226	1684	406	1701631	1684	430	1803693	1684	453	1900743	1684	477	2000921	1684	500	2097779	1684	501	2102337	1684	525	2203421	1684	549	2304245	1684	572	2400479	1684	596	2501019	1684	
25	100859	1705	50	201609	1705	75	302666	1705	100	403643	1705	124	500780	1705	149	602363	1705	174	703268	1705	198	800465	1705	223	904322	1705	247	1001758	1705	272	1103272	1705	296	1200367	1705	321	1301706	1705	346	1402990	1705	371	1504049	1705	395	1601423	1705	420	1703067	1705	444	1800378	1705	469	1901525	1705	494	2003011	1705	500	2027321	1705	518	2100802	1705	543	2202042	1705	568	2302803	1705	593	2404234	1705	617	2501398	1705	
26	100962	1778	52	201912	1778	78	303040	1778	103	400791	1778	129	502380	1778	155	603440	1778	180	700546	1778	206	801602	1778	232	902784	1778	258	1003846	1778	283	1101051	1778	309	1201864	1778	335	1302547	1778	361	1403605	1778	386	1500803	1778	412	1602235	1778	438	1703038	1778	464	1803874	1778	489	1901061	1778	500	1943902	1778	515	2002549	1778	540	2100488	1778	566	2202551	1778	592	2303552	1778	617	2400865	1778	643	2502091	1778	
25	102597	1776	49	201580	1776	73	300331	1776	98	403454	1776	122	501895	1776	146	600879	1776	171	703406	1776	195	801933	1776	219	900861	1776	244	1004063	1776	268	1102430	1776	292	1201130	1776	317	1303844	1776	341	1402366	1776	365	1500763	1776	390	1603308	1776	414	1701398	1776	439	1804061	1776	463	1903005	1776	487	2004414	1776	500	2058263	1776	511	2103557	1776	535	2202016	1776	559	2300795	1776	584	2403468	1776	608	2502270	1776	
25	100351	1737	50	200660	1737	75	301284	1737	100	401671	1737	125	502277	1737	150	602467	1737	175	703156	1737	200	804245	1737	224	900805	1737	249	1002819	1737	273	1100544	1737	298	1200938	1737	323	1301135	1737	348	1401636	1737	373	1502171	1737	398	1602556	1737	423	1702854	1737	448	1803372	1737	473	1904069	1737	497	2000317	1737	500	2012615	1737	522	2101058	1737	547	2202029	1737	572	2302652	1737	597	2403341	1737	622	2503554	1737	
25	101323	1742	50	200481	1742	76	303503	1742	101	401866	1742	127	504032	1742	152	602899	1742	177	701758	1742	202	800484	1742	228	903109	1742	253	1001793	1742	278	1100341	1742	304	1202856	1742	329	1302043	1742	354	1400572	1742	380	1503416	1742	405	1602448	1742	430	1701109	1742	456	1803680	1742	481	1903508	1742	500	1978396	1742	506	2002300	1742	531	2100888	1742	557	2203833	1742	582	2302762	1742	607	2401192	1742	633	2503474	1742	
26	102506	1764	51	201116	1764	77	303763	1764	102	401620	1764	128	503431	1764	153	601802	1764	178	700734	1764	204	803023	1764	229	901793	1764	255	1004205	1764	280	1102591	1764	305	1201131	1764	331	1303093	1764	356	1401507	1764	382	1503529	1764	407	1602007	1764	433	1704117	1764	458	1802357	1764	483	1901044	1764	500	1968659	1764	508	2000445	1764	533	2100467	1764	559	2203275	1764	584	2301383	1764	610	2403641	1764	635	2501846	1764	
27	103960	1725	53	203781	1725	79	303430	1725	105	403177	1725	131	503052	1725	157	603138	1725	183	703386	1725	209	803274	1725	235	902915	1725	261	1002700	1725	287	1103872	1725	312	1201404	1725	338	1301135	1725	364	1401137	1725	390	1500929	1725	416	1601013	1725	442	1700538	1725	469	1803874	1725	495	1903976	1725	500	1923500	1725	520	2000984	1725	546	2101703	1725	572	2202014	1725	598	2301759	1725	624	2401931	1725	650	2502042	1725	
26	103804	1716	50	201510	1716	75	301058	1716	100	400450	1716	126	503845	1716	151	603114	1716	176	702226	1716	201	801559	1716	226	901252	1716	251	1001043	1716	276	1100947	1716	301	1200700	1716	327	1304078	1716	352	1403927	1716	377	1503111	1716	402	1601984	1716	427	1702505	1716	452	1801589	1716	477	1901533	1716	500	1993458	1716	502	2001697	1716	527	2101176	1716	552	2200804	1716	578	2303822	1716	603	2403522	1716	628	2503363	1716	
26	100776	1725	52	201349	1725	78	302633	1725	104	404227	1725	129	501837	1725	155	602598	1725	181	703725	1725	206	800878	1725	232	902937	1725	258	1003723	1725	283	1100701	1725	309	1201497	1725	335	1302688	1725	361	1403543	1725	386	1500352	1725	412	1600955	1725	438	1701507	1725	464	1802559	1725	490	1903460	1725	500	1942321	1725	515	2000731	1725	541	2101587	1725	566	2203911	1725	591	2301883	1725	617	2402887	1725	643	2503955	1725	
27	103949	1715	52	200592	1715	78	300916	1715	104	401135	1715	130	501556	1715	156	601749	1715	182	702062	1715	208	802356	1715	234	902968	1715	260	1003443	1715	286	1103786	1715	311	1200872	1715	337	1303897	1715	363	1404203	1715	388	1500836	1715	414	1600970	1715	440	1701417	1715	466	1801895	1715	492	1902922	1715	500	1934292	1715	518	2003984	1715	543	2100718	1715	569	2201413	1715	595	2301855	1715	621	2401802	1715	647	2502058	1715	
310	100187	109	500	163353	79	611	200272	79	906	300336	74	1000	332282	73	1203	400150	72	1500	498724	72	1504	500056	72	1805	600335	71	2000	664966	67	2106	700138	67	2407	800224	67	2500	831257	67	2708	900132	67	3000	996897	67	3010	1000290	67	3311	1100096	66	3500	1162696	66	3613	1200266	66	3915	1300188	57	4000	1328395	57	4216	1400247	57	4500	1495648	57	4514	1500292	57	4815	1600179	57	5000	1661863	57	5114	1700027	57	5413	1800073	57	5500	1829177	57	5712	1900044	57	6000	1996613	57	6011	2000296	57	6311	2100309	57	6500	2162933	57	6612	2200119	57	6914	2300290	57	7000	2328911	57	7215	2400333	57	7500	2495221	57	7515	2500248	57	
321	100153	106	500	158018	98	630	200020	92	940	300283	89	1000	320010	89	1249	400243	89	1500	480745	90	1560	500020	90	1872	600082	79	2000	641388	79	2182	700191	79	2492	800151	79	2500	802742	79	2802	900302	79	3000	963773	79	3113	1000034	79	3425	1100217	79	3500	1124320	79	3736	1200296	79	4000	1284963	79	4047	1300058	79	4359	1400271	79	4500	1445870	79	4668	1500074	79	4979	1600142	79	5000	1606861	79	5290	1700194	79	5500	1768114	79	5599	1800290	79	5907	1900073	79	6000	1930064	79	6217	2000078	79	6500	2091269	79	6528	2100264	79	6839	2200317	79	7000	2252192	79	7148	2300088	79	7458	2400168	79	7500	2414989	79	7761	2500302	79	
309	100173	104	500	163941	96	608	200285	80	904	300279	80	1000	332512	80	1201	400316	77	1497	500333	65	1500	501352	65	1794	600297	65	2000	669735	65	2091	700345	65	2387	800213	65	2500	838472	65	2683	900111	65	2980	1000290	65	3000	1006987	65	3274	1100236	65	3500	1176875	65	3569	1200173	65	3866	1300296	65	4000	1345693	65	4162	1400154	65	4460	1500197	65	4500	1513881	65	4748	1600272	65	5000	1684962	65	5044	1700039	65	5340	1800069	65	5500	1854221	65	5636	1900051	65	5933	2000048	65	6000	2022799	65	6230	2100099	65	6500	2191023	65	6527	2200080	65	6823	2300150	65	7000	2359811	65	7120	2400211	65	7418	2500320	65	
313	100072	141	500	161781	117	616	200187	111	919	300216	103	1000	327036	103	1221	400158	103	1500	492027	103	1525	500244	103	1829	600219	103	2000	658693	103	2125	700229	103	2428	800181	103	2500	823983	103	2731	900333	103	3000	989349	103	3033	1000240	103	3335	1100074	103	3500	1154470	103	3639	1200214	103	3942	1300313	103	4000	1319606	103	4245	1400252	103	4500	1485960	103	4543	1500140	103	4846	1600175	103	5000	1650824	103	5148	1700038	103	5452	1800307	103	5500	1816197	103	5753	1900094	103	6000	1981536	103	6057	2000263	103	6359	2100112	103	6500	2146625	103	6663	2200262	103	6966	2300247	103	7000	2311573	103	7267	2400073	103	7500	2477093	103	7570	2500288	103	
312	100210	95	500	162278	89	615	200326	89	918	300253	90	1000	327342	90	1219	400132	81	1500	493352	79	1521	500290	79	1823	600025	79	2000	658672	71	2125	700071	71	2426	800229	69	2500	824953	69	2727	900066	69	3000	990917	69	3028	1000242	69	3329	1100188	69	3500	1156922	69	3630	1200123	69	3932	1300297	69	4000	1322727	69	4234	1400045	69	4500	1488616	69	4535	1500254	69	4838	1600289	69	5000	1653880	69	5139	1700252	69	5440	1800058	69	5500	1820067	69	5742	1900174	69	6000	1985573	69	6044	2000151	69	6346	2100070	69	6500	2151099	69	6647	2200037	69	6950	2300208	69	7000	2316744	69	7251	2400041	69	7500	2482954	69	7551	2500017	69	
304	100273	100	500	166968	94	598	200341	94	892	300262	84	1000	337072	83	1185	400122	67	1478	500028	67	1500	507570	67	1771	600324	60	2000	678425	60	2064	700328	60	2357	800280	60	2500	849160	60	2649	900295	60	2939	1000266	60	3000	1021223	60	3229	1100216	60	3500	1192552	60	3522	1200155	60	3814	1300175	60	4000	1363663	53	4107	1400153	53	4399	1500118	53	4500	1534894	53	4692	1600270	53	4982	1700148	53	5000	1706316	53	5274	1800133	53	5500	1885314	53	5543	1900333	53	5834	2000217	53	6000	2056797	53	6127	2100310	53	6418	2200051	53	6500	2228049	53	6712	2300131	53	7000	2398552	53	7005	2400283	53	7296	2500125	53	
308	100325	229	500	164788	197	605	200164	197	900	300268	181	1000	334110	181	1196	400249	181	1491	500199	181	1500	503263	181	1787	600235	181	2000	672225	181	2083	700257	181	2379	800271	181	2500	841072	181	2675	900042	181	2963	1000071	181	3000	1012766	181	3257	1100347	175	3500	1182542	171	3551	1200037	171	3846	1300214	170	4000	1352373	168	4139	1400040	168	4434	1500323	162	4500	1522682	162	4728	1600177	162	5000	1692260	156	5023	1700038	156	5320	1800216	156	5500	1861268	156	5615	1900290	156	5911	2000066	156	6000	2029979	156	6209	2100299	156	6500	2198224	156	6506	2200254	156	6800	2300031	150	7000	2367503	150	7097	2400067	150	7394	2500078	147	
298	100069	128	500	169088	109	592	200338	95	887	300121	88	1000	338289	88	1182	400016	84	1480	500196	71	1500	506990	71	1775	600302	71	2000	676489	71	2070	700258	71	2366	800255	71	2500	845616	71	2661	900182	71	2955	1000026	71	3000	1015284	71	3250	1100269	71	3500	1184759	71	3546	1200230	71	3842	1300306	70	4000	1354384	70	4136	1400255	70	4432	1500032	70	4500	1522922	70	4730	1600345	70	5000	1691871	70	5024	1700065	70	5321	1800339	70	5500	1860917	70	5616	1900252	70	5912	2000236	70	6000	2030047	70	6208	2100310	70	6500	2198579	70	6505	2200272	70	6800	2300216	70	7000	2367853	70	7096	2400231	68	7391	2500143	68	
311	100194	199	500	162721	118	613	200029	99	915	300155	91	1000	328433	91	1217	400284	88	1500	494187	88	1518	500103	88	1820	600047	88	2000	659877	83	2121	700323	83	2421	800115	83	2500	826354	83	2722	900102	83	3000	992797	83	3022	1000140	83	3324	1100137	83	3500	1158618	83	3626	1200280	83	3927	1300214	83	4000	1324382	83	4229	1400336	83	4500	1490728	83	4529	1500326	83	4830	1600241	83	5000	1656615	83	5130	1700301	83	5430	1800132	83	5500	1823332	83	5731	1900141	83	6000	1989741	83	6032	2000309	83	6334	2100192	83	6500	2155293	83	6631	2200208	83	6929	2300294	80	7000	2323900	80	7229	2400153	80	7500	2490538	80	7529	2500158	80	
306	100116	141	500	165804	121	602	200336	121	896	300231	117	1000	335557	117	1191	400203	117	1486	500192	117	1500	504921	117	1780	600215	115	2000	674841	104	2074	700033	104	2370	800280	104	2500	844243	104	2665	900208	104	2960	1000228	104	3000	1013947	104	3253	1100317	102	3500	1184753	102	3545	1200178	102	3834	1300170	102	4000	1357182	102	4124	1400202	102	4419	1500236	102	4500	1527718	102	4712	1600141	102	5000	1697921	91	5007	1700329	91	5301	1800139	91	5500	1867630	86	5596	1900238	86	5888	2000037	86	6000	2038020	86	6183	2100163	86	6479	2200355	86	6500	2207494	86	6774	2300338	86	7000	2376908	84	7069	2400326	84	7362	2500206	84	
99	100297	7367	201	200379	2788	298	300220	1714	391	400450	1566	484	500156	1525	500	517187	1525	579	600687	1525	673	700602	1525	768	801037	1525	862	900459	1524	957	1001006	1505	1000	1047025	1472	1050	1100287	1472	1145	1200647	1472	1240	1301082	1472	1334	1400606	1472	1429	1500855	1472	1500	1575972	1472	1523	1600466	1472	1617	1700439	1472	1712	1800866	1472	1806	1900366	1472	1901	2000884	1472	1996	2100978	1472	2000	2105270	1472	2090	2200416	1472	2185	2300897	1472	2280	2401032	1472	2374	2500252	1472	
102	100653	7452	205	200386	3689	305	300494	2141	403	400867	1891	500	500701	1891	500	500769	1891	597	600376	1829	694	700351	1760	792	801085	1760	888	900497	1760	985	1000399	1632	1000	1015948	1632	1081	1100303	1583	1178	1200499	1583	1275	1300755	1583	1372	1400695	1583	1469	1500926	1583	1500	1532864	1583	1566	1600575	1570	1663	1700199	1570	1761	1800745	1570	1858	1900092	1570	1956	2000306	1570	2000	2045264	1570	2054	2100487	1570	2152	2200946	1570	2249	2300700	1570	2345	2400082	1570	2438	2501055	1570	
104	100543	5833	208	200447	1731	306	301034	1382	403	400724	1295	500	500875	1295	500	500946	1295	597	600912	1295	694	701098	1295	790	800427	1295	887	900562	1268	984	1000283	1268	1000	1016775	1268	1081	1100243	1268	1178	1200582	1217	1275	1300574	1217	1371	1401034	1217	1467	1500088	1217	1500	1534276	1217	1562	1600082	1217	1659	1700916	1217	1756	1801020	1217	1852	1900398	1217	1949	2000389	1217	2000	2052883	1217	2046	2100288	1217	2143	2200279	1202	2240	2300104	1202	2338	2401070	1202	2435	2501046	1202	
104	100392	4550	205	200389	1750	301	300614	1574	396	400429	1574	491	500531	1574	500	510053	1574	586	600086	1573	680	700779	1539	775	801078	1328	870	900636	1328	965	1000991	1288	1000	1037856	1272	1060	1100702	1272	1155	1200854	1272	1250	1300840	1272	1345	1400269	1272	1441	1500871	1272	1500	1562601	1272	1536	1600656	1272	1631	1700301	1272	1727	1800858	1272	1822	1900730	1272	1917	2000841	1272	2000	2088107	1272	2012	2100752	1272	2107	2200400	1272	2202	2300534	1272	2298	2400969	1272	2393	2500897	1272	
103	100181	5349	205	200918	2078	300	300123	1821	395	400171	1818	491	500614	1777	500	510223	1777	586	600486	1777	681	700745	1777	776	800892	1777	870	900704	1777	965	1000828	1777	1000	1037566	1777	1060	1100641	1777	1155	1200957	1777	1250	1301068	1777	1345	1400798	1741	1440	1500099	1741	1500	1563078	1681	1536	1600877	1667	1631	1700976	1618	1726	1800389	1571	1822	1900637	1571	1918	2000927	1571	2000	2086930	1571	2013	2100708	1571	2108	2200993	1571	2203	2300767	1571	2298	2400539	1571	2393	2500166	1571	
103	100180	5121	204	200628	2243	300	300463	1985	396	400825	1985	491	500373	1825	500	509904	1825	586	600177	1825	681	700109	1825	777	800995	1825	871	900125	1825	966	1000129	1825	1000	1035921	1825	1062	1100984	1825	1157	1200910	1825	1251	1301073	1825	1345	1400174	1825	1441	1500830	1819	1500	1562853	1795	1536	1600768	1795	1631	1700741	1724	1727	1800980	1633	1821	1901034	1603	1915	2000517	1603	2000	2089580	1603	2010	2100131	1603	2106	2200932	1603	2201	2300880	1603	2296	2400546	1603	2391	2500279	1603	
104	101050	4875	204	200401	2019	300	300710	1542	395	400881	1542	490	500911	1542	500	511544	1542	585	600893	1478	679	700830	1441	773	800378	1441	868	900369	1425	961	1000241	1425	1000	1041906	1425	1056	1100603	1425	1151	1200623	1425	1246	1300544	1425	1341	1400364	1425	1436	1500357	1425	1500	1567964	1425	1531	1600763	1425	1626	1700749	1425	1721	1800961	1425	1816	1900654	1425	1911	2001033	1425	2000	2094418	1425	2006	2100825	1425	2101	2200569	1425	2196	2300455	1425	2291	2400844	1425	2385	2500074	1425	
99	100596	7194	203	201021	2441	301	300589	1551	398	400731	1397	494	500614	1374	500	506877	1374	590	600367	1331	687	700974	1331	783	800854	1331	879	900284	1331	976	1000935	1331	1000	1025997	1331	1072	1100855	1331	1168	1200887	1331	1264	1300820	1331	1360	1400612	1331	1456	1500263	1331	1500	1546584	1331	1552	1600933	1331	1648	1700723	1331	1743	1800242	1331	1840	1901078	1331	1936	2001042	1331	2000	2067353	1331	2032	2100717	1331	2128	2200745	1331	2224	2300542	1292	2319	2400199	1292	2415	2500333	1283	
103	100263	5982	205	200206	2088	302	300717	1691	398	400715	1639	493	500348	1577	500	507628	1572	589	600485	1504	684	700073	1442	780	800133	1442	876	900835	1442	971	1000455	1442	1000	1030745	1442	1067	1100888	1442	1162	1200703	1442	1256	1300245	1442	1352	1400980	1442	1447	1500547	1442	1500	1555953	1442	1542	1600066	1442	1638	1700540	1442	1734	1800952	1442	1829	1900288	1442	1924	2000068	1442	2000	2079627	1442	2020	2100668	1442	2109	2200356	1442	2204	2300254	1442	2300	2400672	1442	2395	2500379	1442	
105	100572	5484	209	200505	1834	306	300104	1717	404	401057	1625	500	499927	1625	501	501028	1625	597	600209	1625	694	700366	1625	791	800531	1585	888	900424	1533	986	1000870	1533	1000	1015352	1533	1083	1100502	1533	1180	1200233	1533	1272	1300836	1521	1368	1400373	1521	1465	1500498	1521	1500	1536469	1521	1562	1600340	1521	1659	1700359	1521	1756	1800129	1500	1853	1900717	1500	1950	2000849	1400	2000	2052347	1400	2047	2100900	1400	2143	2200143	1400	2240	2300180	1400	2337	2400093	1400	2434	2500245	1352	
21	100975	50387	42	202577	50387	63	303631	50387	82	401726	50387	103	503391	50387	124	604546	50387	144	701094	50387	165	801997	50387	186	903064	50387	207	1004149	50387	227	1100605	50387	248	1202087	50387	269	1303828	50387	290	1404834	50387	310	1501653	50387	331	1603046	50387	352	1703846	50387	373	1805163	50387	393	1901210	50387	414	2002149	50387	435	2103603	50387	456	2205155	50387	476	2301415	50387	497	2402760	50387	500	2417587	50387	518	2504029	50387	
21	101315	49956	42	202965	49956	63	304413	49956	83	400995	49956	104	502456	49956	125	603821	49956	145	700564	49956	166	801881	49956	187	903018	49956	208	1004111	49956	228	1101684	49956	249	1202789	49956	270	1304149	49956	290	1401102	49956	311	1502487	49956	332	1603966	49956	352	1700489	49956	373	1802250	49956	394	1903229	49956	415	2004646	49956	435	2101299	49956	456	2202673	49956	477	2303743	49956	497	2402757	49956	500	2417495	49956	518	2504476	49956	
21	100909	50094	42	201545	50094	63	302227	50094	84	402785	50094	105	503342	50094	126	603842	50094	147	704648	50094	168	805245	50094	188	901081	50094	209	1001670	50094	230	1102196	50094	251	1202618	50094	272	1303880	50094	292	1401561	50094	313	1503074	50094	334	1603740	50094	355	1704230	50094	376	1804722	50094	396	1900489	50094	417	2000944	50094	438	2101672	50094	459	2201967	50094	480	2302522	50094	500	2398126	50094	501	2403266	50094	522	2503970	50094	
21	101324	50271	42	202598	50271	63	303549	50271	84	405141	50271	104	504308	50271	124	601379	50271	145	702618	50271	166	803893	50271	187	904831	50271	207	1001014	50271	228	1102603	50271	249	1204303	50271	269	1300966	50271	290	1402315	50271	311	1503278	50271	332	1604309	50271	352	1700488	50271	373	1802086	50271	394	1903060	50271	415	2004078	50271	435	2100488	50271	456	2201656	50271	477	2303189	50271	498	2404411	50271	500	2414629	50271	518	2501319	50271	
21	101156	49591	42	201940	49591	63	302361	49591	84	402868	49591	105	503154	49591	126	604433	49591	147	705110	49591	167	801622	49591	188	902566	49591	209	1003553	49591	230	1104424	49591	250	1200918	49591	271	1301595	49591	292	1402150	49591	313	1503495	49591	334	1604019	49591	355	1704711	49591	375	1800548	49591	396	1901515	49591	417	2002423	49591	438	2103603	49591	459	2204346	49591	479	2300372	49591	500	2401093	49591	500	2401469	49591	521	2504850	49591	
21	102164	50128	42	204049	50128	62	301001	50128	83	402700	50128	104	504254	50128	124	601528	50128	145	703356	50128	166	805182	50128	186	902264	50128	207	1004406	50128	227	1101561	50128	248	1203213	50128	268	1300615	50128	289	1402354	50128	309	1501163	50128	330	1603888	50128	350	1701061	50128	371	1802761	50128	392	1904241	50128	412	2001258	50128	433	2103360	50128	454	2205057	50128	474	2301710	50128	495	2403145	50128	500	2427585	50128	515	2500951	50128	
21	101350	50437	42	202171	50437	63	302831	50437	84	403730	50437	104	501782	50437	125	603205	50437	145	700560	50437	166	801637	50437	187	903507	50437	208	1004820	50437	228	1101413	50437	249	1202366	50437	270	1303602	50437	291	1404608	50437	311	1500975	50437	332	1602021	50437	353	1702754	50437	374	1804008	50437	395	1905114	50437	415	2001505	50437	436	2102361	50437	457	2203260	50437	478	2304160	50437	499	2405091	50437	500	2410235	50437	519	2501762	50437	
21	101619	50327	42	203250	50327	63	304824	50327	83	401566	50327	104	503693	50327	124	600923	50327	145	703004	50327	166	804689	50327	186	901339	50327	207	1002925	50327	228	1104357	50327	248	1200889	50327	269	1302428	50327	290	1404098	50327	310	1500819	50327	331	1602619	50327	352	1704048	50327	372	1800790	50327	393	1902295	50327	414	2003784	50327	434	2100966	50327	455	2202232	50327	476	2303992	50327	496	2400639	50327	500	2420457	50327	517	2502944	50327	
21	101661	50194	42	203032	50194	63	304519	50194	83	400571	50194	104	502032	50194	125	602892	50194	145	700404	50194	166	801240	50194	187	902728	50194	208	1003595	50194	229	1104724	50194	249	1201245	50194	270	1302363	50194	291	1403497	50194	312	1504322	50194	332	1604186	50194	352	1701062	50194	373	1802406	50194	394	1903801	50194	415	2005023	50194	435	2101384	50194	456	2202779	50194	477	2304066	50194	497	2400656	50194	500	2415339	50194	518	2501890	50194	
21	100561	50329	42	201504	50329	63	302077	50329	84	402496	50329	105	503254	50329	125	601283	50329	146	702821	50329	167	803893	50329	188	904570	50329	208	1000858	50329	229	1101717	50329	250	1202357	50329	271	1303224	50329	292	1403635	50329	313	1504428	50329	333	1600464	50329	354	1701364	50329	375	1802105	50329	396	1902581	50329	417	2003311	50329	438	2104345	50329	459	2204798	50329	479	2300912	50329	500	2401731	50329	500	2402114	50329	521	2502765	50329	
