wersja nr 2;wspolczynnik mutacji 0.100000;wielkosc populacji 60
227	100251	146	449	200217	91	671	300168	76	894	400137	68	1117	500199	64	1340	600310	62	1563	700112	61	1787	800237	61	2010	900022	60	2232	1000298	60	2455	1100113	59	2679	1200229	59	2902	1300255	57	3125	1400144	57	3348	1500107	56	3572	1600127	56	3795	1700148	55	4019	1800413	55	4242	1900285	55	4465	2000137	54	4689	2100060	53	4913	2200328	52	5137	2300409	51	5360	2400435	51	5583	2500331	51	5806	2600209	51	6030	2700392	51	6253	2800129	51	6476	2900214	50	6699	3000090	50	6923	3100346	49	7145	3200121	49	7368	3300032	49	7590	3400449	49	7813	3500141	48	
228	100444	124	450	200318	74	673	300413	69	897	400462	63	1119	500050	59	1343	600271	59	1566	700318	58	1789	800049	54	2012	900056	51	2236	1000332	50	2458	1100031	50	2682	1200456	47	2905	1300393	47	3128	1400215	47	3351	1500468	46	3574	1600187	46	3797	1700098	45	4020	1800125	45	4244	1900250	45	4467	2000057	44	4690	2100125	44	4914	2200278	44	5138	2300313	44	5362	2400402	44	5584	2500377	44	5807	2600342	44	6031	2700397	44	6255	2800348	44	6478	2900400	44	6701	3000253	44	6925	3100388	44	7148	3200183	44	7371	3300326	44	7593	3400077	44	7815	3500428	44	
226	100327	114	447	200171	88	669	300100	78	891	400246	71	1114	500319	69	1336	600151	62	1558	700275	57	1781	800345	54	2002	900079	50	2223	1000386	49	2446	1100410	47	2669	1200383	44	2892	1300190	44	3115	1400148	44	3338	1500260	44	3561	1600185	44	3785	1700278	44	4009	1800458	44	4232	1900317	44	4454	2000353	44	4675	2100056	44	4899	2200249	44	5122	2300221	44	5345	2400105	44	5568	2500075	44	5792	2600447	44	6015	2700200	44	6238	2800025	44	6462	2900305	44	6685	3000394	44	6908	3100439	44	7132	3200389	44	7355	3300371	44	7575	3400035	44	7799	3500452	44	
227	100163	148	449	200328	101	671	300042	78	894	400328	65	1116	500036	62	1338	600181	61	1560	700285	59	1782	800456	55	2004	900114	52	2226	1000091	49	2449	1100163	49	2672	1200213	49	2896	1300179	47	3119	1400146	46	3343	1500312	44	3565	1600031	44	3789	1700447	44	4012	1800349	44	4235	1900117	44	4458	2000100	44	4682	2100350	44	4904	2200440	44	5127	2300317	44	5350	2400241	44	5572	2500214	44	5796	2600444	44	6018	2700037	44	6242	2800425	44	6465	2900347	44	6687	3000129	44	6910	3100130	44	7134	3200422	44	7358	3300454	44	7581	3400252	44	7805	3500449	44	
227	100196	131	449	200350	94	671	300249	82	893	400075	75	1116	500275	64	1339	600329	60	1563	700363	60	1786	800457	60	2008	900366	58	2228	1000234	57	2451	1100090	56	2674	1200194	52	2898	1300241	52	3122	1400398	51	3344	1500411	51	3567	1600238	51	3790	1700275	51	4012	1800072	50	4236	1900212	49	4460	2000227	49	4684	2100351	47	4906	2200203	46	5129	2300036	45	5353	2400051	44	5577	2500238	44	5800	2600129	44	6024	2700381	44	6247	2800204	44	6470	2900261	44	6693	3000445	44	6915	3100160	44	7138	3200141	44	7362	3300250	44	7585	3400138	44	7808	3500330	44	
240	100365	66	475	200440	54	708	300049	50	943	400363	50	1177	500063	50	1412	600300	48	1646	700051	47	1879	800264	46	2114	900401	46	2347	1000326	46	2581	1100162	46	2816	1200375	46	3050	1300094	46	3285	1400291	46	3519	1500222	46	3752	1600094	46	3987	1700240	46	4221	1800273	46	4455	1900211	46	4689	2000192	46	4923	2100026	46	5158	2200279	46	5393	2300303	46	5627	2400383	46	5861	2500160	46	6096	2600400	46	6330	2700329	46	6563	2800132	46	6796	2900378	46	7029	3000273	46	7263	3100230	46	7497	3200055	46	7731	3300207	46	7965	3400413	46	8199	3500386	46	
240	100142	66	474	200130	59	708	300231	51	943	400286	48	1177	500064	47	1411	600026	46	1646	700341	46	1880	800108	46	2115	900235	46	2349	1000096	46	2583	1100031	46	2818	1200252	46	3052	1300348	46	3286	1400052	46	3519	1500347	46	3752	1600170	46	3987	1700442	46	4221	1800383	46	4455	1900213	46	4689	2000110	46	4924	2100354	46	5157	2200259	46	5391	2300221	46	5625	2400315	46	5859	2500236	46	6093	2600114	46	6328	2700352	46	6562	2800187	46	6797	2900357	46	7031	3000282	46	7264	3100184	46	7498	3200053	46	7733	3300249	46	7967	3400458	46	8201	3500130	46	
240	100328	61	475	200383	49	708	300334	46	941	400029	46	1176	500288	46	1411	600320	46	1644	700136	46	1878	800411	46	2111	900032	46	2342	1000111	46	2576	1100083	46	2811	1200080	46	3046	1300269	46	3280	1400060	46	3515	1500326	46	3749	1600239	46	3983	1700149	46	4218	1800258	46	4451	1900200	46	4683	2000045	46	4918	2100438	46	5151	2200183	46	5385	2300292	46	5620	2400367	46	5854	2500108	46	6088	2600186	46	6321	2700115	46	6555	2800208	46	6788	2900225	46	7022	3000395	46	7256	3100243	46	7490	3200197	46	7724	3300277	46	7958	3400309	46	8192	3500231	46	
240	100260	54	474	200054	48	709	300240	48	942	400037	47	1177	500227	46	1411	600241	46	1646	700343	46	1880	800090	46	2115	900177	46	2350	1000400	46	2583	1100073	46	2815	1200241	46	3047	1300278	46	3279	1400409	46	3513	1500373	46	3747	1600371	46	3981	1700207	46	4214	1800189	46	4448	1900146	46	4683	2000441	46	4917	2100442	46	5150	2200418	46	5384	2300387	46	5618	2400168	46	5851	2500347	46	6084	2600127	46	6319	2700159	46	6553	2800054	46	6788	2900249	46	7022	3000265	46	7256	3100401	46	7490	3200149	46	7724	3300121	46	7958	3400402	46	8192	3500324	46	
239	100020	71	473	200082	53	708	300356	51	941	400025	49	1176	500186	48	1411	600444	47	1644	700181	47	1877	800354	46	2110	900048	46	2344	1000438	46	2578	1100388	46	2812	1200353	46	3046	1300084	46	3281	1400291	46	3514	1500089	46	3749	1600382	46	3982	1700053	46	4217	1800166	46	4452	1900229	46	4685	2000097	46	4920	2100326	46	5154	2200396	46	5388	2300288	46	5622	2400402	46	5856	2500275	46	6090	2600208	46	6324	2700249	46	6558	2800229	46	6793	2900420	46	7025	3000074	46	7259	3100186	46	7493	3200207	46	7727	3300038	46	7961	3400324	46	8195	3500430	46	
75	100490	2776	146	200365	2532	218	301233	2330	289	401110	2274	360	501341	2223	431	601257	2187	502	701225	2187	573	801098	2126	644	901103	2103	715	1001401	2103	786	1101474	2074	857	1201274	2074	928	1300971	2038	999	1401362	2038	1070	1501371	2038	1140	1600191	2038	1211	1700222	2038	1282	1800249	2010	1353	1900851	2010	1424	2000615	2010	1495	2100685	2010	1566	2200588	2010	1637	2300291	1979	1709	2401460	1979	1779	2500540	1979	1850	2601290	1979	1921	2701007	1979	1992	2801161	1979	2063	2901197	1979	2133	3000482	1979	2204	3100514	1979	2275	3200759	1955	2346	3300749	1955	2417	3401053	1955	2488	3501349	1955	
75	100555	2779	146	200397	2533	217	300152	2398	288	400430	2272	359	500587	2242	430	600793	2242	501	700696	2178	572	801205	2178	642	900780	2178	713	1001287	2178	783	1100195	2145	855	1201459	2145	925	1300240	2145	996	1400239	2145	1067	1500806	2116	1138	1600964	2116	1209	1701298	2052	1280	1801457	2027	1350	1900540	1993	1421	2000430	1993	1492	2101184	1993	1563	2201503	1969	1633	2300418	1969	1704	2400624	1969	1775	2500657	1915	1846	2601313	1915	1916	2700105	1861	1987	2800884	1861	2058	2900561	1861	2129	3000544	1861	2200	3101109	1861	2270	3200257	1861	2341	3300776	1861	2412	3400845	1861	2483	3501150	1861	
75	100913	2832	146	200319	2620	218	301173	2582	289	401497	2465	360	501390	2434	431	601364	2269	502	700892	2235	573	800681	2235	643	900321	2235	714	1000478	2202	785	1100303	2166	856	1200532	2166	927	1300325	2166	998	1400253	2101	1070	1501478	2101	1140	1600554	2065	1211	1700488	2065	1282	1800677	2065	1353	1901177	2037	1424	2001463	2037	1494	2100465	2037	1565	2200484	2037	1636	2300333	2037	1707	2400650	2037	1778	2501106	2037	1849	2601282	2037	1919	2700148	2004	1990	2800459	2004	2061	2900730	2004	2132	3000687	2004	2203	3101057	1983	2274	3201252	1983	2345	3301237	1983	2416	3401022	1983	2487	3501219	1983	
75	100144	2823	146	200123	2524	218	301096	2448	289	400844	2300	360	500541	2215	431	600441	2215	502	700774	2215	573	800932	2215	644	900746	2215	715	1001203	2189	786	1101364	2189	856	1200467	2189	927	1300189	2099	999	1401379	2099	1069	1500252	2099	1141	1601468	2099	1212	1701403	2099	1282	1800116	2071	1353	1900108	2071	1424	2000603	2071	1495	2100530	2038	1566	2200930	2006	1637	2300724	2006	1708	2401266	2006	1778	2500457	2006	1849	2600449	2006	1921	2701461	2006	1991	2800595	2006	2062	2900902	2006	2133	3001130	2006	2204	3101235	2006	2274	3200588	2006	2345	3300849	2006	2416	3400629	1974	2487	3500836	1974	
75	100655	2773	147	201330	2509	218	301285	2404	289	401044	2366	360	501106	2300	431	601033	2300	502	700720	2267	573	800276	2237	644	901180	2203	715	1001402	2203	786	1101310	2176	857	1201399	2176	928	1300851	2176	999	1400656	2149	1070	1500460	2124	1141	1600463	2124	1212	1700371	2124	1283	1800187	2124	1354	1900456	2124	1425	2000455	2124	1496	2100304	2124	1568	2201286	2124	1639	2301170	2097	1710	2400955	2097	1781	2501084	2097	1852	2601291	2097	1923	2701376	2097	1994	2801407	2097	2064	2900419	2097	2135	3000409	2097	2206	3101022	2097	2277	3201289	2097	2347	3300351	2097	2418	3400702	2097	2489	3500645	2097	
73	100236	1335	143	201546	1005	212	300090	973	282	400211	942	352	501216	915	421	600277	853	491	700523	853	560	800638	827	628	900239	827	696	1001151	827	765	1100594	827	836	1200831	798	907	1301061	798	977	1401319	798	1045	1501071	798	1113	1601153	798	1181	1701173	798	1249	1800882	798	1317	1900528	798	1386	2001106	798	1454	2101000	798	1524	2201136	798	1594	2300144	798	1664	2400555	798	1733	2500224	798	1801	2600752	798	1870	2700552	798	1939	2800282	798	2007	2900109	798	2076	3000699	798	2146	3100931	798	2216	3200972	798	2286	3301580	798	2354	3400400	798	2425	3501314	798	
76	100150	1192	147	200690	1032	218	300614	970	289	400664	936	360	500618	936	431	601405	936	501	701416	936	571	800379	895	639	900262	895	710	1001304	895	781	1101389	895	851	1200804	895	921	1300539	895	992	1401364	895	1061	1501263	895	1130	1600642	895	1200	1700487	895	1270	1801319	895	1340	1901471	895	1409	2000236	895	1478	2100712	895	1549	2201518	895	1618	2300405	865	1688	2401341	865	1758	2501605	865	1827	2601091	865	1897	2701146	865	1967	2800617	832	2038	2901209	832	2108	3000257	832	2178	3100520	832	2247	3200356	832	2314	3300941	832	2382	3400716	832	2449	3501317	832	
74	101177	1133	142	201849	926	209	300866	926	277	400409	926	346	500756	926	415	601551	926	483	700916	926	551	801115	926	619	900432	926	689	1000679	926	760	1101131	926	830	1201144	926	899	1300852	926	967	1400475	926	1037	1501418	898	1106	1601158	898	1176	1700602	898	1247	1801518	898	1317	1901018	898	1386	2000273	898	1456	2101486	898	1525	2201341	898	1593	2300473	898	1661	2400171	898	1730	2501249	898	1799	2601285	898	1870	2701332	898	1940	2800239	898	2009	2900238	898	2078	3000938	898	2147	3100301	898	2217	3201301	898	2286	3300237	898	2356	3401566	898	2425	3500345	898	
77	100777	1155	148	201254	1012	218	301441	943	287	400709	914	356	501145	883	424	600462	883	494	701373	883	564	801075	883	634	900376	883	704	1000754	858	773	1100142	858	843	1200420	858	913	1301103	858	981	1400193	858	1049	1500444	858	1118	1601419	858	1186	1701069	858	1255	1801584	858	1323	1901141	858	1391	2000954	858	1459	2100626	858	1528	2201285	858	1597	2300821	858	1667	2401168	858	1736	2500228	858	1807	2601394	858	1877	2701482	858	1946	2800140	858	2016	2900980	858	2085	3001353	858	2153	3101206	858	2220	3201188	858	2287	3300238	858	2357	3400142	858	2425	3501312	858	
74	101052	1280	140	200206	907	209	301199	847	276	400429	847	346	501129	847	414	601366	847	483	700924	813	550	801411	813	620	901865	813	689	1000794	813	760	1101472	813	829	1201183	813	899	1300621	813	969	1400483	813	1038	1500161	813	1108	1600485	777	1177	1700253	777	1247	1800757	777	1316	1900210	777	1387	2001228	777	1457	2101213	777	1526	2200188	777	1596	2300400	777	1666	2400843	749	1736	2501279	749	1802	2601189	749	1871	2700740	749	1939	2800225	749	2009	2901241	749	2077	3001271	749	2143	3101226	749	2209	3201193	749	2277	3301239	749	2343	3400959	749	2410	3500512	749	
16	107029	23084	31	205889	21889	46	305970	21191	60	401808	20962	74	501187	20714	89	606540	20281	103	704440	20281	117	802014	20281	132	905799	20281	146	1003287	20281	160	1100567	20281	175	1204068	20281	189	1300807	20281	204	1406922	20281	218	1503489	20281	233	1604635	20070	248	1706130	20070	262	1801952	20070	277	1905779	20070	292	2006335	20070	306	2101234	20070	321	2203556	20070	336	2306288	20070	350	2401603	19861	365	2502993	19861	380	2604590	19861	395	2706095	19861	409	2802338	19861	424	2905524	19861	439	3006949	19861	453	3101639	19861	468	3204728	19861	483	3306385	19861	497	3401647	19861	512	3504329	19861	
16	106718	23247	31	205998	21607	45	301335	21133	60	405557	20920	74	502551	20715	89	605885	20502	103	701128	20502	118	804044	20272	132	904277	19850	146	1001251	19850	161	1105886	19850	175	1201193	19850	190	1303118	19850	205	1404691	19629	220	1506260	19629	234	1601845	19416	249	1702372	18998	264	1803804	18998	279	1906907	18998	293	2003571	18998	308	2107006	18998	322	2200868	18998	337	2301490	18998	352	2402185	18998	367	2505107	18998	381	2603975	18998	395	2703926	18998	410	2810090	18998	424	2905805	18998	438	3003376	18998	452	3100871	18998	467	3201621	18998	482	3304349	18998	496	3401232	18998	511	3504472	18998	
16	106483	22864	31	205267	22140	46	305881	21682	61	407013	21214	75	502901	20983	90	605758	20772	104	700961	20772	119	801958	20772	134	903165	20772	149	1005021	20772	163	1103215	20554	178	1206766	20554	192	1301401	20554	207	1404712	20554	221	1502870	20554	235	1602911	20554	250	1707314	20554	263	1800732	20554	278	1903841	20338	292	2001501	20124	307	2103011	20124	322	2203288	19918	337	2306346	19479	351	2403520	19479	366	2507402	19479	380	2604164	19259	394	2700775	19259	409	2802388	19259	424	2903638	19259	439	3004952	19259	453	3101255	19259	468	3205030	19259	482	3301233	19040	497	3404061	18812	512	3505400	18812	
16	103428	22787	31	201595	21381	46	301688	21156	61	402177	20925	76	505409	20925	90	602962	20484	105	706448	19665	119	801358	19459	134	902589	19237	149	1005899	19018	163	1101107	18797	178	1205313	18797	192	1302597	18797	207	1406635	18797	221	1501681	18577	236	1603198	18577	251	1704887	18577	266	1807115	18577	280	1903148	18577	295	2007224	18577	309	2104649	18577	323	2201220	18577	338	2305454	18577	352	2403378	18577	366	2500821	18577	381	2606946	18577	395	2707046	18577	408	2801346	18577	423	2905915	18577	437	3006275	18577	451	3101617	18577	466	3205407	18577	480	3301966	18577	495	3405724	18356	509	3502803	18356	
15	100738	23738	30	202394	22812	45	304759	22092	59	401278	21861	74	502436	21612	89	603702	21147	104	704983	20459	119	805853	20223	134	906849	20003	148	1001691	19349	163	1103050	19349	178	1205008	19349	192	1300746	19349	207	1400840	19349	222	1500882	19349	237	1601557	19349	252	1704055	19349	266	1804698	19143	280	1904359	18921	294	2000878	18921	308	2100649	18921	323	2204373	18697	338	2306845	18697	352	2400589	18486	367	2502028	18486	382	2606459	18486	396	2706663	18486	410	2807182	18486	424	2907305	18486	438	3003589	18486	453	3108204	18486	467	3205098	18486	481	3301713	18486	496	3406412	18486	511	3506682	18486	
15	101051	25176	30	203324	25176	45	304668	25176	60	405186	25176	74	502162	25176	89	603299	25176	103	700786	25176	118	801882	25176	133	902762	25176	148	1004437	25176	162	1100777	25176	177	1203435	25176	191	1300627	25176	206	1401992	25176	222	1507367	25176	237	1606590	25176	252	1706461	25176	266	1800472	25176	281	1902032	25176	296	2003555	25176	311	2104830	25176	326	2205747	25176	341	2305382	25176	356	2405202	24925	371	2505757	24422	386	2605924	23928	401	2705920	23682	416	2805997	23682	431	2906471	23436	445	3000573	23436	460	3102373	23436	475	3204508	23181	490	3306020	22918	504	3400496	22918	519	3502509	22918	
15	101813	25176	30	204799	25176	45	305997	25176	59	401315	25176	74	503734	25176	89	605450	25176	103	700809	24930	118	803793	24423	133	906916	24423	147	1001908	24154	162	1102866	23895	177	1204898	23639	192	1307104	23391	206	1403523	22640	221	1502386	22378	236	1604356	22121	251	1706591	22121	265	1802554	22121	279	1901695	22121	293	2001848	22121	308	2103390	22121	323	2206642	22121	338	2306748	22121	352	2405342	22121	366	2502037	22121	381	2605790	22121	395	2701220	21891	410	2802211	21891	425	2903523	21891	440	3003842	21891	455	3102866	21891	470	3201984	21891	485	3303025	21398	500	3404275	21158	515	3505849	20915	
15	101909	25176	30	204445	25176	45	305967	25176	59	405917	25176	73	503468	24937	87	603821	24937	102	707189	24674	116	804974	24674	131	905122	24674	146	1006981	24674	160	1103927	24674	175	1205786	24674	190	1306310	24427	204	1400865	24427	219	1502989	24427	234	1603188	24170	249	1702802	24170	264	1802883	23918	279	1904619	23918	294	2005323	23918	308	2101402	23918	323	2203134	23918	338	2303232	23918	353	2405092	23918	368	2506958	23918	382	2601881	23918	397	2702708	23918	412	2804849	23918	427	2904650	23918	441	3000675	23918	456	3101721	23660	471	3201691	23154	486	3304224	23154	501	3405254	22892	516	3506535	22645	
16	106998	25176	30	200866	25176	46	306863	25176	60	401146	25176	75	500546	25176	90	601398	25176	105	704308	25176	119	800703	24711	134	902989	24711	149	1005454	24473	163	1100828	24473	178	1200936	24234	194	1306715	23709	209	1406929	23463	223	1502732	23216	238	1604013	23216	253	1708192	23216	267	1802967	23216	282	1905339	23216	296	2000828	23216	311	2101793	22965	326	2201819	22430	341	2302393	22430	356	2402933	22430	371	2503844	22430	386	2603921	22430	401	2704085	21897	416	2804752	21897	431	2904655	21897	446	3005456	21897	461	3105326	21403	476	3205131	21403	491	3305729	21403	505	3400931	21403	521	3507662	21403	
15	100824	25176	30	202668	25176	44	301597	25176	59	403888	25176	73	504240	25176	88	606005	24923	102	703152	24678	117	803987	24174	131	901465	23661	146	1005782	23661	161	1106058	23396	175	1203350	23146	190	1302830	23146	205	1401906	22388	220	1501392	22146	235	1601773	22146	250	1702636	21897	265	1805269	21897	279	1903487	21897	294	2003249	21897	309	2105335	21897	324	2206445	21897	338	2302077	21897	353	2404223	21897	368	2505988	21897	382	2603881	21643	396	2703217	21643	411	2805626	21643	425	2905330	21643	439	3001987	21384	454	3106349	20662	468	3202061	20152	483	3303962	19177	497	3400662	18659	512	3501194	18659	
263	100116	47	525	200347	47	787	300025	47	1052	400215	47	1312	500272	47	1573	600339	47	1831	700083	47	2093	800115	47	2355	900179	47	2620	1000302	47	2882	1100361	47	3141	1200091	47	3404	1300119	47	3668	1400135	47	3932	1500208	47	4197	1600049	47	4461	1700060	47	4727	1800186	47	4988	1900186	47	5247	2000151	47	5506	2100073	47	5766	2200262	47	6018	2300287	47	6280	2400336	47	6539	2500119	47	6793	2600346	47	7055	2700233	47	7318	2800020	47	7581	2900194	47	7836	3000191	47	8100	3100159	47	8353	3200020	47	8606	3300264	47	8865	3400036	47	9128	3500257	47	
263	100118	47	527	200072	47	790	300381	47	1052	400059	47	1303	500220	47	1562	600337	47	1812	700076	47	2064	800398	47	2322	900194	47	2582	1000333	47	2835	1100187	47	3090	1200089	47	3345	1300239	47	3593	1400098	47	3838	1500034	47	4093	1600194	47	4349	1700101	47	4604	1800116	47	4859	1900265	47	5114	2000120	47	5368	2100035	47	5625	2200295	47	5878	2300229	47	6133	2400187	47	6388	2500285	47	6645	2600071	47	6907	2700031	47	7168	2800364	47	7429	2900161	47	7687	3000331	47	7946	3100047	47	8205	3200259	47	8461	3300100	47	8720	3400137	47	8964	3500259	47	
257	100045	47	506	200248	47	760	300350	47	1004	400062	47	1264	500246	47	1520	600206	47	1780	700341	47	2038	800080	47	2297	900293	47	2556	1000226	47	2816	1100422	47	3072	1200110	47	3330	1300238	47	3591	1400149	47	3851	1500222	47	4107	1600192	47	4366	1700376	47	4616	1800021	47	4869	1900173	47	5121	2000215	47	5374	2100256	47	5627	2200085	47	5879	2300354	47	6134	2400273	47	6387	2500332	47	6645	2600366	47	6899	2700135	47	7154	2800147	47	7408	2900482	47	7659	3000075	47	7913	3100353	47	8174	3200078	47	8433	3300157	47	8692	3400104	47	8945	3500124	47	
254	100312	47	505	200336	47	765	300357	47	1016	400342	47	1273	500269	47	1516	600041	47	1772	700360	47	2029	800158	47	2288	900082	47	2535	1000487	47	2781	1100473	47	3038	1200443	47	3299	1300133	47	3561	1400131	47	3820	1500231	47	4077	1600295	47	4335	1700313	47	4592	1800043	47	4850	1900311	47	5108	2000158	47	5365	2100329	47	5623	2200170	47	5882	2300249	47	6139	2400124	47	6401	2500033	47	6657	2600078	47	6916	2700221	47	7172	2800310	47	7431	2900273	47	7685	3000315	47	7932	3100158	47	8188	3200051	47	8436	3300312	47	8695	3400156	47	8956	3500080	47	
261	100238	47	522	200215	47	775	300335	47	1030	400155	47	1285	500255	47	1541	600310	47	1800	700199	47	2053	800219	47	2307	900102	47	2561	1000034	47	2820	1100122	47	3080	1200382	47	3336	1300017	47	3594	1400242	47	3848	1500047	47	4101	1600165	47	4360	1700325	47	4620	1800211	47	4879	1900075	47	5137	2000117	47	5390	2100116	47	5648	2200267	47	5904	2300227	47	6163	2400275	47	6420	2500065	47	6674	2600090	47	6927	2700154	47	7180	2800121	47	7437	2900083	47	7695	3000287	47	7951	3100050	47	8211	3200175	47	8470	3300222	47	8727	3400090	47	8986	3500364	47	
289	100262	53	575	200311	53	859	300295	53	1142	400082	53	1427	500212	53	1710	600133	53	1999	700017	53	2289	800124	53	2575	900362	53	2859	1000258	53	3147	1100340	53	3435	1200309	53	3720	1300110	53	4004	1400366	53	4290	1500194	53	4579	1600226	53	4858	1700240	53	5133	1800081	53	5422	1900326	53	5710	2000083	53	5998	2100050	53	6282	2200067	53	6565	2300288	53	6850	2400172	53	7136	2500205	53	7424	2600176	53	7714	2700068	53	8005	2800345	53	8296	2900177	53	8589	3000138	53	8882	3100311	53	9175	3200149	53	9464	3300045	53	9753	3400047	53	10042	3500301	53	
293	100043	53	576	200296	53	859	300070	53	1144	400355	53	1432	500107	53	1719	600159	53	2002	700178	53	2289	800089	53	2564	900227	53	2848	1000050	53	3134	1100275	53	3421	1200228	53	3703	1300339	53	3973	1400350	53	4256	1500079	53	4548	1600265	53	4835	1700098	53	5123	1800118	53	5410	1900113	53	5696	2000019	53	5985	2100111	53	6274	2200321	53	6561	2300062	53	6841	2400280	53	7112	2500161	53	7401	2600187	53	7682	2700186	53	7959	2800031	53	8243	2900077	53	8526	3000172	53	8809	3100061	53	9092	3200155	53	9376	3300144	53	9659	3400403	53	9944	3500223	53	
283	100217	53	569	200330	53	854	300315	53	1141	400259	53	1431	500045	53	1714	600238	53	1997	700082	53	2278	800049	53	2565	900076	53	2855	1000275	53	3147	1100257	53	3431	1200102	53	3715	1300186	53	3990	1400148	53	4278	1500100	53	4553	1600370	53	4831	1700219	53	5121	1800345	53	5411	1900128	53	5705	2000017	53	5988	2100098	53	6278	2200169	53	6569	2300263	53	6855	2400059	53	7143	2500337	53	7426	2600206	53	7710	2700122	53	7994	2800045	53	8269	2900206	53	8550	3000093	53	8839	3100146	53	9121	3200015	53	9405	3300384	53	9689	3400164	53	9974	3500220	53	
282	100254	53	564	200123	53	852	300163	53	1142	400144	53	1431	500261	53	1712	600206	53	1995	700030	53	2272	800053	53	2556	900206	53	2845	1000333	53	3132	1100197	53	3422	1200282	53	3710	1300168	53	3998	1400259	53	4277	1500068	53	4554	1600337	53	4831	1700077	53	5120	1800136	53	5407	1900289	53	5690	2000194	53	5973	2100326	53	6243	2200376	53	6523	2300250	53	6813	2400254	53	7101	2500186	53	7389	2600116	53	7679	2700091	53	7956	2800106	53	8242	2900225	53	8532	3000233	53	8818	3100081	53	9105	3200048	53	9381	3300199	53	9668	3400275	53	9955	3500027	53	
288	100050	53	573	200177	53	859	300490	53	1143	400228	53	1434	500025	53	1723	600050	53	2012	700333	53	2297	800276	53	2585	900138	53	2866	1000069	53	3147	1100226	53	3431	1200020	53	3718	1300082	53	4006	1400314	53	4288	1500092	53	4573	1600320	53	4858	1700172	53	5147	1800022	53	5437	1900093	53	5731	2000317	53	6018	2100175	53	6301	2200239	53	6580	2300058	53	6856	2400057	53	7138	2500281	53	7414	2600253	53	7692	2700058	53	7985	2800195	53	8268	2900056	53	8545	3000231	53	8827	3100258	53	9120	3200146	53	9408	3300029	53	9699	3400175	53	9989	3500454	53	
78	100176	355	156	201085	355	234	301210	355	311	400111	308	389	500301	308	467	600119	308	546	701221	308	624	801177	308	701	900593	308	779	1000461	308	857	1100755	308	934	1200152	308	1012	1300256	308	1091	1401301	308	1169	1501110	308	1247	1600959	308	1325	1701332	308	1403	1801120	308	1481	1901028	308	1559	2001093	308	1637	2100943	308	1715	2201241	308	1793	2301339	308	1871	2401276	308	1949	2501343	308	2026	2600486	269	2104	2701226	269	2181	2800505	269	2259	2901094	269	2336	3000182	269	2414	3100419	269	2492	3201121	269	2569	3300554	269	2647	3400955	269	2725	3501288	269	
78	100791	355	156	201057	355	234	300831	313	312	401276	313	390	501215	313	468	601217	313	545	700315	313	623	800375	313	701	900279	313	779	1000469	313	857	1100593	313	935	1200502	313	1013	1300768	313	1091	1400590	313	1169	1500860	313	1247	1600741	313	1325	1701072	313	1403	1801310	313	1481	1901288	313	1558	2000273	313	1636	2100605	313	1714	2200565	313	1792	2300936	313	1870	2401317	313	1947	2500187	287	2025	2600775	287	2102	2700417	287	2180	2801356	287	2257	2900490	256	2335	3001303	256	2411	3101215	256	2488	3200652	256	2566	3301379	256	2643	3400906	256	2720	3500121	256	
78	100277	355	156	200421	355	234	301067	309	311	400649	309	389	501081	309	466	600731	274	544	701006	274	621	800135	274	699	900461	274	777	1000523	274	855	1100834	274	933	1201196	274	1010	1300569	274	1088	1401060	274	1165	1500722	274	1243	1600879	274	1321	1701265	274	1398	1800658	274	1476	1900832	274	1553	2000510	274	1630	2100268	274	1708	2200932	274	1785	2300113	274	1863	2400531	274	1941	2501138	274	2019	2601313	274	2096	2700412	274	2174	2800975	274	2251	2900293	274	2329	3000710	274	2407	3100944	274	2484	3200573	274	2562	3300831	274	2639	3400172	274	2717	3500688	274	
78	100465	355	156	200318	355	234	300625	315	312	401148	315	390	501151	315	468	601153	315	546	700844	315	624	801224	315	702	901342	315	779	1000347	315	857	1101004	315	934	1200244	315	1012	1300461	315	1090	1400413	315	1168	1500761	315	1246	1600669	315	1324	1700665	315	1402	1801138	315	1479	1900436	315	1557	2001030	315	1634	2100183	315	1712	2200402	315	1790	2300956	315	1868	2401342	315	1946	2501291	315	2024	2601285	315	2102	2701099	315	2180	2801228	315	2257	2900334	315	2335	3000566	315	2412	3100626	315	2490	3201110	315	2567	3300566	274	2645	3401128	274	2722	3500527	274	
78	100148	355	156	200346	308	234	300414	308	312	400631	308	390	501205	308	468	601280	308	543	700517	308	621	801119	308	698	900123	308	776	1000520	308	854	1101088	308	931	1200566	308	1009	1300499	308	1086	1400457	308	1164	1500858	308	1241	1600706	308	1319	1700922	308	1397	1801163	308	1475	1901349	308	1552	2000386	308	1630	2100735	308	1708	2201356	308	1785	2300471	308	1863	2401169	308	1940	2500821	308	2017	2600332	308	2095	2700860	308	2173	2801333	308	2250	2900819	308	2328	3001090	308	2405	3100383	308	2483	3201189	308	2560	3300122	308	2638	3400228	308	2715	3500293	308	
85	100257	320	170	200784	320	254	300251	277	338	400405	277	422	500492	277	506	600978	277	590	701157	277	673	800248	277	757	900192	277	841	1000398	277	925	1100582	277	1009	1200791	277	1092	1300106	277	1176	1400562	277	1259	1500270	277	1343	1600847	277	1427	1700782	277	1510	1800260	277	1594	1900511	277	1678	2001129	277	1761	2100581	277	1845	2200938	277	1929	2301253	277	2012	2400473	277	2096	2500640	277	2180	2601070	277	2264	2701199	277	2347	2800243	277	2431	2900853	277	2515	3000808	277	2599	3100851	277	2682	3200197	277	2766	3301258	277	2849	3400610	277	2933	3501161	277	
85	100296	365	171	201119	365	255	300158	304	339	400321	304	423	500102	267	508	601041	267	592	700561	267	676	800686	267	760	900662	267	844	1000587	267	928	1100597	267	1012	1200264	267	1096	1300076	267	1180	1400290	267	1265	1500950	267	1349	1600454	267	1433	1700206	267	1518	1800981	267	1602	1900791	267	1686	2000683	267	1770	2100613	267	1854	2200531	267	1939	2301139	267	2023	2401059	267	2107	2501045	267	2191	2601055	267	2274	2700235	267	2358	2800417	267	2442	2900279	267	2526	3000943	267	2610	3100674	267	2694	3200152	267	2779	3301141	267	2862	3400194	267	2946	3500742	267	
85	101263	281	168	200937	281	251	300588	281	335	400560	281	419	500824	281	503	600627	281	587	700631	281	671	800986	281	755	901126	281	839	1000952	281	923	1100808	281	1007	1200755	281	1091	1300402	281	1176	1401059	281	1260	1500491	281	1344	1600151	281	1428	1700169	281	1512	1800117	281	1596	1900182	281	1681	2000821	281	1765	2100442	281	1849	2200417	281	1933	2300776	281	2017	2400393	281	2101	2500080	281	2186	2600712	281	2270	2700521	281	2354	2800582	281	2438	2901054	281	2522	3000883	281	2606	3100732	281	2690	3200372	281	2775	3301221	281	2859	3400865	281	2943	3501073	281	
85	100297	326	170	200997	326	255	301163	326	339	400234	326	424	500516	326	509	600757	326	593	700082	326	678	800622	326	763	900298	326	848	1001094	326	933	1101083	326	1018	1201104	326	1102	1300203	326	1187	1400747	326	1271	1500181	291	1356	1600714	291	1440	1700469	291	1524	1800576	291	1608	1900197	291	1693	2000750	291	1777	2100230	291	1862	2201186	258	1946	2301128	258	2030	2401116	258	2113	2500272	258	2197	2600130	258	2282	2701231	258	2365	2800268	258	2449	2900099	258	2533	3001196	258	2617	3101024	258	2701	3201232	258	2784	3300076	258	2868	3400140	258	2952	3500408	258	
85	101145	278	169	201236	278	253	301045	278	337	401073	278	421	500461	278	503	600187	278	588	701227	278	672	801223	278	756	901114	278	839	1000266	278	924	1101150	278	1007	1200192	278	1091	1300378	278	1175	1400915	278	1258	1500082	278	1343	1601008	278	1427	1701160	278	1510	1800335	278	1594	1900134	278	1678	2000336	278	1763	2101207	278	1846	2200159	278	1930	2300662	278	2014	2401093	278	2098	2500842	278	2182	2600237	278	2266	2700112	278	2351	2801040	278	2434	2900130	278	2518	3000537	278	2602	3100849	278	2686	3200756	278	2770	3301125	278	2854	3400727	278	2938	3501179	278	
19	104754	1803	37	203994	1803	55	303073	1803	73	401925	1803	91	500530	1803	110	604712	1803	128	703371	1803	146	802186	1803	164	901029	1803	183	1004935	1803	201	1103548	1803	219	1202926	1803	237	1301995	1803	255	1401034	1803	274	1505681	1803	292	1604581	1803	310	1703408	1803	328	1802316	1803	346	1901257	1803	364	2000673	1803	383	2105093	1803	401	2204464	1803	419	2303754	1803	437	2402850	1803	455	2501931	1803	473	2600958	1803	492	2705481	1803	510	2804054	1803	528	2902842	1803	546	3001530	1803	564	3101325	1803	582	3200585	1803	601	3305615	1803	619	3404920	1803	637	3504007	1803	
19	104409	1803	37	203783	1803	55	302849	1803	73	401894	1803	91	501250	1803	110	605817	1803	128	704707	1803	146	803833	1803	164	902607	1803	182	1001734	1803	200	1100655	1803	219	1204775	1803	237	1303690	1803	255	1402671	1803	273	1501531	1803	292	1605681	1803	310	1704534	1803	328	1804337	1803	346	1903380	1803	364	2002512	1803	382	2101506	1803	400	2201215	1803	419	2305653	1803	437	2404599	1803	455	2504185	1803	473	2603175	1803	491	2701721	1803	509	2802033	1803	527	2900773	1803	546	3004899	1803	564	3103381	1803	582	3202228	1803	600	3301002	1803	619	3405461	1803	637	3504383	1803	
19	104315	1803	37	203738	1803	55	303497	1803	73	403463	1803	91	502457	1803	109	601492	1803	127	700540	1803	146	804951	1803	164	903996	1803	182	1003267	1803	200	1102361	1803	218	1201522	1803	236	1300953	1803	254	1400793	1803	273	1505431	1803	291	1604136	1803	309	1703456	1803	327	1802523	1803	345	1901226	1803	364	2005610	1803	382	2104505	1803	400	2203274	1803	418	2302540	1803	436	2401752	1803	454	2501018	1803	473	2605271	1803	491	2704454	1803	509	2803666	1803	527	2902906	1803	545	3002646	1803	563	3101648	1803	581	3200565	1803	599	3300398	1803	618	3405238	1803	636	3504055	1803	
19	104533	1803	37	203313	1803	55	302507	1803	73	401511	1803	91	500450	1803	110	604945	1803	128	703871	1803	146	804285	1803	164	903835	1803	182	1003142	1803	200	1102387	1803	218	1201757	1803	237	1305873	1803	255	1404936	1803	273	1503833	1803	291	1602566	1803	309	1701347	1803	328	1805735	1803	346	1905302	1803	364	2004127	1803	382	2103206	1803	400	2202195	1803	418	2301026	1803	437	2405446	1803	455	2504331	1803	473	2603396	1803	491	2702189	1803	509	2802457	1803	527	2901808	1803	545	3000803	1803	564	3105434	1803	582	3204815	1803	600	3303712	1803	618	3402749	1803	636	3502549	1803	
19	104811	1803	37	204039	1803	55	302969	1803	73	404748	1803	91	504652	1803	109	603847	1803	127	702775	1803	145	801456	1803	164	905773	1803	182	1004896	1803	200	1104086	1803	218	1203232	1803	236	1302515	1803	254	1401951	1803	272	1500814	1803	291	1605614	1803	309	1704594	1803	327	1803210	1803	345	1902159	1803	363	2001256	1803	382	2105652	1803	400	2204844	1803	418	2303611	1803	436	2402544	1803	454	2501398	1803	473	2605753	1803	491	2704732	1803	509	2803447	1803	527	2902503	1803	545	3001678	1803	563	3100994	1803	582	3205406	1803	600	3304528	1803	618	3404282	1803	636	3503590	1803	
20	101446	1754	40	203333	1754	60	305344	1754	79	401665	1754	99	503287	1754	119	604474	1754	138	700797	1754	158	802422	1754	178	903846	1754	198	1005051	1754	217	1101454	1754	237	1202513	1754	257	1304413	1754	276	1400713	1754	296	1502140	1754	316	1604138	1754	335	1700639	1754	355	1802053	1754	375	1903737	1754	395	2005201	1754	414	2101705	1754	434	2203201	1754	454	2305291	1754	473	2401309	1754	493	2502816	1754	513	2604740	1754	532	2701131	1754	552	2802494	1754	572	2904134	1754	591	3000972	1754	611	3102951	1754	631	3204223	1754	650	3301321	1754	670	3402883	1754	690	3504774	1754	
20	101946	1754	40	203921	1754	59	300990	1754	79	402948	1754	99	504774	1754	118	601318	1754	138	702705	1754	158	804666	1754	177	901183	1754	197	1003015	1754	217	1104910	1754	236	1201909	1754	256	1303202	1754	276	1404715	1754	295	1501799	1754	315	1603628	1754	335	1704962	1754	354	1801706	1754	374	1903623	1754	394	2005169	1754	413	2101442	1754	433	2203392	1754	453	2304885	1754	472	2402053	1754	492	2503481	1754	512	2605209	1754	531	2701390	1754	551	2803426	1754	571	2905156	1754	590	3001400	1754	610	3103246	1754	630	3204579	1754	649	3300985	1754	669	3403181	1754	688	3500453	1754	
20	101672	1754	40	203353	1754	60	305082	1754	79	401460	1754	99	502839	1754	119	604195	1754	138	700392	1754	158	802235	1754	178	903458	1754	198	1004995	1754	217	1101623	1754	237	1202921	1754	257	1304608	1754	276	1401960	1754	296	1503049	1754	316	1604363	1754	335	1701242	1754	355	1802934	1754	375	1904412	1754	394	2000609	1754	414	2102040	1754	434	2203735	1754	454	2305404	1754	473	2402176	1754	493	2503314	1754	513	2605085	1754	532	2701856	1754	552	2803505	1754	572	2905257	1754	591	3001361	1754	611	3102436	1754	631	3204472	1754	650	3301297	1754	670	3403391	1754	690	3504483	1754	
20	101963	1754	40	203300	1754	60	304672	1754	79	401223	1754	99	503158	1754	119	604272	1754	138	701147	1754	158	802843	1754	178	905028	1754	197	1001822	1754	217	1103239	1754	237	1205147	1754	256	1301357	1754	276	1402584	1754	296	1504019	1754	315	1600385	1754	335	1702151	1754	355	1803463	1754	375	1904725	1754	394	2001663	1754	414	2103433	1754	433	2200384	1754	453	2301678	1754	473	2404284	1754	492	2500934	1754	512	2602601	1754	532	2704516	1754	551	2800823	1754	571	2902385	1754	591	3004917	1754	610	3101273	1754	630	3202550	1754	650	3303953	1754	670	3405271	1754	689	3503230	1754	
20	102087	1754	40	204177	1754	60	305373	1754	79	401777	1754	99	503524	1754	118	600967	1754	138	702265	1754	158	804086	1754	177	901422	1754	197	1003044	1754	217	1104739	1754	236	1200998	1754	256	1302875	1754	276	1404181	1754	295	1500533	1754	315	1602553	1754	335	1703896	1754	354	1800575	1754	374	1902428	1754	394	2004236	1754	413	2100804	1754	433	2201965	1754	453	2303553	1754	473	2405067	1754	492	2501277	1754	512	2603519	1754	532	2705077	1754	551	2801483	1754	571	2903901	1754	590	3001505	1754	610	3103161	1754	629	3203284	1754	648	3303812	1754	667	3404541	1754	686	3502387	1754	
246	100261	115	483	200073	95	721	300115	75	959	400414	75	1196	500080	74	1433	600188	73	1669	700253	72	1907	800314	67	2144	900270	65	2381	1000111	65	2619	1100213	65	2857	1200035	65	3095	1300170	63	3333	1400220	59	3571	1500307	57	3809	1600108	57	4046	1700040	56	4285	1800190	56	4523	1900387	54	4760	2000350	54	4995	2100106	53	5231	2200160	53	5469	2300066	53	5708	2400212	52	5946	2500163	52	6183	2600227	52	6420	2700315	52	6658	2800285	52	6896	2900062	52	7134	3000371	52	7371	3100101	51	7610	3200264	51	7848	3300167	51	8086	3400091	51	8325	3500402	51	
246	100036	132	483	200391	102	721	300234	90	959	400132	79	1197	500032	79	1435	600106	76	1673	700185	76	1912	800370	69	2149	900079	64	2387	1000340	63	2624	1100021	59	2861	1200117	58	3099	1300262	56	3337	1400387	55	3574	1500261	55	3812	1600366	53	4048	1700183	51	4286	1800320	51	4524	1900162	51	4762	2000132	50	4996	2100099	50	5234	2200238	50	5471	2300081	50	5709	2400086	50	5948	2500374	50	6184	2600368	50	6421	2700382	50	6659	2800208	50	6897	2900352	50	7135	3000242	50	7372	3100102	50	7609	3200139	50	7847	3300415	50	8085	3400340	50	8320	3500119	50	
247	100425	120	484	200386	100	722	300346	82	960	400290	82	1197	500182	80	1435	600338	80	1672	700081	80	1909	800100	78	2148	900393	78	2386	1000359	78	2623	1100328	78	2861	1200234	78	3099	1300116	78	3337	1400300	78	3574	1500048	77	3812	1600174	75	4050	1700388	75	4286	1800270	73	4524	1900393	72	4762	2000306	70	5000	2100329	70	5237	2200067	70	5475	2300428	70	5712	2400218	70	5950	2500261	70	6187	2600057	70	6426	2700287	70	6662	2800213	70	6900	2900396	70	7137	3000317	70	7374	3100024	69	7612	3200245	69	7850	3300189	69	8088	3400260	69	8326	3500277	69	
245	100172	124	483	200360	94	719	300221	88	956	400409	84	1192	500316	84	1430	600365	78	1667	700176	78	1905	800133	75	2143	900342	71	2380	1000157	70	2618	1100241	70	2856	1200110	64	3094	1300406	58	3331	1400092	57	3570	1500426	54	3806	1600083	54	4045	1700321	52	4282	1800242	51	4520	1900364	51	4758	2000198	50	4994	2100322	50	5231	2200059	50	5469	2300185	50	5707	2400227	50	5946	2500423	50	6184	2600359	50	6422	2700183	50	6660	2800201	50	6897	2900207	50	7135	3000141	50	7374	3100290	50	7610	3200020	50	7847	3300329	50	8084	3400386	50	8322	3500260	50	
246	100134	131	484	200155	87	722	300253	78	960	400147	77	1199	500379	74	1436	600236	73	1674	700218	70	1912	800115	70	2148	900038	70	2385	1000225	70	2622	1100032	70	2860	1200302	69	3098	1300323	69	3336	1400360	68	3574	1500257	68	3812	1600141	68	4050	1700185	65	4288	1800201	65	4526	1900276	65	4762	2000354	65	5000	2100231	63	5238	2200328	63	5475	2300119	63	5713	2400091	63	5951	2500159	63	6189	2600380	62	6426	2700336	62	6663	2800081	62	6899	2900221	62	7136	3000419	62	7373	3100081	62	7611	3200119	62	7849	3300218	62	8086	3400355	62	8323	3500216	61	
77	100277	5769	154	200993	2042	225	300214	1446	296	400195	1319	368	501467	1194	439	601356	1170	509	700127	1170	580	800116	1170	651	900134	1170	722	1000238	1170	793	1100329	1170	864	1200813	1170	935	1300440	1170	1006	1400513	1170	1077	1500312	1144	1148	1600872	1144	1219	1700997	1144	1289	1800097	1144	1360	1900779	1144	1431	2000937	1144	1502	2101184	1122	1573	2201346	1122	1644	2301209	1122	1714	2400099	1122	1785	2501080	1122	1856	2601432	1122	1927	2701453	1122	1997	2800305	1122	2068	2900265	1122	2139	3000472	1099	2210	3100749	1099	2281	3201325	1099	2351	3300300	1099	2422	3400671	1099	2493	3500699	1099	
77	100281	5798	154	200713	1836	225	300873	1214	296	401150	1141	367	500875	1116	438	600628	1116	509	700604	1116	580	800528	1090	651	900113	1090	723	1001099	1090	794	1101041	1090	865	1200972	1090	936	1301229	1090	1007	1400933	1090	1078	1500905	1090	1149	1601078	1090	1220	1701040	1090	1291	1800919	1090	1362	1900648	1090	1433	2001261	1090	1503	2100187	1090	1575	2201234	1090	1646	2301332	1090	1717	2401287	1090	1788	2501018	1090	1859	2601362	1090	1930	2700909	1090	2001	2801170	1090	2072	2900933	1090	2143	3000668	1090	2214	3100957	1090	2285	3201042	1090	2356	3300496	1090	2427	3400611	1090	2498	3500294	1090	
77	100325	5756	154	200227	1754	226	300340	1180	297	400596	1148	368	500588	1148	438	600100	1148	509	700487	1083	580	801071	1083	651	900870	1048	722	1001171	1026	792	1100735	1026	863	1201159	998	934	1301266	998	1005	1401269	998	1075	1500199	998	1146	1600564	998	1217	1700839	966	1288	1800945	966	1359	1900987	966	1429	2000208	966	1500	2100581	966	1571	2201032	966	1642	2301127	966	1713	2401032	966	1784	2501012	966	1855	2601181	966	1926	2701328	966	1996	2800525	966	2067	2900657	966	2138	3000518	966	2209	3100640	966	2280	3200995	966	2351	3300877	966	2422	3401459	966	2492	3500436	942	
78	101352	5713	155	201236	1796	227	300870	1364	298	401101	1267	369	501170	1200	440	601191	1200	510	700398	1176	581	800302	1176	653	901404	1176	724	1001510	1176	794	1100088	1176	865	1200091	1176	936	1300099	1145	1008	1401401	1113	1078	1500451	1113	1149	1600967	1113	1220	1701361	1113	1290	1800624	1113	1361	1900305	1113	1432	2001270	1113	1503	2101256	1113	1574	2201533	1086	1645	2301336	1086	1716	2401451	1086	1787	2501274	1058	1858	2601280	1031	1928	2700288	1031	1999	2800654	1031	2070	2900634	1031	2141	3000595	1031	2212	3100461	1031	2283	3201343	1031	2354	3301249	1031	2424	3400165	1031	2496	3501468	1031	
77	100570	5751	154	200442	1844	226	301209	1346	296	400184	1317	367	501177	1317	437	600424	1283	508	700664	1283	579	800717	1283	650	900637	1252	721	1000591	1229	792	1100466	1229	863	1200759	1229	934	1301082	1229	1005	1401304	1229	1075	1500131	1229	1146	1600183	1229	1217	1700423	1229	1288	1800830	1229	1359	1901475	1229	1429	2000421	1229	1500	2100699	1229	1571	2201014	1229	1641	2300383	1229	1712	2400551	1229	1783	2500817	1181	1853	2600204	1181	1924	2700479	1181	1995	2801129	1181	2065	2900187	1181	2136	3000174	1181	2207	3100651	1181	2278	3201475	1181	2348	3300091	1154	2419	3400696	1154	2490	3500919	1154	
16	101648	48846	32	202442	46597	48	302547	44827	64	402748	42768	80	502143	40595	96	601745	38777	112	700508	36918	128	801270	35358	144	902676	33375	160	1001855	31330	176	1101911	29572	192	1202335	28074	208	1301674	26254	224	1401787	24213	240	1501207	22366	256	1601294	20373	272	1701432	18557	288	1801634	16773	304	1901115	15073	320	2003650	14327	336	2105564	13591	351	2201647	13113	367	2305160	12878	382	2402780	12420	398	2506374	12420	413	2603227	12420	429	2706691	12420	444	2803374	12420	460	2906463	12420	475	3003217	12182	491	3106410	12182	506	3203539	12182	522	3306820	12182	537	3403815	12182	552	3500755	12182	
16	101841	48646	32	202672	47180	48	302978	45312	64	403891	43813	80	505137	42553	95	601031	41804	111	703629	40552	127	802558	38199	143	901827	36156	159	1001541	34372	175	1102168	32596	191	1200713	29793	208	1306471	27226	223	1401335	25452	239	1502879	23329	255	1601346	20831	272	1705121	18335	288	1804297	16120	304	1904495	13870	320	2005961	12924	335	2102171	12924	351	2205355	12701	366	2301459	12701	382	2404372	12466	397	2501263	12466	413	2604131	12466	428	2700588	12466	444	2803505	12228	459	2901152	12228	475	3004232	11992	490	3100963	11992	506	3204423	11992	521	3301555	11992	537	3404944	11992	552	3501587	11992	
16	102613	48100	33	205811	45061	49	304330	42533	65	404121	40241	81	503394	38165	98	606297	35124	114	704882	32638	130	803309	29656	146	901464	26881	162	1000571	24367	178	1100794	21868	195	1206720	19615	210	1301011	18103	226	1402306	16607	242	1501969	14627	258	1602875	12937	274	1705455	12453	289	1802350	12219	305	1906145	12000	320	2004076	11544	335	2101255	11114	351	2204683	11114	366	2301855	11114	382	2405205	10634	397	2501901	10413	413	2604950	10413	428	2701546	10413	444	2804540	10413	459	2901543	10413	475	3004521	10413	490	3100900	10413	506	3203643	10413	522	3306587	10413	537	3403502	10413	552	3500620	10413	
16	100757	48364	32	201113	46603	48	301326	45313	64	400989	43054	80	500551	40500	97	604148	38183	113	702561	35865	129	801052	32843	146	905006	29838	162	1004433	28106	178	1103472	26321	194	1202382	24542	210	1301412	22526	227	1406460	20205	243	1505901	17390	259	1604533	14616	275	1705567	13157	290	1801830	11990	306	1904226	11535	322	2006583	10827	337	2103264	10611	353	2206033	10406	368	2302413	10406	384	2405082	10406	399	2501835	10188	415	2604847	10188	430	2701704	10188	446	2804895	10188	461	2902559	10188	477	3005937	10188	492	3102883	10188	508	3205811	10188	523	3302514	10188	539	3405334	10188	554	3501726	10188	
16	102069	49094	32	205153	48338	48	305913	46567	64	405805	44508	80	506750	42959	96	606047	41224	112	706236	39195	128	804104	37135	144	902318	35191	160	1002004	33623	176	1103332	32140	192	1205164	31118	208	1305464	29557	224	1404762	27325	240	1505524	25493	256	1604986	23013	272	1703962	20733	288	1802503	19210	304	1901757	17212	320	2001181	15272	336	2103324	14340	352	2205913	13610	367	2303175	13610	383	2406400	12908	398	2503202	12196	413	2601324	11963	429	2705090	11492	444	2803147	11492	459	2900995	11492	475	3005753	11492	490	3103501	11492	505	3201321	11492	521	3305514	11492	536	3403480	11492	551	3501397	11492	
