wersja nr 2;wspolczynnik mutacji 0.200000;wielkosc populacji 10
1539	100066	670	3059	200063	139	4572	300024	44	6087	400060	44	7591	500027	44	9094	600029	44	10606	700033	44	12123	800033	44	13633	900017	44	15144	1000032	44	16647	1100005	44	18159	1200071	44	19669	1300048	44	21186	1400059	44	22705	1500019	44	24215	1600023	44	25697	1700043	44	27210	1800039	44	28680	1900063	44	30183	2000048	44	31689	2100063	44	33194	2200066	44	34696	2300029	44	36209	2400068	44	37713	2500067	44	39231	2600042	44	40737	2700052	44	42251	2800019	44	43760	2900070	44	45278	3000027	44	46778	3100041	44	48288	3200020	44	49795	3300059	44	51298	3400012	44	52817	3500026	44	
1553	100055	650	3076	200027	142	4572	300038	44	6085	400048	44	7593	500036	44	9112	600036	44	10627	700016	44	12137	800028	44	13655	900022	44	15167	1000025	44	16666	1100020	44	18175	1200028	44	19684	1300063	44	21189	1400059	44	22699	1500024	44	24210	1600043	44	25719	1700013	44	27219	1800005	44	28722	1900049	44	30215	2000046	44	31718	2100036	44	33226	2200035	44	34741	2300008	44	36253	2400027	44	37764	2500026	44	39285	2600027	44	40801	2700030	44	42315	2800052	44	43830	2900046	44	45342	3000045	44	46841	3100024	44	48349	3200023	44	49854	3300028	44	51348	3400045	44	52853	3500066	44	
1548	100041	660	3077	200036	130	4591	300009	44	6106	400006	44	7614	500057	44	9122	600032	44	10611	700009	44	12108	800056	44	13618	900026	44	15112	1000065	44	16630	1100007	44	18142	1200057	44	19659	1300010	44	21165	1400016	44	22658	1500036	44	24166	1600031	44	25668	1700008	44	27187	1800005	44	28697	1900056	44	30210	2000041	44	31721	2100017	44	33234	2200023	44	34743	2300040	44	36254	2400016	44	37763	2500026	44	39276	2600061	44	40784	2700022	44	42298	2800035	44	43802	2900020	44	45312	3000005	44	46825	3100034	44	48331	3200057	44	49855	3300013	44	51369	3400056	44	52878	3500039	44	
1533	100043	689	3043	200053	166	4548	300044	44	6055	400030	44	7542	500059	44	9054	600010	44	10564	700059	44	12068	800029	44	13574	900034	44	15083	1000045	44	16602	1100069	44	18111	1200017	44	19624	1300050	44	21129	1400031	44	22638	1500007	44	24144	1600035	44	25652	1700012	44	27167	1800009	44	28665	1900046	44	30175	2000022	44	31682	2100058	44	33182	2200034	44	34689	2300055	44	36191	2400061	44	37686	2500015	44	39192	2600046	44	40702	2700027	44	42192	2800032	44	43702	2900011	44	45216	3000044	44	46735	3100008	44	48221	3200072	44	49721	3300025	44	51216	3400032	44	52733	3500034	44	
1529	100028	677	3050	200044	157	4570	300010	44	6087	400060	44	7605	500069	44	9110	600045	44	10612	700018	44	12126	800040	44	13631	900013	44	15139	1000069	44	16650	1100040	44	18155	1200014	44	19651	1300052	44	21156	1400047	44	22665	1500062	44	24180	1600008	44	25683	1700019	44	27190	1800010	44	28693	1900035	44	30205	2000068	44	31711	2100070	44	33218	2200043	44	34733	2300033	44	36239	2400048	44	37754	2500003	44	39270	2600052	44	40782	2700027	44	42291	2800063	44	43803	2900018	44	45321	3000026	44	46832	3100031	44	48350	3200061	44	49858	3300010	44	51370	3400043	44	52876	3500053	44	
1597	100018	524	3185	200025	46	4756	300049	46	6329	400060	46	7901	500058	46	9480	600022	46	11044	700046	46	12625	800018	46	14207	900031	46	15788	1000058	46	17359	1100013	46	18947	1200012	46	20519	1300027	46	22090	1400009	46	23678	1500057	46	25264	1600032	46	26844	1700005	46	28425	1800005	46	30007	1900021	46	31582	2000018	46	33154	2100058	46	34722	2200013	46	36280	2300020	46	37864	2400047	46	39445	2500006	46	41029	2600018	46	42604	2700025	46	44182	2800009	46	45755	2900007	46	47331	3000011	46	48919	3100009	46	50496	3200012	46	52078	3300046	46	53659	3400048	46	55222	3500020	46	
1605	100030	528	3175	200066	46	4753	300018	46	6323	400017	46	7905	500027	46	9471	600038	46	11054	700030	46	12623	800012	46	14193	900014	46	15730	1000017	46	17308	1100032	46	18890	1200012	46	20470	1300051	46	22047	1400038	46	23623	1500042	46	25190	1600061	46	26758	1700037	46	28328	1800004	46	29906	1900057	46	31485	2000049	46	33068	2100064	46	34638	2200034	46	36217	2300042	46	37779	2400032	46	39354	2500063	46	40927	2600009	46	42503	2700052	46	44080	2800053	46	45628	2900059	46	47194	3000015	46	48773	3100057	46	50344	3200052	46	51921	3300064	46	53495	3400062	46	55084	3500003	46	
1601	100004	549	3188	200049	46	4773	300030	46	6339	400050	46	7922	500014	46	9499	600015	46	11067	700044	46	12643	800052	46	14215	900032	46	15794	1000067	46	17372	1100039	46	18955	1200037	46	20527	1300013	46	22107	1400011	46	23677	1500007	46	25249	1600032	46	26825	1700008	46	28406	1800033	46	29978	1900052	46	31538	2000011	46	33102	2100036	46	34685	2200056	46	36268	2300033	46	37844	2400065	46	39419	2500041	46	41003	2600060	46	42576	2700028	46	44158	2800061	46	45745	2900055	46	47326	3000062	46	48900	3100043	46	50479	3200004	46	52060	3300006	46	53632	3400028	46	55197	3500069	46	
1588	100046	531	3166	200063	47	4750	300032	46	6322	400055	46	7901	500047	46	9481	600048	46	11047	700004	46	12595	800054	46	14150	900016	46	15727	1000008	46	17307	1100005	46	18884	1200047	46	20462	1300006	46	22035	1400048	46	23616	1500034	46	25184	1600023	46	26743	1700069	46	28323	1800012	46	29901	1900066	46	31463	2000024	46	33041	2100009	46	34603	2200044	46	36179	2300021	46	37756	2400036	46	39331	2500031	46	40898	2600012	46	42484	2700054	46	44061	2800026	46	45630	2900015	46	47199	3000020	46	48781	3100013	46	50360	3200006	46	51939	3300018	46	53506	3400052	46	55089	3500053	46	
1602	100043	536	3184	200060	49	4747	300035	46	6328	400056	46	7904	500039	46	9467	600037	46	11049	700047	46	12625	800013	46	14204	900065	46	15782	1000050	46	17359	1100018	46	18942	1200036	46	20522	1300056	46	22099	1400026	46	23681	1500063	46	25255	1600011	46	26838	1700063	46	28411	1800040	46	29986	1900025	46	31562	2000013	46	33145	2100014	46	34723	2200033	46	36299	2300051	46	37878	2400040	46	39450	2500045	46	41035	2600064	46	42616	2700022	46	44199	2800018	46	45777	2900056	46	47354	3000026	46	48932	3100050	46	50511	3200004	46	52089	3300013	46	53650	3400011	46	55231	3500017	46	
500	100022	4666	1010	200052	4150	1525	300163	3613	2038	400128	3120	2550	500185	2677	3056	600052	2276	3567	700017	1904	4075	800063	1584	4581	900030	1271	5087	1000162	992	5590	1100036	776	6094	1200050	581	6596	1300094	429	7089	1400102	310	7586	1500145	245	8077	1600078	216	8569	1700037	200	9057	1800034	200	9548	1900176	200	10041	2000153	200	10528	2100129	200	11014	2200158	200	11508	2300181	200	11996	2400144	200	12486	2500196	200	12978	2600136	200	13473	2700160	200	13960	2800108	200	14458	2900138	200	14955	3000050	200	15450	3100188	200	15939	3200039	200	16436	3300045	200	16932	3400155	200	17429	3500031	200	
515	100015	4668	1018	200025	4173	1528	300052	3655	2042	400030	3161	2554	500078	2719	3060	600116	2333	3566	700045	1963	4073	800193	1622	4577	900111	1307	5086	1000129	1032	5590	1100117	801	6094	1200210	596	6590	1300084	426	7083	1400164	302	7580	1500015	240	8077	1600131	213	8572	1700132	203	9064	1800092	200	9558	1900090	200	10055	2000051	200	10547	2100034	200	11037	2200191	200	11530	2300082	200	12023	2400168	200	12513	2500146	200	13009	2600140	200	13502	2700115	200	13996	2800022	200	14493	2900149	200	14991	3000119	200	15487	3100186	200	15982	3200162	200	16477	3300175	200	16970	3400102	200	17465	3500043	200	
510	100164	4648	1018	200058	4127	1532	300165	3630	2043	400158	3163	2554	500123	2719	3066	600187	2329	3573	700188	1968	4080	800179	1625	4588	900141	1317	5092	1000197	1039	5597	1100185	802	6099	1200115	615	6600	1300082	433	7099	1400161	320	7600	1500086	252	8094	1600141	219	8586	1700168	200	9083	1800174	200	9578	1900158	200	10072	2000105	200	10569	2100125	200	11061	2200176	200	11554	2300055	200	12047	2400188	200	12539	2500213	200	13036	2600099	200	13532	2700097	200	14028	2800019	200	14525	2900067	200	15022	3000065	200	15517	3100049	200	16014	3200036	200	16511	3300079	200	17005	3400050	200	17500	3500199	200	
508	100215	4640	1023	200157	4117	1536	300277	3612	2046	400189	3135	2555	500196	2681	3065	600150	2269	3569	700055	1901	4076	800158	1570	4586	900103	1227	5093	1000044	958	5599	1100064	725	6098	1200135	545	6593	1300140	405	7090	1400028	293	7586	1500065	230	8083	1600027	205	8577	1700127	200	9067	1800037	200	9563	1900039	200	10060	2000150	200	10554	2100024	200	11046	2200030	200	11539	2300201	200	12028	2400121	200	12521	2500065	200	13018	2600159	200	13514	2700144	200	14007	2800065	200	14497	2900127	200	14989	3000104	200	15486	3100145	200	15981	3200127	200	16478	3300087	200	16974	3400190	200	17470	3500202	200	
512	100172	4644	1028	200178	4111	1536	300053	3603	2047	400042	3146	2556	500106	2699	3068	600204	2307	3572	700119	1952	4079	800137	1619	4583	900069	1320	5088	1000076	1042	5595	1100200	819	6097	1200128	609	6597	1300059	448	7094	1400105	329	7592	1500102	243	8086	1600051	204	8572	1700201	200	9068	1800079	200	9564	1900058	200	10057	2000018	200	10549	2100145	200	11040	2200021	200	11526	2300112	200	12019	2400178	200	12514	2500165	200	13007	2600163	200	13502	2700027	200	13992	2800213	200	14486	2900172	200	14974	3000191	200	15468	3100033	200	15966	3200146	200	16463	3300050	200	16948	3400060	200	17441	3500163	200	
525	100110	4486	1050	200192	3952	1577	300041	3374	2099	400108	2841	2622	500085	2333	3143	600175	1790	3662	700071	1306	4174	800147	896	4678	900177	599	5189	1000221	405	5698	1100080	270	6203	1200063	217	6708	1300081	206	7215	1400107	205	7717	1500162	205	8220	1600085	205	8721	1700115	205	9224	1800173	205	9727	1900076	205	10231	2000120	205	10734	2100093	205	11239	2200053	205	11744	2300040	205	12248	2400197	205	12751	2500075	205	13249	2600145	205	13749	2700173	205	14252	2800158	205	14755	2900089	205	15260	3000168	205	15763	3100198	205	16255	3200086	205	16759	3300120	205	17263	3400164	205	17767	3500110	205	
524	100193	4496	1049	200040	3929	1576	300041	3353	2099	400183	2790	2621	500083	2240	3145	600054	1760	3664	700141	1300	4179	800164	935	4698	900078	607	5212	1000199	383	5722	1100085	259	6228	1200087	217	6734	1300188	205	7237	1400167	205	7737	1500111	205	8239	1600044	205	8737	1700016	205	9233	1800017	205	9738	1900117	205	10242	2000155	205	10742	2100101	205	11235	2200024	205	11735	2300217	205	12236	2400020	205	12737	2500073	205	13242	2600158	205	13747	2700065	205	14248	2800162	205	14748	2900071	205	15248	3000064	205	15746	3100049	205	16253	3200140	205	16758	3300134	205	17258	3400111	205	17761	3500137	205	
524	100109	4482	1044	200164	3904	1568	300155	3335	2093	400030	2815	2620	500188	2243	3133	600027	1743	3648	700208	1259	4163	800045	843	4680	900140	527	5193	1000077	344	5704	1100215	243	6207	1200064	213	6705	1300049	205	7205	1400084	205	7711	1500064	205	8209	1600071	205	8712	1700071	205	9203	1800021	205	9700	1900113	205	10196	2000198	205	10692	2100206	205	11192	2200100	205	11699	2300108	205	12199	2400060	205	12701	2500180	205	13205	2600107	205	13707	2700121	205	14206	2800150	205	14706	2900044	205	15207	3000152	205	15705	3100161	205	16204	3200202	205	16703	3300030	205	17207	3400037	205	17712	3500058	205	
525	100049	4474	1045	200049	3941	1569	300167	3401	2093	400047	2849	2614	500084	2310	3137	600202	1786	3656	700182	1293	4171	800147	879	4686	900024	556	5197	1000016	371	5709	1100171	277	6217	1200146	232	6724	1300160	210	7220	1400104	205	7719	1500037	205	8217	1600079	205	8723	1700192	205	9224	1800087	205	9720	1900048	205	10221	2000181	205	10723	2100199	205	11225	2200132	205	11730	2300148	205	12225	2400027	205	12728	2500065	205	13230	2600083	205	13731	2700053	205	14228	2800070	205	14729	2900174	205	15232	3000022	205	15736	3100171	205	16236	3200174	205	16738	3300105	205	17242	3400172	205	17737	3500084	205	
522	100025	4498	1045	200207	3963	1570	300085	3400	2092	400094	2849	2614	500074	2335	3134	600143	1806	3652	700141	1333	4164	800019	915	4675	900200	602	5186	1000189	377	5690	1100091	252	6194	1200018	216	6698	1300125	205	7202	1400189	205	7702	1500141	205	8208	1600172	205	8712	1700038	205	9218	1800210	205	9721	1900056	205	10226	2000126	205	10731	2100119	205	11234	2200083	205	11731	2300081	205	12228	2400095	205	12732	2500134	205	13234	2600129	205	13733	2700152	205	14233	2800145	205	14739	2900156	205	15241	3000099	205	15746	3100202	205	16251	3200148	205	16753	3300102	205	17258	3400103	205	17763	3500078	205	
113	100723	25020	226	200916	24765	339	300562	24504	452	400087	24227	566	500946	24004	680	600747	23757	793	700699	23515	906	800535	23266	1018	900830	23005	1130	1000460	22758	1243	1100624	22499	1356	1200129	22267	1470	1300708	22027	1583	1400903	21782	1695	1500515	21567	1808	1600492	21312	1921	1700400	21066	2035	1800864	20820	2148	1900784	20569	2259	2000340	20327	2373	2100609	20093	2486	2200853	19863	2599	2300915	19629	2712	2400326	19401	2825	2500228	19160	2939	2600852	18922	3052	2700649	18711	3165	2800894	18501	3277	2900152	18269	3390	3000379	18051	3503	3100454	17849	3616	3200539	17622	3730	3300897	17406	3842	3400213	17205	3956	3500593	16992	
113	100315	25023	227	200718	24749	340	300261	24504	453	400398	24229	565	500303	23972	677	600487	23711	791	700618	23451	906	800652	23213	1019	900347	22945	1133	1000704	22713	1246	1100703	22478	1360	1200895	22204	1473	1300711	21955	1586	1400505	21722	1699	1500785	21472	1812	1600870	21243	1925	1700748	20982	2038	1800481	20744	2151	1900684	20505	2264	2000362	20292	2377	2100094	20064	2491	2200865	19837	2603	2300176	19619	2717	2400450	19381	2830	2500153	19157	2943	2600094	18937	3057	2700482	18710	3170	2800553	18479	3282	2900299	18246	3396	3000656	18025	3509	3100206	17828	3622	3200120	17600	3736	3300192	17380	3849	3400349	17160	3959	3500256	16974	
113	100782	25010	225	200766	24748	338	300270	24498	452	400830	24251	564	500333	23984	678	600630	23707	791	700098	23439	905	800841	23184	1017	900142	22954	1131	1000846	22689	1245	1100866	22443	1357	1200522	22207	1470	1300153	21949	1584	1400946	21695	1697	1500887	21461	1810	1600844	21211	1923	1700625	20945	2036	1800208	20708	2151	1900893	20452	2263	2000247	20208	2376	2100710	19974	2489	2200945	19729	2602	2300377	19498	2715	2400492	19259	2829	2500768	19042	2942	2600820	18832	3055	2700783	18593	3168	2800832	18364	3281	2900696	18130	3392	3000583	17907	3504	3100239	17682	3617	3200284	17465	3731	3300488	17266	3843	3400224	17064	3955	3500908	16847	
113	100286	25005	227	200746	24736	339	300241	24474	453	400951	24218	566	500640	23966	679	600593	23717	793	700915	23464	906	800497	23191	1019	900145	22926	1133	1000857	22647	1245	1100294	22426	1358	1200242	22200	1471	1300408	21941	1584	1400400	21729	1697	1500130	21491	1810	1600341	21244	1922	1700137	20991	2036	1800909	20768	2149	1900871	20533	2259	2000829	20305	2371	2100864	20113	2483	2200277	19885	2595	2300178	19638	2709	2400761	19408	2821	2500435	19197	2934	2600366	18951	3047	2700521	18719	3159	2800343	18498	3273	2900841	18274	3386	3000612	18065	3499	3100250	17861	3612	3200237	17665	3725	3300258	17447	3836	3400182	17257	3949	3500622	17064	
114	100216	25003	228	200210	24756	340	300186	24508	454	400675	24230	567	500635	23993	679	600378	23758	791	700205	23523	905	800216	23277	1018	900172	23024	1131	1000841	22782	1245	1100801	22534	1359	1200936	22266	1471	1300776	22039	1584	1400460	21753	1696	1500801	21516	1809	1600823	21294	1920	1700783	21057	2033	1800549	20808	2145	1900098	20574	2259	2000663	20319	2371	2100184	20121	2484	2200114	19898	2598	2300355	19675	2710	2400649	19445	2822	2500357	19226	2936	2600260	19004	3049	2700740	18743	3161	2800758	18511	3274	2900838	18297	3387	3000584	18084	3499	3100216	17878	3613	3200961	17668	3725	3300682	17461	3838	3400933	17264	3950	3500678	17058	
116	100621	24940	231	200952	24683	345	300336	24431	460	400302	24170	574	500932	23974	688	600227	23728	804	700719	23493	918	800758	23253	1033	900749	23021	1146	1000128	22765	1260	1100434	22522	1374	1200538	22260	1488	1300806	22029	1601	1400148	21796	1716	1500296	21551	1830	1600206	21312	1945	1700586	21033	2059	1800749	20791	2174	1900450	20522	2289	2000596	20275	2403	2100285	20028	2519	2200901	19748	2633	2300359	19492	2747	2400920	19265	2861	2500741	19040	2974	2600504	18783	3088	2700282	18541	3201	2800828	18271	3316	2900920	17978	3429	3000107	17730	3542	3100215	17518	3657	3200489	17280	3772	3300412	17056	3886	3400900	16841	4000	3500434	16583	
115	100745	24970	230	200725	24735	344	300474	24501	459	400650	24257	573	500188	24038	688	600607	23800	802	700748	23537	915	800111	23305	1029	900720	23073	1143	1000406	22845	1256	1100167	22637	1371	1200450	22414	1485	1300493	22186	1600	1400735	21953	1715	1500893	21711	1829	1600527	21454	1944	1700777	21207	2058	1800541	20953	2172	1900439	20692	2287	2000545	20440	2401	2100818	20180	2515	2200401	19922	2630	2300688	19650	2744	2400117	19384	2859	2500358	19145	2974	2600945	18912	3088	2700470	18671	3201	2800546	18453	3314	2900450	18200	3429	3000960	17957	3542	3100645	17741	3652	3200347	17512	3766	3300552	17283	3880	3400487	17049	3994	3500627	16807	
115	100176	24949	230	200200	24702	344	300502	24462	458	400485	24222	573	500652	23980	687	600196	23736	802	700745	23523	916	800711	23292	1031	900754	23079	1144	1000126	22839	1259	1100391	22624	1374	1200209	22387	1488	1300680	22151	1602	1400516	21867	1716	1500353	21648	1831	1600701	21408	1943	1700555	21175	2058	1800492	20953	2173	1900716	20735	2286	2000595	20529	2398	2100234	20317	2512	2200195	20070	2626	2300529	19809	2741	2400877	19578	2855	2500675	19346	2969	2600603	19111	3082	2700088	18879	3197	2800641	18641	3311	2900881	18379	3425	3000330	18144	3540	3100598	17894	3654	3200766	17647	3768	3300343	17422	3883	3400398	17178	3998	3500748	16922	
113	100724	24941	227	200555	24698	341	300645	24479	454	400610	24242	568	500630	24026	681	600176	23800	797	700803	23578	910	800284	23323	1024	900456	23083	1138	1000551	22814	1253	1100317	22574	1366	1200300	22359	1481	1300107	22089	1596	1400676	21849	1711	1500883	21614	1825	1600718	21349	1939	1700138	21102	2054	1800716	20855	2168	1900499	20607	2282	2000861	20375	2397	2100283	20145	2511	2200418	19938	2626	2300791	19720	2741	2400383	19498	2855	2500863	19278	2968	2600357	19040	3082	2700087	18799	3196	2800121	18568	3311	2900504	18315	3426	3000726	18080	3540	3100371	17867	3654	3200207	17630	3769	3300705	17374	3882	3400121	17136	3995	3500552	16899	
114	100706	24957	228	200688	24705	341	300321	24471	453	400363	24249	567	500358	24016	682	600569	23784	794	700435	23556	908	800618	23329	1022	900362	23102	1137	1000184	22865	1251	1100211	22619	1366	1200122	22390	1481	1300901	22160	1595	1400329	21872	1710	1500715	21628	1824	1600755	21400	1939	1700135	21130	2052	1800136	20901	2167	1900092	20679	2282	2000378	20429	2396	2100576	20208	2510	2200133	19991	2625	2300195	19754	2741	2400395	19512	2856	2500491	19268	2971	2600113	19044	3086	2700189	18811	3201	2800740	18578	3315	2900683	18317	3430	3000899	18058	3544	3100458	17818	3659	3200807	17586	3772	3300105	17346	3885	3400145	17153	3999	3500984	16896	
1813	100004	47	3635	200015	47	5440	300006	47	7251	400057	47	9076	500052	47	10887	600012	47	12696	700019	47	14489	800035	47	16300	900022	47	18107	1000045	47	19926	1100046	47	21739	1200043	47	23557	1300006	47	25377	1400042	47	27193	1500040	47	29006	1600039	47	30809	1700021	47	32623	1800034	47	34427	1900038	47	36241	2000032	47	38046	2100033	47	39851	2200046	47	41647	2300060	47	43451	2400035	47	45256	2500023	47	47064	2600035	47	48871	2700013	47	50684	2800020	47	52504	2900008	47	54297	3000021	47	56108	3100050	47	57925	3200053	47	59745	3300004	47	61564	3400016	47	63383	3500055	47	
1819	100042	47	3633	200046	47	5435	300042	47	7244	400028	47	9041	500015	47	10843	600037	47	12651	700042	47	14459	800029	47	16260	900003	47	18066	1000025	47	19884	1100041	47	21704	1200035	47	23511	1300017	47	25320	1400041	47	27128	1500013	47	28923	1600003	47	30731	1700021	47	32537	1800009	47	34336	1900050	47	36147	2000050	47	37967	2100054	47	39766	2200048	47	41585	2300035	47	43398	2400018	47	45213	2500010	47	47024	2600035	47	48835	2700007	47	50646	2800040	47	52444	2900049	47	54250	3000043	47	56054	3100051	47	57874	3200025	47	59686	3300041	47	61503	3400031	47	63312	3500020	47	
1818	100033	47	3637	200019	47	5450	300042	47	7263	400040	47	9082	500013	47	10889	600049	47	12706	700015	47	14506	800012	47	16305	900032	47	18115	1000035	47	19929	1100048	47	21738	1200031	47	23546	1300041	47	25355	1400005	47	27152	1500033	47	28965	1600051	47	30771	1700014	47	32587	1800044	47	34392	1900050	47	36200	2000025	47	38012	2100026	47	39820	2200008	47	41633	2300008	47	43446	2400028	47	45262	2500031	47	47066	2600023	47	48869	2700015	47	50663	2800028	47	52465	2900054	47	54269	3000015	47	56074	3100018	47	57891	3200029	47	59698	3300026	47	61498	3400051	47	63310	3500022	47	
1812	100046	47	3618	200006	47	5420	300046	47	7231	400012	47	9041	500018	47	10853	600027	47	12666	700013	47	14467	800020	47	16292	900048	47	18106	1000054	47	19907	1100025	47	21729	1200009	47	23538	1300040	47	25355	1400011	47	27168	1500004	47	28976	1600052	47	30782	1700043	47	32606	1800008	47	34412	1900029	47	36239	2000054	47	38058	2100010	47	39872	2200050	47	41671	2300043	47	43485	2400028	47	45298	2500002	47	47107	2600033	47	48909	2700006	47	50721	2800013	47	52532	2900031	47	54339	3000048	47	56137	3100053	47	57935	3200008	47	59742	3300019	47	61547	3400031	47	63372	3500035	47	
1824	100045	47	3641	200029	47	5459	300056	47	7264	400012	47	9076	500032	47	10882	600008	47	12697	700053	47	14502	800049	47	16313	900054	47	18127	1000033	47	19938	1100044	47	21750	1200048	47	23536	1300039	47	25330	1400007	47	27148	1500006	47	28959	1600013	47	30762	1700051	47	32567	1800018	47	34381	1900033	47	36183	2000015	47	37996	2100008	47	39810	2200020	47	41627	2300025	47	43436	2400003	47	45248	2500057	47	47057	2600024	47	48872	2700036	47	50682	2800007	47	52482	2900033	47	54292	3000007	47	56104	3100043	47	57915	3200054	47	59705	3300013	47	61515	3400025	47	63318	3500015	47	
2015	100022	53	4033	200048	53	6049	300027	53	8064	400021	53	10081	500030	53	12093	600005	53	14119	700033	53	16135	800004	53	18152	900016	53	20159	1000010	53	22167	1100020	53	24184	1200006	53	26203	1300021	53	28217	1400048	53	30225	1500008	53	32246	1600012	53	34267	1700020	53	36282	1800024	53	38297	1900049	53	40312	2000009	53	42329	2100023	53	44348	2200021	53	46364	2300015	53	48381	2400004	53	50393	2500039	53	52404	2600007	53	54423	2700025	53	56442	2800034	53	58462	2900025	53	60484	3000031	53	62496	3100045	53	64510	3200052	53	66527	3300039	53	68550	3400027	53	70564	3500013	53	
2025	100013	53	4042	200033	53	6044	300022	53	8068	400009	53	10091	500049	53	12098	600022	53	14113	700051	53	16126	800008	53	18138	900015	53	20156	1000024	53	22169	1100047	53	24177	1200038	53	26182	1300034	53	28193	1400014	53	30214	1500046	53	32231	1600045	53	34237	1700020	53	36250	1800017	53	38273	1900038	53	40288	2000041	53	42308	2100039	53	44326	2200008	53	46343	2300008	53	48364	2400005	53	50376	2500004	53	52395	2600038	53	54403	2700021	53	56420	2800023	53	58425	2900014	53	60444	3000004	53	62467	3100009	53	64477	3200045	53	66487	3300011	53	68386	3400042	53	70339	3500036	53	
2009	100031	53	4030	200040	53	6034	300015	53	8033	400013	53	10044	500036	53	12056	600037	53	14071	700032	53	16075	800005	53	18096	900007	53	20114	1000043	53	22131	1100022	53	24148	1200032	53	26157	1300024	53	28159	1400014	53	30162	1500012	53	32170	1600004	53	34186	1700037	53	36194	1800014	53	38208	1900031	53	40223	2000014	53	42222	2100027	53	44252	2200010	53	46271	2300002	53	48287	2400004	53	50306	2500035	53	52313	2600041	53	54320	2700041	53	56344	2800037	53	58365	2900019	53	60383	3000020	53	62407	3100049	53	64429	3200023	53	66446	3300035	53	68447	3400010	53	70461	3500032	53	
2013	100011	53	4032	200018	53	6044	300050	53	8060	400004	53	10079	500038	53	12104	600032	53	14104	700052	53	16105	800006	53	18115	900023	53	20120	1000019	53	22125	1100014	53	24138	1200047	53	26144	1300026	53	28162	1400004	53	30174	1500019	53	32185	1600011	53	34197	1700027	53	36217	1800044	53	38230	1900011	53	40241	2000041	53	42263	2100004	53	44278	2200008	53	46289	2300018	53	48291	2400017	53	50306	2500032	53	52322	2600033	53	54332	2700042	53	56347	2800042	53	58365	2900038	53	60379	3000024	53	62393	3100005	53	64398	3200016	53	66409	3300024	53	68410	3400023	53	70437	3500044	53	
2023	100016	53	4039	200008	53	6056	300024	53	8072	400040	53	10093	500002	53	12108	600023	53	14121	700041	53	16134	800030	53	18142	900045	53	20158	1000032	53	22178	1100035	53	24194	1200024	53	26208	1300056	53	28219	1400020	53	30239	1500040	53	32256	1600044	53	34268	1700016	53	36276	1800034	53	38284	1900027	53	40301	2000046	53	42314	2100019	53	44337	2200006	53	46358	2300049	53	48373	2400047	53	50396	2500036	53	52410	2600037	53	54429	2700003	53	56441	2800049	53	58460	2900034	53	60482	3000042	53	62486	3100016	53	64487	3200028	53	66478	3300045	53	68490	3400043	53	70501	3500048	53	
547	100083	194	1086	200066	191	1628	300188	191	2167	400027	191	2703	500018	191	3245	600074	191	3791	700133	191	4333	800083	191	4873	900034	191	5415	1000111	191	5952	1100043	191	6486	1200072	191	7030	1300045	191	7573	1400151	191	8112	1500196	191	8655	1600124	191	9198	1700144	191	9741	1800168	191	10284	1900124	191	10827	2000041	191	11371	2100161	191	11910	2200121	191	12448	2300057	191	12992	2400096	191	13535	2500105	191	14076	2600114	191	14619	2700130	191	15160	2800037	191	15703	2900164	191	16246	3000165	191	16785	3100178	191	17326	3200126	191	17865	3300069	191	18402	3400087	191	18943	3500030	191	
551	100020	191	1092	200045	191	1633	300017	191	2174	400148	191	2716	500032	191	3258	600164	191	3801	700034	191	4342	800130	191	4884	900037	191	5422	1000021	191	5960	1100110	191	6504	1200070	191	7039	1300170	191	7579	1400155	191	8122	1500045	191	8664	1600185	191	9202	1700074	191	9745	1800196	191	10283	1900035	191	10825	2000019	191	11369	2100161	191	11911	2200162	191	12453	2300156	191	12994	2400184	191	13527	2500181	191	14067	2600126	191	14609	2700152	191	15146	2800048	191	15688	2900129	191	16230	3000121	191	16770	3100137	191	17313	3200187	191	17854	3300123	191	18397	3400145	191	18939	3500120	191	
537	100144	193	1076	200097	191	1618	300023	191	2159	400048	191	2704	500129	191	3237	600186	191	3780	700018	191	4321	800029	191	4863	900111	191	5401	1000176	191	5938	1100102	191	6482	1200065	191	7019	1300103	191	7562	1400101	191	8102	1500054	191	8646	1600086	191	9190	1700080	191	9732	1800069	191	10273	1900113	191	10817	2000112	191	11360	2100186	191	11897	2200080	191	12438	2300088	191	12976	2400047	191	13509	2500170	191	14049	2600206	191	14587	2700017	191	15127	2800039	191	15666	2900143	191	16202	3000145	191	16743	3100194	191	17287	3200131	191	17826	3300052	191	18367	3400097	191	18907	3500139	191	
546	100056	191	1087	200167	191	1627	300034	191	2168	400155	191	2708	500187	191	3251	600194	191	3785	700106	191	4327	800075	191	4870	900189	191	5411	1000199	191	5948	1100079	191	6485	1200080	191	7026	1300127	191	7569	1400016	191	8110	1500104	191	8645	1600031	191	9189	1700047	191	9733	1800109	191	10275	1900141	191	10811	2000181	191	11350	2100122	191	11895	2200098	191	12437	2300021	191	12979	2400163	191	13515	2500017	191	14055	2600022	191	14597	2700185	191	15138	2800098	191	15682	2900094	191	16226	3000134	191	16771	3100016	191	17311	3200068	191	17855	3300189	191	18394	3400134	191	18933	3500090	191	
547	100026	194	1082	200104	191	1614	300068	191	2154	400148	191	2697	500174	191	3238	600025	191	3777	700047	191	4313	800059	191	4854	900053	191	5391	1000081	191	5936	1100131	191	6477	1200148	191	7019	1300084	191	7554	1400139	191	8095	1500096	191	8635	1600165	191	9180	1700176	191	9721	1800130	191	10263	1900043	191	10801	2000187	191	11341	2100102	191	11880	2200133	191	12422	2300122	191	12960	2400135	191	13504	2500176	191	14043	2600040	191	14580	2700182	191	15113	2800132	191	15652	2900140	191	16193	3000144	191	16730	3100138	191	17271	3200074	191	17809	3300173	191	18349	3400160	191	18895	3500157	191	
591	100143	194	1179	200108	194	1763	300067	194	2340	400031	194	2926	500154	194	3513	600044	194	4095	700091	194	4677	800177	194	5261	900177	194	5840	1000066	194	6415	1100051	194	7000	1200138	194	7576	1300176	194	8158	1400056	194	8743	1500088	194	9324	1600158	194	9906	1700089	194	10487	1800015	194	11068	1900087	194	11647	2000060	194	12229	2100051	194	12810	2200161	194	13391	2300174	194	13978	2400114	194	14566	2500051	194	15150	2600023	194	15730	2700093	194	16314	2800060	194	16898	2900141	194	17477	3000162	194	18059	3100136	194	18645	3200072	194	19228	3300157	194	19813	3400125	194	20397	3500035	194	
587	100020	194	1173	200137	194	1755	300024	194	2344	400171	194	2922	500133	194	3491	600049	194	4070	700108	194	4653	800180	194	5234	900093	194	5815	1000121	194	6395	1100183	194	6978	1200163	194	7561	1300083	194	8146	1400137	194	8731	1500108	194	9312	1600178	194	9896	1700107	194	10480	1800038	194	11062	1900176	194	11645	2000168	194	12226	2100100	194	12807	2200025	194	13390	2300174	194	13968	2400018	194	14557	2500106	194	15145	2600052	194	15729	2700142	194	16307	2800054	194	16889	2900017	194	17472	3000024	194	18054	3100049	194	18634	3200054	194	19218	3300039	194	19800	3400028	194	20384	3500098	194	
591	100074	194	1175	200156	194	1761	300173	194	2347	400144	194	2928	500176	194	3508	600052	194	4087	700168	194	4667	800060	194	5249	900142	194	5830	1000095	194	6405	1100141	194	6990	1200154	194	7570	1300139	194	8156	1400109	194	8742	1500154	194	9328	1600067	194	9913	1700091	194	10487	1800178	194	11065	1900105	194	11652	2000108	194	12233	2100170	194	12814	2200086	194	13399	2300064	194	13984	2400116	194	14565	2500141	194	15143	2600092	194	15726	2700110	194	16305	2800041	194	16885	2900093	194	17456	3000125	194	18041	3100124	194	18627	3200052	194	19210	3300150	194	19793	3400109	194	20358	3500027	194	
588	100148	194	1169	200159	194	1751	300126	194	2339	400167	194	2921	500145	194	3504	600038	194	4081	700067	194	4661	800051	194	5244	900045	194	5824	1000148	194	6405	1100164	194	6982	1200161	194	7563	1300033	194	8150	1400081	194	8737	1500056	194	9319	1600075	194	9893	1700082	194	10474	1800087	194	11062	1900179	194	11645	2000018	194	12227	2100133	194	12812	2200065	194	13398	2300044	194	13981	2400159	194	14567	2500090	194	15149	2600147	194	15723	2700066	194	16302	2800113	194	16888	2900063	194	17466	3000141	194	18046	3100089	194	18629	3200144	194	19212	3300012	194	19797	3400101	194	20385	3500059	194	
582	100111	194	1170	200129	194	1749	300075	194	2334	400022	194	2910	500164	194	3489	600093	194	4067	700132	194	4649	800102	194	5231	900053	194	5816	1000078	194	6401	1100032	194	6987	1200073	194	7569	1300056	194	8146	1400107	194	8730	1500068	194	9316	1600053	194	9898	1700124	194	10480	1800103	194	11066	1900161	194	11645	2000085	194	12229	2100124	194	12806	2200048	194	13382	2300074	194	13964	2400109	194	14550	2500034	194	15133	2600120	194	15718	2700159	194	16301	2800066	194	16881	2900060	194	17467	3000091	194	18048	3100088	194	18634	3200047	194	19217	3300043	194	19796	3400016	194	20380	3500133	194	
133	100470	1671	264	200579	1567	396	300543	1457	527	400746	1386	658	500691	1353	788	600750	1319	919	700728	1271	1049	800333	1231	1179	900323	1199	1310	1000744	1183	1439	1100698	1161	1569	1200699	1134	1700	1300566	1124	1831	1400682	1107	1960	1500794	1085	2090	1600621	1078	2218	1700224	1073	2348	1800288	1064	2477	1900625	1057	2606	2000796	1048	2736	2100139	1046	2867	2200105	1037	2996	2300566	1029	3126	2400393	1022	3257	2500343	1019	3386	2600425	1013	3516	2700234	1011	3645	2800271	1009	3774	2900198	1006	3904	3000712	1002	4032	3100088	999	4163	3200566	993	4293	3300583	991	4423	3400509	989	4551	3500426	984	
133	100388	1698	263	200065	1611	395	300606	1526	527	400510	1459	659	500362	1401	790	600234	1352	921	700341	1317	1053	800242	1281	1184	900215	1246	1315	1000749	1204	1445	1100248	1190	1576	1200405	1162	1705	1300212	1149	1836	1400808	1129	1964	1500103	1118	2093	1600258	1109	2220	1700100	1086	2350	1800490	1082	2480	1900474	1078	2611	2000352	1071	2740	2100474	1065	2871	2200798	1053	3001	2300637	1042	3132	2400512	1033	3262	2500808	1031	3391	2600708	1028	3522	2700627	1022	3652	2800624	1016	3781	2900358	1004	3911	3000457	1003	4040	3100503	992	4170	3200351	990	4300	3300129	987	4427	3400465	987	4556	3500161	985	
132	100434	1722	263	200577	1626	393	300304	1545	525	400202	1467	657	500556	1429	789	600604	1366	918	700821	1326	1048	800641	1282	1178	900240	1265	1309	1000434	1234	1440	1100368	1208	1571	1200110	1191	1702	1300711	1176	1831	1400147	1161	1961	1500269	1134	2090	1600133	1121	2220	1700199	1103	2348	1800671	1092	2476	1900261	1086	2606	2000397	1075	2737	2100410	1071	2868	2200658	1061	2996	2300245	1056	3126	2400673	1051	3256	2500442	1043	3387	2600355	1034	3517	2700274	1025	3648	2800780	1016	3777	2900306	1015	3906	3000275	1013	4036	3100194	1011	4166	3200780	1010	4296	3300478	1003	4424	3400204	1000	4550	3500333	998	
133	100087	1659	265	200711	1563	396	300268	1504	528	400566	1447	658	500354	1373	788	600601	1323	916	700153	1286	1048	800675	1248	1178	900828	1211	1309	1000511	1183	1439	1100150	1164	1568	1200417	1146	1697	1300571	1134	1826	1400446	1123	1955	1500509	1114	2084	1600599	1093	2213	1700506	1089	2343	1800128	1079	2474	1900620	1067	2604	2000450	1057	2734	2100601	1047	2863	2200476	1040	2992	2300481	1032	3121	2400670	1027	3251	2500586	1019	3380	2600636	1017	3508	2700321	1016	3638	2800801	1014	3766	2900387	1011	3895	3000138	1007	4024	3100319	1007	4153	3200357	1005	4282	3300166	1004	4411	3400214	1001	4541	3500575	1001	
133	100409	1693	264	200472	1615	396	300720	1559	527	400806	1472	658	500387	1402	789	600144	1351	919	700195	1307	1049	800369	1275	1181	900742	1244	1311	1000760	1215	1441	1100167	1197	1570	1200446	1174	1699	1300162	1145	1829	1400279	1134	1958	1500555	1121	2088	1600296	1108	2219	1700698	1101	2349	1800353	1084	2478	1900212	1068	2608	2000092	1058	2739	2100220	1048	2870	2200460	1046	2999	2300630	1038	3129	2400176	1033	3259	2500529	1027	3387	2600465	1022	3515	2700132	1018	3645	2800268	1015	3773	2900082	1013	3903	3000446	1012	4033	3100128	1000	4163	3200190	996	4292	3300468	994	4421	3400205	994	4550	3500438	992	
145	100412	1648	288	200663	1564	431	300681	1446	572	400299	1360	714	500225	1277	857	600606	1228	998	700531	1188	1138	800074	1151	1277	900710	1126	1414	1000723	1105	1554	1100179	1090	1694	1200178	1078	1834	1300179	1066	1974	1400732	1055	2113	1500493	1041	2254	1600611	1034	2394	1700307	1027	2535	1800595	1017	2675	1900432	1007	2814	2000114	1004	2955	2100106	1002	3095	2200553	996	3236	2300658	984	3376	2400681	979	3515	2500116	972	3656	2600140	965	3797	2700442	962	3934	2800515	957	4073	2900498	957	4210	3000374	954	4345	3100329	952	4482	3200164	951	4622	3300388	948	4762	3400752	947	4898	3500333	942	
144	100468	1645	285	200260	1538	428	300761	1454	569	400309	1348	711	500434	1275	853	600490	1204	994	700503	1172	1133	800228	1129	1275	900559	1104	1415	1000458	1081	1554	1100450	1071	1693	1200683	1056	1831	1300174	1048	1972	1400564	1032	2111	1500601	1011	2250	1600156	1001	2390	1700196	993	2530	1800405	989	2669	1900130	984	2808	2000141	982	2948	2100065	978	3090	2200379	973	3230	2300473	969	3369	2400278	967	3508	2500718	964	3647	2600784	958	3783	2700148	956	3922	2800562	952	4061	2900665	949	4200	3000623	948	4339	3100546	945	4478	3200724	942	4616	3300501	942	4755	3400419	939	4895	3500648	939	
141	100161	1684	283	200548	1600	426	300599	1506	567	400693	1404	708	500711	1318	848	600499	1251	989	700695	1192	1129	800198	1164	1271	900326	1126	1412	1000177	1100	1553	1100589	1087	1694	1200394	1069	1834	1300778	1049	1974	1400137	1030	2114	1500457	1015	2254	1600524	1007	2393	1700415	993	2532	1800228	989	2671	1900396	976	2810	2000367	973	2951	2100654	973	3090	2200106	964	3228	2300189	964	3367	2400347	963	3506	2500254	959	3646	2600480	958	3785	2700253	957	3925	2800572	956	4064	2900533	955	4204	3000149	950	4345	3100623	948	4485	3200756	947	4624	3300188	945	4764	3400311	944	4903	3500398	944	
143	100491	1658	286	200380	1542	428	300239	1461	570	400733	1413	712	500261	1343	854	600224	1269	995	700309	1205	1136	800369	1170	1276	900226	1147	1417	1000660	1118	1557	1100479	1093	1696	1200320	1079	1837	1300615	1054	1975	1400367	1032	2114	1500173	1016	2255	1600418	1007	2395	1700664	995	2534	1800140	984	2675	1900474	978	2817	2000731	974	2956	2100202	969	3096	2200650	963	3236	2300310	963	3376	2400738	961	3513	2500327	955	3652	2600761	953	3790	2700319	949	3929	2800277	949	4067	2900192	948	4207	3000203	946	4347	3100659	944	4486	3200297	942	4627	3300643	940	4765	3400145	939	4902	3500454	937	
142	100228	1677	285	200313	1612	429	300679	1531	572	400775	1446	714	500319	1373	853	600598	1305	993	700389	1268	1134	800164	1220	1276	900313	1167	1418	1000760	1135	1560	1100532	1111	1700	1200196	1087	1839	1300698	1073	1979	1400572	1050	2118	1500081	1043	2256	1600175	1028	2395	1700263	1016	2535	1800253	1000	2673	1900324	994	2813	2000469	986	2952	2100560	977	3089	2200233	972	3229	2300105	966	3369	2400144	964	3508	2500258	961	3648	2600387	957	3788	2700341	957	3927	2800438	955	4066	2900728	954	4204	3000405	948	4343	3100528	946	4481	3200129	943	4623	3300685	940	4762	3400416	940	4901	3500701	937	
1631	100039	1725	3269	200036	814	4888	300028	114	6491	400012	50	8087	500030	50	9687	600052	50	11294	700025	50	12900	800042	50	14512	900034	50	16122	1000039	50	17726	1100049	50	19338	1200033	50	20940	1300015	50	22556	1400054	50	24167	1500019	50	25782	1600035	50	27390	1700010	50	29007	1800039	50	30617	1900058	50	32224	2000003	50	33839	2100052	50	35449	2200015	50	37055	2300023	50	38666	2400031	50	40271	2500021	50	41891	2600049	50	43501	2700006	50	45114	2800034	50	46728	2900061	50	48331	3000050	50	49928	3100060	50	51527	3200051	50	53131	3300047	50	54747	3400038	50	56363	3500009	50	
1631	100011	1731	3259	200043	834	4880	300043	141	6492	400050	50	8107	500037	50	9708	600005	50	11311	700046	50	12919	800027	50	14522	900027	50	16125	1000025	50	17734	1100027	50	19348	1200053	50	20950	1300007	50	22558	1400027	50	24163	1500058	50	25767	1600028	50	27386	1700062	50	28999	1800046	50	30612	1900050	50	32211	2000028	50	33816	2100023	50	35417	2200040	50	37020	2300043	50	38631	2400064	50	40241	2500013	50	41857	2600050	50	43468	2700034	50	45080	2800018	50	46690	2900009	50	48285	3000065	50	49889	3100004	50	51503	3200006	50	53106	3300028	50	54724	3400006	50	56335	3500033	50	
1644	100051	1751	3289	200023	887	4907	300044	164	6512	400033	50	8115	500028	50	9726	600047	50	11329	700062	50	12938	800021	50	14562	900027	50	16173	1000014	50	17780	1100016	50	19381	1200061	50	20994	1300009	50	22606	1400058	50	24201	1500053	50	25804	1600015	50	27407	1700049	50	29016	1800050	50	30629	1900016	50	32235	2000044	50	33846	2100027	50	35457	2200062	50	37069	2300049	50	38664	2400025	50	40259	2500007	50	41860	2600038	50	43466	2700013	50	45075	2800027	50	46687	2900020	50	48310	3000039	50	49925	3100035	50	51529	3200018	50	53123	3300012	50	54725	3400007	50	56333	3500065	50	
1619	100074	1756	3252	200017	899	4883	300033	169	6504	400045	50	8124	500065	50	9727	600046	50	11333	700023	50	12943	800080	50	14542	900048	50	16139	1000083	50	17752	1100061	50	19364	1200052	50	20962	1300049	50	22568	1400005	50	24181	1500057	50	25786	1600067	50	27393	1700027	50	28994	1800010	50	30603	1900027	50	32199	2000059	50	33812	2100041	50	35424	2200006	50	37031	2300014	50	38642	2400078	50	40249	2500066	50	41848	2600045	50	43450	2700071	50	45061	2800012	50	46670	2900051	50	48284	3000018	50	49893	3100060	50	51485	3200033	50	53082	3300018	50	54686	3400039	50	56285	3500035	50	
1637	100056	1750	3269	200015	852	4894	300004	158	6505	400030	50	8099	500035	50	9706	600010	50	11306	700047	50	12920	800006	50	14528	900058	50	16138	1000031	50	17759	1100016	50	19369	1200050	50	20980	1300065	50	22576	1400050	50	24192	1500055	50	25800	1600038	50	27415	1700033	50	29023	1800013	50	30642	1900056	50	32249	2000010	50	33847	2100039	50	35453	2200008	50	37049	2300003	50	38656	2400052	50	40259	2500054	50	41861	2600025	50	43468	2700022	50	45081	2800013	50	46687	2900018	50	48291	3000015	50	49903	3100029	50	51514	3200068	50	53116	3300012	50	54720	3400024	50	56336	3500005	50	
511	100036	9480	1029	200172	8938	1544	300163	8359	2062	400136	7784	2579	500176	7259	3090	600034	6710	3604	700131	6172	4120	800109	5606	4636	900031	5050	5148	1000059	4507	5666	1100105	3963	6178	1200068	3422	6693	1300035	2938	7204	1400068	2487	7716	1500059	2044	8228	1600090	1644	8737	1700041	1274	9247	1800149	943	9750	1900032	686	10249	2000184	467	10750	2100090	332	11247	2200043	270	11740	2300055	226	12237	2400153	212	12724	2500115	204	13222	2600198	204	13716	2700106	204	14208	2800095	204	14700	2900140	204	15191	3000184	204	15684	3100062	204	16183	3200115	204	16678	3300041	204	17172	3400118	204	17666	3500048	204	
521	100116	9488	1038	200063	8945	1553	300057	8394	2071	400072	7829	2592	500121	7283	3105	600126	6747	3623	700058	6190	4142	800142	5640	4658	900121	5098	5177	1000131	4544	5687	1100093	4015	6205	1200035	3487	6718	1300062	2975	7236	1400204	2490	7752	1500165	1997	8263	1600115	1567	8777	1700167	1210	9285	1800120	925	9791	1900024	697	10295	2000180	516	10792	2100023	368	11294	2200113	286	11792	2300037	232	12288	2400153	207	12778	2500067	204	13271	2600102	204	13767	2700176	204	14264	2800022	204	14760	2900120	204	15253	3000089	204	15747	3100047	204	16238	3200077	204	16729	3300172	204	17218	3400194	204	17716	3500135	204	
518	100125	9479	1029	200148	8926	1548	300174	8376	2063	400035	7865	2577	500139	7297	3095	600195	6762	3612	700202	6218	4130	800112	5659	4650	900206	5093	5167	1000077	4555	5685	1100046	3968	6200	1200148	3428	6714	1300104	2906	7229	1400018	2406	7741	1500153	1942	8255	1600184	1534	8765	1700036	1133	9270	1800069	806	9776	1900108	525	10278	2000067	363	10775	2100046	258	11267	2200025	209	11760	2300181	204	12257	2400195	204	12757	2500033	204	13245	2600084	204	13739	2700187	204	14235	2800128	204	14730	2900147	204	15227	3000061	204	15721	3100143	204	16218	3200142	204	16716	3300200	204	17211	3400032	204	17710	3500174	204	
518	100191	9458	1037	200131	8919	1555	300044	8375	2074	400136	7821	2590	500129	7242	3110	600068	6668	3629	700059	6110	4149	800177	5536	4666	900150	4949	5186	1000176	4400	5702	1100187	3858	6216	1200083	3332	6736	1300162	2824	7251	1400035	2313	7768	1500148	1849	8278	1600080	1412	8790	1700027	1057	9298	1800154	772	9803	1900077	559	10303	2000159	427	10802	2100101	333	11295	2200052	272	11787	2300101	241	12285	2400170	212	12782	2500050	204	13277	2600029	204	13773	2700106	204	14270	2800117	204	14762	2900198	204	15260	3000124	204	15761	3100196	204	16261	3200145	204	16757	3300095	204	17255	3400089	204	17748	3500054	204	
512	100033	9461	1030	200044	8887	1548	300119	8328	2064	400163	7768	2580	500028	7185	3096	600173	6642	3611	700128	6067	4127	800183	5516	4644	900065	4967	5164	1000073	4435	5681	1100019	3885	6201	1200033	3311	6719	1300176	2803	7232	1400025	2300	7739	1500018	1811	8249	1600040	1385	8758	1700197	1043	9266	1800195	776	9771	1900195	566	10276	2000115	392	10777	2100157	270	11273	2200026	236	11771	2300176	212	12270	2400085	204	12764	2500017	204	13260	2600157	204	13753	2700199	204	14245	2800185	204	14741	2900024	204	15233	3000175	204	15726	3100137	204	16226	3200176	204	16722	3300075	204	17210	3400209	204	17707	3500085	204	
114	100240	50150	229	200280	49893	345	300419	49596	460	400932	49334	574	500454	49109	690	600768	48838	805	700677	48579	920	800261	48324	1036	900651	48057	1150	1000378	47808	1265	1100101	47546	1380	1200921	47302	1495	1300404	47030	1610	1400122	46781	1724	1500417	46524	1840	1600100	46280	1955	1700305	46025	2071	1800624	45741	2186	1900629	45436	2301	2000665	45161	2416	2100645	44913	2530	2200825	44649	2644	2300364	44383	2760	2400930	44116	2875	2500444	43854	2988	2600324	43603	3103	2700650	43339	3218	2800897	43075	3333	2900889	42781	3447	3000294	42496	3562	3100709	42241	3677	3200429	41998	3792	3300556	41751	3908	3400600	41526	4022	3500708	41252	
115	100809	50149	229	200170	49865	345	300804	49578	460	400796	49319	575	500795	49064	690	600387	48804	805	700193	48553	921	800905	48302	1035	900919	48062	1150	1000846	47804	1265	1100930	47560	1377	1200397	47305	1493	1300831	47062	1608	1400115	46799	1724	1500743	46517	1839	1600432	46241	1955	1700818	45988	2069	1800919	45727	2184	1900396	45465	2298	2000906	45206	2413	2100546	44971	2529	2200731	44728	2644	2300560	44469	2760	2400804	44220	2872	2500131	43977	2988	2600476	43703	3103	2700121	43432	3218	2800416	43188	3333	2900239	42878	3448	3000641	42593	3564	3100730	42343	3680	3200843	42076	3794	3300245	41815	3910	3400803	41564	4024	3500784	41314	
115	100125	50146	231	200148	49883	345	300622	49618	460	400931	49334	574	500099	49085	691	600849	48800	805	700365	48526	920	800390	48287	1035	900354	48033	1150	1000772	47719	1264	1100122	47466	1379	1200351	47238	1494	1300375	46981	1608	1400385	46709	1723	1500169	46443	1838	1600351	46174	1954	1700905	45901	2068	1800798	45652	2182	1900209	45402	2295	2000269	45172	2410	2100723	44918	2525	2200264	44667	2641	2300860	44397	2756	2400560	44126	2870	2500101	43864	2984	2600735	43625	3098	2700770	43364	3213	2800571	43059	3328	2900617	42774	3444	3000728	42479	3559	3100272	42205	3673	3200110	41931	3788	3300415	41662	3903	3400799	41404	4018	3500748	41155	
115	100161	50140	229	200316	49879	344	300194	49624	460	400219	49392	575	500586	49124	688	600618	48874	803	700772	48612	919	800730	48322	1033	900725	48065	1148	1000581	47815	1263	1100543	47554	1378	1200873	47318	1494	1300893	47051	1608	1400165	46771	1724	1500374	46505	1840	1600683	46217	1955	1700107	45973	2071	1800770	45701	2186	1900369	45424	2302	2000524	45151	2417	2100472	44907	2530	2200827	44646	2645	2300830	44374	2760	2400431	44136	2874	2500435	43867	2990	2600809	43570	3104	2700467	43299	3219	2800440	43030	3333	2900474	42780	3448	3000567	42523	3563	3100480	42284	3678	3200840	42005	3793	3300265	41750	3909	3400939	41493	4023	3500239	41245	
114	100745	50145	228	200148	49891	344	300373	49640	460	400813	49372	574	500095	49126	690	600963	48902	804	700474	48659	920	800857	48403	1034	900612	48139	1149	1000677	47852	1263	1100325	47588	1378	1200787	47339	1493	1300403	47096	1609	1400589	46827	1726	1500818	46577	1840	1600337	46330	1955	1700241	46042	2071	1800493	45768	2186	1900190	45494	2302	2000654	45233	2417	2100295	44974	2533	2200874	44730	2647	2300272	44502	2763	2400506	44250	2879	2500730	44004	2995	2600811	43758	3109	2700835	43510	3223	2800097	43242	3338	2900326	42994	3454	3000519	42734	3569	3100859	42497	3683	3200092	42248	3800	3300360	41990	3915	3400949	41748	4029	3500464	41493	
